"Maximum force",28.7702,"N"
"Gage length ",0.932892,"mm"
"Strain energy",0.198185,"mJ"
"Deformation at maximum force",0.0160613,"mm"
"Standard travel","Standard force"
"mm","N"
0,0.0463996
2.20537e-006,0.0467295
4.84288e-006,0.0468554
7.43568e-006,0.0470042
1.01626e-005,0.0470905
1.30236e-005,0.0471142
1.26176e-005,0.0473097
1.77734e-005,0.0476149
1.72406e-005,0.0478743
1.94609e-005,0.0481947
2.20537e-005,0.0483445
2.46763e-005,0.048477
2.42554e-005,0.0486811
2.68929e-005,0.048806
2.66507e-005,0.0489243
2.60733e-005,0.0491971
2.82489e-005,0.0495423
3.04393e-005,0.0498799
2.97204e-005,0.0502232
3.23132e-005,0.0503653
3.21781e-005,0.0504364
3.20617e-005,0.0504914
3.49376e-005,0.0504992
3.49515e-005,0.0504993
3.76188e-005,0.0506089
3.75438e-005,0.050648
3.78232e-005,0.0505155
4.10866e-005,0.0503429
4.16379e-005,0.0500854
4.51248e-005,0.0498107
4.57506e-005,0.0495132
4.63318e-005,0.0492385
4.96845e-005,0.0490268
4.96361e-005,0.0490497
5.24822e-005,0.0490732
5.24105e-005,0.0491123
5.23444e-005,0.0491435
5.22946e-005,0.0491672
5.21465e-005,0.0492373
5.1733e-005,0.0494328
5.3998e-005,0.0497304
5.60692e-005,0.0501309
5.52161e-005,0.0505372
5.44562e-005,0.0508977
5.3875e-005,0.0511723
5.33647e-005,0.0514155
5.29996e-005,0.0515881
5.29654e-005,0.051604
5.29488e-005,0.0516118
5.57502e-005,0.0516588
5.57725e-005,0.0516511
5.56738e-005,0.0516979
5.58544e-005,0.051612
5.93264e-005,0.0513393
6.01832e-005,0.0509387
6.11742e-005,0.0504695
6.19676e-005,0.0500919
6.25115e-005,0.0498344
6.58494e-005,0.0496303
6.63784e-005,0.0493804
6.66932e-005,0.0492307
6.71067e-005,0.0490342
7.037e-005,0.0488626
7.05265e-005,0.0487915
7.05102e-005,0.048799
7.0214e-005,0.0489391
6.97335e-005,0.0491671
7.16855e-005,0.0496134
7.3727e-005,0.0500273
7.27733e-005,0.0504831
7.19947e-005,0.0508513
7.42746e-005,0.0511412
7.38238e-005,0.0513605
7.62974e-005,0.0515646
7.59361e-005,0.0517372
7.86034e-005,0.0518469
7.83147e-005,0.0519871
8.13247e-005,0.0519332
8.14672e-005,0.0518707
8.47902e-005,0.0516676
8.8441e-005,0.0513147
9.22407e-005,0.0508913
9.55786e-005,0.0506882
9.88867e-005,0.0504994
0.000101927,0.0504369
0.000101981,0.0504132
0.000107942,0.050335
0.000108206,0.0502177
0.000111365,0.0500927
0.000114226,0.0501153
0.000116819,0.050264
0.000119188,0.0505215
0.000121558,0.0507733
0.000123659,0.0511567
0.000125559,0.0516335
0.000127645,0.0520188
0.000129999,0.0522839
0.000132368,0.0525357
0.000134797,0.0527636
0.000137375,0.05292
0.000139789,0.0531546
0.000142114,0.0534293
0.000144528,0.0536639
0.00014721,0.0537664
0.000153141,0.0537044
0.00015621,0.0536338
0.00015928,0.0535552
0.000162364,0.053477
0.000168265,0.0534221
0.000171007,0.053508
0.00017363,0.0536405
0.000179113,0.0537893
0.000181825,0.0538918
0.000187518,0.0539467
0.000190379,0.0539704
0.000196041,0.0540328
0.000198485,0.0542598
0.000203432,0.0546661
0.000205131,0.0552459
0.000209989,0.0556941
0.00021206,0.0560928
0.000217096,0.0564609
0.000222222,0.0567832
0.000227557,0.0570102
0.000229911,0.0572753
0.000235216,0.0575118
0.000240551,0.0577388
0.00024292,0.0579963
0.000248463,0.0581231
0.000254066,0.0582171
0.000259967,0.0581782
0.000266047,0.0580533
0.00026925,0.0579121
0.000275122,0.0578804
0.000280754,0.0579663
0.000286238,0.0581303
0.000291662,0.0583105
0.000297145,0.0584679
0.000302748,0.0585695
0.000308262,0.058703
0.000316726,0.0588127
0.000319274,0.0590005
0.000324459,0.0592981
0.000329198,0.0598054
0.000333787,0.0603853
0.000341149,0.0610299
0.000345887,0.0615297
0.000350954,0.0618825
0.000356139,0.0621801
0.000361265,0.0625101
0.000366153,0.0629564
0.000370832,0.063479
0.000375481,0.0640359
0.000380309,0.0644994
0.000385524,0.0647893
0.00039065,0.0651193
0.000398697,0.0654321
0.000403912,0.065722
0.000408949,0.0660825
0.000413985,0.0664506
0.000418813,0.0669217
0.000423552,0.0674291
0.00042841,0.067885
0.000436337,0.0682607
0.000441284,0.0686613
0.00044653,0.0689359
0.000451596,0.0692869
0.000459345,0.0697351
0.000467153,0.0701661
0.000471832,0.0707193
0.000476511,0.071261
0.00048411,0.0717874
0.000488849,0.0722871
0.000493438,0.072867
0.000498177,0.0733858
0.000502916,0.0738855
0.000510456,0.0744501
0.000514777,0.0751558
0.000521751,0.0759874
0.000526042,0.0767084
0.000530453,0.0773645
0.000537993,0.0779291
0.000545533,0.0784936
0.000553073,0.0790506
0.000560494,0.0796686
0.000564785,0.0803895
0.000571938,0.0811258
0.000576349,0.0817933
0.00058359,0.0824914
0.000587971,0.0831705
0.000595273,0.0838457
0.000602753,0.0844255
0.000607134,0.0851159
0.000614376,0.0858102
0.00062135,0.0866342
0.000625195,0.0875688
0.00063193,0.0885148
0.000638606,0.08948
0.00064245,0.0904031
0.000649185,0.0913453
0.000655891,0.092299
0.000659452,0.0933748
0.00066583,0.094481
0.000672118,0.0956254
0.000678347,0.096808
0.000681819,0.0979219
0.000691236,0.0989747
0.000695081,0.0999093
0.000701965,0.100771
0.000708939,0.101599
0.000715794,0.102477
0.00072238,0.103491
0.00072618,0.104453
0.000732915,0.105391
0.000739829,0.106238
0.000746862,0.107039
0.000753777,0.107894
0.000760601,0.108801
0.000767247,0.109778
0.000773863,0.110777
0.000780331,0.111846
0.000786649,0.112982
0.000792758,0.114218
0.000798808,0.115485
0.000807927,0.116675
0.000811295,0.117835
0.000820653,0.118895
0.000826971,0.12004
0.000833081,0.121283
0.000839041,0.122588
0.000847982,0.123847
0.00085132,0.125037
0.000860618,0.126128
0.000867204,0.127142
0.000873671,0.128218
0.000880049,0.129317
0.000886308,0.130484
0.000892328,0.131766
0.000898616,0.132918
0.000904636,0.1342
0.000910775,0.13542
0.000917004,0.136603
0.000926481,0.13761
0.000932859,0.138724
0.000942038,0.139876
0.000948296,0.141051
0.000954346,0.142317
0.000960426,0.143576
0.000969367,0.144843
0.000975625,0.146002
0.000984566,0.147261
0.000990645,0.148528
0.000996606,0.14984
0.00100239,0.151228
0.00100811,0.152648
0.00101657,0.154143
0.00102224,0.155592
0.00102811,0.156951
0.00103693,0.15827
0.00104304,0.159522
0.00105222,0.160674
0.00105845,0.161856
0.00106456,0.163092
0.00107379,0.164229
0.00108014,0.165343
0.00108661,0.166411
0.00109296,0.167532
0.00110231,0.168608
0.00110872,0.169707
0.0011179,0.170851
0.00112404,0.172095
0.00112985,0.173468
0.00113525,0.17504
0.00114323,0.176772
0.00114812,0.17858
0.00115897,0.180327
0.00116395,0.182105
0.00116854,0.184058
0.00117587,0.186087
0.00117992,0.188315
0.00118373,0.190619
0.00119068,0.192847
0.00119753,0.195105
0.00120442,0.197348
0.00120844,0.199591
0.00121261,0.201743
0.00121983,0.203833
0.00122725,0.205817
0.00123172,0.207831
0.00123619,0.209845
0.00124379,0.21176
0.00124864,0.213591
0.00125386,0.215247
0.00126209,0.216857
0.00127049,0.218398
0.00127553,0.220137
0.00128316,0.222014
0.00128772,0.223998
0.00129493,0.226088
0.00130223,0.228133
0.00130637,0.230315
0.00131332,0.232527
0.00131728,0.23477
0.00132392,0.237135
0.00133027,0.239638
0.00133635,0.242262
0.00133942,0.244948
0.00134818,0.247664
0.00135136,0.250319
0.00135471,0.252852
0.00136103,0.25537
0.00136744,0.257842
0.00137361,0.26042
0.00137729,0.262816
0.00138393,0.265181
0.00139091,0.267378
0.0013949,0.269606
0.00140497,0.271712
0.00140947,0.273726
0.00141695,0.275694
0.00142449,0.277632
0.00143173,0.279707
0.00143883,0.281859
0.00144541,0.284255
0.00145182,0.286731
0.00145507,0.28931
0.00146413,0.291888
0.00146699,0.294681
0.0014695,0.297626
0.00147447,0.300769
0.00147918,0.30405
0.00148389,0.307346
0.00148845,0.310687
0.00149307,0.313998
0.0014979,0.317233
0.0015029,0.320346
0.0015083,0.323321
0.0015142,0.326022
0.00152016,0.328708
0.00152612,0.331393
0.00153214,0.334064
0.00153831,0.336642
0.00154487,0.339038
0.00155148,0.341418
0.00155819,0.343753
0.00156471,0.346149
0.0015713,0.348544
0.00157756,0.351092
0.00158373,0.353671
0.00159255,0.356387
0.00159839,0.359134
0.00160402,0.361972
0.00160948,0.364902
0.00161493,0.367816
0.00162286,0.370959
0.0016247,0.37421
0.00163179,0.377734
0.00163564,0.381427
0.00163951,0.385104
0.00164347,0.388721
0.00164756,0.392306
0.00165465,0.395831
0.00165888,0.399341
0.0016632,0.402789
0.00166806,0.406009
0.00167581,0.409198
0.00168114,0.412189
0.00168663,0.415103
0.00169539,0.417819
0.00170153,0.420428
0.00170794,0.422916
0.00171416,0.425479
0.00172015,0.428134
0.00172874,0.430957
0.00173413,0.433917
0.00173956,0.436847
0.00174477,0.439899
0.00174981,0.443011
0.00175717,0.446414
0.00176152,0.449863
0.00176838,0.453494
0.00177228,0.457156
0.001776,0.46091
0.00177955,0.46474
0.00178314,0.468539
0.0017897,0.472324
0.00179345,0.476047
0.00179748,0.479663
0.0018046,0.483173
0.00180865,0.486743
0.00181584,0.490237
0.00182314,0.493655
0.00182791,0.496905
0.00183306,0.499988
0.00184117,0.503024
0.0018465,0.506
0.00185491,0.508884
0.00186051,0.511752
0.00186903,0.514606
0.00187744,0.517505
0.00188283,0.520465
0.00188811,0.523471
0.00189609,0.526569
0.0019039,0.529758
0.00190867,0.533023
0.0019132,0.53638
0.00191982,0.540134
0.0019233,0.543994
0.00192944,0.547961
0.00193272,0.551929
0.00194148,0.556018
0.00194439,0.560168
0.00195017,0.564319
0.00195601,0.568439
0.00196209,0.572436
0.00196817,0.576434
0.00197467,0.580249
0.0019811,0.584094
0.00198495,0.587772
0.00199496,0.591266
0.00199955,0.594623
0.00200736,0.597812
0.00201523,0.60097
0.00202006,0.60419
0.00202757,0.607516
0.00203487,0.61095
0.0020422,0.614368
0.00204944,0.617816
0.00205349,0.621402
0.00206303,0.625125
0.00206682,0.628863
0.00207605,0.632739
0.0020792,0.636768
0.0020879,0.640887
0.00209066,0.645099
0.00209635,0.64931
0.00210192,0.653552
0.00211045,0.657764
0.00211322,0.661975
0.00212168,0.666217
0.00212418,0.67055
0.00213259,0.674823
0.00213555,0.678943
0.00214152,0.683002
0.00215046,0.686999
0.00215674,0.690906
0.0021633,0.69472
0.00216998,0.698428
0.00217957,0.702136
0.00218652,0.705752
0.00219319,0.709476
0.00220267,0.713229
0.00220629,0.717044
0.00221565,0.720859
0.00222194,0.724765
0.00222784,0.728854
0.0022363,0.733096
0.00224158,0.737491
0.00224664,0.741977
0.00225439,0.746554
0.00225625,0.751224
0.00226349,0.756015
0.00226781,0.760867
0.0022721,0.76572
0.00227958,0.77045
0.00228435,0.775088
0.00228897,0.779788
0.00229648,0.784457
0.00230137,0.789035
0.00230924,0.793582
0.00231454,0.797946
0.002323,0.802219
0.00232873,0.806369
0.00233454,0.810519
0.00234032,0.81467
0.00234896,0.818851
0.00235483,0.82294
0.0023607,0.82706
0.00236935,0.83121
0.00237507,0.835391
0.00238377,0.839511
0.00238669,0.843661
0.00239217,0.847934
0.00239751,0.852298
0.0024055,0.856784
0.00241038,0.861331
0.00241512,0.86597
0.00242281,0.870578
0.00242982,0.874194
0.00244174,0.876804
0.00245044,0.879565
0.00246224,0.882236
0.00247428,0.884784
0.00248328,0.887408
0.00249222,0.890048
0.00250432,0.892581
0.0025169,0.8949
0.00252381,0.897143
0.0025343,0.900409
0.002543,0.904529
0.00254882,0.908679
0.00255442,0.912921
0.00256294,0.917163
0.0025717,0.921252
0.00257763,0.925342
0.00258333,0.929523
0.00259149,0.933917
0.00259665,0.938373
0.00260166,0.942889
0.00260911,0.94762
0.00261361,0.95238
0.002621,0.957141
0.00262523,0.962024
0.00263214,0.966998
0.00263918,0.971942
0.00264353,0.976733
0.00265077,0.981586
0.00265539,0.986285
0.00266332,0.990771
0.00267148,0.995196
0.00267661,0.999652
0.0026846,1.00411
0.00269276,1.0085
0.00269816,1.01287
0.0027065,1.01717
0.00271502,1.02138
0.00272349,1.02562
0.00272873,1.03005
0.00273636,1.03466
0.00274107,1.03932
0.00274882,1.04393
0.00275651,1.04854
0.00276125,1.05321
0.00276557,1.05803
0.00277257,1.06298
0.00277913,1.06813
0.00278554,1.07335
0.0027917,1.07872
0.00279781,1.08406
0.00280383,1.0895
0.00280979,1.09493
0.00281573,1.10036
0.00282163,1.10585
0.00282783,1.11119
0.00283402,1.1165
0.00284037,1.12175
0.00284699,1.12688
0.00285378,1.13192
0.0028607,1.13692
0.00286472,1.14189
0.00287172,1.14684
0.00287876,1.15178
0.00288567,1.15676
0.00288958,1.16179
0.00289628,1.16689
0.00290299,1.17198
0.00290939,1.1772
0.0029158,1.18242
0.00292218,1.18767
0.0029285,1.19295
0.0029347,1.19826
0.00294045,1.20381
0.00294614,1.20937
0.00295171,1.21498
0.00295723,1.22063
0.00296259,1.22637
0.00296813,1.23201
0.00297404,1.23748
0.00297988,1.24297
0.00298572,1.24846
0.00299147,1.25399
0.00299746,1.25942
0.00300345,1.26485
0.00300938,1.27031
0.00301543,1.27571
0.00302139,1.28115
0.00303015,1.28664
0.0030354,1.29241
0.00304061,1.29821
0.00304848,1.30413
0.00305328,1.31011
0.00306103,1.31606
0.00306295,1.32207
0.00307064,1.32805
0.00307538,1.33406
0.00308021,1.34005
0.0030848,1.34615
0.0030895,1.35216
0.00309386,1.35839
0.00310143,1.36443
0.00310679,1.37014
0.00311218,1.37587
0.00311758,1.38155
0.00312279,1.38735
0.0031309,1.39315
0.00313579,1.3991
0.00314366,1.40502
0.00314869,1.41091
0.00315376,1.41677
0.00316157,1.42272
0.00316577,1.42897
0.00316982,1.43532
0.00317691,1.44161
0.00318109,1.44789
0.00318511,1.45424
0.00318919,1.46056
0.00319614,1.46694
0.00320293,1.47335
0.00320737,1.47951
0.00321479,1.48564
0.00322204,1.49184
0.00322654,1.49797
0.00323354,1.50429
0.00323774,1.51055
0.00324486,1.51683
0.0032491,1.52309
0.00325637,1.52928
0.00326066,1.53551
0.00326456,1.54192
0.00327121,1.54842
0.00327489,1.55495
0.00327821,1.56163
0.00328426,1.56841
0.00329022,1.57521
0.00329323,1.58208
0.00329931,1.58882
0.00330518,1.59569
0.00330793,1.60265
0.00331329,1.60973
0.00331871,1.61684
0.00332119,1.62392
0.00332381,1.63094
0.00333233,1.6379
0.00333505,1.64489
0.00334062,1.6519
0.00334601,1.65898
0.00335144,1.66603
0.00335686,1.67311
0.00335929,1.68022
0.0033674,1.68743
0.00336963,1.69463
0.00337461,1.70189
0.0033797,1.70912
0.00338172,1.71645
0.00338941,1.7238
0.00339373,1.7314
0.00339817,1.73894
0.00340255,1.74651
0.00340985,1.75408
0.00341429,1.76161
0.00341576,1.76918
0.00342315,1.77669
0.00342487,1.78414
0.00343247,1.79155
0.00343721,1.79897
0.0034423,1.80617
0.00344728,1.81346
0.00345229,1.82073
0.00345762,1.82784
0.00346275,1.83504
0.00346802,1.84221
0.00347306,1.84944
0.00348069,1.85683
0.00348257,1.86425
0.00349002,1.87172
0.00349467,1.87917
0.00349926,1.88661
0.00350659,1.89418
0.00351085,1.90178
0.00351496,1.90947
0.00351911,1.91716
0.00352611,1.92488
0.00353013,1.9326
0.00353687,1.94042
0.00354071,1.94823
0.0035443,1.95616
0.00355065,1.96416
0.00355691,1.97222
0.00356017,1.98033
0.00356652,1.98833
0.0035726,1.99651
0.00357574,2.00463
0.00358179,2.0128
0.00358814,2.0208
0.00359147,2.02886
0.00359766,2.03691
0.00360105,2.04497
0.00360742,2.05297
0.00361079,2.06102
0.00361398,2.06914
0.00362021,2.0772
0.00362355,2.08531
0.00362683,2.09337
0.00363291,2.10149
0.00363896,2.10967
0.00364495,2.11785
0.00364791,2.12609
0.00365088,2.13433
0.00365678,2.14257
0.00366253,2.15081
0.00366543,2.15911
0.00367128,2.16735
0.00367429,2.17559
0.00368034,2.1837
0.00368636,2.19188
0.00369235,2.20006
0.00369822,2.2083
0.00370121,2.21654
0.00370693,2.22484
0.00370994,2.23302
0.00371936,2.24095
0.00372663,2.24855
0.00373107,2.25609
0.00373826,2.26372
0.0037455,2.27132
0.0037528,2.27886
0.00376016,2.2864
0.00376484,2.29381
0.00377244,2.30123
0.00378013,2.30858
0.00378704,2.31633
0.00379312,2.32445
0.00380019,2.33217
0.00381038,2.33837
0.00382117,2.34423
0.00383213,2.35005
0.00384334,2.35579
0.00385419,2.36165
0.00386498,2.36757
0.00387857,2.37352
0.00388923,2.37947
0.00389984,2.38549
0.0039092,2.39208
0.00391531,2.4002
0.00392077,2.40862
0.00392309,2.41716
0.00392825,2.42571
0.00393617,2.43437
0.00393825,2.44304
0.0039431,2.45177
0.00395091,2.46044
0.00395589,2.4691
0.00396078,2.47783
0.00396554,2.48656
0.00396739,2.49535
0.00397493,2.50414
0.00397931,2.51311
0.00398661,2.52202
0.00399094,2.53099
0.0039952,2.53997
0.0040022,2.54906
0.00400608,2.55828
0.00401308,2.56731
0.00401414,2.57646
0.00402093,2.58568
0.00402746,2.59496
0.00403123,2.60417
0.00403488,2.61345
0.00404135,2.62279
0.00404778,2.63219
0.00405121,2.64153
0.00405777,2.65087
0.00406388,2.66033
0.00406708,2.66985
0.0040731,2.67937
0.00407918,2.68889
0.00408237,2.69841
0.00408827,2.708
0.00409423,2.71758
0.00409727,2.72716
0.0041035,2.73662
0.00410973,2.74602
0.00411661,2.75518
0.00412379,2.76421
0.00412809,2.77318
0.00413533,2.78215
0.00414254,2.79113
0.00414701,2.79998
0.00415452,2.80883
0.00416197,2.81774
0.00416635,2.82665
0.0041733,2.83574
0.00417985,2.84508
0.00418331,2.85442
0.00418978,2.86376
0.00419607,2.87316
0.00419957,2.88256
0.00420603,2.89183
0.00421244,2.90123
0.00421599,2.91057
0.00422234,2.91997
0.00422895,2.92919
0.0042326,2.93853
0.00423913,2.9478
0.00424257,2.9572
0.00424904,2.96654
0.00425259,2.97588
0.00425875,2.98534
0.00426489,2.9948
0.00426798,3.00438
0.00427412,3.0139
0.00428002,3.02349
0.00428301,3.03307
0.00429183,3.04265
0.00429504,3.05217
0.00430112,3.06169
0.00430717,3.07122
0.0043103,3.08074
0.00431632,3.09026
0.00432243,3.09978
0.00432538,3.10942
0.00433432,3.11895
0.00433761,3.12841
0.00434396,3.1378
0.00435025,3.1472
0.00435671,3.15654
0.00436312,3.16588
0.00436962,3.17522
0.00437629,3.18444
0.00438294,3.19371
0.00438962,3.20293
0.00439623,3.21221
0.00440258,3.22161
0.00440872,3.23107
0.00441453,3.24071
0.00442012,3.2505
0.00442566,3.2602
0.00443121,3.27003
0.00443639,3.27992
0.0044445,3.28987
0.00444948,3.29994
0.00445419,3.31007
0.00445892,3.3202
0.00446342,3.33051
0.00447087,3.34071
0.00447546,3.35096
0.0044799,3.36122
0.00448739,3.37147
0.00449203,3.38166
0.00449668,3.39186
0.00450443,3.40193
0.00450938,3.412
0.00451409,3.42219
0.00452184,3.43226
0.00452672,3.44239
0.00453441,3.45252
0.00453942,3.46253
0.00454723,3.4726
0.00455218,3.48268
0.00455715,3.49269
0.00456225,3.50263
0.00457018,3.5127
0.00457539,3.52259
0.00458079,3.53242
0.00458901,3.54231
0.00459432,3.55219
0.00459953,3.56214
0.00460764,3.57203
0.00461285,3.58198
0.0046206,3.59205
0.00462537,3.60224
0.00463306,3.61238
0.0046378,3.62251
0.00464513,3.63282
0.00464972,3.64301
0.00465434,3.65321
0.00466173,3.66352
0.00466614,3.67384
0.00467043,3.68415
0.00467767,3.69453
0.00468187,3.7049
0.00468882,3.7154
0.00469296,3.72584
0.00469988,3.73634
0.00470679,3.74684
0.00471049,3.75746
0.00471707,3.76814
0.00472059,3.77888
0.00472691,3.78962
0.00473313,3.80042
0.00473936,3.81129
0.0047429,3.82203
0.00474915,3.83283
0.00475565,3.84352
0.00476212,3.8542
0.00476555,3.865
0.00477192,3.87574
0.00477833,3.88648
0.00478191,3.89717
0.00478834,3.90791
0.00479478,3.91865
0.00479816,3.92945
0.0048043,3.94026
0.0048102,3.95124
0.00481593,3.96229
0.00482174,3.97334
0.0048246,3.98438
0.00483029,3.99549
0.0048358,4.0066
0.00484427,4.01777
0.00484676,4.029
0.00485203,4.04023
0.00485719,4.05158
0.00486237,4.06288
0.00487042,4.07423
0.00487575,4.08546
0.00488145,4.09657
0.00488818,4.10713
0.00489521,4.11756
0.00490529,4.12794
0.00491262,4.13825
0.00492019,4.14845
0.00492767,4.1587
0.00493506,4.16895
0.00494269,4.17909
0.00495294,4.1894
0.00495989,4.1999
0.00496561,4.21095
0.00497115,4.22212
0.00497643,4.23335
0.00498152,4.2447
0.00498653,4.25611
0.0049944,4.26753
0.00499665,4.27888
0.00500174,4.29023
0.0050069,4.30158
0.00501211,4.31288
0.00501736,4.32417
0.00501982,4.3354
0.0050281,4.34657
0.00503088,4.35768
0.00503657,4.36878
0.00503967,4.37971
0.00504566,4.39063
0.00505436,4.40162
0.00505732,4.41267
0.00506585,4.42378
0.00506846,4.43495
0.00507686,4.44612
0.00508228,4.45728
0.00508768,4.46852
0.00509298,4.47981
0.00509835,4.49098
0.00510633,4.50239
0.00511137,4.51374
0.00511653,4.52509
0.00512195,4.53626
0.0051277,4.54737
0.00513345,4.55836
0.00514204,4.56947
0.00514485,4.58051
0.00515332,4.59168
0.00515841,4.60304
0.00516658,4.61433
0.00517185,4.62562
0.0051768,4.63703
0.00518163,4.64851
0.00518622,4.6601
0.00519054,4.67182
0.00519757,4.68366
0.00520166,4.69551
0.00520574,4.70735
0.00520961,4.71925
0.00521641,4.73121
0.00522025,4.74317
0.00522705,4.75508
0.00523372,4.76704
0.0052404,4.77906
0.00524422,4.79103
0.00525071,4.80311
0.00525411,4.81526
0.00525748,4.82746
0.005264,4.83949
0.00527038,4.85163
0.00527379,4.86378
0.00528008,4.87599
0.00528625,4.88819
0.00528926,4.90052
0.00529796,4.91291
0.00530094,4.9253
0.00530676,4.93769
0.00530953,4.95014
0.00531525,4.96259
0.00532085,4.97511
0.00532631,4.98768
0.00533179,5.00019
0.00533446,5.0127
0.00534036,5.02509
0.00534331,5.03742
0.00534942,5.04969
0.00535559,5.0619
0.00536208,5.07398
0.00536855,5.08607
0.00537225,5.09809
0.00537883,5.11012
0.00538521,5.12226
0.00539147,5.13447
0.00539746,5.1468
0.00540042,5.15913
0.00540624,5.17152
0.00541196,5.18397
0.0054144,5.1966
0.00542257,5.20924
0.00542766,5.22199
0.0054299,5.23469
0.00543499,5.24745
0.00544,5.2602
0.00544522,5.2729
0.00545332,5.28559
0.0054555,5.29835
0.00546337,5.31111
0.00546834,5.32392
0.00547326,5.33674
0.00547824,5.3495
0.00548316,5.36238
0.00548535,5.37507
0.00549309,5.38795
0.00549786,5.40083
0.00550257,5.41377
0.0055102,5.42665
0.00551494,5.43958
0.00551956,5.45252
0.00552686,5.46559
0.00553121,5.47871
0.00553848,5.49177
0.00554546,5.50501
0.00554972,5.51814
0.00555714,5.53114
0.00556465,5.54414
0.00557177,5.55726
0.00557898,5.57038
0.00558602,5.58357
0.00559037,5.59669
0.00559788,5.60963
0.00560593,5.62232
0.00561409,5.63502
0.00562226,5.64765
0.00562986,5.66059
0.00563725,5.67365
0.00564476,5.68659
0.00565203,5.69966
0.00565936,5.71272
0.00566657,5.72584
0.00567313,5.73927
0.00567602,5.75306
0.00568466,5.76686
0.00569015,5.78077
0.00569293,5.79463
0.00570164,5.80836
0.00570751,5.82215
0.00571335,5.83589
0.00571631,5.84968
0.00572207,5.86347
0.00572812,5.87708
0.0057344,5.89063
0.00573767,5.90425
0.0057439,5.91786
0.00575015,5.93141
0.0057562,5.94508
0.00575935,5.95875
0.00576847,5.9723
0.0057747,5.98591
0.00578095,5.99946
0.005787,6.01313
0.00579036,6.02668
0.00579995,6.03999
0.00580383,6.05335
0.0058103,6.06684
0.0058167,6.08033
0.0058229,6.09388
0.00582871,6.10768
0.00583461,6.12141
0.00584326,6.1352
0.00584901,6.149
0.0058544,6.16297
0.00585929,6.17719
0.00586433,6.19135
0.00587249,6.20539
0.00587485,6.21943
0.00588289,6.23347
0.00588558,6.24739
0.00589398,6.2613
0.00590161,6.27424
0.00591472,6.2859
0.00592593,6.29713
0.00594053,6.30812
0.00595221,6.3191
0.0059639,6.33009
0.00597564,6.34107
0.00599036,6.352
0.00600508,6.36292
0.00601671,6.37391
0.00602618,6.386
0.00603316,6.39918
0.00604198,6.41291
0.00604722,6.42701
0.00605515,6.44111
0.00606001,6.45533
0.00606472,6.46968
0.00606952,6.4839
0.00607697,6.4983
0.00607867,6.51264
0.00608621,6.52699
0.00609082,6.54127
0.00609529,6.55567
0.00609979,6.57008
0.00610722,6.58448
0.00611154,6.59895
0.00611616,6.61329
0.00612084,6.62763
0.00612858,6.64186
0.00613374,6.65595
0.00613863,6.67018
0.00614661,6.68427
0.00615195,6.69825
0.00615743,6.71223
0.0061656,6.72621
0.00617093,6.74024
0.00617615,6.75428
0.00618113,6.7685
0.00618875,6.78272
0.0061932,6.79719
0.00620035,6.81172
0.00620431,6.82636
0.00620786,6.8412
0.00621412,6.85615
0.00621768,6.87098
0.00622698,6.88587
0.00623052,6.90071
0.00623386,6.91566
0.0062372,6.93061
0.00624626,6.94563
0.00624951,6.96058
0.00625541,6.97572
0.00625851,6.99073
0.0062645,7.00581
0.00627013,7.02107
0.00627567,7.03633
0.00628086,7.05177
0.00628318,7.06721
0.0062884,7.08265
0.00629352,7.09809
0.00629883,7.11353
0.00630434,7.12879
0.00630989,7.14411
0.00631534,7.15943
0.00632094,7.17463
0.0063264,7.18995
0.00633206,7.20521
0.0063376,7.22047
0.00634297,7.23585
0.00634833,7.25123
0.00635352,7.26667
0.00635858,7.28218
0.00636693,7.29749
0.0063722,7.31288
0.00637745,7.32832
0.00638275,7.3437
0.00638503,7.35914
0.00639034,7.37452
0.00639567,7.3899
0.00640104,7.40528
0.00640664,7.42054
0.00641197,7.43592
0.00641695,7.45149
0.00642205,7.46699
0.00642694,7.48255
0.00643191,7.49812
0.00643689,7.51368
0.00644184,7.52918
0.00644693,7.54469
0.00645173,7.56031
0.00645659,7.57594
0.0064616,7.5915
0.00646651,7.60707
0.0064714,7.62263
0.00647632,7.63819
0.00648424,7.6537
0.00648928,7.66926
0.00649432,7.68476
0.00649927,7.70033
0.00650439,7.71583
0.00650964,7.73121
0.00651485,7.74665
0.00652296,7.76209
0.00652814,7.77754
0.00653336,7.79298
0.00653851,7.80848
0.00654355,7.82398
0.00655124,7.83961
0.00655893,7.85523
0.00656367,7.87086
0.00656829,7.88661
0.0065761,7.90223
0.00658426,7.91761
0.00659013,7.93275
0.0065963,7.94776
0.00660554,7.96266
0.00661514,7.97737
0.00662223,7.99189
0.00663218,8.00648
0.0066394,8.02094
0.00664929,8.03553
0.0066562,8.05018
0.00666255,8.06507
0.00667137,8.08021
0.00667966,8.09553
0.00668493,8.11097
0.00668988,8.12654
0.00669757,8.14216
0.00670258,8.15772
0.00671074,8.17311
0.00671646,8.1883
0.00672493,8.20356
0.00673089,8.21864
0.00673706,8.23365
0.00674388,8.2483
0.00675109,8.26283
0.00676129,8.27723
0.00676892,8.29151
0.00677643,8.30592
0.00678674,8.32026
0.00679398,8.33479
0.00680423,8.34919
0.00681162,8.3636
0.0068186,8.37818
0.00682524,8.39295
0.00683442,8.40791
0.00684053,8.42286
0.00684917,8.43806
0.00685764,8.45338
0.00686574,8.46882
0.00687078,8.48432
0.00687835,8.49995
0.00688571,8.51582
0.00689301,8.53156
0.00690029,8.54743
0.00690443,8.56343
0.00691155,8.57929
0.00691852,8.59529
0.0069255,8.61128
0.00692946,8.62727
0.0069362,8.64338
0.00694293,8.65949
0.0069494,8.67573
0.00695587,8.69184
0.00696233,8.70808
0.00696913,8.72419
0.00697601,8.74018
0.00698001,8.75617
0.0069899,8.77217
0.00699404,8.78816
0.0070012,8.80403
0.00700549,8.81989
0.00701285,8.83564
0.0070231,8.85151
0.00702748,8.86738
0.00703446,8.88325
0.00704116,8.89936
0.00704778,8.9156
0.00705436,8.93171
0.00706095,8.94782
0.00706754,8.96406
0.00707403,8.9803
0.00707767,8.99641
0.00708408,9.01264
0.00709045,9.02888
0.00709677,9.04524
0.00710312,9.06147
0.00710971,9.07771
0.00711385,9.09358
0.00712416,9.10932
0.00712878,9.12507
0.00713653,9.1407
0.00714401,9.15644
0.0071489,9.17207
0.00715659,9.18769
0.00716141,9.20332
0.00716904,9.21894
0.00717655,9.23469
0.00718338,9.25068
0.00718976,9.26704
0.00719598,9.28327
0.00720194,9.29975
0.00720796,9.31623
0.00721363,9.33283
0.00721926,9.34944
0.00722477,9.36616
0.00723044,9.38264
0.00723622,9.39924
0.00724212,9.41572
0.00724793,9.43232
0.00725371,9.4488
0.00725937,9.4654
0.00726504,9.482
0.0072707,9.49861
0.00727648,9.51521
0.00728235,9.53169
0.00729105,9.54817
0.00729681,9.56477
0.00730232,9.58137
0.0073078,9.59809
0.00731329,9.61482
0.00732187,9.63142
0.00733063,9.6479
0.00733379,9.66426
0.00734255,9.68086
0.00734836,9.69734
0.00735412,9.71394
0.0073599,9.73042
0.00736562,9.74702
0.00737143,9.7635
0.00737718,9.7801
0.00738293,9.7967
0.00738869,9.81318
0.00739438,9.82978
0.00740284,9.84638
0.00740868,9.86299
0.00741441,9.87959
0.00742004,9.89619
0.00742582,9.91267
0.00743458,9.92915
0.00744093,9.94551
0.00744716,9.96174
0.00745616,9.97822
0.00746218,9.99458
0.007471,10.0112
0.00747645,10.0278
0.00748179,10.0446
0.00748995,10.0614
0.00749505,10.0782
0.00750256,10.0953
0.00750673,10.1126
0.00751365,10.1301
0.00752053,10.1474
0.00752724,10.1649
0.00753092,10.1824
0.00753759,10.1999
0.00754421,10.2175
0.00754775,10.2351
0.00755425,10.2526
0.00756114,10.2701
0.00756793,10.2875
0.00757161,10.305
0.00757805,10.3226
0.00758146,10.3403
0.00758796,10.3579
0.00759726,10.3756
0.00760369,10.3931
0.00761022,10.4107
0.00761657,10.4283
0.00761976,10.4461
0.00762882,10.4638
0.00763209,10.4816
0.00763817,10.4993
0.00764443,10.517
0.00765075,10.5347
0.00765701,10.5524
0.00766054,10.57
0.00766683,10.5877
0.00767345,10.6053
0.00768015,10.6228
0.00768686,10.6402
0.0076907,10.6577
0.00769765,10.675
0.00770179,10.6923
0.00770873,10.7098
0.00771582,10.727
0.00771988,10.7445
0.00772688,10.7618
0.00773073,10.7792
0.00773731,10.7967
0.00774396,10.8143
0.0077477,10.8317
0.00775723,10.8493
0.00776382,10.8668
0.00777047,10.8843
0.00777388,10.9021
0.00778023,10.9196
0.00778643,10.9373
0.00779263,10.9552
0.00779891,10.9727
0.00780496,10.9906
0.00781101,11.0084
0.007817,11.0262
0.00782281,11.0441
0.00782842,11.0621
0.00783414,11.08
0.00784272,11.098
0.00784886,11.1158
0.00785557,11.1333
0.00786251,11.1506
0.00787258,11.1679
0.00787983,11.1851
0.00788695,11.2025
0.00789425,11.2196
0.00790152,11.2368
0.00790894,11.254
0.00791937,11.2711
0.00792653,11.2883
0.00793308,11.3059
0.00793952,11.3236
0.00794581,11.3411
0.00795225,11.3588
0.00795889,11.3763
0.00796545,11.3939
0.00797218,11.4113
0.00797916,11.4287
0.00798625,11.446
0.00799349,11.4632
0.00800085,11.4804
0.00800836,11.4975
0.00801587,11.5146
0.00802329,11.5317
0.00802765,11.5489
0.00803501,11.5661
0.00804222,11.5833
0.00804916,11.6008
0.00805858,11.6184
0.00806502,11.6359
0.00807125,11.6536
0.00808007,11.6715
0.00808871,11.6894
0.00809437,11.7073
0.00809992,11.7254
0.00810808,11.7436
0.00811339,11.7618
0.00811845,11.78
0.00812638,11.7983
0.00813467,11.8164
0.0081406,11.8343
0.00814683,11.852
0.00815612,11.8696
0.00816286,11.887
0.00817526,11.9046
0.00818208,11.9221
0.0081918,11.9395
0.00820175,11.9567
0.00821212,11.9739
0.00821924,11.9912
0.00822908,12.0086
0.00824148,12.0261
0.00824839,12.0435
0.00825528,12.0609
0.00826541,12.0781
0.00827277,12.0953
0.00828302,12.1125
0.00828752,12.1296
0.0082976,12.1469
0.00830484,12.1641
0.00831196,12.1815
0.00832191,12.1987
0.00833187,12.216
0.00833857,12.2336
0.00834531,12.251
0.00835195,12.2685
0.00835887,12.286
0.00836563,12.3034
0.00837252,12.3208
0.00837952,12.3381
0.00838656,12.3554
0.00839374,12.3726
0.00840077,12.39
0.0084109,12.4073
0.00841528,12.4245
0.00842253,12.4417
0.00842962,12.4589
0.00843686,12.4763
0.00844705,12.4934
0.00845418,12.5107
0.00846142,12.5279
0.00846848,12.5452
0.00847838,12.5626
0.0084852,12.58
0.00849158,12.5976
0.0084979,12.6153
0.00850401,12.6331
0.00851301,12.6508
0.00851876,12.6688
0.00852454,12.6867
0.00853294,12.7048
0.00854159,12.7227
0.00854728,12.7407
0.00855315,12.7586
0.00855926,12.7763
0.00856826,12.7941
0.00857164,12.8118
0.0085807,12.8295
0.00858702,12.8472
0.00859638,12.8648
0.0086027,12.8825
0.00861176,12.9002
0.00861787,12.9179
0.00862377,12.9359
0.00862964,12.9537
0.00863852,12.9715
0.00864448,12.9895
0.0086502,13.0073
0.00865896,13.0252
0.00866187,13.0432
0.00867063,13.061
0.00867647,13.0789
0.00868222,13.0969
0.00869111,13.1147
0.00869403,13.1325
0.00870267,13.1505
0.00870845,13.1684
0.00871426,13.1864
0.00872016,13.2042
0.00872594,13.2221
0.00873459,13.2401
0.00874043,13.258
0.00874636,13.2758
0.008755,13.2938
0.0087609,13.3116
0.00876954,13.3295
0.00877536,13.3475
0.00878117,13.3654
0.00878981,13.3833
0.00879556,13.4012
0.00880125,13.4193
0.00880978,13.4372
0.00881517,13.4553
0.00882328,13.4735
0.00883138,13.4918
0.00883967,13.5098
0.00884506,13.5279
0.00885335,13.546
0.00886163,13.5642
0.00886691,13.5823
0.00887502,13.6005
0.00888032,13.6186
0.00888861,13.6368
0.00889433,13.6547
0.00890291,13.6727
0.00890842,13.6907
0.00891432,13.7086
0.00892309,13.7265
0.00893197,13.7443
0.0089382,13.762
0.00894434,13.7797
0.00895053,13.7976
0.00895673,13.8153
0.00896567,13.833
0.00897184,13.8508
0.00897777,13.8686
0.00898624,13.8867
0.00898907,13.9046
0.00899753,13.9226
0.00900308,13.9406
0.00901166,13.9586
0.0090172,13.9766
0.00902579,13.9946
0.00903142,14.0126
0.0090369,14.0307
0.00904256,14.0487
0.00905109,14.0666
0.00905678,14.0847
0.00906518,14.1026
0.00907073,14.1207
0.00907633,14.1387
0.00908473,14.1568
0.00909028,14.1748
0.00909555,14.1929
0.00910366,14.2111
0.0091089,14.2293
0.00911415,14.2475
0.00912214,14.2658
0.00913012,14.284
0.00913799,14.3023
0.00914559,14.3208
0.00915045,14.3391
0.00915769,14.3577
0.00916225,14.3762
0.00917256,14.3947
0.00917706,14.4133
0.00918463,14.4317
0.0091894,14.4501
0.00919703,14.4686
0.00920204,14.4869
0.00921002,14.5051
0.00921479,14.5235
0.00922004,14.5417
0.00922832,14.5598
0.00923679,14.5778
0.00924525,14.5958
0.00925076,14.6138
0.00925622,14.6319
0.00926185,14.65
0.00927019,14.668
0.00927553,14.6862
0.0092811,14.7042
0.00928933,14.7224
0.00929731,14.7406
0.0093053,14.7589
0.0093104,14.7771
0.00931803,14.7955
0.0093256,14.8139
0.00933278,14.8326
0.0093371,14.8513
0.00934425,14.8698
0.00935129,14.8885
0.00935838,14.9073
0.00936833,14.926
0.0093723,14.9448
0.00937894,14.9636
0.0093858,14.9824
0.00939253,15.0013
0.00939936,15.0201
0.00940901,15.0389
0.00941569,15.0578
0.00942231,15.0766
0.00942862,15.0957
0.00943494,15.1147
0.00944114,15.1339
0.00945014,15.153
0.00945884,15.1723
0.00946468,15.1916
0.00947053,15.2109
0.00947637,15.2301
0.00948218,15.2493
0.0094879,15.2687
0.00949395,15.2879
0.00950271,15.3071
0.00950861,15.3264
0.00951475,15.3455
0.00952387,15.3646
0.00952731,15.3836
0.00953378,15.4027
0.0095404,15.4216
0.00955011,15.4404
0.00955703,15.4591
0.00956388,15.4779
0.00957077,15.4967
0.00957786,15.5153
0.00958492,15.534
0.00959184,15.5528
0.00960143,15.5716
0.00960778,15.5906
0.00961419,15.6097
0.00962325,15.6289
0.00962948,15.6479
0.00963579,15.6669
0.00964202,15.686
0.00964834,15.705
0.00965734,15.7242
0.00966071,15.7432
0.00966977,15.7624
0.00967889,15.7814
0.00968488,15.8007
0.00969075,15.8199
0.00969939,15.8393
0.00970517,15.8586
0.00971376,15.8779
0.00971921,15.8974
0.00972756,15.9168
0.00973307,15.9362
0.00974141,15.9558
0.00974699,15.9752
0.00975545,15.9946
0.0097612,16.0139
0.0097699,16.0332
0.00977578,16.0524
0.00978489,16.0715
0.00979124,16.0905
0.00979768,16.1094
0.009804,16.1285
0.00981061,16.1474
0.00982009,16.1663
0.00982707,16.1851
0.00983696,16.2038
0.00984402,16.2225
0.0098541,16.2412
0.00986113,16.2598
0.00986819,16.2785
0.00987543,16.2972
0.00988271,16.3157
0.00989266,16.3344
0.00989957,16.3532
0.00990917,16.3721
0.00991567,16.3911
0.00992503,16.41
0.00993108,16.4291
0.00993996,16.4484
0.00994568,16.4677
0.00995402,16.4871
0.00995936,16.5067
0.00996746,16.5263
0.00997557,16.5458
0.00998362,16.5655
0.00998862,16.5852
0.00999643,16.6048
0.0100041,16.6246
0.0100087,16.6445
0.0100189,16.6644
0.0100264,16.6843
0.0100338,16.7042
0.0100413,16.7241
0.0100486,16.744
0.0100529,16.764
0.0100602,16.784
0.0100674,16.804
0.0100747,16.8239
0.0100819,16.8439
0.0100922,16.8638
0.0100997,16.8837
0.0101042,16.9036
0.0101144,16.9235
0.0101192,16.9433
0.0101269,16.9631
0.0101324,16.9825
0.0101408,17.002
0.0101495,17.0213
0.0101555,17.0405
0.0101616,17.0596
0.0101703,17.0789
0.010179,17.0982
0.0101849,17.1174
0.0101935,17.1368
0.0102019,17.1562
0.0102127,17.1759
0.0102176,17.1956
0.0102253,17.2154
0.0102298,17.2353
0.0102371,17.2552
0.0102447,17.275
0.0102494,17.2949
0.0102567,17.3148
0.0102643,17.3347
0.010269,17.3544
0.0102767,17.3742
0.0102841,17.3941
0.0102885,17.414
0.0102958,17.434
0.0103031,17.4539
0.0103072,17.4741
0.0103141,17.4942
0.0103209,17.5144
0.0103278,17.5345
0.0103346,17.5548
0.0103443,17.5749
0.0103512,17.595
0.0103551,17.6153
0.0103648,17.6354
0.0103715,17.6557
0.0103785,17.6759
0.0103857,17.6959
0.010393,17.7158
0.0103973,17.7358
0.0104045,17.7558
0.010412,17.7757
0.0104166,17.7955
0.0104214,17.8153
0.0104292,17.835
0.0104371,17.8547
0.0104422,17.8743
0.0104509,17.894
0.0104595,17.9136
0.0104652,17.9334
0.0104737,17.9531
0.010479,17.973
0.01049,17.993
0.010498,18.013
0.0105058,18.033
0.0105134,18.0533
0.0105211,18.0734
0.0105285,18.0937
0.0105357,18.1141
0.0105457,18.1345
0.01055,18.1549
0.0105599,18.1754
0.0105667,18.196
0.0105761,18.2166
0.0105826,18.2374
0.0105919,18.2581
0.0105982,18.279
0.0106073,18.2999
0.0106136,18.3206
0.0106228,18.3415
0.0106289,18.3625
0.0106349,18.3834
0.0106411,18.4042
0.0106505,18.425
0.0106599,18.4458
0.0106664,18.4664
0.010673,18.4871
0.0106827,18.5078
0.0106892,18.5284
0.010696,18.549
0.0107033,18.5693
0.010711,18.5894
0.010722,18.6094
0.0107301,18.6293
0.0107386,18.6491
0.0107513,18.6683
0.0107585,18.6872
0.010769,18.706
0.0107801,18.7246
0.0107914,18.7429
0.0108026,18.7614
0.0108137,18.7799
0.0108248,18.7984
0.0108389,18.8168
0.0108501,18.8353
0.0108574,18.8542
0.0108672,18.8734
0.0108772,18.8924
0.0108872,18.9114
0.0108968,18.9306
0.0109063,18.9499
0.0109158,18.9692
0.0109256,18.9884
0.0109329,19.0073
0.0109462,19.0261
0.0109608,19.0429
0.0109801,19.0574
0.0110027,19.0704
0.0110272,19.0824
0.011056,19.0938
0.0110824,19.1049
0.0111095,19.1157
0.0111362,19.1267
0.0111629,19.1376
0.0111898,19.1485
0.0112101,19.1611
0.0112291,19.1759
0.0112421,19.192
0.0112533,19.2091
0.0112639,19.2263
0.0112741,19.2439
0.0112842,19.2615
0.0112915,19.2791
0.0113016,19.2965
0.0113115,19.3142
0.0113211,19.3321
0.0113303,19.3501
0.0113363,19.3683
0.0113478,19.3866
0.0113532,19.4051
0.0113645,19.4235
0.0113698,19.4419
0.0113809,19.4605
0.0113888,19.479
0.0113968,19.4977
0.0114047,19.5163
0.0114125,19.5351
0.0114201,19.5539
0.0114275,19.5727
0.0114348,19.5916
0.0114447,19.6106
0.0114517,19.6298
0.011464,19.6491
0.0114676,19.6685
0.0114767,19.6879
0.011483,19.7073
0.0114893,19.7267
0.0114983,19.7462
0.0115075,19.7656
0.0115137,19.7851
0.0115231,19.8045
0.0115295,19.8238
0.011539,19.843
0.0115487,19.8622
0.0115554,19.8815
0.0115652,19.9007
0.0115722,19.9197
0.0115795,19.9386
0.0115898,19.9575
0.011597,19.9765
0.0116042,19.9955
0.0116114,20.0144
0.0116187,20.0333
0.0116258,20.0524
0.011633,20.0714
0.0116431,20.0904
0.0116503,20.1093
0.0116574,20.1283
0.0116646,20.1474
0.011672,20.1663
0.0116794,20.1852
0.0116896,20.2041
0.0116937,20.2232
0.0117009,20.2421
0.011711,20.2611
0.0117152,20.2802
0.011725,20.2993
0.0117316,20.3185
0.0117381,20.3378
0.0117447,20.3571
0.0117512,20.3765
0.0117577,20.3958
0.0117642,20.4151
0.0117737,20.4343
0.0117772,20.4538
0.0117863,20.4732
0.0117926,20.4926
0.011802,20.5119
0.0118083,20.5313
0.0118173,20.5508
0.0118233,20.5705
0.0118293,20.59
0.011838,20.6096
0.0118439,20.6293
0.0118529,20.6487
0.0118593,20.6681
0.0118658,20.6875
0.0118749,20.7068
0.0118847,20.7261
0.0118887,20.7451
0.0118985,20.7643
0.0119055,20.7833
0.011913,20.8023
0.0119202,20.8212
0.0119275,20.8401
0.0119345,20.8592
0.0119415,20.8783
0.0119488,20.8972
0.0119589,20.9162
0.011966,20.9352
0.0119732,20.9542
0.0119803,20.9732
0.0119872,20.9923
0.0119942,21.0115
0.0120009,21.0307
0.0120077,21.0498
0.0120173,21.069
0.0120237,21.0884
0.0120327,21.1079
0.0120417,21.1275
0.0120478,21.147
0.0120539,21.1664
0.0120628,21.1861
0.0120718,21.2056
0.0120779,21.225
0.012084,21.2445
0.0120931,21.2641
0.0121022,21.2835
0.0121118,21.3028
0.0121182,21.322
0.0121275,21.3415
0.0121367,21.3609
0.0121434,21.3801
0.0121531,21.3993
0.012163,21.4184
0.0121731,21.4374
0.0121829,21.4564
0.0121899,21.4756
0.0121995,21.4948
0.0122121,21.5139
0.0122191,21.5331
0.0122291,21.5521
0.0122388,21.5713
0.0122483,21.5905
0.012255,21.6098
0.012265,21.6288
0.0122725,21.6476
0.0122804,21.6663
0.0122915,21.6847
0.0122998,21.7031
0.0123084,21.7216
0.0123199,21.7399
0.0123287,21.7581
0.0123376,21.7761
0.0123467,21.7942
0.0123554,21.8125
0.0123642,21.8307
0.0123728,21.849
0.0123814,21.8673
0.0123901,21.8855
0.0123985,21.904
0.0124071,21.9223
0.0124127,21.9407
0.012424,21.959
0.0124295,21.9774
0.0124407,21.9959
0.0124489,22.0144
0.0124543,22.0329
0.0124623,22.0514
0.0124731,22.0701
0.0124783,22.0886
0.0124863,22.1072
0.0124974,22.1258
0.0125053,22.1443
0.0125135,22.1629
0.0125216,22.1814
0.0125328,22.1999
0.0125412,22.2183
0.0125496,22.2367
0.012558,22.255
0.0125664,22.2735
0.0125748,22.2919
0.0125861,22.3102
0.0125945,22.3286
0.0126028,22.3471
0.0126109,22.3656
0.0126189,22.3843
0.0126236,22.4031
0.0126344,22.4218
0.0126422,22.4405
0.01265,22.459
0.0126578,22.4778
0.0126655,22.4965
0.0126706,22.5152
0.0126784,22.5337
0.0126864,22.5524
0.0126948,22.5708
0.0127005,22.5891
0.0127121,22.6073
0.0127207,22.6256
0.0127265,22.6439
0.0127353,22.6621
0.0127445,22.6802
0.0127563,22.6983
0.0127653,22.7165
0.0127715,22.7344
0.0127803,22.7526
0.0127891,22.7709
0.0127977,22.7892
0.0128063,22.8075
0.0128149,22.8258
0.0128234,22.8441
0.0128313,22.8628
0.012839,22.8815
0.0128467,22.9003
0.0128542,22.9191
0.0128616,22.938
0.0128689,22.9569
0.0128759,22.976
0.0128859,22.995
0.0128897,23.0143
0.0128995,23.0333
0.0129091,23.0526
0.0129161,23.0717
0.0129231,23.0908
0.0129301,23.1099
0.0129372,23.1289
0.0129444,23.1479
0.0129517,23.1668
0.0129589,23.1858
0.0129665,23.2046
0.012974,23.2234
0.0129818,23.2421
0.0129896,23.2608
0.0129945,23.2794
0.0130023,23.2981
0.0130075,23.3167
0.0130153,23.3354
0.0130233,23.354
0.0130314,23.3726
0.0130395,23.391
0.0130477,23.4096
0.0130559,23.4281
0.0130613,23.4466
0.0130695,23.465
0.0130777,23.4835
0.0130857,23.5021
0.013094,23.5205
0.0130995,23.539
0.0131106,23.5574
0.0131159,23.576
0.0131238,23.5946
0.0131319,23.6132
0.013137,23.6317
0.0131481,23.6502
0.0131562,23.6687
0.0131644,23.6873
0.0131726,23.7057
0.0131781,23.7241
0.0131865,23.7426
0.0131948,23.761
0.0132063,23.7793
0.0132121,23.7975
0.0132207,23.8159
0.013229,23.8344
0.0132401,23.8528
0.0132485,23.8712
0.0132568,23.8897
0.0132651,23.9081
0.0132734,23.9265
0.0132818,23.945
0.0132875,23.9633
0.0132962,23.9816
0.0133021,23.9998
0.0133111,24.0178
0.0133204,24.0359
0.0133298,24.0537
0.0133364,24.0716
0.013346,24.0894
0.0133557,24.1072
0.0133623,24.125
0.0133716,24.1431
0.0133808,24.161
0.01339,24.1791
0.0133992,24.197
0.0134083,24.2151
0.0134171,24.2334
0.0134228,24.2517
0.0134314,24.27
0.0134371,24.2884
0.0134453,24.3068
0.0134537,24.3251
0.0134619,24.3437
0.0134731,24.3621
0.0134782,24.3808
0.013489,24.3993
0.0134969,24.418
0.0135078,24.4365
0.013516,24.4551
0.0135241,24.4737
0.0135353,24.4921
0.0135437,24.5105
0.0135524,24.5287
0.0135639,24.547
0.0135761,24.5651
0.0135885,24.5829
0.0135981,24.6007
0.0136105,24.6186
0.0136199,24.6365
0.0136323,24.6544
0.0136448,24.6723
0.0136547,24.6898
0.0136674,24.7077
0.0136775,24.7252
0.0136875,24.7428
0.0136976,24.7604
0.0137076,24.7781
0.0137177,24.7957
0.0137281,24.8131
0.0137385,24.8305
0.01375,24.8474
0.0137621,24.864
0.0137716,24.8805
0.0137839,24.897
0.0137964,24.9135
0.0138086,24.93
0.0138181,24.9464
0.0138332,24.963
0.0138452,24.9796
0.0138573,24.9962
0.0138687,25.0132
0.0138791,25.0307
0.0138893,25.0482
0.0138996,25.0657
0.0139069,25.0833
0.0139199,25.1009
0.0139298,25.1186
0.0139368,25.1361
0.0139468,25.1538
0.0139566,25.1715
0.013966,25.1895
0.0139784,25.2073
0.0139845,25.2254
0.0139934,25.2436
0.0140024,25.2617
0.0140111,25.2799
0.0140229,25.2981
0.0140316,25.3163
0.0140403,25.3346
0.0140487,25.3531
0.0140572,25.3714
0.0140658,25.3897
0.0140747,25.4079
0.0140834,25.426
0.0140922,25.4442
0.0140984,25.4623
0.0141076,25.4804
0.0141171,25.4982
0.0141267,25.516
0.0141364,25.5338
0.0141433,25.5515
0.0141532,25.5692
0.0141632,25.5869
0.0141705,25.6044
0.0141806,25.622
0.0141907,25.6395
0.0142007,25.6571
0.0142107,25.6748
0.0142178,25.6925
0.0142278,25.7101
0.0142349,25.7277
0.0142449,25.7454
0.0142547,25.7631
0.0142643,25.7809
0.0142737,25.7987
0.0142831,25.8167
0.0142895,25.8347
0.0143014,25.8528
0.0143076,25.8709
0.0143166,25.8889
0.0143253,25.9072
0.0143338,25.9256
0.0143424,25.9439
0.0143538,25.9623
0.0143592,25.9807
0.0143673,25.9993
0.0143782,26.0178
0.0143864,26.0363
0.0143943,26.055
0.0144018,26.0738
0.0144094,26.0926
0.0144171,26.1114
0.0144251,26.1299
0.0144361,26.1485
0.0144442,26.167
0.0144527,26.1853
0.014461,26.2038
0.0144695,26.2222
0.0144782,26.2404
0.0144901,26.2586
0.0144964,26.2765
0.0145055,26.2946
0.0145142,26.3129
0.0145232,26.331
0.0145292,26.3491
0.0145383,26.3672
0.0145476,26.3852
0.0145568,26.4032
0.0145661,26.4212
0.0145755,26.4391
0.0145796,26.4567
0.0145927,26.4743
0.0146002,26.4917
0.0146107,26.5091
0.0146214,26.5264
0.0146323,26.5436
0.0146436,26.5606
0.0146548,26.5777
0.0146634,26.5945
0.0146748,26.6115
0.0146858,26.6287
0.0146936,26.6459
0.0147041,26.6634
0.0147147,26.6806
0.0147252,26.698
0.0147324,26.7156
0.0147451,26.7333
0.0147522,26.751
0.0147617,26.7688
0.0147683,26.7868
0.0147776,26.8047
0.0147869,26.8227
0.0147935,26.8406
0.0148028,26.8585
0.0148117,26.8766
0.0148208,26.8947
0.0148267,26.9129
0.0148356,26.9311
0.0148444,26.9492
0.0148536,26.9673
0.0148629,26.9853
0.0148722,27.0032
0.0148818,27.021
0.0148884,27.039
0.0148984,27.0565
0.0149086,27.074
0.0149162,27.0915
0.014927,27.1087
0.014935,27.1259
0.0149431,27.1431
0.0149512,27.1602
0.0149624,27.1771
0.0149705,27.1944
0.0149816,27.2114
0.0149897,27.2287
0.0149974,27.2459
0.0150078,27.2633
0.015018,27.2809
0.0150251,27.2985
0.0150377,27.3163
0.0150447,27.334
0.0150539,27.3521
0.0150604,27.3699
0.0150725,27.388
0.0150788,27.4059
0.015088,27.424
0.0150943,27.442
0.0151032,27.4601
0.0151122,27.4783
0.0151209,27.4965
0.0151291,27.5149
0.0151375,27.5335
0.0151427,27.5519
0.0151506,27.5706
0.0151613,27.5893
0.0151691,27.6079
0.0151797,27.6267
0.0151847,27.6454
0.0151923,27.6642
0.0152,27.6829
0.0152107,27.7016
0.0152188,27.7201
0.0152272,27.7385
0.0152354,27.757
0.0152439,27.7754
0.0152524,27.7937
0.0152582,27.812
0.0152675,27.83
0.0152743,27.8478
0.0152843,27.8654
0.0152944,27.883
0.0153018,27.9004
0.015312,27.918
0.0153224,27.9353
0.0153331,27.9527
0.0153414,27.9697
0.0153529,27.9866
0.015364,28.0037
0.0153696,28.0207
0.0153839,28.0376
0.0153926,28.0545
0.0154046,28.0712
0.0154138,28.0878
0.0154232,28.1043
0.0154355,28.1208
0.0154478,28.1374
0.0154568,28.154
0.0154689,28.1707
0.0154777,28.1874
0.0154867,28.2041
0.0154986,28.2208
0.0155102,28.2377
0.0155187,28.2547
0.0155272,28.2716
0.0155385,28.2886
0.0155468,28.3057
0.015558,28.3227
0.0155663,28.3397
0.0155775,28.3568
0.0155859,28.3739
0.0155969,28.391
0.0156052,28.4079
0.0156164,28.425
0.0156278,28.442
0.0156363,28.459
0.0156476,28.4759
0.0156592,28.4928
0.015671,28.5096
0.0156801,28.5262
0.0156897,28.5426
0.0157025,28.5589
0.0157129,28.5749
0.0157235,28.5909
0.0157345,28.6067
0.0157489,28.6222
0.0157609,28.6374
0.0157734,28.6524
0.0157864,28.6672
0.0158035,28.6814
0.0158184,28.6953
0.015834,28.7087
0.015851,28.7216
0.0158699,28.7336
0.0158907,28.7445
0.0159176,28.754
0.0159457,28.7615
0.0159812,28.7668
0.016016,28.7697
0.0160613,28.7702
0.0161076,28.7675
0.0161686,28.7591
0.0166073,28.5677
