"Maximum force",39.3845,"N"
"Gage length ",0.910808,"mm"
"Strain energy",0.280607,"mJ"
"Deformation at maximum force",0.0376356,"mm"
"Standard travel","Standard force"
"mm","N"
0,0.0986381
2.16067e-006,0.0989986
7.01845e-006,0.0994449
9.08971e-006,0.0998455
1.40369e-005,0.100244
1.60038e-005,0.1007
1.81496e-005,0.10106
2.01166e-005,0.101507
2.18675e-005,0.102052
2.36481e-005,0.102586
2.58088e-005,0.102941
2.82526e-005,0.10316
3.0756e-005,0.103348
3.34233e-005,0.103466
3.29502e-005,0.103693
3.54387e-005,0.103889
3.78825e-005,0.104108
4.04753e-005,0.104257
4.04448e-005,0.104273
4.32611e-005,0.104312
4.60327e-005,0.104375
4.88043e-005,0.104438
4.88168e-005,0.104438
5.15437e-005,0.104516
5.13099e-005,0.104633
5.08983e-005,0.104829
5.33272e-005,0.105048
5.592e-005,0.105197
5.57011e-005,0.105307
5.56513e-005,0.105331
5.81994e-005,0.105495
5.78809e-005,0.105651
5.73854e-005,0.105887
5.96504e-005,0.106185
5.91363e-005,0.106434
5.87545e-005,0.106616
6.12728e-005,0.106796
6.08667e-005,0.106991
6.07168e-005,0.107062
6.04858e-005,0.107172
6.04687e-005,0.10718
6.00887e-005,0.10736
6.27262e-005,0.107485
6.25325e-005,0.10758
6.26806e-005,0.10751
6.27961e-005,0.107455
6.30112e-005,0.107353
6.3176e-005,0.107274
6.34238e-005,0.107157
6.34575e-005,0.107141
6.35898e-005,0.107079
6.65551e-005,0.107047
6.64145e-005,0.107117
6.63809e-005,0.107133
6.615e-005,0.107243
6.59181e-005,0.107352
6.57029e-005,0.107454
6.82659e-005,0.10761
6.76364e-005,0.107916
6.69919e-005,0.108221
6.63474e-005,0.108528
6.58669e-005,0.108755
6.57658e-005,0.108802
6.84331e-005,0.108912
6.82264e-005,0.109013
6.8209e-005,0.109022
6.81925e-005,0.109029
7.1277e-005,0.108944
7.1495e-005,0.108842
7.46093e-005,0.10874
7.47322e-005,0.108685
7.50135e-005,0.108552
7.80384e-005,0.108489
7.83327e-005,0.108356
8.12981e-005,0.108324
8.40697e-005,0.108387
8.38992e-005,0.108473
8.65069e-005,0.108614
8.62108e-005,0.108755
8.89079e-005,0.108849
9.15901e-005,0.108959
9.12958e-005,0.1091
9.39631e-005,0.109209
9.65857e-005,0.109342
9.92232e-005,0.109468
9.88917e-005,0.109632
0.000101216,0.109907
0.000106432,0.110189
0.000106055,0.110369
0.000108633,0.110518
0.00011133,0.11062
0.000113804,0.110823
0.000116263,0.111035
0.000118766,0.11123
0.000121314,0.111395
0.000124265,0.11138
0.00012726,0.111333
0.00013027,0.111286
0.00013319,0.111278
0.000136081,0.111286
0.000138868,0.111341
0.000144858,0.111255
0.000147645,0.111317
0.000150282,0.111442
0.000155766,0.111591
0.000158284,0.111787
0.000160758,0.111991
0.000163291,0.112163
0.000168476,0.112453
0.000173602,0.112781
0.000172883,0.113134
0.000177622,0.113633
0.000182629,0.114011
0.00018467,0.114427
0.000189588,0.11485
0.000191733,0.115218
0.00019683,0.115548
0.000202224,0.115752
0.000204727,0.115948
0.000210121,0.116136
0.000212431,0.116426
0.000217915,0.116582
0.000223458,0.116708
0.000226274,0.116755
0.000231996,0.116787
0.000237599,0.116888
0.000240177,0.117052
0.000248224,0.117357
0.000250444,0.117695
0.00025551,0.118048
0.000260696,0.118345
0.000265822,0.118673
0.000270829,0.119041
0.0002729,0.11945
0.000280827,0.119818
0.000285685,0.120272
0.000287466,0.120813
0.000295006,0.121367
0.000299715,0.121893
0.000304423,0.122412
0.0003094,0.12281
0.000314318,0.123234
0.000319295,0.123634
0.000324361,0.123978
0.000329338,0.124378
0.000334256,0.124802
0.000339382,0.12513
0.000344388,0.125515
0.000349753,0.125727
0.000355177,0.125907
0.000360511,0.126134
0.000365816,0.126369
0.000370972,0.126681
0.000375889,0.127112
0.000383757,0.127513
0.000388675,0.127944
0.000393681,0.12832
0.000398748,0.128673
0.000403635,0.129119
0.000408433,0.129588
0.000416003,0.130137
0.000420623,0.130702
0.000425153,0.131312
0.000429683,0.131915
0.000434063,0.132598
0.000441484,0.133216
0.000446163,0.13375
0.000451051,0.134196
0.000458621,0.134727
0.00046324,0.135291
0.000467949,0.135825
0.000472657,0.13634
0.000480466,0.136773
0.000485651,0.13708
0.000493996,0.137244
0.00049948,0.137409
0.000504874,0.137612
0.00051298,0.137879
0.000521205,0.138137
0.000526391,0.138434
0.000534557,0.138679
0.000539683,0.139022
0.000547551,0.139407
0.000552587,0.139791
0.000560276,0.14026
0.000565164,0.140716
0.000572465,0.141379
0.000576787,0.142093
0.00058388,0.14286
0.000591271,0.143497
0.000595711,0.144145
0.000603162,0.144748
0.000607811,0.145289
0.000615351,0.145854
0.00062,0.146403
0.0006276,0.146945
0.000635289,0.147407
0.000640117,0.147899
0.000647985,0.148276
0.000655912,0.148667
0.000663959,0.148997
0.000672005,0.149303
0.000679813,0.149741
0.000684612,0.15022
0.000692241,0.15072
0.000702612,0.151315
0.000710182,0.151879
0.000717871,0.152358
0.0007255,0.152873
0.000732981,0.153472
0.000737451,0.154105
0.000744842,0.154731
0.000752293,0.155341
0.000759535,0.156039
0.000766657,0.156791
0.000771515,0.157249
0.00078278,0.157405
0.000788503,0.15746
0.000794314,0.157468
0.000805937,0.157468
0.00081154,0.15757
0.000819944,0.157702
0.000828527,0.157758
0.000837289,0.157743
0.00084623,0.157649
0.000854634,0.157789
0.00086268,0.158109
0.000867747,0.15847
0.000875495,0.158916
0.000883184,0.159403
0.000890933,0.159874
0.000898622,0.160358
0.000906311,0.160844
0.000914065,0.161323
0.000918863,0.1618
0.000926612,0.162262
0.000934032,0.162872
0.000941244,0.163586
0.000948516,0.164276
0.000952867,0.164959
0.000960199,0.165615
0.00096753,0.166275
0.000974861,0.166939
0.000982133,0.167621
0.000989643,0.168201
0.000997034,0.168827
0.00100448,0.16943
0.00101182,0.170082
0.00101921,0.170715
0.00102654,0.171375
0.00103423,0.171861
0.00104183,0.172392
0.00104958,0.172832
0.00105738,0.173263
0.00106492,0.173843
0.00107249,0.174393
0.00108012,0.174892
0.00108793,0.175325
0.00109848,0.175848
0.00110334,0.176304
0.00111383,0.176826
0.0011186,0.17733
0.00112903,0.177902
0.00113335,0.1786
0.00114342,0.179329
0.00114763,0.180103
0.00115469,0.180885
0.00116169,0.181702
0.00116884,0.182445
0.00117594,0.183212
0.00118288,0.184059
0.00118986,0.184883
0.00119683,0.185707
0.00120392,0.186474
0.00121116,0.187187
0.00121853,0.187828
0.00122311,0.188408
0.00123098,0.188801
0.00123891,0.189178
0.00124684,0.189546
0.00125476,0.189922
0.00126275,0.190267
0.0012708,0.190595
0.0012789,0.190885
0.00128713,0.191113
0.0012953,0.191388
0.0013031,0.191819
0.00131532,0.190148
0.00135299,0.176476
0.00140115,0.159142
0.00144312,0.143273
0.0014877,0.126428
0.00153252,0.109338
0.00157544,0.0929802
0.00162121,0.0755242
0.00166508,0.0588006
0.00170609,0.042199
0.00174448,0.0266961
0.00175509,0.0244683
0.00175977,0.0249833
0.00176489,0.023938
0.001769,0.0247429
0.00177203,0.0246883
0.00177844,0.0243984
0.00177919,0.0254284
0.00178339,0.0248066
0.00178842,0.0251804
0.00179266,0.0259243
0.00179662,0.0254284
0.00180055,0.0263248
0.00180324,0.0264274
0.00180958,0.0261775
0.00181028,0.0272227
0.00181642,0.0270625
0.00182142,0.0274535
0.00182229,0.0284148
0.00183189,0.0279799
0.00183309,0.0288077
0.0018381,0.029193
0.00184412,0.0290843
0.00184454,0.0302745
0.00185008,0.0303923
0.00185538,0.0306421
0.00185908,0.0316416
0.00186219,0.0315448
0.00186675,0.0321284
0.00187113,0.0328113
0.00187769,0.0324622
0.00188195,0.0331946
0.00188735,0.033393
0.00189364,0.0331746
0.00189772,0.0339948
0.00190678,0.033825
0.00190977,0.0337933
0.00191716,0.0344189
0.00192357,0.0341385
0.00192852,0.0345372
0.00193311,0.0351246
0.00193663,0.0348366
0.00194101,0.035508
0.00194586,0.0359696
0.00195451,0.0360027
0.00195826,0.0369793
0.0019633,0.0373417
0.00196863,0.0375772
0.00196967,0.0384623
0.00197807,0.0385881
0.00198299,0.0390345
0.00198707,0.039847
0.00199285,0.0398656
0.0020006,0.0403272
0.00200546,0.0407811
0.00201145,0.0406962
0.00201631,0.0411426
0.00202164,0.0413695
0.00203047,0.0413075
0.00203535,0.0417691
0.00204084,0.0419179
0.00204659,0.0419498
0.00205428,0.0424343
0.00206006,0.0424512
0.00206566,0.0425528
0.00207347,0.0429667
0.00207928,0.0429841
0.00208456,0.0432416
0.00208947,0.0436574
0.00209806,0.0437284
0.00210306,0.0441042
0.00210804,0.0445105
0.00211341,0.0447155
0.00212109,0.0452076
0.00212914,0.0455223
0.00213462,0.0456873
0.00213945,0.0461489
0.00214455,0.0464941
0.00215277,0.0467211
0.00215766,0.0471598
0.00216613,0.0472857
0.00217158,0.0474573
0.00217975,0.0477005
0.00218547,0.0477558
0.00219387,0.0479122
0.00219918,0.0481554
0.00220782,0.048179
0.00221318,0.0483898
0.00222153,0.0485548
0.00222716,0.0486644
0.00223253,0.0488761
0.00224087,0.0490488
0.00224656,0.0491112
0.00225473,0.0493611
0.00225985,0.0496987
0.0022679,0.0500191
0.00227291,0.0503949
0.00228125,0.0505761
0.00228948,0.0508116
0.00229463,0.0511168
0.0023028,0.0513667
0.00230801,0.0516566
0.00231588,0.0520571
0.00232381,0.0524252
0.00233192,0.0527228
0.00233984,0.0531062
0.002345,0.0534209
0.00235299,0.0537566
0.00236103,0.0540713
0.00236932,0.0542983
0.0023773,0.0546187
0.00238231,0.0550192
0.00239042,0.055292
0.00239864,0.0555361
0.00240392,0.0558013
0.00241238,0.0559205
0.00242067,0.0561083
0.00242594,0.0563811
0.00243435,0.0565308
0.00244251,0.0567902
0.00244776,0.0570553
0.0024558,0.0573605
0.00246373,0.0577611
0.00246871,0.0581521
0.00247676,0.0584744
0.00248462,0.058873
0.00249255,0.0592488
0.00250036,0.0596798
0.0025051,0.0601872
0.00251279,0.0606602
0.00252059,0.0610989
0.00252575,0.0614193
0.00253368,0.0617798
0.0025419,0.062024
0.00254995,0.0623444
0.00255818,0.06258
0.00256628,0.0628623
0.00257475,0.0629958
0.00258291,0.0632609
0.0025912,0.0634573
0.00259653,0.0636853
0.00260499,0.0638102
0.0026134,0.0639676
0.00262162,0.0642022
0.00262973,0.0644845
0.00263796,0.0647191
0.00264898,0.065009
0.00265709,0.0652913
0.00266531,0.0655268
0.00267348,0.0657843
0.00268159,0.0660742
0.00268683,0.0663565
0.00269792,0.0665997
0.00270328,0.066819
0.00271151,0.0670384
0.00271955,0.0673588
0.00272772,0.0676335
0.00273595,0.067869
0.00274411,0.0681189
0.00275538,0.0682925
0.00276372,0.0684804
0.00277195,0.0687073
0.00277716,0.0689972
0.00278807,0.0693177
0.00279636,0.0695227
0.0028019,0.0696715
0.00281018,0.069867
0.00281835,0.070134
0.00282669,0.0703143
0.00283486,0.0705641
0.00284309,0.070814
0.00285119,0.0711039
0.00285936,0.0713709
0.00286752,0.0716141
0.00287563,0.0718964
0.00288368,0.0722245
0.00289172,0.0725392
0.00289965,0.0729149
0.00290746,0.0733613
0.00291527,0.0737999
0.00292325,0.0741223
0.00293106,0.0745686
0.00293899,0.0749291
0.0029468,0.0753678
0.00295478,0.0757111
0.00296277,0.076064
0.00297088,0.0763539
0.00297898,0.076661
0.00298697,0.0769967
0.00299776,0.0773896
0.00300286,0.0777329
0.00301102,0.0779923
0.00301919,0.0782422
0.00303015,0.0785721
0.00303808,0.0789555
0.00304601,0.0793313
0.00305388,0.0797242
0.0030618,0.0800923
0.00306985,0.0804204
0.00307784,0.0807656
0.00308571,0.0811661
0.00309369,0.0815094
0.00310174,0.0818242
0.00311002,0.0820359
0.00312135,0.0821684
0.00312993,0.0822319
0.00313905,0.0820449
0.00314829,0.0818017
0.00315771,0.0814737
0.00317034,0.0809949
0.00317726,0.0804876
0.00318721,0.0799001
0.00319723,0.0792974
0.00320718,0.0786832
0.00321713,0.078111
0.00322685,0.0776495
0.00323603,0.0774292
0.00324527,0.0771869
0.00325457,0.076897
0.00326363,0.0767396
0.00327251,0.0766614
0.00328097,0.0767706
0.00328926,0.0769738
0.00329459,0.0772236
0.0033027,0.0775136
0.00331092,0.0777262
0.00331897,0.0780543
0.0033269,0.0784472
0.00333155,0.0789851
0.00333929,0.0794505
0.00334689,0.0799807
0.00335452,0.0804842
0.00336215,0.0809992
0.00337002,0.0814093
0.00337807,0.0817374
0.00338593,0.0821379
0.00339392,0.0824736
0.00340197,0.0828036
0.00340984,0.0832098
0.00341475,0.0836333
0.0034256,0.0840014
0.00343097,0.0842141
0.00344199,0.0844964
0.00344724,0.0847691
0.00345803,0.0851697
0.00346309,0.0855149
0.00347114,0.0858353
0.00347925,0.08611
0.00348741,0.0863923
0.00349534,0.0867527
0.00350345,0.0870579
0.00351149,0.0873784
0.00351966,0.0876225
0.00352788,0.0878724
0.00353304,0.0881775
0.00354389,0.0885457
0.00355164,0.0890015
0.00355932,0.0894936
0.00356725,0.0898789
0.00357512,0.0902623
0.00358019,0.090638
0.00359062,0.0911873
0.0035981,0.0917824
0.00360555,0.0923852
0.00361017,0.0929574
0.0036206,0.0935067
0.00362859,0.0938595
0.00363657,0.09422
0.00364456,0.0945481
0.00365284,0.0947531
0.00366131,0.0948933
0.00366947,0.0951365
0.0036777,0.0953721
0.00368592,0.0956143
0.00369409,0.0958813
0.00370214,0.0961865
0.00370989,0.0966633
0.00371763,0.0971116
0.00372532,0.0976037
0.0037328,0.0981911
0.00373733,0.0987938
0.00374788,0.0992974
0.00375575,0.0997036
0.00376335,0.100245
0.00376833,0.100644
0.00377632,0.100989
0.00378466,0.101147
0.00379283,0.101436
0.00380093,0.101709
0.00380606,0.102047
0.00381697,0.102392
0.00382507,0.102674
0.00383008,0.103058
0.00383813,0.103363
0.00384599,0.103763
0.00385386,0.104179
0.00386155,0.104656
0.00386936,0.105095
0.00388009,0.105518
0.0038879,0.105949
0.00389541,0.106529
0.00390309,0.107021
0.00391108,0.107366
0.00391895,0.107767
0.00392655,0.108297
0.00393698,0.108854
0.00394431,0.109529
0.00395167,0.11017
0.00396192,0.110807
0.0039692,0.111505
0.00397361,0.112169
0.00398356,0.112963
0.00399044,0.113832
0.00399736,0.114683
0.00400469,0.115351
0.00401187,0.116079
0.00401906,0.116808
0.00402627,0.117514
0.00403354,0.118204
0.00404108,0.118761
0.00404877,0.119238
0.00405938,0.11973
0.00406695,0.120272
0.0040747,0.120727
0.00408233,0.121242
0.00409001,0.121746
0.0040977,0.122215
0.00410831,0.122715
0.00411588,0.123257
0.00412327,0.12389
0.00413069,0.124496
0.00413806,0.125145
0.00414527,0.125858
0.00415233,0.12664
0.00415945,0.127403
0.00416649,0.1282
0.00417376,0.128883
0.00418106,0.129555
0.00418827,0.130268
0.00419563,0.13092
0.00420279,0.131664
0.00421012,0.132324
0.00421751,0.13295
0.0042249,0.133575
0.00423229,0.134205
0.00424296,0.134651
0.00425071,0.135105
0.00425876,0.135435
0.00426674,0.135771
0.00427473,0.136116
0.0042826,0.136524
0.00429058,0.136867
0.00429881,0.137104
0.00430698,0.137361
0.00431514,0.137628
0.00432289,0.138098
0.00433028,0.138731
0.00433743,0.139467
0.00434459,0.140222
0.00435177,0.140951
0.00435889,0.141695
0.00436589,0.142515
0.00437275,0.143392
0.00437984,0.144171
0.0043898,0.144953
0.004394,0.145727
0.00440407,0.146459
0.00441403,0.147234
0.00442136,0.147909
0.00442869,0.148573
0.0044362,0.149137
0.00444371,0.149717
0.00445107,0.15035
0.00445837,0.151026
0.0044688,0.151598
0.00447643,0.152117
0.00448412,0.152601
0.00449461,0.153116
0.00450206,0.153738
0.00450948,0.154348
0.00451991,0.15492
0.00452742,0.155493
0.00453493,0.156072
0.00454229,0.156706
0.00454936,0.157492
0.00455645,0.158266
0.00456634,0.159063
0.00457344,0.159857
0.00458363,0.160532
0.0045906,0.16136
0.00459755,0.162207
0.00460449,0.163046
0.00461451,0.163812
0.00462148,0.164636
0.00462854,0.165426
0.00463552,0.166242
0.00464565,0.166956
0.00465304,0.167581
0.00466043,0.168218
0.00467074,0.168844
0.00467804,0.169508
0.00468549,0.170107
0.00469599,0.170645
0.00470665,0.171085
0.0047144,0.171549
0.00472209,0.172056
0.00473264,0.172542
0.00473726,0.173122
0.00474781,0.173622
0.00475538,0.174179
0.00476563,0.174831
0.00477287,0.175533
0.00478,0.176296
0.00478703,0.177086
0.00479693,0.177894
0.00480393,0.178715
0.00481066,0.179664
0.00481749,0.180565
0.00482422,0.181507
0.00483418,0.182289
0.00484437,0.182964
0.00485164,0.183662
0.00485885,0.184364
0.00486619,0.185024
0.00487364,0.185634
0.00488419,0.18613
0.00489188,0.18663
0.00489948,0.187164
0.00490991,0.18771
0.00491751,0.188251
0.00492511,0.188785
0.00493566,0.189293
0.00494027,0.189857
0.00495059,0.190487
0.00495777,0.191215
0.00496501,0.191917
0.00497222,0.192631
0.00497951,0.193316
0.0049894,0.194128
0.00499623,0.195021
0.00500293,0.195986
0.00500976,0.196879
0.0050193,0.197863
0.00502606,0.198797
0.00503578,0.199682
0.00504263,0.200586
0.00504955,0.20143
0.00505944,0.202246
0.00506385,0.202921
0.0050741,0.203577
0.00508143,0.20423
0.00508868,0.204935
0.00509905,0.205515
0.00510379,0.206038
0.00511428,0.206579
0.00512182,0.207129
0.00512912,0.207808
0.00513925,0.208506
0.00514631,0.209299
0.00515329,0.210119
0.00516324,0.210905
0.0051701,0.211798
0.0051768,0.212763
0.00518616,0.213816
0.00519558,0.214861
0.00519926,0.215883
0.00520856,0.216982
0.00521478,0.218165
0.00522131,0.219202
0.00523079,0.220217
0.00523734,0.221255
0.00524381,0.222315
0.00525341,0.223276
0.00525993,0.224314
0.00526959,0.225237
0.00527627,0.226214
0.00528327,0.22703
0.00529024,0.227862
0.00529984,0.228823
0.00530675,0.229685
0.00531671,0.230463
0.00532407,0.231119
0.0053342,0.231817
0.00534138,0.232554
0.00534836,0.233378
0.00535542,0.234167
0.00536549,0.234896
0.00537265,0.23564
0.00537977,0.236403
0.00538651,0.237341
0.00539318,0.238314
0.00539977,0.239313
0.00540924,0.24032
0.00541583,0.24135
0.00542519,0.242403
0.00543163,0.243502
0.00543809,0.24457
0.00544769,0.245539
0.00545439,0.246493
0.00546119,0.2474
0.0054679,0.24835
0.00547749,0.2493
0.00548154,0.250143
0.0054915,0.250921
0.00550175,0.251593
0.00550899,0.252291
0.00551901,0.253058
0.00552613,0.253813
0.00553331,0.254542
0.00554327,0.255316
0.00555024,0.256155
0.00556007,0.256994
0.00556696,0.257879
0.0055739,0.258715
0.00558374,0.259569
0.00559071,0.260393
0.00559739,0.261366
0.00560406,0.262327
0.00561354,0.263334
0.00562039,0.264231
0.00563011,0.265135
0.0056369,0.26605
0.00564632,0.26708
0.00565279,0.268164
0.00565935,0.269186
0.00566888,0.270178
0.0056786,0.27109
0.00568524,0.272074
0.00569198,0.273008
0.00569874,0.273939
0.00570852,0.274794
0.00571558,0.275595
0.00572253,0.276434
0.0057326,0.277178
0.00573954,0.278025
0.00574643,0.278883
0.00575614,0.279772
0.00576321,0.280569
0.00577304,0.281424
0.00578002,0.282248
0.00578991,0.283075
0.00579691,0.283892
0.00580693,0.284651
0.00581384,0.285498
0.00582374,0.286329
0.00583071,0.287161
0.00583777,0.287935
0.00584773,0.288725
0.00585476,0.289534
0.00586155,0.290434
0.00587109,0.291426
0.00587771,0.292425
0.00588435,0.293409
0.00589401,0.294336
0.00590372,0.295252
0.00591049,0.296171
0.00592026,0.297056
0.00592739,0.297808
0.0059349,0.29838
0.00594551,0.298851
0.00595373,0.299101
0.0059622,0.299212
0.00597394,0.29915
0.00598264,0.299165
0.00599432,0.29915
0.00600297,0.299173
0.00601137,0.299337
0.00602216,0.29972
0.00602979,0.300235
0.00603736,0.300792
0.00604737,0.301551
0.00605691,0.302524
0.00606317,0.303707
0.00607235,0.304859
0.00607872,0.30598
0.00608796,0.307094
0.00609464,0.308071
0.00610137,0.309021
0.00611091,0.310005
0.00611756,0.310997
0.00612727,0.311889
0.0061341,0.312797
0.00614104,0.313636
0.0061479,0.314514
0.00615767,0.315399
0.0061675,0.31623
0.00617451,0.317058
0.0061844,0.317882
0.00619138,0.318706
0.00620115,0.319576
0.00620801,0.320461
0.0062151,0.321235
0.00622505,0.322029
0.00623513,0.322773
0.0062421,0.323585
0.00625176,0.324512
0.00625849,0.325466
0.00626791,0.326488
0.00627745,0.327503
0.006284,0.328525
0.00629044,0.329608
0.00629974,0.330715
0.0063091,0.331775
0.00631857,0.332798
0.00632516,0.333812
0.00633493,0.33469
0.00634489,0.335464
0.00635228,0.336109
0.00636277,0.336639
0.00637064,0.337049
0.00637862,0.33741
0.00638649,0.337808
0.00639448,0.338153
0.00640527,0.338544
0.00641314,0.338945
0.00642077,0.339468
0.0064281,0.340127
0.00643537,0.34081
0.0064455,0.341505
0.00645262,0.342283
0.00645966,0.34308
0.00646663,0.343904
0.00647629,0.34482
0.00648308,0.345747
0.00649029,0.34646
0.00650067,0.34704
0.00650847,0.347494
0.00651321,0.347993
0.00652382,0.348465
0.00653455,0.348896
0.00654242,0.349311
0.00655052,0.349586
0.00656161,0.349836
0.00657013,0.349931
0.00657824,0.350228
0.00658939,0.350448
0.00659773,0.350644
0.00660643,0.350644
0.006618,0.350675
0.00662658,0.35073
0.00663534,0.350723
0.00664691,0.350754
0.00665555,0.350785
0.00666401,0.350902
0.00667534,0.351059
0.00668061,0.351309
0.00669128,0.351755
0.00669876,0.35235
0.00670582,0.353144
0.00671566,0.353979
0.00672236,0.354936
0.00672901,0.355913
0.00673554,0.356966
0.00674484,0.358042
0.00675133,0.35911
0.00675771,0.360224
0.00676713,0.361276
0.00677377,0.362253
0.00678379,0.363024
0.00679094,0.36376
0.00679815,0.364473
0.00680823,0.365209
0.00681562,0.365843
0.00682319,0.366392
0.00683079,0.366926
0.00683827,0.367506
0.00684864,0.368086
0.00685889,0.368742
0.00686619,0.369425
0.00687355,0.370066
0.0068838,0.37071
0.00689093,0.371477
0.00689778,0.372354
0.00690449,0.373312
0.00691414,0.37425
0.00692091,0.375173
0.00693056,0.3761
0.00693733,0.377031
0.00694394,0.378023
0.00695059,0.379015
0.0069573,0.379972
0.00696707,0.380831
0.0069741,0.381639
0.00698114,0.382448
0.00699109,0.383215
0.00699839,0.383905
0.00700584,0.384508
0.00701341,0.38505
0.00702089,0.385645
0.00703103,0.386324
0.00703556,0.386953
0.00704575,0.387617
0.00705314,0.388262
0.00706053,0.388895
0.00706777,0.389593
0.00707785,0.390329
0.00708491,0.391104
0.00709179,0.391981
0.00709859,0.392893
0.00710547,0.39377
0.00711224,0.394693
0.00712207,0.395525
0.00712926,0.396269
0.00713632,0.397043
0.00714651,0.397726
0.00715369,0.398455
0.00716105,0.399095
0.0071719,0.399458
0.00717721,0.399717
0.00718853,0.399858
0.00719434,0.399859
0.00720603,0.39982
0.00721473,0.399843
0.00722355,0.399789
0.00723225,0.399781
0.00724107,0.399734
0.00725288,0.399648
0.00726146,0.399726
0.00727016,0.399734
0.00728161,0.399804
0.00728983,0.400047
0.00729794,0.400344
0.00730592,0.40068
0.00731391,0.401048
0.00732446,0.40154
0.00733227,0.401988
0.00733966,0.402606
0.00734991,0.403251
0.00735715,0.403964
0.00736434,0.404693
0.00737453,0.405364
0.00738183,0.406047
0.00738892,0.406806
0.00739617,0.40752
0.00740359,0.408123
0.00741396,0.408725
0.00742153,0.409267
0.00742916,0.409778
0.00743953,0.410373
0.0074471,0.41093
0.00745461,0.411491
0.00746504,0.412048
0.00746981,0.412559
0.00747744,0.413059
0.00748513,0.413562
0.00749272,0.414093
0.00750026,0.414657
0.00751046,0.415332
0.00751502,0.415927
0.00752503,0.416671
0.00753209,0.41748
0.00753916,0.418254
0.00754628,0.419013
0.00755331,0.419822
0.0075602,0.420692
0.0075669,0.421638
0.0075765,0.422603
0.00758344,0.42345
0.00759024,0.424358
0.00759733,0.425125
0.00760451,0.425857
0.00761152,0.426662
0.00762153,0.427413
0.00762877,0.428134
0.00763891,0.428825
0.00764338,0.429473
0.00765357,0.430156
0.00766078,0.430862
0.00766817,0.431495
0.00767842,0.432132
0.0076859,0.432735
0.0076961,0.43341
0.00770328,0.434139
0.00771329,0.434913
0.00772035,0.435688
0.00772748,0.43645
0.00773731,0.437286
0.00774423,0.438148
0.00775111,0.439025
0.00776077,0.439937
0.0077675,0.440891
0.00777716,0.441825
0.00778389,0.442771
0.00779057,0.443737
0.00780028,0.444644
0.00780714,0.445522
0.00781721,0.446258
0.00782434,0.447025
0.00783134,0.447834
0.00784135,0.4486
0.00784848,0.449356
0.0078559,0.449966
0.00786633,0.45053
0.00787378,0.451133
0.0078812,0.451751
0.00788871,0.452331
0.00789896,0.452972
0.00790632,0.453624
0.00791657,0.45425
0.00792677,0.45494
0.00793395,0.455677
0.00794092,0.456508
0.00795076,0.45734
0.00795773,0.458175
0.00796456,0.459087
0.00797409,0.460056
0.00798077,0.46104
0.00799042,0.461967
0.00799713,0.462932
0.00800661,0.463932
0.00801334,0.464885
0.00802011,0.465808
0.00802976,0.466739
0.00803653,0.467666
0.0080463,0.468536
0.00805322,0.469398
0.00806016,0.470252
0.00807012,0.471027
0.00807748,0.471675
0.00808767,0.472351
0.00809497,0.473026
0.00810224,0.473712
0.00811249,0.474365
0.00811994,0.474967
0.00812745,0.47554
0.00813505,0.476081
0.00814253,0.476661
0.00815267,0.477375
0.0081625,0.478195
0.00816968,0.478942
0.00817684,0.479694
0.00818378,0.480529
0.00819362,0.481369
0.00820047,0.482261
0.00820715,0.483226
0.00821674,0.484184
0.00822354,0.485107
0.00823313,0.486049
0.00823984,0.487018
0.0082495,0.487953
0.00825632,0.488845
0.00826615,0.489692
0.00827307,0.490554
0.00828296,0.491359
0.00828985,0.492252
0.00829667,0.493144
0.00830639,0.494041
0.00831327,0.494918
0.00832305,0.495788
0.00833264,0.496742
0.00833932,0.497726
0.00834886,0.498718
0.00835541,0.499732
0.00836179,0.500854
0.00837121,0.501892
0.00837759,0.503006
0.00838694,0.504081
0.00839344,0.505134
0.00839994,0.506179
0.00840634,0.507286
0.0084154,0.508499
0.00842148,0.50975
0.00843048,0.510993
0.0084368,0.51213
0.00844586,0.513351
0.00845188,0.514625
0.00846094,0.515846
0.00846699,0.517105
0.00847617,0.518272
0.00848255,0.519378
0.00849203,0.520393
0.00849861,0.5214
0.00850529,0.522377
0.00851494,0.523304
0.00852195,0.52412
0.00853196,0.524887
0.00853888,0.525741
0.00854865,0.526603
0.00855542,0.527553
0.00856489,0.52856
0.00857142,0.529598
0.00857798,0.53062
0.00858727,0.531726
0.00859353,0.532901
0.00860247,0.534145
0.00860861,0.535388
0.00861469,0.53664
0.00862351,0.53796
0.00862956,0.539241
0.00863868,0.540416
0.00864503,0.541545
0.00865144,0.542652
0.00866074,0.543727
0.00866709,0.544872
0.00867644,0.545932
0.00868297,0.546985
0.00868956,0.547992
0.00869909,0.548965
0.00870574,0.549964
0.00871516,0.55101
0.00872171,0.552047
0.00873101,0.553131
0.00873757,0.554168
0.00874693,0.555244
0.00875324,0.556373
0.00876236,0.557556
0.00876874,0.55867
0.00877515,0.559776
0.00878445,0.560867
0.00879079,0.562004
0.00879985,0.563209
0.00880596,0.564445
0.00881222,0.56562
0.00882116,0.566879
0.00882721,0.568153
0.00883332,0.569389
0.00884226,0.570648
0.00884831,0.571929
0.00885451,0.573127
0.00886363,0.574295
0.00886989,0.575469
0.00887907,0.576622
0.00888813,0.577835
0.00889498,0.578735
0.00890196,0.579563
0.00891197,0.580333
0.00892198,0.581085
0.00892932,0.581756
0.00893927,0.582527
0.00894648,0.583255
0.00895644,0.584037
0.00896669,0.584697
0.00897381,0.585464
0.00898052,0.586414
0.00898993,0.587459
0.00899625,0.588596
0.00900513,0.5899
0.009011,0.591243
0.00901977,0.592612
0.00902552,0.594
0.00903452,0.595236
0.00904033,0.596625
0.00904624,0.597968
0.00905518,0.599242
0.00906152,0.600356
0.00907106,0.60134
0.00907806,0.60216
0.00908507,0.602976
0.00909526,0.603667
0.00910274,0.604247
0.00911293,0.604926
0.00912053,0.605452
0.0091312,0.6059
0.00913889,0.606385
0.00914646,0.606942
0.00915665,0.607624
0.0091636,0.60846
0.00917349,0.609269
0.00918035,0.610169
0.00918988,0.611161
0.0091965,0.612153
0.00920586,0.613221
0.00921217,0.614365
0.00922153,0.615426
0.00923083,0.616547
0.00923715,0.617684
0.00924657,0.618714
0.00925297,0.61982
0.00926239,0.620865
0.00927175,0.621926
0.00927819,0.623024
0.00928468,0.624085
0.0092941,0.625115
0.00930334,0.626244
0.00930984,0.627304
0.00931937,0.628304
0.00932572,0.629418
0.00933502,0.630509
0.00934432,0.631615
0.00935368,0.632691
0.00936014,0.633774
0.00936944,0.63488
0.00937573,0.636033
0.00938497,0.637154
0.00939138,0.63826
0.00940055,0.63942
0.00940699,0.640496
0.00941605,0.641686
0.00942505,0.642945
0.00943405,0.644188
0.00944019,0.645424
0.00944633,0.646653
0.00945527,0.647911
0.00946409,0.649254
0.0094728,0.650635
0.00947858,0.652016
0.00948454,0.653328
0.0094936,0.654549
0.0094998,0.655739
0.00950886,0.656937
0.00951526,0.658051
0.00952486,0.659008
0.00953452,0.659947
0.00954143,0.660801
0.00955115,0.661694
0.0095611,0.662495
0.00957088,0.66338
0.00958083,0.66417
0.00958786,0.664978
0.00959776,0.665795
0.00960461,0.666672
0.00961427,0.667611
0.00962094,0.668583
0.00963346,0.669514
0.00964017,0.670487
0.00964958,0.671509
0.00965617,0.672547
0.00966255,0.673661
0.00967185,0.674744
0.00968096,0.675927
0.00968704,0.677193
0.00969593,0.678498
0.00970183,0.679825
0.00971065,0.681168
0.00971959,0.682434
0.00972865,0.683632
0.00973479,0.684868
0.00974677,0.686066
0.00974991,0.687348
0.00975903,0.688538
0.00976815,0.689721
0.00977715,0.690941
0.00978633,0.692109
0.00979545,0.693306
0.00980463,0.694474
0.00981071,0.695717
0.00981983,0.696915
0.009826,0.698113
0.0098353,0.699219
0.00984465,0.700287
0.00985425,0.701256
0.00986403,0.702141
0.00987088,0.703019
0.0098806,0.703911
0.00989031,0.704823
0.00989717,0.705716
0.00990688,0.706623
0.00991654,0.707539
0.00992619,0.708489
0.00993561,0.709511
0.0099422,0.710549
0.00995138,0.711686
0.00995772,0.712822
0.00996702,0.713936
0.00997638,0.714997
0.00998309,0.715954
0.00999274,0.716874
0.0100026,0.717736
0.0100096,0.718548
0.0100195,0.71938
0.0100264,0.720204
0.0100364,0.720978
0.0100435,0.721772
0.0100534,0.722561
0.0100632,0.723431
0.0100728,0.724415
0.0100793,0.72546
0.0100859,0.726452
0.0100953,0.727498
0.010105,0.72844
0.0101143,0.729493
0.0101209,0.730553
0.0101303,0.731575
0.0101369,0.732605
0.0101465,0.733578
0.0101532,0.734509
0.010163,0.735394
0.0101697,0.736329
0.0101794,0.737259
0.0101889,0.738251
0.0101957,0.739148
0.0102054,0.740052
0.010215,0.741005
0.0102219,0.741906
0.0102315,0.742855
0.010241,0.743863
0.0102504,0.744923
0.0102568,0.746045
0.0102629,0.74725
0.0102722,0.748372
0.0102784,0.749546
0.0102874,0.750782
0.0102964,0.752057
0.0103023,0.753399
0.010311,0.75478
0.0103199,0.756054
0.0103286,0.75742
0.0103318,0.758686
0.0103407,0.759991
0.0103494,0.76138
0.0103582,0.762692
0.0103646,0.763829
0.0103739,0.764904
0.0103804,0.765942
0.0103898,0.767025
0.0103962,0.768116
0.0104055,0.769185
0.0104148,0.770276
0.0104241,0.771412
0.0104302,0.772641
0.0104389,0.774006
0.0104474,0.775517
0.0104531,0.776959
0.0104616,0.778439
0.0104701,0.779889
0.0104785,0.781407
0.0104843,0.782811
0.0104929,0.784253
0.0105017,0.78558
0.0105106,0.786877
0.0105196,0.788151
0.0105256,0.789433
0.0105342,0.790867
0.0105427,0.792332
0.0105484,0.793774
0.0105569,0.795254
0.0105653,0.796803
0.0105736,0.798375
0.010582,0.799893
0.0105907,0.801289
0.0105995,0.802624
0.0106054,0.803921
0.0106146,0.805096
0.010621,0.806218
0.0106301,0.807385
0.0106364,0.808529
0.0106456,0.809666
0.0106549,0.810788
0.0106613,0.811917
0.0106703,0.813115
0.0106765,0.814343
0.0106855,0.815587
0.0106913,0.816937
0.0107,0.818341
0.0107087,0.819706
0.0107176,0.821042
0.0107236,0.822316
0.0107324,0.823658
0.0107409,0.825123
0.0107466,0.826558
0.0107551,0.828007
0.0107639,0.829373
0.0107697,0.830784
0.0107785,0.832104
0.0107873,0.833432
0.0107933,0.834721
0.0108021,0.836079
0.0108083,0.837285
0.0108174,0.838475
0.0108264,0.839734
0.0108325,0.840962
0.0108416,0.842144
0.0108509,0.843243
0.0108604,0.844273
0.0108668,0.845334
0.0108761,0.846455
0.0108825,0.847546
0.0108916,0.848767
0.010901,0.849797
0.0109074,0.850895
0.010914,0.85191
0.0109232,0.853047
0.0109326,0.854123
0.0109418,0.855259
0.0109482,0.856358
0.0109581,0.857167
0.01097,0.855694
0.0109878,0.852795
0.0110062,0.849545
0.0110254,0.845913
0.0110451,0.842144
0.0110648,0.83833
0.0110816,0.834485
0.0111012,0.830655
0.0111182,0.826779
0.0111374,0.823208
0.0111486,0.821995
0.0111601,0.822073
0.0111678,0.822527
0.011175,0.823271
0.0111848,0.824118
0.0111916,0.825026
0.0111984,0.825964
0.0112079,0.826941
0.0112145,0.82794
0.0112214,0.828825
0.0112316,0.829493
0.0112389,0.830191
0.0112489,0.830912
0.0112562,0.831606
0.0112633,0.832385
0.0112733,0.833159
0.0112802,0.834013
0.0112899,0.834952
0.0112965,0.835925
0.011303,0.836962
0.0113123,0.838076
0.0113185,0.839289
0.0113273,0.840609
0.0113333,0.841921
0.0113421,0.843256
0.0113451,0.844599
0.0113539,0.845896
0.01136,0.84717
0.0113659,0.848513
0.0113745,0.849932
0.01138,0.851458
0.0113855,0.852999
0.0113938,0.85454
0.0113991,0.856173
0.0114072,0.857821
0.0114155,0.859431
0.0114178,0.861094
0.011426,0.862688
0.0114314,0.864298
0.0114397,0.86587
0.0114449,0.867518
0.0114532,0.869097
0.0114584,0.87076
0.0114638,0.87234
0.011472,0.873972
0.0114772,0.875658
0.0114823,0.87736
0.0114932,0.879069
0.0114984,0.88074
0.0115065,0.882418
0.0115146,0.884066
0.0115199,0.885706
0.0115281,0.887347
0.0115334,0.888941
0.0115417,0.890505
0.0115472,0.892062
0.0115555,0.893641
0.0115608,0.895251
0.011569,0.896853
0.0115744,0.898432
0.0115826,0.900042
0.0115881,0.901606
0.0115963,0.903216
0.0116043,0.90491
0.0116092,0.906733
0.011617,0.908534
0.0116219,0.910357
0.0116268,0.912173
0.0116346,0.914019
0.0116422,0.915873
0.0116471,0.917704
0.0116547,0.919627
0.0116594,0.921511
0.0116671,0.923373
0.011675,0.925143
0.0116828,0.926966
0.0116878,0.928706
0.0116959,0.930369
0.0117042,0.931979
0.0117095,0.933581
0.0117176,0.935236
0.0117259,0.936831
0.0117312,0.938464
0.0117393,0.940096
0.0117475,0.941744
0.0117527,0.94343
0.0117607,0.945139
0.0117683,0.947054
0.0117728,0.949023
0.0117803,0.951006
0.0117876,0.953051
0.0117949,0.955111
0.0118022,0.95714
0.0118066,0.959185
0.011814,0.961214
0.0118213,0.963274
0.0118284,0.965411
0.0118327,0.967501
0.0118399,0.969576
0.011847,0.971713
0.0118543,0.973772
0.0118616,0.975848
0.0118688,0.977923
0.011876,0.980044
0.0118832,0.98215
0.0118905,0.984164
0.0118979,0.986163
0.0119053,0.988177
0.0119126,0.990237
0.01192,0.992236
0.0119274,0.994219
0.0119347,0.996279
0.0119391,0.998339
0.0119493,1.00038
0.0119567,1.00238
0.011961,1.00449
0.0119682,1.00659
0.0119753,1.00872
0.0119825,1.01084
0.0119896,1.01294
0.0119938,1.01508
0.0120011,1.01714
0.0120083,1.01926
0.0120155,1.02135
0.0120225,1.02353
0.0120297,1.02565
0.012037,1.0277
0.0120443,1.02974
0.0120517,1.03176
0.012059,1.03379
0.0120664,1.03581
0.0120737,1.03786
0.0120781,1.03987
0.0120884,1.0419
0.0120957,1.04395
0.0121003,1.04592
0.0121076,1.04795
0.0121149,1.04999
0.0121223,1.052
0.0121294,1.05414
0.0121365,1.05628
0.0121437,1.0584
0.0121508,1.06055
0.0121578,1.06273
0.0121648,1.06491
0.0121718,1.06713
0.0121787,1.06934
0.012186,1.07141
0.0121931,1.07353
0.0122003,1.07562
0.0122077,1.07767
0.012215,1.0797
0.0122225,1.08167
0.01223,1.0836
0.0122377,1.08544
0.0122483,1.08731
0.012256,1.08919
0.0122638,1.09102
0.0122715,1.09284
0.0122796,1.09452
0.0122877,1.09618
0.0122958,1.09789
0.012304,1.0995
0.0123122,1.10113
0.0123205,1.10271
0.0123288,1.10428
0.0123373,1.10576
0.0123456,1.10732
0.0123548,1.10845
0.0123643,1.10951
0.0123738,1.1105
0.0123836,1.11138
0.0123932,1.11232
0.0124028,1.11328
0.0124122,1.11435
0.0124215,1.1154
0.0124309,1.11649
0.0124401,1.11762
0.0124487,1.11908
0.0124568,1.12073
0.0124649,1.12239
0.012473,1.12409
0.0124808,1.1259
0.0124885,1.12775
0.0124993,1.12953
0.0125072,1.1313
0.0125149,1.13317
0.0125227,1.13498
0.0125272,1.13697
0.0125346,1.13896
0.0125449,1.14098
0.012552,1.1431
0.0125593,1.14516
0.0125666,1.14723
0.0125739,1.14929
0.0125839,1.15145
0.012588,1.15361
0.012595,1.15583
0.012602,1.15798
0.0126091,1.16011
0.0126161,1.16233
0.012626,1.16455
0.0126301,1.1667
0.0126371,1.1689
0.012647,1.17111
0.012651,1.17334
0.0126581,1.17546
0.0126682,1.17758
0.0126753,1.17972
0.0126825,1.18183
0.0126897,1.18393
0.0126968,1.18605
0.0127036,1.18834
0.0127106,1.19055
0.0127203,1.19284
0.0127271,1.19515
0.0127367,1.19745
0.0127433,1.19983
0.0127499,1.20223
0.0127593,1.20464
0.0127658,1.20709
0.0127722,1.20957
0.0127787,1.21198
0.0127854,1.21434
0.012792,1.21669
0.0128018,1.21898
0.0128086,1.22125
0.0128154,1.22353
0.0128223,1.22579
0.0128291,1.22803
0.0128391,1.2302
0.0128463,1.23229
0.0128536,1.23435
0.0128637,1.23645
0.0128711,1.23848
0.0128782,1.24059
0.0128854,1.24269
0.0128957,1.24471
0.012903,1.24674
0.0129133,1.24875
0.0129206,1.25083
0.0129279,1.25289
0.0129349,1.25504
0.012942,1.25717
0.012949,1.25939
0.0129591,1.26151
0.0129661,1.26367
0.012973,1.26593
0.0129798,1.26819
0.0129897,1.2704
0.0129967,1.27262
0.0130035,1.27489
0.0130104,1.27712
0.0130174,1.27931
0.0130245,1.28146
0.0130316,1.2836
0.0130417,1.28571
0.0130488,1.28786
0.013056,1.28996
0.0130628,1.29224
0.0130696,1.2945
0.0130794,1.29677
0.0130862,1.29907
0.0130928,1.30144
0.0131022,1.30386
0.0131056,1.30637
0.0131176,1.30896
0.0131238,1.31154
0.0131299,1.31415
0.0131361,1.31671
0.013145,1.3194
0.0131539,1.32207
0.0131599,1.32472
0.013166,1.32735
0.013172,1.32999
0.013181,1.33261
0.013187,1.33527
0.0131932,1.33789
0.0132022,1.34049
0.0132082,1.34314
0.0132146,1.34566
0.0132236,1.34824
0.0132299,1.35077
0.013236,1.35341
0.0132424,1.35588
0.0132487,1.35838
0.0132552,1.36083
0.0132645,1.36331
0.0132709,1.36577
0.0132774,1.36821
0.0132839,1.37064
0.0132931,1.37314
0.0132996,1.37563
0.0133058,1.37816
0.0133148,1.38078
0.0133208,1.38344
0.0133269,1.38608
0.0133329,1.38875
0.0133417,1.39145
0.0133506,1.39412
0.0133564,1.3969
0.0133623,1.39958
0.0133711,1.4023
0.01338,1.40495
0.0133859,1.40772
0.0133946,1.41049
0.0134033,1.41322
0.013412,1.41599
0.0134179,1.41872
0.0134267,1.42145
0.0134326,1.42412
0.0134414,1.42684
0.0134474,1.42951
0.0134564,1.43215
0.0134625,1.43475
0.0134718,1.43724
0.013478,1.43982
0.0134873,1.44228
0.0134936,1.44483
0.0135028,1.44731
0.0135121,1.44981
0.0135186,1.45224
0.0135281,1.45464
0.0135376,1.457
0.0135443,1.45932
0.0135538,1.46175
0.0135604,1.46411
0.0135699,1.46648
0.0135767,1.46883
0.0135863,1.47113
0.0135959,1.47347
0.0136026,1.47582
0.0136121,1.47817
0.0136188,1.48053
0.0136285,1.48283
0.0136354,1.48505
0.0136453,1.48724
0.0136521,1.48955
0.0136618,1.49182
0.0136687,1.49408
0.0136783,1.49638
0.0136854,1.49854
0.0136952,1.50079
0.013702,1.50308
0.0137113,1.50552
0.0137207,1.50795
0.0137272,1.51041
0.0137337,1.51283
0.0137432,1.51523
0.0137497,1.51769
0.0137591,1.5201
0.0137652,1.52271
0.0137743,1.5253
0.0137803,1.52794
0.0137893,1.53056
0.0137952,1.5333
0.013804,1.53603
0.0138127,1.53876
0.0138184,1.54157
0.01383,1.54431
0.0138357,1.54717
0.0138444,1.54991
0.0138532,1.55263
0.0138591,1.55536
0.0138679,1.55805
0.0138767,1.56078
0.0138854,1.56352
0.0138912,1.5663
0.0138999,1.56906
0.0139056,1.5719
0.0139141,1.57471
0.0139227,1.57753
0.0139284,1.58037
0.013937,1.58318
0.0139457,1.58592
0.0139515,1.58867
0.0139602,1.59143
0.0139689,1.59422
0.0139747,1.59697
0.0139834,1.59976
0.0139891,1.60254
0.0139978,1.6053
0.0140065,1.60809
0.0140121,1.61092
0.0140206,1.61379
0.0140292,1.61661
0.0140349,1.61942
0.0140432,1.62233
0.0140518,1.62517
0.0140602,1.62807
0.0140689,1.63085
0.0140775,1.63367
0.0140832,1.63648
0.0140918,1.63925
0.0141006,1.64198
0.0141093,1.64475
0.014118,1.64749
0.0141241,1.65016
0.0141329,1.65286
0.0141418,1.65555
0.0141477,1.65825
0.0141565,1.66095
0.0141623,1.66371
0.0141709,1.66652
0.0141794,1.66936
0.014188,1.67221
0.0141965,1.67505
0.0142059,1.67746
0.0142153,1.67992
0.0142219,1.6823
0.0142315,1.68465
0.014244,1.68698
0.0142508,1.68929
0.0142603,1.69164
0.01427,1.69394
0.0142797,1.69621
0.0142894,1.69852
0.0142955,1.70113
0.0143045,1.70377
0.0143133,1.70648
0.014319,1.70931
0.0143246,1.71213
0.0143332,1.71497
0.0143419,1.71773
0.0143505,1.72052
0.0143591,1.72331
0.0143646,1.72624
0.0143728,1.72926
0.0143812,1.73216
0.0143895,1.73512
0.0143979,1.73802
0.0144061,1.74098
0.0144115,1.74396
0.01442,1.74683
0.0144284,1.74973
0.0144369,1.75258
0.0144427,1.75536
0.0144516,1.75803
0.0144574,1.76077
0.0144662,1.76349
0.014475,1.76621
0.014484,1.76883
0.0144932,1.77135
0.0144992,1.774
0.0145083,1.7766
0.0145146,1.77913
0.0145238,1.78165
0.014533,1.78415
0.0145422,1.78671
0.0145514,1.78922
0.0145578,1.79169
0.0145699,1.79422
0.0145763,1.79669
0.0145856,1.7992
0.0145951,1.80156
0.0146075,1.80397
0.0146142,1.80631
0.0146237,1.80866
0.0146307,1.81088
0.0146424,1.81222
0.0146584,1.81152
0.0146762,1.80995
0.014695,1.80799
0.0147144,1.80563
0.0147343,1.80308
0.0147547,1.80033
0.014773,1.79711
0.0147951,1.79359
0.0148177,1.78974
0.014836,1.78657
0.0148507,1.78513
0.0148668,1.78438
0.0148797,1.78381
0.0148922,1.78338
0.0149045,1.78304
0.0149167,1.78278
0.0149311,1.78286
0.0149422,1.78309
0.0149529,1.78353
0.0149641,1.78374
0.0149762,1.78351
0.0149923,1.78142
0.0150585,1.75688
0.0151263,1.72881
0.0152021,1.69988
0.0152765,1.67021
0.0153489,1.63982
0.0154286,1.60906
0.0155058,1.57781
0.0155807,1.54656
0.0156584,1.51531
0.0157266,1.48577
0.0157451,1.47835
0.0157603,1.47393
0.015772,1.46971
0.0157833,1.46575
0.0157972,1.46193
0.015808,1.45818
0.0158186,1.45453
0.0158292,1.45088
0.0158398,1.44724
0.0158505,1.44356
0.0158611,1.4399
0.015871,1.43662
0.0158799,1.43375
0.0158886,1.431
0.0158968,1.4285
0.0159045,1.42621
0.0159123,1.42394
0.0159194,1.42195
0.0159263,1.42001
0.0159331,1.4182
0.0159395,1.41651
0.0159458,1.41494
0.0159487,1.41356
0.0159572,1.41228
0.0159627,1.41104
0.015968,1.40988
0.0159733,1.40875
0.0159786,1.40763
0.0159808,1.4066
0.0159887,1.40562
0.0159937,1.40462
0.0159987,1.40361
0.0160065,1.40265
0.0160143,1.40172
0.016019,1.40087
0.0160238,1.39999
0.0160313,1.39918
0.0160359,1.39841
0.0160402,1.39773
0.0160445,1.39709
0.0160514,1.39655
0.0160552,1.39611
0.0160621,1.39561
0.0160659,1.39518
0.0160726,1.39479
0.0160762,1.39445
0.0160825,1.39422
0.0160861,1.39389
0.0160895,1.39363
0.0160958,1.39339
0.0161021,1.3932
0.0161055,1.39297
0.0161116,1.39283
0.0161148,1.39267
0.016121,1.39249
0.0161271,1.39235
0.0161331,1.39227
0.016136,1.39226
0.0161418,1.39226
0.0161475,1.39235
0.0161531,1.39245
0.0161587,1.39253
0.0161642,1.39271
0.0161667,1.39286
0.016172,1.3931
0.0161744,1.39336
0.0161826,1.39359
0.0161878,1.39389
0.01619,1.39423
0.0161952,1.39451
0.0162003,1.39483
0.0162053,1.39523
0.0162104,1.3956
0.0162153,1.39602
0.0162201,1.39649
0.0162249,1.39695
0.0162297,1.39743
0.0162345,1.39793
0.0162394,1.39834
0.0162443,1.39879
0.0162493,1.39918
0.0162542,1.3996
0.0162592,1.39999
0.0162642,1.4004
0.0162689,1.4009
0.0162766,1.40139
0.0162814,1.40185
0.0162864,1.40228
0.0162911,1.40279
0.0162958,1.40331
0.0163036,1.40373
0.0163084,1.40426
0.0163131,1.40477
0.0163207,1.4053
0.0163255,1.40576
0.0163302,1.40628
0.0163379,1.40676
0.0163427,1.40723
0.0163475,1.40774
0.0163551,1.40829
0.0163596,1.40889
0.0163642,1.40944
0.0163718,1.40999
0.0163766,1.41049
0.0163815,1.41093
0.0163894,1.41131
0.0163974,1.41163
0.0164023,1.41205
0.0164105,1.4123
0.0164158,1.41257
0.016421,1.41286
0.0164291,1.41313
0.0164348,1.41321
0.0164435,1.41318
0.0164494,1.41317
0.0164552,1.41317
0.0164638,1.41321
0.0164698,1.41314
0.0164786,1.41312
0.0164876,1.41296
0.016494,1.41271
0.0165032,1.41247
0.0165092,1.41236
0.016518,1.41232
0.0165267,1.41231
0.0165326,1.41229
0.0165411,1.41241
0.0165496,1.41251
0.0165548,1.41279
0.01656,1.4131
0.0165677,1.41355
0.0165728,1.4139
0.0165807,1.41431
0.0165853,1.41486
0.016593,1.41535
0.0165976,1.41591
0.0166054,1.41635
0.016613,1.41687
0.0166208,1.41733
0.0166256,1.4178
0.0166334,1.41827
0.0166411,1.41872
0.0166457,1.4193
0.0166534,1.41978
0.0166609,1.4204
0.0166654,1.42097
0.0166728,1.4216
0.0166803,1.42217
0.0166848,1.42279
0.0166921,1.42351
0.0166992,1.42423
0.0167033,1.42507
0.0167131,1.42591
0.0167173,1.4267
0.0167245,1.42744
0.0167316,1.42817
0.0167388,1.42893
0.0167458,1.42971
0.0167501,1.43042
0.0167574,1.43111
0.0167648,1.43174
0.0167722,1.43235
0.0167769,1.43287
0.0167845,1.43344
0.0167921,1.43396
0.0167995,1.43459
0.0168039,1.43524
0.0168144,1.43577
0.0168189,1.43639
0.0168265,1.43691
0.016834,1.43751
0.0168385,1.43814
0.0168459,1.43875
0.0168532,1.43941
0.0168606,1.44005
0.016868,1.44069
0.0168753,1.44132
0.0168795,1.44209
0.0168869,1.44274
0.0168941,1.44348
0.0169013,1.44419
0.0169087,1.4448
0.0169161,1.44543
0.0169205,1.4461
0.0169306,1.4468
0.016935,1.44749
0.0169453,1.44813
0.0169525,1.44885
0.0169596,1.44961
0.0169638,1.45039
0.0169738,1.45116
0.0169779,1.45197
0.0169847,1.45284
0.0169917,1.45366
0.0169986,1.45454
0.0170053,1.45548
0.0170091,1.45647
0.0170158,1.45739
0.0170227,1.4583
0.0170293,1.45928
0.0170358,1.46033
0.0170421,1.46148
0.0170485,1.46256
0.0170548,1.46369
0.0170612,1.46481
0.0170677,1.4659
0.0170741,1.46697
0.0170806,1.46803
0.017087,1.46914
0.0170932,1.4703
0.0170996,1.47142
0.017106,1.47249
0.0171123,1.47366
0.0171186,1.47482
0.0171248,1.476
0.0171309,1.47722
0.017137,1.47848
0.0171459,1.47977
0.0171518,1.48108
0.0171581,1.48228
0.0171668,1.48363
0.0171726,1.48503
0.0171784,1.4864
0.017187,1.48782
0.0171929,1.4892
0.0171987,1.49057
0.0172044,1.49197
0.0172129,1.49345
0.0172186,1.49491
0.0172241,1.49642
0.0172327,1.49786
0.0172386,1.4992
0.0172474,1.50053
0.0172535,1.5018
0.0172622,1.50313
0.0172683,1.50441
0.0172771,1.50571
0.0172832,1.50696
0.0172892,1.50825
0.0172982,1.5095
0.0173044,1.51073
0.0173105,1.51198
0.0173165,1.51325
0.0173225,1.51456
0.0173284,1.51588
0.0173343,1.5172
0.0173432,1.51848
0.017352,1.51984
0.017358,1.5211
0.0173639,1.52244
0.0173728,1.52376
0.0173784,1.52521
0.0173842,1.52663
0.0173927,1.52807
0.0174015,1.52943
0.0174072,1.53087
0.0174158,1.53232
0.0174216,1.53368
0.0174303,1.53508
0.0174362,1.5364
0.017445,1.53774
0.0174511,1.53899
0.0174575,1.54009
0.017464,1.54113
0.0174736,1.54209
0.0174834,1.54297
0.0174904,1.54378
0.0174975,1.54454
0.0175079,1.54514
0.0175155,1.54566
0.0175233,1.54609
0.0175342,1.54643
0.0175421,1.54679
0.0175503,1.54707
0.0175611,1.54743
0.0175722,1.54771
0.0175803,1.54797
0.0175884,1.54829
0.0175993,1.54863
0.0176072,1.54901
0.0176151,1.54939
0.0176258,1.54984
0.0176336,1.55028
0.0176414,1.55074
0.0176521,1.55116
0.0176629,1.55157
0.0176707,1.55199
0.0176815,1.55236
0.017692,1.55289
0.0176996,1.55343
0.0177102,1.55392
0.0177179,1.55442
0.0177285,1.55489
0.0177362,1.5554
0.0177467,1.55591
0.0177573,1.5564
0.0177682,1.55677
0.0177731,1.55721
0.0177839,1.55757
0.0177948,1.55793
0.0178026,1.55833
0.0178106,1.55871
0.0178213,1.55915
0.017829,1.5596
0.0178367,1.56007
0.0178472,1.56064
0.0178544,1.56136
0.0178618,1.56197
0.0178722,1.56257
0.0178824,1.56325
0.0178867,1.56397
0.0178968,1.56466
0.0179041,1.56536
0.0179115,1.56597
0.0179218,1.56659
0.0179263,1.56721
0.0179367,1.56779
0.017944,1.56849
0.0179513,1.56914
0.0179616,1.56976
0.0179692,1.57033
0.0179796,1.57088
0.0179869,1.57157
0.017994,1.57233
0.018004,1.57309
0.0180111,1.57386
0.018021,1.57467
0.0180279,1.57554
0.0180348,1.57641
0.0180445,1.57733
0.0180541,1.57827
0.0180578,1.57928
0.0180673,1.58028
0.0180739,1.58131
0.0180831,1.58242
0.0180897,1.58345
0.0180961,1.58452
0.0181028,1.58549
0.0181122,1.58655
0.0181187,1.58762
0.0181251,1.5887
0.0181345,1.58973
0.0181439,1.59079
0.0181504,1.59187
0.0181598,1.59294
0.0181663,1.59397
0.0181758,1.595
0.0181823,1.59603
0.0181888,1.59709
0.0181982,1.59814
0.0182073,1.59931
0.0182137,1.60047
0.0182199,1.60166
0.0182293,1.60269
0.0182357,1.60379
0.018242,1.60495
0.0182511,1.60612
0.0182574,1.60728
0.0182638,1.60837
0.0182731,1.60946
0.0182825,1.61055
0.0182888,1.61166
0.0182983,1.61271
0.0183047,1.6138
0.0183141,1.61482
0.0183205,1.61594
0.0183297,1.61708
0.0183359,1.61827
0.018345,1.61948
0.0183539,1.62077
0.0183602,1.62194
0.0183662,1.6232
0.0183751,1.62448
0.0183839,1.62582
0.0183899,1.62712
0.0183989,1.62835
0.018405,1.62964
0.018414,1.63088
0.0184201,1.63212
0.0184293,1.63324
0.0184356,1.63439
0.0184449,1.6355
0.0184511,1.63668
0.0184601,1.63792
0.0184662,1.63919
0.0184751,1.64049
0.0184813,1.64166
0.0184904,1.64288
0.0184964,1.64413
0.0185054,1.64536
0.0185144,1.64663
0.0185205,1.64788
0.0185269,1.64899
0.0185361,1.65012
0.0185453,1.65129
0.0185515,1.65247
0.0185577,1.65367
0.0185667,1.65492
0.0185728,1.65615
0.0185816,1.65751
0.0185874,1.65888
0.0185959,1.66033
0.0186014,1.66191
0.0186069,1.66341
0.0186153,1.66493
0.0186236,1.66648
0.0186291,1.66802
0.0186374,1.66964
0.0186424,1.67136
0.0186504,1.67311
0.0186584,1.67484
0.0186662,1.67661
0.0186743,1.67832
0.0186793,1.68006
0.0186872,1.68183
0.0186922,1.68357
0.0187,1.6854
0.0187079,1.68717
0.0187156,1.68903
0.0187208,1.69071
0.0187285,1.69253
0.0187336,1.69425
0.0187415,1.69603
0.0187494,1.69779
0.0187546,1.69949
0.0187625,1.70123
0.0187705,1.70292
0.0187758,1.70457
0.0187842,1.70613
0.0187926,1.70764
0.0188011,1.70911
0.0188067,1.7106
0.0188151,1.71212
0.0188204,1.71373
0.0188285,1.71538
0.0188367,1.71702
0.0188419,1.7187
0.0188498,1.72044
0.0188578,1.72216
0.0188627,1.72401
0.0188703,1.72587
0.0188782,1.72769
0.018886,1.7295
0.0188938,1.7313
0.0189016,1.73312
0.0189094,1.73493
0.0189142,1.73677
0.0189249,1.73859
0.0189297,1.74044
0.0189404,1.74226
0.0189454,1.74404
0.0189531,1.74589
0.018961,1.74766
0.0189688,1.74947
0.0189738,1.75125
0.0189817,1.753
0.0189896,1.75476
0.0189976,1.75648
0.0190055,1.75826
0.0190133,1.76008
0.0190211,1.76187
0.0190288,1.76372
0.0190366,1.76555
0.0190443,1.76739
0.019052,1.76926
0.0190595,1.77123
0.019067,1.7732
0.0190743,1.77523
0.0190818,1.77718
0.0190864,1.77913
0.0190937,1.78119
0.019101,1.78321
0.0191082,1.78531
0.0191154,1.78745
0.0191225,1.78957
0.0191297,1.79171
0.019137,1.79373
0.0191442,1.79581
0.0191514,1.79793
0.0191585,1.80008
0.0191657,1.80214
0.0191729,1.80425
0.01918,1.8064
0.0191872,1.80851
0.0191972,1.81066
0.0192043,1.81281
0.0192113,1.81497
0.0192183,1.81716
0.0192255,1.81929
0.0192327,1.82138
0.0192399,1.82347
0.0192472,1.8255
0.0192577,1.82745
0.0192653,1.82937
0.0192731,1.83117
0.019281,1.83293
0.0192889,1.8347
0.019297,1.83637
0.0193048,1.83815
0.0193128,1.83987
0.0193237,1.84162
0.0193317,1.84335
0.0193398,1.845
0.0193478,1.8467
0.0193559,1.84838
0.0193668,1.8501
0.0193718,1.85186
0.0193827,1.85359
0.0193907,1.8553
0.0193988,1.85697
0.0194069,1.85865
0.0194149,1.86038
0.0194227,1.86219
0.0194306,1.86394
0.0194386,1.86567
0.0194467,1.86733
0.0194549,1.86895
0.019463,1.87065
0.019474,1.87229
0.0194822,1.87395
0.0194903,1.87561
0.0194984,1.87726
0.0195067,1.87886
0.0195149,1.88047
0.0195231,1.88209
0.0195316,1.88358
0.0195403,1.88497
0.0195522,1.8862
0.0195614,1.88738
0.0195707,1.88847
0.0195801,1.88952
0.0195897,1.89045
0.0196022,1.89143
0.0196118,1.89239
0.0196215,1.89331
0.019631,1.89431
0.0196404,1.89537
0.0196467,1.8965
0.0196586,1.89775
0.0196676,1.89898
0.0196765,1.90027
0.0196855,1.90152
0.0196947,1.9027
0.0197039,1.90386
0.0197132,1.90493
0.0197227,1.90598
0.0197323,1.90692
0.019742,1.90782
0.0197491,1.90859
0.0197592,1.90932
0.0197721,1.91008
0.0197793,1.91083
0.0197895,1.91152
0.0197998,1.91211
0.0198101,1.91274
0.0198204,1.91338
0.0198279,1.91394
0.0198387,1.91437
0.0198493,1.91482
0.01986,1.91526
0.0198708,1.91567
0.0198813,1.91619
0.0198918,1.91675
0.0199021,1.91736
0.0199094,1.91804
0.0199195,1.91875
0.0199293,1.9196
0.0199388,1.9206
0.0199453,1.92166
0.0199545,1.92282
0.0199639,1.92389
0.0199731,1.92502
0.0199795,1.92614
0.0199886,1.92731
0.0199949,1.92846
0.0200041,1.92959
0.0200133,1.93075
0.0200199,1.9318
0.0200294,1.93279
0.020039,1.93375
0.0200456,1.93473
0.0200553,1.93564
0.020065,1.93657
0.0200747,1.93751
0.0200814,1.93846
0.020091,1.93941
0.0201006,1.94036
0.020107,1.94148
0.020116,1.94272
0.0201249,1.94398
0.0201338,1.94526
0.0201428,1.94655
0.0201486,1.94791
0.0201572,1.94938
0.0201628,1.95081
0.0201711,1.95238
0.0201795,1.95393
0.0201879,1.95547
0.0201965,1.95692
0.0202049,1.95844
0.0202105,1.95991
0.0202191,1.96132
0.0202277,1.96276
0.0202367,1.96403
0.0202453,1.96544
0.0202541,1.96677
0.0202601,1.96809
0.020269,1.96938
0.0202779,1.97066
0.0202869,1.97192
0.0202956,1.97329
0.0203043,1.9747
0.0203131,1.976
0.020322,1.9773
0.0203282,1.97849
0.0203373,1.97968
0.0203463,1.98093
0.0203525,1.98215
0.0203615,1.98337
0.0203737,1.98451
0.02038,1.98564
0.0203893,1.98675
0.0203985,1.98789
0.0204048,1.98902
0.0204139,1.99023
0.0204231,1.99139
0.0204294,1.99255
0.0204385,1.99374
0.0204474,1.99499
0.0204535,1.99627
0.0204622,1.99763
0.020471,1.99897
0.0204768,2.00039
0.0204852,2.00188
0.0204937,2.00334
0.0204993,2.00484
0.0205077,2.00639
0.0205157,2.0081
0.0205237,2.0098
0.0205318,2.0115
0.020537,2.01315
0.0205479,2.01485
0.0205568,2.01616
0.0205668,2.01695
0.0205744,2.01744
0.0205859,2.01752
0.020601,2.01726
0.020611,2.01666
0.0206243,2.01585
0.020638,2.01486
0.020652,2.01375
0.0206634,2.01249
0.0206771,2.01151
0.0206898,2.01098
0.0206991,2.01072
0.0207105,2.01084
0.0207214,2.01118
0.0207287,2.01186
0.0207358,2.01263
0.0207452,2.01365
0.0207545,2.01476
0.0207635,2.01602
0.0207693,2.01739
0.0207778,2.01887
0.0207832,2.02043
0.0207915,2.02202
0.0207996,2.02367
0.0208051,2.02525
0.0208102,2.02696
0.0208183,2.02859
0.0208262,2.03034
0.0208312,2.03215
0.020836,2.03399
0.020844,2.03571
0.020849,2.03748
0.0208568,2.03928
0.0208647,2.04106
0.0208724,2.04291
0.0208772,2.04475
0.0208848,2.04668
0.0208897,2.04851
0.0208971,2.05049
0.0209016,2.05247
0.0209089,2.05453
0.0209165,2.05641
0.0209242,2.05828
0.0209319,2.06014
0.0209368,2.06197
0.0209446,2.06375
0.0209527,2.06547
0.0209607,2.06717
0.0209662,2.0687
0.0209746,2.07022
0.020983,2.07176
0.0209909,2.07353
0.0209989,2.07526
0.0210069,2.07695
0.0210149,2.07867
0.0210201,2.08035
0.0210311,2.08201
0.0210392,2.08367
0.0210447,2.08524
0.0210559,2.08677
0.0210616,2.08823
0.0210702,2.08965
0.0210789,2.09105
0.0210875,2.09251
0.021096,2.09396
0.0211016,2.09546
0.02111,2.09696
0.0211183,2.09855
0.0211264,2.10022
0.0211345,2.1019
0.0211424,2.10361
0.0211506,2.10527
0.0211588,2.1069
0.0211668,2.10863
0.021172,2.11031
0.0211798,2.11208
0.0211876,2.11392
0.0211954,2.11572
0.0212032,2.11754
0.0212108,2.11945
0.0212155,2.12138
0.0212257,2.12341
0.0212302,2.12543
0.0212375,2.12746
0.0212448,2.12952
0.0212493,2.13148
0.0212568,2.13345
0.0212613,2.13547
0.0212687,2.13745
0.0212764,2.13932
0.021284,2.14124
0.0212889,2.14306
0.0212966,2.14491
0.0213045,2.14666
0.0213098,2.14828
0.021318,2.14993
0.0213263,2.15147
0.0213348,2.15295
0.0213434,2.15437
0.0213521,2.15578
0.0213609,2.15712
0.0213695,2.15854
0.0213753,2.15994
0.0213866,2.16145
0.0213949,2.16305
0.0214003,2.16465
0.0214083,2.16637
0.0214162,2.16811
0.0214238,2.17003
0.0214285,2.17193
0.0214358,2.17397
0.0214432,2.17596
0.0214505,2.17805
0.021458,2.18
0.0214654,2.182
0.0214728,2.18398
0.0214774,2.18595
0.0214881,2.18774
0.0214937,2.18925
0.0215024,2.19061
0.0215133,2.19096
0.0215266,2.1902
0.0215408,2.18895
0.0215527,2.18745
0.0215679,2.18571
0.0215837,2.18377
0.0216,2.18155
0.0216165,2.17927
0.0216328,2.17703
0.0216463,2.17477
0.0216609,2.17336
0.0216733,2.17297
0.021685,2.17297
0.0216932,2.17322
0.0217038,2.1737
0.0217112,2.17434
0.0217208,2.1753
0.02173,2.17642
0.0217358,2.17779
0.021744,2.17941
0.0217493,2.18108
0.021757,2.18291
0.0217647,2.18478
0.0217692,2.18677
0.0217767,2.18874
0.0217841,2.19073
0.0217886,2.19275
0.0217958,2.19481
0.0218002,2.19687
0.0218074,2.19896
0.0218145,2.20108
0.0218216,2.20326
0.0218256,2.2055
0.0218325,2.20772
0.0218364,2.21002
0.0218428,2.21249
0.0218492,2.21498
0.0218553,2.21761
0.0218613,2.22026
0.0218672,2.22296
0.0218731,2.22569
0.0218788,2.22848
0.0218845,2.23131
0.02189,2.23419
0.0218926,2.23709
0.0218983,2.23991
0.021904,2.24272
0.0219096,2.24557
0.0219153,2.24837
0.0219211,2.25114
0.0219267,2.254
0.0219323,2.25685
0.0219378,2.25973
0.0219433,2.26268
0.0219487,2.26562
0.021954,2.26863
0.0219593,2.27162
0.0219646,2.27461
0.0219669,2.27763
0.0219721,2.28072
0.0219774,2.28369
0.0219853,2.28682
0.0219903,2.28996
0.0219953,2.29311
0.0220002,2.29631
0.022005,2.29954
0.0220125,2.30286
0.0220172,2.30617
0.0220217,2.30951
0.0220291,2.3129
0.0220333,2.31641
0.0220377,2.31987
0.022042,2.3233
0.0220493,2.32677
0.0220536,2.33021
0.0220578,2.33374
0.022062,2.33726
0.0220691,2.34077
0.0220762,2.3443
0.0220804,2.34784
0.0220845,2.35141
0.0220915,2.35496
0.0220956,2.35854
0.0221025,2.36214
0.0221065,2.36574
0.0221133,2.36943
0.0221201,2.37311
0.0221239,2.3768
0.0221277,2.38051
0.0221346,2.38414
0.0221386,2.38774
0.0221457,2.39128
0.0221499,2.39479
0.0221541,2.39828
0.0221613,2.40176
0.0221657,2.4052
0.0221729,2.40869
0.0221799,2.41223
0.0221841,2.41574
0.0221912,2.4193
0.0221953,2.42284
0.0222022,2.42647
0.022209,2.43011
0.0222131,2.43368
0.0222172,2.43727
0.0222244,2.44075
0.0222316,2.4442
0.022236,2.44765
0.0222433,2.45106
0.0222506,2.45451
0.022255,2.45792
0.0222651,2.46136
0.0222695,2.46483
0.0222765,2.4684
0.0222835,2.47195
0.0222875,2.47559
0.0222944,2.47919
0.0223014,2.48277
0.0223083,2.48636
0.0223152,2.48997
0.0223219,2.49371
0.0223288,2.49734
0.0223328,2.50092
0.0223399,2.50447
0.0223475,2.50775
0.0223585,2.51077
0.022364,2.51372
0.0223723,2.51663
0.0223807,2.51953
0.0223893,2.52238
0.0223978,2.52521
0.0224065,2.52798
0.0224151,2.53081
0.0224206,2.53371
0.0224284,2.5369
0.0224357,2.54033
0.022443,2.54376
0.02245,2.54732
0.022457,2.55087
0.0224639,2.55449
0.022468,2.55806
0.0224748,2.56171
0.0224817,2.56534
0.0224887,2.56891
0.0224957,2.57248
0.0224997,2.57611
0.0225063,2.57985
0.0225131,2.58353
0.0225197,2.5873
0.0225262,2.59108
0.0225298,2.59491
0.0225391,2.59875
0.0225426,2.60261
0.0225518,2.60652
0.022555,2.61052
0.0225611,2.61449
0.0225672,2.61851
0.022576,2.62257
0.022582,2.6266
0.0225882,2.63057
0.0225943,2.63457
0.0226006,2.63847
0.0226069,2.64238
0.0226132,2.64629
0.0226197,2.65008
0.0226261,2.65393
0.0226328,2.65765
0.0226367,2.66133
0.0226434,2.66502
0.0226528,2.66884
0.0226566,2.67255
0.0226661,2.67631
0.0226697,2.6801
0.0226762,2.68393
0.0226827,2.68771
0.0226864,2.69147
0.0226957,2.6953
0.0227021,2.69919
0.0227085,2.70305
0.022718,2.7068
0.0227244,2.71069
0.0227307,2.71458
0.0227398,2.71847
0.0227463,2.72232
0.0227526,2.72623
0.0227587,2.73019
0.022765,2.73413
0.022771,2.73816
0.0227799,2.74219
0.0227857,2.74634
0.0227914,2.75052
0.0227971,2.75473
0.0228055,2.75897
0.022811,2.76324
0.0228164,2.76761
0.0228218,2.77194
0.0228269,2.77643
0.022835,2.78082
0.0228398,2.78543
0.0228447,2.79001
0.0228524,2.79459
0.0228571,2.79929
0.0228644,2.80408
0.0228717,2.80887
0.0228759,2.81378
0.0228829,2.81876
0.0228868,2.82376
0.0228908,2.82877
0.022898,2.83362
0.022905,2.83856
0.0229121,2.84344
0.0229134,2.84836
0.0229205,2.85324
0.0229248,2.85809
0.0229321,2.86291
0.0229394,2.86771
0.022944,2.87241
0.0229514,2.87717
0.0229557,2.88202
0.022963,2.88681
0.0229673,2.89169
0.0229745,2.89654
0.0229815,2.90146
0.0229883,2.90649
0.0229951,2.91156
0.022999,2.91659
0.0230056,2.92175
0.0230123,2.92685
0.0230161,2.93195
0.0230226,2.9371
0.0230292,2.94223
0.0230356,2.94748
0.0230421,2.95264
0.0230486,2.95785
0.023052,2.96313
0.0230553,2.96841
0.0230646,2.97366
0.0230678,2.97906
0.0230765,2.98453
0.0230825,2.98999
0.0230853,2.99554
0.023091,3.00113
0.0230964,3.00684
0.0231019,3.01245
0.0231076,3.01804
0.0231131,3.02368
0.0231184,3.02945
0.0231237,3.03516
0.0231289,3.04098
0.0231369,3.04684
0.0231421,3.05261
0.0231475,3.05835
0.0231499,3.06409
0.0231582,3.06979
0.0231635,3.07553
0.0231687,3.08139
0.0231738,3.08719
0.023179,3.09299
0.0231873,3.09872
0.0231899,3.10434
0.0231954,3.11002
0.0232008,3.11572
0.0232063,3.12137
0.0232117,3.12707
0.0232172,3.13275
0.0232228,3.1384
0.0232283,3.14401
0.0232339,3.1496
0.0232397,3.15512
0.0232481,3.1608
0.0232535,3.1665
0.023259,3.17218
0.0232643,3.17792
0.0232697,3.18365
0.0232749,3.18942
0.0232802,3.19522
0.0232852,3.20108
0.0232902,3.207
0.023295,3.21298
0.0233027,3.21899
0.0233103,3.22498
0.0233122,3.23099
0.0233196,3.23712
0.023327,3.24326
0.0233315,3.24939
0.0233358,3.25558
0.0233432,3.26175
0.0233476,3.26791
0.0233549,3.27411
0.0233593,3.2803
0.0233663,3.28662
0.0233703,3.29297
0.0233773,3.29929
0.0233841,3.30572
0.023388,3.31216
0.0233947,3.3186
0.0234014,3.32507
0.0234049,3.3317
0.0234111,3.33838
0.0234146,3.345
0.023421,3.35159
0.0234246,3.35818
0.023431,3.36478
0.0234374,3.37137
0.0234438,3.37799
0.0234476,3.38446
0.0234542,3.39096
0.0234579,3.39746
0.0234645,3.40396
0.0234709,3.41058
0.0234742,3.41727
0.0234833,3.42398
0.0234865,3.43076
0.0234924,3.43759
0.0235014,3.44434
0.0235072,3.45126
0.023513,3.45816
0.0235188,3.46503
0.0235248,3.47183
0.023531,3.47855
0.0235373,3.4852
0.0235436,3.49182
0.023547,3.49847
0.0235535,3.50507
0.0235599,3.51166
0.0235635,3.51822
0.02357,3.52481
0.0235763,3.53143
0.0235827,3.53805
0.0235887,3.54483
0.0235948,3.5516
0.0236008,3.55838
0.0236069,3.56515
0.0236127,3.57205
0.0236213,3.57898
0.0236272,3.58581
0.0236333,3.59259
0.0236393,3.59936
0.0236455,3.60605
0.0236546,3.61279
0.0236579,3.61948
0.0236668,3.62628
0.023673,3.633
0.0236791,3.63974
0.0236851,3.64654
0.0236908,3.65347
0.0236963,3.66052
0.0237018,3.66754
0.0237072,3.67465
0.0237126,3.68173
0.0237208,3.68881
0.0237263,3.69586
0.0237316,3.703
0.023734,3.71014
0.0237422,3.71728
0.0237476,3.72433
0.023753,3.73141
0.0237584,3.73852
0.0237637,3.74567
0.023769,3.75278
0.0237742,3.75998
0.0237793,3.76718
0.0237844,3.77438
0.0237925,3.78155
0.0237949,3.7887
0.0238029,3.7959
0.0238081,3.8031
0.0238132,3.81036
0.023821,3.81766
0.023823,3.82498
0.0238308,3.83231
0.0238356,3.83966
0.0238405,3.84698
0.0238483,3.85431
0.0238531,3.86166
0.0238579,3.86905
0.0238656,3.87643
0.0238703,3.88382
0.0238751,3.8912
0.0238797,3.89865
0.0238875,3.90597
0.0238924,3.91333
0.0239001,3.92071
0.0239047,3.92813
0.0239094,3.93555
0.0239142,3.94293
0.0239189,3.95032
0.0239236,3.95773
0.0239312,3.96518
0.023936,3.97256
0.0239406,3.97998
0.0239454,3.98737
0.0239529,3.99481
0.0239577,4.0022
0.0239652,4.00964
0.0239698,4.01712
0.0239771,4.02469
0.0239817,4.03213
0.0239862,4.03967
0.0239935,4.04724
0.0240006,4.05484
0.0240049,4.06247
0.0240121,4.0701
0.0240163,4.07773
0.0240234,4.08536
0.0240278,4.09296
0.0240351,4.10052
0.0240394,4.10812
0.0240466,4.11569
0.0240508,4.12335
0.0240579,4.13098
0.024062,4.13873
0.024069,4.14642
0.0240759,4.15414
0.024083,4.1618
0.0240869,4.16959
0.0240938,4.17737
0.0240977,4.18515
0.0241045,4.19296
0.0241112,4.20077
0.0241151,4.20859
0.024122,4.21634
0.0241288,4.22412
0.0241356,4.2319
0.0241423,4.23978
0.0241463,4.24753
0.0241529,4.2554
0.0241594,4.26334
0.024166,4.27127
0.0241724,4.27927
0.0241786,4.28726
0.0241877,4.29538
0.0241938,4.3035
0.0241997,4.31174
0.0242029,4.31985
0.0242116,4.32816
0.0242175,4.33639
0.0242204,4.34463
0.0242262,4.35287
0.0242351,4.36105
0.0242382,4.36923
0.0242474,4.37729
0.0242536,4.38534
0.0242571,4.39334
0.0242633,4.40146
0.0242723,4.40951
0.0242757,4.41757
0.0242821,4.42557
0.0242883,4.43368
0.0242945,4.44174
0.0243008,4.4498
0.0243068,4.45792
0.0243128,4.46609
0.0243188,4.47427
0.0243249,4.48245
0.0243309,4.49057
0.024337,4.49869
0.0243432,4.5068
0.0243494,4.51486
0.0243556,4.52292
0.0243589,4.53104
0.0243679,4.53915
0.024374,4.54733
0.02438,4.55551
0.024386,4.56363
0.024392,4.57181
0.0243978,4.58011
0.0244036,4.58841
0.0244091,4.59677
0.0244146,4.60519
0.02442,4.61368
0.0244254,4.6221
0.0244336,4.63058
0.024436,4.63913
0.024444,4.64774
0.0244491,4.65634
0.0244572,4.66489
0.0244623,4.67349
0.0244675,4.68204
0.0244726,4.69064
0.0244806,4.69925
0.0244886,4.70785
0.0244937,4.71646
0.0244989,4.72507
0.0245068,4.73367
0.0245116,4.7424
0.0245195,4.75107
0.0245243,4.7598
0.0245319,4.76858
0.0245367,4.77737
0.0245442,4.78622
0.0245517,4.79501
0.0245563,4.80386
0.0245607,4.81277
0.0245682,4.82169
0.0245726,4.8306
0.0245796,4.83969
0.0245868,4.84866
0.024591,4.8577
0.024598,4.86679
0.0246049,4.87588
0.0246117,4.88511
0.0246183,4.89432
0.0246249,4.9036
0.0246311,4.91306
0.0246347,4.9224
0.0246412,4.93168
0.0246477,4.94095
0.0246543,4.95029
0.0246609,4.95951
0.0246677,4.96873
0.0246745,4.97788
0.0246785,4.98704
0.0246853,4.99619
0.0246923,5.00529
0.0246993,5.01438
0.0247063,5.02341
0.0247133,5.03251
0.0247203,5.0416
0.0247272,5.05076
0.024734,5.05991
0.024741,5.06901
0.0247479,5.0781
0.024752,5.08719
0.024759,5.09623
0.0247661,5.10532
0.0247732,5.11429
0.0247803,5.12333
0.0247874,5.13236
0.0247944,5.14145
0.0248014,5.15055
0.0248082,5.1597
0.0248152,5.1688
0.0248219,5.17801
0.0248284,5.18729
0.0248377,5.19669
0.024844,5.20609
0.0248501,5.21561
0.0248563,5.22507
0.0248623,5.23459
0.0248683,5.24418
0.0248772,5.25376
0.0248801,5.2634
0.0248889,5.27299
0.0248951,5.28245
0.0249012,5.29197
0.0249074,5.30143
0.0249135,5.31089
0.0249165,5.32047
0.0249226,5.32999
0.0249289,5.33939
0.0249381,5.34879
0.0249416,5.35819
0.0249507,5.36765
0.024954,5.37711
0.0249603,5.38651
0.0249664,5.39603
0.0249724,5.40555
0.0249785,5.41508
0.0249876,5.42454
0.0249907,5.43406
0.0249968,5.44364
0.0250025,5.45328
0.0250085,5.46287
0.0250142,5.47251
0.0250201,5.48215
0.0250258,5.4918
0.0250317,5.50144
0.0250373,5.51121
0.025046,5.52085
0.0250516,5.53055
0.0250574,5.54026
0.0250657,5.55002
0.0250683,5.55985
0.0250766,5.56974
0.025082,5.57957
0.0250903,5.58939
0.0250956,5.59928
0.0251039,5.60911
0.0251092,5.61899
0.0251114,5.62894
0.0251194,5.63895
0.0251247,5.64884
0.0251331,5.65861
0.0251385,5.66843
0.0251439,5.67832
0.0251521,5.68815
0.0251605,5.69797
0.0251688,5.7078
0.0251742,5.71763
0.0251795,5.72751
0.0251878,5.7374
0.0251932,5.74723
0.0252013,5.75712
0.0252066,5.767
0.0252148,5.77689
0.0252203,5.78672
0.0252287,5.79648
0.0252344,5.80619
0.025243,5.81589
0.0252489,5.82554
0.0252546,5.83518
0.0252606,5.8447
0.0252694,5.85435
0.0252754,5.86387
0.0252841,5.87357
0.0252898,5.88321
0.0252953,5.89304
0.0253036,5.90287
0.0253117,5.91282
0.0253169,5.92277
0.0253224,5.93259
0.0253275,5.94248
0.0253327,5.95243
0.0253409,5.96232
0.0253491,5.97227
0.0253545,5.98209
0.0253599,5.99186
0.0253683,6.00168
0.0253767,6.01145
0.0253823,6.02122
0.0253877,6.03104
0.0253961,6.04087
0.0254015,6.0507
0.0254099,6.06052
0.0254152,6.07035
0.0254204,6.0803
0.0254254,6.09031
0.0254334,6.10032
0.0254412,6.11039
0.0254461,6.12046
0.0254536,6.13065
0.0254583,6.14084
0.0254658,6.1511
0.0254732,6.16135
0.0254778,6.17155
0.0254853,6.1818
0.0254897,6.19205
0.0254968,6.20249
0.0255039,6.21293
0.0255107,6.22349
0.0255146,6.23398
0.0255215,6.24454
0.0255284,6.25498
0.0255354,6.26548
0.0255425,6.27585
0.0255496,6.28629
0.025554,6.29661
0.0255614,6.30686
0.025569,6.31705
0.0255767,6.32718
0.0255815,6.33726
0.025592,6.34745
0.0255965,6.3577
0.0256008,6.36808
0.0256078,6.37852
0.0256146,6.38907
0.0256213,6.39969
0.0256278,6.41038
0.0256341,6.42118
0.0256402,6.43204
0.0256462,6.44297
0.0256522,6.45389
0.0256581,6.46488
0.0256669,6.47587
0.0256756,6.48685
0.0256816,6.49784
0.0256846,6.50883
0.0256905,6.51981
0.0256994,6.53074
0.0257054,6.54166
0.0257118,6.5524
0.0257183,6.56309
0.025725,6.57371
0.0257289,6.58426
0.025733,6.5947
0.0257428,6.60514
0.0257503,6.61545
0.0257548,6.62571
0.0257623,6.6359
0.0257701,6.64597
0.0257777,6.65616
0.0257854,6.66623
0.0257929,6.67649
0.0258005,6.68668
0.0258052,6.69687
0.0258133,6.70676
0.0258213,6.71677
0.0258292,6.72678
0.0258343,6.73679
0.0258449,6.74686
0.0258526,6.75706
0.0258601,6.76725
0.0258678,6.77732
0.0258754,6.78751
0.0258857,6.79777
0.0258929,6.80814
0.0259,6.81858
0.0259072,6.82895
0.0259141,6.83945
0.0259211,6.84989
0.0259282,6.86027
0.0259354,6.87064
0.0259425,6.88108
0.0259497,6.89145
0.025957,6.90177
0.025964,6.91221
0.0259712,6.92258
0.0259785,6.9329
0.0259861,6.94309
0.0259937,6.95322
0.0260012,6.96348
0.0260088,6.97361
0.0260164,6.9838
0.0260238,6.99405
0.0260311,7.00437
0.0260386,7.01462
0.0260431,7.02488
0.0260532,7.03525
0.0260604,7.04557
0.0260675,7.05601
0.0260749,7.06626
0.0260821,7.07664
0.0260892,7.08701
0.0260964,7.09745
0.0261034,7.10782
0.0261104,7.11826
0.0261202,7.12882
0.026127,7.13938
0.0261363,7.15012
0.0261427,7.16086
0.0261488,7.17173
0.0261577,7.18265
0.0261636,7.19364
0.0261725,7.20457
0.0261785,7.21549
0.0261845,7.22642
0.0261905,7.23734
0.0261993,7.24833
0.0262053,7.25931
0.0262084,7.27024
0.0262175,7.28104
0.0262266,7.29191
0.026233,7.30265
0.0262395,7.31333
0.0262462,7.32395
0.0262528,7.33457
0.0262595,7.34519
0.0262665,7.35563
0.0262734,7.36613
0.0262802,7.37668
0.026287,7.38724
0.0262939,7.39774
0.0263007,7.4083
0.0263072,7.41898
0.0263136,7.42972
0.02632,7.44047
0.0263265,7.45115
0.0263355,7.46201
0.0263416,7.47294
0.0263476,7.48386
0.0263563,7.49485
0.0263621,7.5059
0.0263706,7.517
0.0263791,7.52811
0.0263848,7.53922
0.0263902,7.55039
0.0263986,7.56156
0.0264042,7.57273
0.0264128,7.58378
0.0264185,7.59488
0.0264271,7.60593
0.0264327,7.6171
0.0264413,7.62815
0.0264496,7.63938
0.026458,7.65055
0.0264634,7.66178
0.0264686,7.67307
0.0264737,7.68442
0.0264816,7.69584
0.0264897,7.70713
0.0264979,7.71836
0.0265061,7.72965
0.0265142,7.741
0.0265225,7.75223
0.0265306,7.76346
0.0265389,7.77476
0.0265473,7.78586
0.0265557,7.79709
0.026561,7.80832
0.0265718,7.81974
0.0265766,7.83127
0.0265841,7.84287
0.0265943,7.85453
0.0266015,7.86631
0.0266085,7.87809
0.0266154,7.88999
0.0266252,7.90189
0.0266291,7.91379
0.0266362,7.92557
0.0266431,7.93748
0.02665,7.94938
0.0266569,7.96122
0.0266638,7.97312
0.0266708,7.98496
0.0266805,7.99686
0.0266871,8.00889
0.0266936,8.02097
0.0266999,8.03318
0.026706,8.04545
0.0267123,8.05759
0.0267183,8.06992
0.0267244,8.08213
0.0267308,8.09427
0.026737,8.10648
0.0267433,8.11863
0.0267468,8.13077
0.0267531,8.14292
0.0267594,8.15507
0.0267659,8.16715
0.0267722,8.1793
0.0267786,8.19144
0.0267848,8.20365
0.0267908,8.21598
0.0267966,8.22837
0.0268054,8.2407
0.0268113,8.25303
0.0268173,8.26536
0.0268233,8.27769
0.026829,8.29014
0.0268351,8.3024
0.0268411,8.31467
0.0268473,8.32688
0.0268564,8.33909
0.0268627,8.35135
0.0268686,8.36362
0.0268746,8.37595
0.0268835,8.38828
0.0268896,8.40055
0.0268955,8.41288
0.0269041,8.42533
0.0269098,8.43778
0.0269154,8.45029
0.0269237,8.46287
0.0269265,8.47532
0.0269349,8.48789
0.0269406,8.50034
0.026949,8.51285
0.0269545,8.52543
0.0269602,8.53788
0.0269686,8.55045
0.0269741,8.56296
0.0269796,8.57554
0.0269881,8.58805
0.0269964,8.60062
0.0270018,8.6132
0.02701,8.62583
0.0270182,8.63846
0.0270233,8.65122
0.0270313,8.66398
0.0270392,8.67673
0.0270472,8.68949
0.0270523,8.70218
0.0270573,8.715
0.0270623,8.72776
0.0270705,8.74039
0.0270784,8.75321
0.0270805,8.76597
0.0270888,8.7786
0.0270941,8.79117
0.027103,8.80356
0.0271089,8.81589
0.0271179,8.8281
0.0271241,8.84037
0.0271302,8.85264
0.0271391,8.8649
0.0271452,8.87723
0.027154,8.88956
0.0271626,8.90195
0.0271683,8.91446
0.0271762,8.92722
0.0271812,8.94004
0.0271888,8.95298
0.0271964,8.96592
0.0272011,8.9788
0.0272086,8.9918
0.0272132,9.00474
0.0272178,9.01768
0.0272254,9.03068
0.0272329,9.04362
0.0272374,9.05662
0.0272448,9.06968
0.0272492,9.08274
0.0272564,9.0958
0.0272635,9.10898
0.0272706,9.12217
0.0272777,9.13535
0.0272845,9.1486
0.0272914,9.1619
0.0272982,9.17521
0.0273022,9.18845
0.0273089,9.20182
0.0273184,9.21519
0.0273222,9.22861
0.0273287,9.24204
0.0273352,9.25547
0.0273444,9.26902
0.0273506,9.28263
0.0273569,9.29612
0.027363,9.30979
0.0273691,9.3234
0.0273753,9.33701
0.0273814,9.35062
0.0273875,9.36429
0.0273967,9.37784
0.0274029,9.39145
0.027412,9.405
0.0274182,9.41862
0.0274244,9.43223
0.0274306,9.44578
0.0274371,9.45926
0.0274435,9.47275
0.0274499,9.48624
0.0274594,9.49961
0.0274631,9.51304
0.0274698,9.5264
0.0274766,9.53971
0.0274861,9.55308
0.0274929,9.56638
0.0274999,9.57963
0.0275065,9.59299
0.0275132,9.60636
0.0275201,9.61967
0.0275267,9.63303
0.0275333,9.64646
0.02754,9.65977
0.0275468,9.67307
0.0275568,9.68625
0.0275609,9.69944
0.0275678,9.71268
0.0275748,9.72593
0.0275819,9.73911
0.0275889,9.75236
0.0275959,9.76554
0.0276058,9.77872
0.0276127,9.79197
0.0276195,9.80533
0.0276262,9.81864
0.0276328,9.83207
0.0276423,9.8455
0.027649,9.8588
0.0276558,9.87211
0.0276598,9.88535
0.0276666,9.89866
0.0276761,9.91208
0.0276827,9.92545
0.0276892,9.93894
0.0276986,9.95237
0.0277048,9.96592
0.0277111,9.97953
0.02772,9.9932
0.0277258,10.007
0.0277344,10.0208
0.02774,10.0347
0.0277456,10.0486
0.0277514,10.0624
0.0277571,10.0762
0.0277656,10.0901
0.0277743,10.1038
0.0277801,10.1176
0.0277893,10.1312
0.0277959,10.1446
0.0278064,10.1575
0.0278151,10.1699
0.027826,10.1813
0.0278418,10.1916
0.0278599,10.201
0.0278771,10.2094
0.0278952,10.2173
0.0279139,10.225
0.0279361,10.2324
0.0279555,10.2397
0.0279749,10.2471
0.0279965,10.2547
0.0280137,10.2631
0.0280264,10.2722
0.0280402,10.2822
0.0280498,10.2928
0.028059,10.3036
0.0280682,10.3144
0.0280801,10.3253
0.0280893,10.3361
0.0280984,10.3469
0.0281105,10.3577
0.0281198,10.3685
0.0281289,10.3793
0.0281409,10.3901
0.02815,10.401
0.028162,10.4119
0.0281708,10.4228
0.0281822,10.4339
0.0281932,10.4453
0.0282012,10.4567
0.0282117,10.4682
0.02822,10.4794
0.0282313,10.4905
0.0282426,10.5017
0.0282511,10.5129
0.0282622,10.5242
0.0282701,10.5355
0.0282808,10.547
0.0282886,10.5584
0.0282994,10.5699
0.0283074,10.5812
0.0283174,10.593
0.0283241,10.605
0.0283336,10.617
0.02834,10.6291
0.0283492,10.6413
0.0283583,10.6535
0.0283647,10.6656
0.0283736,10.6779
0.0283823,10.6903
0.028388,10.7028
0.0283962,10.7154
0.0284045,10.728
0.0284128,10.7406
0.0284182,10.7532
0.0284236,10.7658
0.0284322,10.7783
0.0284406,10.7908
0.028449,10.8033
0.0284546,10.8159
0.0284599,10.8285
0.0284684,10.841
0.0284766,10.8536
0.028485,10.8662
0.0284904,10.8788
0.0284987,10.8914
0.0285042,10.9039
0.0285124,10.9166
0.028518,10.9291
0.0285265,10.9416
0.0285321,10.954
0.0285406,10.9665
0.0285464,10.9789
0.0285549,10.9914
0.0285603,11.004
0.0285686,11.0167
0.028574,11.0293
0.0285821,11.0419
0.0285873,11.0546
0.0285954,11.0673
0.0286036,11.08
0.0286087,11.0926
0.0286168,11.1054
0.0286218,11.1182
0.0286299,11.1308
0.0286354,11.1434
0.0286411,11.1559
0.0286496,11.1683
0.0286555,11.1807
0.0286612,11.1931
0.0286699,11.2055
0.0286758,11.2179
0.0286819,11.2302
0.0286909,11.2424
0.0286997,11.2548
0.0287082,11.2673
0.0287134,11.28
0.0287214,11.2927
0.0287264,11.3055
0.0287342,11.3183
0.0287417,11.3313
0.0287491,11.3443
0.0287534,11.3575
0.0287606,11.3705
0.0287649,11.3837
0.0287723,11.3967
0.0287797,11.4097
0.028787,11.4228
0.0287913,11.4359
0.0287956,11.449
0.0288028,11.4622
0.0288098,11.4753
0.0288168,11.4886
0.0288235,11.5019
0.0288303,11.5153
0.0288366,11.5287
0.0288399,11.5424
0.0288489,11.556
0.028855,11.5696
0.0288581,11.5833
0.028864,11.597
0.0288729,11.6107
0.0288792,11.6243
0.0288826,11.6378
0.0288889,11.6513
0.0288957,11.6647
0.0289025,11.678
0.0289068,11.6911
0.028914,11.7042
0.0289213,11.7173
0.0289288,11.7303
0.0289362,11.7432
0.0289435,11.7563
0.0289508,11.7694
0.0289552,11.7825
0.0289624,11.7956
0.0289692,11.8089
0.028976,11.8222
0.0289826,11.8356
0.0289863,11.849
0.0289958,11.8624
0.0289993,11.8758
0.0290057,11.8893
0.0290152,11.9028
0.0290189,11.9162
0.0290286,11.9294
0.0290387,11.9426
0.0290458,11.9558
0.0290558,11.9689
0.029063,11.982
0.0290701,11.9952
0.0290774,12.0083
0.0290846,12.0214
0.0290919,12.0345
0.0291017,12.0477
0.0291084,12.0611
0.0291148,12.0746
0.0291214,12.088
0.0291307,12.1015
0.0291368,12.1152
0.0291456,12.1288
0.0291515,12.1426
0.0291572,12.1564
0.0291629,12.1703
0.0291684,12.1841
0.0291738,12.1981
0.0291822,12.212
0.0291907,12.2259
0.029196,12.24
0.0292014,12.2539
0.0292098,12.2679
0.0292153,12.2818
0.0292237,12.2957
0.0292291,12.3097
0.0292347,12.3235
0.0292432,12.3374
0.0292517,12.3513
0.0292571,12.3653
0.0292627,12.3792
0.0292712,12.3931
0.0292768,12.4069
0.0292824,12.4208
0.0292881,12.4346
0.029294,12.4484
0.0293026,12.4622
0.0293113,12.4759
0.0293173,12.4896
0.0293232,12.5034
0.0293292,12.5171
0.0293351,12.5308
0.0293411,12.5444
0.0293499,12.5582
0.0293558,12.572
0.0293618,12.5856
0.0293676,12.5994
0.0293733,12.6132
0.0293787,12.6272
0.0293842,12.6411
0.0293897,12.655
0.0293952,12.6689
0.0294036,12.6829
0.0294121,12.6968
0.0294174,12.7107
0.0294226,12.7248
0.0294308,12.7389
0.0294362,12.7529
0.0294414,12.7669
0.0294495,12.781
0.0294544,12.7952
0.029462,12.8095
0.0294668,12.8237
0.0294744,12.838
0.0294791,12.8524
0.0294836,12.8668
0.0294909,12.8812
0.0294954,12.8956
0.0295028,12.91
0.0295071,12.9245
0.0295143,12.939
0.0295186,12.9534
0.0295254,12.9681
0.0295323,12.9828
0.0295389,12.9976
0.0295457,13.0123
0.0295523,13.027
0.0295559,13.0419
0.0295623,13.0567
0.0295688,13.0715
0.0295752,13.0864
0.0295785,13.1014
0.029585,13.1162
0.0295914,13.1311
0.0295978,13.1459
0.0296014,13.1608
0.0296079,13.1756
0.0296146,13.1903
0.0296185,13.205
0.0296254,13.2197
0.0296322,13.2343
0.0296363,13.249
0.0296429,13.2637
0.0296497,13.2784
0.0296535,13.2931
0.0296604,13.3077
0.0296673,13.3224
0.0296742,13.337
0.029678,13.3517
0.0296848,13.3664
0.0296887,13.3811
0.0296955,13.3957
0.0297025,13.4103
0.0297066,13.4249
0.0297137,13.4395
0.0297205,13.4542
0.0297275,13.4687
0.0297313,13.4835
0.0297378,13.4983
0.0297443,13.5132
0.0297506,13.5281
0.029757,13.543
0.0297632,13.5579
0.0297722,13.5729
0.0297781,13.5881
0.029784,13.6031
0.0297895,13.6185
0.029795,13.6338
0.0298006,13.649
0.029806,13.6644
0.0298143,13.6797
0.0298198,13.695
0.0298282,13.7103
0.0298337,13.7256
0.0298391,13.741
0.0298471,13.7564
0.0298524,13.7718
0.0298607,13.7872
0.0298661,13.8025
0.0298713,13.818
0.0298793,13.8335
0.0298872,13.849
0.0298923,13.8646
0.0298971,13.8801
0.0299048,13.8957
0.0299096,13.9114
0.0299172,13.927
0.0299221,13.9426
0.0299298,13.9582
0.0299347,13.9739
0.0299397,13.9894
0.0299476,14.0049
0.0299525,14.0206
0.0299605,14.036
0.0299658,14.0514
0.0299711,14.0668
0.0299764,14.0822
0.0299846,14.0977
0.0299929,14.113
0.0300013,14.1283
0.0300067,14.1436
0.0300122,14.1589
0.0300178,14.1742
0.0300235,14.1894
0.0300291,14.2046
0.0300348,14.2198
0.0300406,14.235
0.0300492,14.2502
0.0300549,14.2654
0.0300607,14.2806
0.0300663,14.2958
0.030072,14.311
0.0300803,14.3263
0.0300861,14.3415
0.0300888,14.3568
0.0300973,14.372
0.0301027,14.3874
0.0301109,14.4028
0.030116,14.4183
0.0301209,14.4338
0.0301258,14.4495
0.0301336,14.465
0.0301385,14.4806
0.0301461,14.4962
0.0301507,14.512
0.0301554,14.5277
0.0301629,14.5433
0.0301675,14.5591
0.0301722,14.5748
0.030177,14.5904
0.0301877,14.606
0.0301923,14.6218
0.030197,14.6374
0.0302016,14.6531
0.0302091,14.6689
0.0302166,14.6846
0.0302212,14.7004
0.0302288,14.716
0.0302363,14.7317
0.030241,14.7474
0.0302456,14.7631
0.0302505,14.7787
0.0302583,14.7943
0.0302662,14.8099
0.0302681,14.8255
0.0302758,14.8411
0.0302806,14.8567
0.0302882,14.8724
0.030293,14.8881
0.0303004,14.9039
0.0303079,14.9196
0.0303151,14.9355
0.0303192,14.9513
0.0303263,14.9673
0.0303305,14.9832
0.0303378,14.9991
0.0303451,15.0148
0.0303495,15.0307
0.030357,15.0464
0.0303649,15.062
0.0303705,15.0773
0.0303798,15.0922
0.0303863,15.1069
0.0303956,15.1218
0.0304051,15.1367
0.0304144,15.1515
0.0304235,15.1664
0.0304298,15.1814
0.0304415,15.1965
0.0304471,15.2118
0.0304549,15.2274
0.0304621,15.2432
0.0304688,15.2593
0.0304755,15.2754
0.0304792,15.2916
0.0304857,15.3078
0.030492,15.324
0.0304982,15.3404
0.0305042,15.3569
0.03051,15.3733
0.0305156,15.3899
0.0305211,15.4067
0.0305294,15.4234
0.0305348,15.4401
0.0305401,15.457
0.0305451,15.4738
0.0305502,15.4907
0.0305553,15.5075
0.0305606,15.5243
0.030569,15.5411
0.0305744,15.5577
0.0305768,15.5745
0.0305823,15.5912
0.0305875,15.608
0.0305927,15.6248
0.0306009,15.6415
0.0306063,15.6583
0.0306117,15.6751
0.030617,15.6918
0.0306193,15.7087
0.0306273,15.7255
0.0306327,15.7422
0.0306352,15.759
0.0306408,15.7756
0.0306462,15.7923
0.0306514,15.8091
0.0306568,15.8259
0.0306593,15.8426
0.0306644,15.8594
0.0306723,15.8764
0.0306772,15.8934
0.030682,15.9103
0.0306839,15.9273
0.0306915,15.9444
0.0306963,15.9614
0.0307011,15.9784
0.0307086,15.9955
0.0307102,16.0126
0.0307178,16.0297
0.0307224,16.0468
0.03073,16.0639
0.0307345,16.081
0.0307387,16.0983
0.0307458,16.1157
0.03075,16.1329
0.0307568,16.1503
0.030761,16.1677
0.0307679,16.185
0.0307745,16.2026
0.0307783,16.22
0.0307849,16.2376
0.0307914,16.2552
0.0307952,16.2726
0.030799,16.2901
0.0308056,16.3077
0.0308094,16.3251
0.0308159,16.3427
0.0308225,16.3603
0.0308265,16.3776
0.0308339,16.3948
0.0308422,16.4116
0.0308481,16.428
0.0308568,16.4445
0.030863,16.4609
0.0308723,16.4771
0.0308819,16.4932
0.030889,16.5092
0.0308962,16.5251
0.0309031,16.5411
0.0309126,16.5572
0.0309183,16.5738
0.0309266,16.5905
0.0309318,16.6074
0.0309397,16.6243
0.0309475,16.6413
0.0309521,16.6584
0.0309591,16.6757
0.0309631,16.693
0.03097,16.7104
0.0309769,16.7278
0.0309805,16.7454
0.030987,16.763
0.0309934,16.7807
0.0309995,16.7984
0.0310025,16.8163
0.0310081,16.8343
0.0310137,16.8524
0.0310218,16.8704
0.0310269,16.8887
0.0310316,16.9072
0.031039,16.9257
0.0310433,16.9443
0.0310474,16.9631
0.0310544,16.9817
0.0310621,17.0002
0.0310673,17.0184
0.0310755,17.0364
0.031081,17.0545
0.0310897,17.0724
0.0310955,17.0904
0.0311045,17.1082
0.0311134,17.1259
0.031123,17.1435
0.0311295,17.1611
0.0311384,17.1789
0.0311441,17.1968
0.0311531,17.2145
0.0311592,17.2324
0.0311656,17.2501
0.031175,17.2676
0.0311816,17.2851
0.0311884,17.3025
0.0311952,17.32
0.0312049,17.3375
0.0312119,17.3548
0.0312187,17.3722
0.0312282,17.3897
0.0312345,17.4074
0.0312405,17.4252
0.0312493,17.443
0.0312551,17.461
0.0312606,17.4791
0.0312688,17.4972
0.031274,17.5154
0.0312821,17.5336
0.0312873,17.5518
0.0312953,17.5701
0.0313006,17.5882
0.0313059,17.6064
0.0313142,17.6244
0.0313195,17.6426
0.0313277,17.6607
0.0313332,17.6788
0.0313389,17.6968
0.0313474,17.7148
0.0313557,17.7328
0.031361,17.751
0.031369,17.7692
0.0313739,17.7877
0.0313817,17.806
0.0313897,17.8243
0.0313975,17.8426
0.0314052,17.8609
0.0314129,17.8794
0.0314209,17.898
0.0314263,17.9164
0.0314346,17.9349
0.0314431,17.9533
0.0314486,17.9717
0.0314571,17.99
0.0314655,18.0085
0.0314711,18.0268
0.0314794,18.0453
0.0314849,18.0636
0.0314934,18.0819
0.0314989,18.1004
0.0315072,18.1188
0.0315155,18.1374
0.0315207,18.1558
0.0315289,18.1743
0.0315341,18.1929
0.0315419,18.2116
0.0315499,18.2301
0.0315548,18.2488
0.0315626,18.2675
0.0315675,18.2863
0.0315752,18.305
0.0315828,18.3238
0.0315904,18.3426
0.0315955,18.3611
0.0316036,18.3797
0.0316118,18.3982
0.0316199,18.4168
0.0316278,18.4353
0.0316356,18.454
0.0316436,18.4727
0.0316518,18.4911
0.0316598,18.5098
0.0316679,18.5282
0.0316757,18.5469
0.0316807,18.5656
0.0316912,18.5844
0.0317017,18.6032
0.0317092,18.6221
0.0317168,18.6408
0.0317241,18.6597
0.0317314,18.6787
0.0317414,18.6977
0.0317484,18.7168
0.0317553,18.736
0.031762,18.7551
0.0317688,18.7743
0.0317757,18.7935
0.0317827,18.8125
0.0317898,18.8316
0.0317939,18.8506
0.0318009,18.8696
0.031808,18.8887
0.0318152,18.9077
0.0318222,18.9268
0.0318293,18.9458
0.0318335,18.9649
0.0318406,18.9839
0.0318476,19.003
0.0318517,19.022
0.0318586,19.0412
0.0318655,19.0603
0.0318723,19.0795
0.0318763,19.0987
0.0318831,19.1178
0.0318897,19.137
0.0318936,19.1563
0.0319001,19.1756
0.0319094,19.1948
0.0319156,19.2144
0.031919,19.2338
0.0319278,19.2533
0.0319338,19.273
0.0319396,19.2926
0.0319455,19.3122
0.0319513,19.3318
0.0319598,19.3517
0.0319625,19.3714
0.0319683,19.391
0.0319739,19.4108
0.0319792,19.4307
0.0319848,19.4505
0.0319902,19.4704
0.0319952,19.4903
0.0320002,19.5104
0.0320078,19.5305
0.0320127,19.5507
0.0320202,19.5709
0.0320248,19.5911
0.0320295,19.6113
0.0320344,19.6314
0.0320422,19.6515
0.0320472,19.6715
0.0320525,19.6914
0.0320551,19.7112
0.0320578,19.731
0.0320664,19.7508
0.0320722,19.7704
0.0320751,19.7901
0.032081,19.8096
0.0320869,19.8292
0.0320927,19.8489
0.0321013,19.8686
0.0321043,19.8882
0.0321098,19.908
0.0321185,19.9276
0.0321212,19.9474
0.0321296,19.9672
0.0321351,19.987
0.0321435,20.0069
0.0321489,20.0266
0.0321541,20.0467
0.0321591,20.0667
0.0321668,20.0868
0.0321746,20.107
0.0321791,20.1272
0.0321865,20.1475
0.0321936,20.168
0.0322005,20.1884
0.0322072,20.209
0.032211,20.2296
0.0322179,20.2503
0.0322248,20.2708
0.0322286,20.2914
0.0322354,20.3119
0.0322423,20.3325
0.0322461,20.353
0.0322532,20.3736
0.03226,20.3941
0.0322642,20.4146
0.0322684,20.435
0.0322753,20.4555
0.0322823,20.476
0.0322867,20.4964
0.0322937,20.5167
0.0323006,20.5374
0.0323046,20.5579
0.0323116,20.5784
0.0323186,20.5988
0.0323255,20.6193
0.0323297,20.6398
0.0323369,20.6602
0.032341,20.6807
0.0323453,20.7011
0.0323495,20.7215
0.0323568,20.7417
0.0323639,20.7622
0.0323681,20.7826
0.0323723,20.8031
0.0323822,20.8236
0.032386,20.8441
0.0323927,20.8648
0.0323964,20.8855
0.0324028,20.9063
0.0324093,20.9269
0.0324125,20.9479
0.0324218,20.9686
0.0324282,20.9894
0.0324317,21.0102
0.0324353,21.0309
0.0324419,21.0517
0.0324485,21.0723
0.0324523,21.0929
0.0324618,21.1135
0.0324656,21.1342
0.0324752,21.1548
0.0324818,21.1756
0.0324882,21.1962
0.0324945,21.2171
0.0325007,21.2379
0.0325097,21.2588
0.0325129,21.2798
0.0325188,21.3008
0.0325248,21.3218
0.0325277,21.3428
0.0325339,21.3637
0.0325405,21.3844
0.0325469,21.4052
0.0325536,21.4258
0.0325603,21.4464
0.0325669,21.4671
0.0325737,21.4876
0.0325806,21.5082
0.0325846,21.5287
0.0325917,21.5491
0.0325985,21.5697
0.0326049,21.5905
0.0326114,21.6112
0.0326177,21.632
0.0326268,21.6529
0.0326329,21.6738
0.0326386,21.695
0.0326442,21.7161
0.0326525,21.7373
0.0326579,21.7586
0.0326631,21.7799
0.0326711,21.8013
0.032676,21.8228
0.0326836,21.8444
0.0326883,21.866
0.0326958,21.8877
0.0327003,21.9093
0.0327078,21.9311
0.0327123,21.9527
0.0327197,21.9744
0.032724,21.9961
0.0327316,22.0177
0.0327359,22.0394
0.0327404,22.0612
0.032748,22.0828
0.0327556,22.1044
0.0327603,22.126
0.0327651,22.1476
0.0327702,22.169
0.0327781,22.1903
0.0327803,22.2118
0.0327883,22.2332
0.0327936,22.2544
0.0327992,22.2757
0.0328048,22.2968
0.032813,22.3181
0.0328185,22.3394
0.0328237,22.3606
0.0328287,22.3821
0.0328366,22.4036
0.0328415,22.4251
0.0328492,22.4466
0.0328539,22.4682
0.0328613,22.4899
0.0328659,22.5115
0.0328707,22.5331
0.0328781,22.5548
0.0328826,22.5764
0.0328872,22.5982
0.0328944,22.6199
0.0328989,22.6415
0.0329064,22.6632
0.0329141,22.6847
0.0329186,22.7064
0.032926,22.7282
0.0329333,22.7499
0.0329377,22.7716
0.0329451,22.7934
0.0329528,22.8148
0.0329576,22.8363
0.0329653,22.8579
0.0329728,22.8797
0.0329803,22.9013
0.0329848,22.9229
0.0329923,22.9446
0.0329969,22.9662
0.0330047,22.9877
0.0330096,23.0092
0.0330173,23.0308
0.0330251,23.0523
0.0330302,23.0736
0.0330381,23.0951
0.0330431,23.1166
0.0330482,23.138
0.0330561,23.1593
0.0330611,23.1808
0.0330659,23.2024
0.0330734,23.224
0.0330808,23.2457
0.0330849,23.2676
0.0330917,23.2896
0.0331014,23.3115
0.0331077,23.3338
0.0331138,23.3561
0.0331198,23.3784
0.0331258,23.4008
0.0331316,23.4232
0.0331374,23.4458
0.0331435,23.468
0.0331499,23.4903
0.0331591,23.5125
0.0331686,23.5346
0.0331755,23.5565
0.0331823,23.5785
0.033189,23.6005
0.0331957,23.6226
0.0332023,23.6447
0.033209,23.6666
0.0332182,23.6889
0.0332244,23.7112
0.0332333,23.7335
0.0332392,23.7559
0.0332452,23.7783
0.033254,23.8007
0.0332598,23.8231
0.0332656,23.8456
0.0332715,23.8681
0.0332772,23.8905
0.0332856,23.9132
0.0332912,23.9357
0.0332971,23.9582
0.0333058,23.9806
0.0333114,24.0032
0.0333174,24.0255
0.0333236,24.0479
0.0333272,24.07
0.0333367,24.0921
0.0333407,24.1139
0.0333478,24.1358
0.0333548,24.1577
0.0333616,24.1797
0.0333686,24.2016
0.0333754,24.2235
0.0333821,24.2455
0.0333858,24.2676
0.033392,24.2899
0.033398,24.3123
0.033404,24.3346
0.0334128,24.3571
0.0334185,24.3795
0.0334242,24.4021
0.0334298,24.4246
0.0334355,24.4472
0.033444,24.4697
0.0334495,24.4923
0.0334552,24.5148
0.0334639,24.5374
0.0334695,24.5598
0.0334751,24.5824
0.0334807,24.605
0.0334862,24.6276
0.0334948,24.6502
0.0335004,24.6728
0.0335058,24.6953
0.0335114,24.7179
0.0335168,24.7406
0.0335223,24.7632
0.0335278,24.7858
0.0335332,24.8084
0.0335389,24.831
0.0335445,24.8535
0.0335501,24.8761
0.0335557,24.8986
0.0335614,24.9212
0.0335668,24.9437
0.0335723,24.9665
0.0335776,24.9892
0.0335858,25.0119
0.0335911,25.0346
0.033596,25.0574
0.0336009,25.0803
0.0336055,25.1034
0.0336127,25.1266
0.0336199,25.1498
0.0336241,25.173
0.033631,25.1963
0.033635,25.2197
0.0336419,25.2429
0.0336487,25.2664
0.0336556,25.2897
0.0336595,25.3131
0.0336664,25.3364
0.0336734,25.3598
0.0336775,25.383
0.0336844,25.4064
0.0336913,25.4297
0.0336982,25.453
0.033702,25.4765
0.0337088,25.4999
0.0337127,25.5232
0.0337196,25.5465
0.0337267,25.5698
0.0337307,25.5932
0.0337376,25.6165
0.0337449,25.6397
0.0337491,25.6629
0.0337534,25.6861
0.0337605,25.7092
0.0337648,25.7324
0.033772,25.7556
0.0337763,25.7788
0.0337837,25.8019
0.033788,25.8251
0.0337953,25.8483
0.0337996,25.8715
0.0338038,25.8947
0.0338109,25.918
0.0338179,25.9412
0.0338217,25.9646
0.0338283,25.9882
0.0338349,26.0116
0.0338411,26.0353
0.0338474,26.059
0.0338505,26.0827
0.0338565,26.1065
0.0338626,26.1301
0.0338685,26.154
0.0338745,26.1778
0.0338806,26.2016
0.0338867,26.2252
0.0338927,26.249
0.0338987,26.2727
0.0339019,26.2965
0.033905,26.3202
0.033914,26.344
0.03392,26.3677
0.0339261,26.3915
0.0339322,26.4152
0.0339384,26.4389
0.0339417,26.4625
0.033948,26.4862
0.0339515,26.5098
0.0339579,26.5333
0.0339614,26.5569
0.0339678,26.5805
0.0339742,26.604
0.0339805,26.6277
0.0339868,26.6514
0.0339901,26.6749
0.0339989,26.6988
0.0340046,26.7227
0.03401,26.7467
0.0340152,26.7709
0.0340202,26.7952
0.0340279,26.8195
0.0340325,26.844
0.0340369,26.8686
0.034044,26.8932
0.0340478,26.918
0.0340544,26.9429
0.034061,26.9678
0.0340673,26.9928
0.0340736,27.0178
0.0340799,27.0429
0.0340857,27.0681
0.0340916,27.0934
0.0340944,27.1187
0.0341001,27.1441
0.0341087,27.1693
0.0341115,27.1947
0.0341172,27.22
0.0341229,27.2453
0.0341286,27.2707
0.0341314,27.2959
0.0341373,27.3212
0.0341434,27.3463
0.0341497,27.3714
0.0341532,27.3963
0.0341567,27.4213
0.0341632,27.4462
0.0341696,27.4712
0.0341731,27.4962
0.0341824,27.5211
0.0341858,27.5462
0.0341922,27.5712
0.0341984,27.5962
0.0342045,27.6214
0.0342105,27.6465
0.0342164,27.6718
0.0342195,27.6969
0.0342252,27.7222
0.034228,27.7476
0.0342336,27.773
0.0342395,27.7981
0.0342452,27.8235
0.0342537,27.8488
0.0342592,27.8743
0.0342644,27.8998
0.0342696,27.9254
0.0342774,27.9511
0.0342825,27.9767
0.0342904,28.0023
0.034296,28.0277
0.0343009,28.0535
0.034306,28.079
0.0343114,28.1045
0.0343195,28.13
0.0343251,28.1554
0.0343307,28.1808
0.0343336,28.2061
0.0343423,28.2313
0.0343481,28.2566
0.0343535,28.2821
0.034359,28.3075
0.0343647,28.3329
0.03437,28.3583
0.0343784,28.3838
0.0343839,28.4092
0.0343921,28.4347
0.0343973,28.4602
0.0344024,28.4859
0.0344105,28.5114
0.0344157,28.537
0.0344237,28.5626
0.0344315,28.5883
0.0344362,28.6142
0.0344438,28.6399
0.0344513,28.6658
0.0344589,28.6915
0.0344637,28.7173
0.0344713,28.7432
0.0344788,28.7691
0.0344862,28.7949
0.0344936,28.8208
0.0345008,28.8468
0.0345081,28.8727
0.0345155,28.8987
0.034523,28.9246
0.0345306,28.9503
0.0345383,28.9761
0.0345433,29.0017
0.0345512,29.0274
0.0345565,29.0529
0.0345649,29.0784
0.0345706,29.1037
0.0345792,29.129
0.0345879,29.1542
0.034594,29.1794
0.0346027,29.2046
0.0346088,29.2298
0.0346175,29.2551
0.0346234,29.2803
0.0346321,29.3056
0.0346377,29.3309
0.0346464,29.3562
0.0346519,29.3816
0.0346599,29.4072
0.0346649,29.4329
0.0346726,29.4587
0.0346771,29.4845
0.0346845,29.5104
0.0346919,29.5363
0.0346992,29.5623
0.0347062,29.5884
0.0347102,29.6145
0.0347142,29.6407
0.0347212,29.6668
0.034728,29.6929
0.0347347,29.7192
0.0347414,29.7454
0.034748,29.7718
0.0347547,29.798
0.0347587,29.8241
0.0347657,29.8503
0.0347726,29.8764
0.0347768,29.9024
0.0347842,29.9283
0.0347887,29.9541
0.0347935,29.9799
0.0347984,30.0057
0.0348063,30.0313
0.034811,30.0571
0.0348157,30.0829
0.034823,30.1088
0.0348303,30.1348
0.0348374,30.1608
0.0348443,30.1871
0.034851,30.2133
0.0348573,30.2397
0.0348635,30.2662
0.0348705,30.2923
0.0348778,30.3183
0.034888,30.3442
0.0348955,30.37
0.0349029,30.3959
0.0349102,30.4219
0.0349202,30.4479
0.0349275,30.4739
0.0349349,30.4998
0.0349449,30.5258
0.0349511,30.5523
0.0349572,30.5788
0.0349632,30.6054
0.034969,30.6321
0.0349753,30.6585
0.0349824,30.6846
0.0349896,30.7106
0.034997,30.7365
0.0350016,30.7624
0.0350094,30.788
0.0350173,30.8138
0.0350252,30.8394
0.0350332,30.865
0.0350383,30.8905
0.0350459,30.9164
0.035053,30.9424
0.0350599,30.9686
0.0350667,30.9948
0.0350704,31.021
0.0350769,31.0474
0.0350863,31.0738
0.0350925,31.1003
0.0350988,31.1266
0.035105,31.1531
0.0351081,31.1797
0.0351138,31.2065
0.0351224,31.2332
0.0351282,31.2598
0.035134,31.2865
0.0351398,31.3132
0.0351453,31.34
0.0351509,31.3667
0.0351594,31.3936
0.035165,31.4203
0.0351738,31.4469
0.03518,31.4734
0.0351832,31.4999
0.0351923,31.5264
0.0351959,31.5528
0.0352024,31.5791
0.0352091,31.6054
0.0352129,31.6316
0.0352196,31.6579
0.0352264,31.684
0.0352331,31.7103
0.0352397,31.7366
0.0352463,31.7629
0.0352527,31.7892
0.0352587,31.8158
0.0352674,31.8426
0.0352733,31.8691
0.0352817,31.8959
0.0352871,31.9228
0.0352923,31.9498
0.0353002,31.9769
0.0353051,32.004
0.0353129,32.0311
0.0353205,32.0583
0.0353281,32.0855
0.0353327,32.1127
0.0353399,32.1402
0.0353472,32.1675
0.0353543,32.195
0.0353584,32.2225
0.0353655,32.2499
0.0353754,32.2774
0.0353793,32.305
0.0353862,32.3326
0.0353929,32.3602
0.0353997,32.3877
0.0354039,32.4152
0.0354137,32.4428
0.0354177,32.4703
0.0354248,32.4977
0.0354289,32.5253
0.0354331,32.5527
0.0354405,32.58
0.035445,32.6073
0.0354495,32.6347
0.035457,32.6619
0.0354614,32.6893
0.035469,32.7165
0.0354766,32.7436
0.0354811,32.7709
0.0354886,32.7983
0.0354932,32.8255
0.0355004,32.8528
0.035505,32.8802
0.0355128,32.9073
0.0355179,32.9342
0.0355257,32.9613
0.0355336,32.9884
0.0355413,33.0155
0.0355492,33.0426
0.035557,33.0697
0.035562,33.0968
0.0355731,33.1237
0.0355786,33.1506
0.0355866,33.1775
0.0355946,33.2046
0.0356001,33.2314
0.0356085,33.2582
0.0356141,33.2851
0.035623,33.3116
0.035629,33.3382
0.035635,33.3648
0.0356439,33.3914
0.0356499,33.4179
0.0356564,33.4443
0.035666,33.4705
0.0356726,33.4967
0.0356824,33.523
0.0356895,33.549
0.0357023,33.5751
0.0357121,33.6012
0.0357224,33.6271
0.0357325,33.6531
0.0357425,33.6791
0.0357522,33.7054
0.0357618,33.7316
0.0357715,33.7579
0.0357841,33.784
0.0357936,33.8103
0.0358032,33.8366
0.035813,33.8627
0.0358226,33.889
0.0358322,33.9152
0.0358419,33.9413
0.0358518,33.9675
0.0358589,33.9936
0.0358718,34.0196
0.035882,34.0455
0.0358925,34.0713
0.0358998,34.0973
0.0359102,34.1232
0.0359176,34.1491
0.035928,34.175
0.0359386,34.2006
0.0359494,34.2264
0.0359599,34.2521
0.0359676,34.2779
0.0359751,34.3038
0.0359828,34.3295
0.0359936,34.3551
0.0360015,34.3809
0.0360126,34.4064
0.0360209,34.4318
0.0360288,34.4574
0.0360369,34.4831
0.0360479,34.5086
0.036056,34.5342
0.036064,34.5597
0.0360751,34.5854
0.036086,34.6109
0.0360939,34.6366
0.0361017,34.6623
0.0361124,34.688
0.036123,34.7138
0.0361307,34.7395
0.0361416,34.7652
0.0361494,34.7908
0.0361574,34.8165
0.0361655,34.8421
0.0361736,34.8676
0.0361819,34.8931
0.0361904,34.9184
0.0362019,34.9438
0.0362077,34.969
0.0362164,34.9943
0.036225,35.0197
0.0362334,35.0451
0.036242,35.0704
0.0362472,35.0959
0.0362582,35.1215
0.0362663,35.147
0.0362741,35.1728
0.0362817,35.1985
0.0362922,35.2244
0.0362995,35.2504
0.0363066,35.2764
0.0363138,35.3024
0.0363208,35.3285
0.0363277,35.3547
0.0363377,35.3807
0.0363445,35.4069
0.0363513,35.433
0.0363608,35.4594
0.0363674,35.4856
0.0363771,35.5119
0.0363841,35.538
0.0363938,35.5641
0.0364035,35.5904
0.0364107,35.6164
0.0364207,35.6424
0.0364281,35.6683
0.0364357,35.6941
0.0364436,35.7198
0.0364515,35.7454
0.0364593,35.7712
0.0364674,35.7967
0.0364756,35.8222
0.0364808,35.8477
0.0364919,35.8733
0.0365,35.8988
0.0365081,35.9244
0.0365163,35.95
0.0365245,35.9754
0.0365326,36.001
0.0365408,36.0265
0.0365488,36.0522
0.0365568,36.0778
0.0365649,36.1033
0.0365756,36.1291
0.0365832,36.1548
0.0365907,36.1807
0.0365982,36.2066
0.0366054,36.2326
0.0366153,36.2586
0.0366194,36.2847
0.0366294,36.3108
0.0366366,36.3368
0.036644,36.3627
0.0366546,36.3885
0.0366626,36.4141
0.0366738,36.4396
0.0366822,36.465
0.0366906,36.4904
0.0367023,36.5157
0.0367112,36.5408
0.03672,36.566
0.036729,36.5911
0.036738,36.6163
0.0367469,36.6414
0.0367555,36.6668
0.0367612,36.6921
0.0367696,36.7176
0.0367778,36.7431
0.0367862,36.7685
0.0367944,36.794
0.0368025,36.8195
0.0368104,36.8451
0.0368178,36.8711
0.0368253,36.897
0.0368328,36.9228
0.0368401,36.9488
0.0368471,36.9748
0.036854,37.001
0.0368633,37.0274
0.0368723,37.0539
0.0368811,37.0805
0.0368868,37.1072
0.0368949,37.1342
0.0368999,37.1613
0.0369103,37.1885
0.0369176,37.2159
0.0369249,37.2433
0.0369321,37.2707
0.0369422,37.298
0.0369466,37.3255
0.0369539,37.3528
0.0369614,37.3801
0.0369662,37.4072
0.0369739,37.4344
0.0369817,37.4615
0.0369897,37.4884
0.0369948,37.5155
0.0369999,37.5425
0.0370081,37.5694
0.0370163,37.5964
0.0370244,37.6233
0.0370326,37.6502
0.0370381,37.677
0.0370468,37.7038
0.0370557,37.7303
0.0370617,37.7569
0.0370705,37.7835
0.0370739,37.81
0.0370829,37.8365
0.0370919,37.863
0.037101,37.8895
0.0371069,37.9162
0.0371155,37.9429
0.0371239,37.9697
0.0371319,37.9966
0.0371399,38.0237
0.0371451,38.0507
0.0371558,38.0778
0.0371635,38.1049
0.0371714,38.132
0.0371791,38.1592
0.0371839,38.1863
0.0371917,38.2134
0.0371967,38.2405
0.0372047,38.2675
0.0372128,38.2945
0.037218,38.3215
0.037226,38.3484
0.0372342,38.3754
0.0372424,38.4023
0.0372507,38.4292
0.0372564,38.456
0.0372648,38.4827
0.0372703,38.5096
0.0372788,38.5363
0.0372841,38.5633
0.0372922,38.5903
0.0373031,38.6172
0.037308,38.6443
0.0373158,38.6714
0.0373262,38.6987
0.0373334,38.7261
0.0373406,38.7536
0.0373476,38.7811
0.0373543,38.8086
0.0373641,38.8362
0.0373709,38.8638
0.0373805,38.8914
0.0373877,38.9189
0.0373978,38.9463
0.0374054,38.9736
0.0374133,39.0005
0.0374215,39.0275
0.0374328,39.0544
0.0374418,39.0809
0.0374511,39.1072
0.0374611,39.1332
0.0374716,39.1591
0.0374797,39.1846
0.0374908,39.2101
0.0374994,39.2355
0.0375118,39.2604
0.0375276,39.285
0.0375386,39.3092
0.0375567,39.3327
0.0375704,39.3556
0.0375879,39.378
0.0376356,39.3845
