"Maximum force",42.1956,"N"
"Gage length ",0.943837,"mm"
"Strain energy",0.29754,"mJ"
"Deformation at maximum force",0.0270809,"mm"
"Standard travel","Standard force"
"mm","N"
0,0.0659233
2.95043e-006,0.0659001
9.0003e-006,0.0657905
1.23233e-005,0.0655949
1.56462e-005,0.0653909
2.19941e-005,0.065141
2.5332e-005,0.0649369
2.84016e-005,0.0648582
3.14713e-005,0.06478
3.44664e-005,0.0647405
3.47681e-005,0.0646003
3.78974e-005,0.0644901
4.13097e-005,0.0642555
4.46178e-005,0.0640591
4.48441e-005,0.063957
4.75263e-005,0.0640586
5.00148e-005,0.0642541
5.25182e-005,0.0644496
5.206e-005,0.0646689
5.48763e-005,0.064709
5.49324e-005,0.0646856
5.79276e-005,0.0646387
5.80044e-005,0.0646072
6.07909e-005,0.064662
6.06796e-005,0.0647169
6.05306e-005,0.0647869
6.35257e-005,0.0647405
6.6804e-005,0.0645688
6.74671e-005,0.064256
6.81265e-005,0.0639413
6.89051e-005,0.0635732
6.9598e-005,0.0632451
7.00934e-005,0.0630095
7.34462e-005,0.0627978
7.37796e-005,0.0626414
7.41931e-005,0.062445
7.46886e-005,0.0622104
7.81009e-005,0.0619672
7.852e-005,0.0617717
7.87845e-005,0.0616458
7.86541e-005,0.0617078
7.84064e-005,0.0618256
7.80935e-005,0.0619743
7.77284e-005,0.062146
7.75133e-005,0.0622485
7.7612e-005,0.0622018
7.7761e-005,0.0621312
7.80255e-005,0.0620063
7.82732e-005,0.0618885
7.83561e-005,0.0618492
7.84884e-005,0.0617867
8.14835e-005,0.0617395
8.16428e-005,0.0616689
8.21531e-005,0.0614267
8.28647e-005,0.0610891
8.35091e-005,0.0607839
8.39245e-005,0.0605884
8.42374e-005,0.0604396
8.4338e-005,0.0603917
8.73033e-005,0.0603605
8.73602e-005,0.0603369
8.7525e-005,0.0602587
8.79553e-005,0.0600555
9.12186e-005,0.0598829
9.14719e-005,0.0597651
9.44522e-005,0.0597258
9.43474e-005,0.0597804
9.39674e-005,0.0599606
9.3472e-005,0.0601952
9.6184e-005,0.0602816
9.60471e-005,0.0603521
9.89081e-005,0.0603681
0.00010171,0.0604229
0.000101397,0.0605717
0.000103945,0.0607357
0.000106448,0.0609322
0.000109056,0.0610733
0.000108778,0.0612059
0.000111758,0.0611675
0.000114813,0.0610969
0.000118047,0.0609405
0.000121355,0.0607527
0.000121526,0.060674
0.0001247,0.0605414
0.000127576,0.0605562
0.000130407,0.0605953
0.000133209,0.0606423
0.000136249,0.0605798
0.000139244,0.0605407
0.000142,0.0606108
0.000147544,0.0607286
0.000149943,0.0609785
0.000152223,0.061276
0.000154234,0.0616994
0.000159301,0.0620447
0.00016173,0.0622793
0.000164322,0.062428
0.000167139,0.0624681
0.000172741,0.062562
0.000178285,0.062687
0.000180803,0.0628825
0.000183247,0.0631028
0.000185631,0.063345
0.000191115,0.0634938
0.000196866,0.0635257
0.000202708,0.0635102
0.000208728,0.0634163
0.000211634,0.063424
0.000217266,0.0635098
0.000219784,0.06369
0.000225149,0.0639018
0.000227712,0.0640658
0.000233374,0.0641292
0.000239216,0.0641214
0.000244997,0.0641292
0.000250511,0.064278
0.000255666,0.0645908
0.000260584,0.0650142
0.000262506,0.0654834
0.000267334,0.0659374
0.000275142,0.0663608
0.000277333,0.0667213
0.000282489,0.0670265
0.000287644,0.0673412
0.000292651,0.0677169
0.000297598,0.0681327
0.000302605,0.0685161
0.000307552,0.0689243
0.000312708,0.0692295
0.000318162,0.0694021
0.000323914,0.0694338
0.000329755,0.069426
0.000335656,0.0693791
0.000341646,0.0692932
0.000347458,0.0693006
0.000353001,0.0694255
0.000358395,0.0696296
0.000363968,0.0697393
0.000369541,0.0698566
0.000375263,0.0698959
0.000380806,0.0700209
0.000386171,0.0702326
0.000391207,0.0706007
0.000395648,0.0712492
0.000403128,0.0718367
0.000407688,0.0724241
0.000412576,0.0728723
0.000420324,0.073311
0.000425361,0.0736944
0.000430248,0.074135
0.000437937,0.0746119
0.000442676,0.0751345
0.000450365,0.0756151
0.000455461,0.0759603
0.000460706,0.0762255
0.000469409,0.0762194
0.000475488,0.0761097
0.000481479,0.0760239
0.00049036,0.0759533
0.000496112,0.075984
0.000501744,0.0760622
0.000507317,0.07618
0.000512831,0.0763288
0.000518314,0.0764776
0.000523738,0.0766578
0.000531964,0.0768848
0.000539951,0.0772376
0.000544987,0.0776134
0.000552617,0.0781055
0.000557206,0.0787006
0.000564687,0.079288
0.000569366,0.0798374
0.000577055,0.0803008
0.000582121,0.0806766
0.000590048,0.0810447
0.000597857,0.0814605
0.000602476,0.0820403
0.000607155,0.0825782
0.000614844,0.0830589
0.00062301,0.0833335
0.000631116,0.0836063
0.0006366,0.0837798
0.000645123,0.0838585
0.000653825,0.0838745
0.000659399,0.0839918
0.000667684,0.0841949
0.000676147,0.0843132
0.000684552,0.084462
0.000690184,0.0845559
0.000698529,0.0847285
0.000707112,0.0847991
0.000712774,0.0848773
0.000721179,0.0850261
0.000729285,0.085316
0.000734471,0.0856135
0.000742458,0.0859416
0.000747643,0.0862563
0.00075569,0.0865767
0.000760875,0.0868743
0.000769041,0.0871184
0.000774286,0.0873988
0.000782333,0.0877135
0.000790201,0.0881274
0.000795029,0.0885833
0.000803075,0.0889113
0.000811361,0.0891002
0.000816963,0.0892179
0.000825844,0.0891245
0.000834845,0.0889833
0.000843785,0.0888818
0.000852786,0.0887568
0.000858746,0.0886934
0.000867747,0.0885685
0.000874005,0.0883568
0.000883184,0.0881136
0.000892482,0.0878408
0.0009019,0.0875357
0.00091102,0.0873306
0.00091996,0.0872362
0.00092595,0.0871499
0.000934534,0.0872124
0.000943117,0.0872672
0.000948898,0.0872987
0.000957541,0.0873222
0.000966243,0.08733
0.000972084,0.08733
0.000983827,0.0872599
0.000990234,0.0869853
0.00100031,0.0863444
0.00101062,0.0855777
0.00101843,0.0846278
0.00102975,0.0834147
0.0010412,0.0821254
0.00105294,0.0806987
0.00106486,0.0791804
0.00107398,0.0776011
0.00108596,0.0760524
0.0010974,0.074763
0.00110527,0.0737864
0.00111594,0.0728595
0.00112649,0.0719973
0.00113391,0.0712382
0.00114115,0.070563
0.00115099,0.0700137
0.00116046,0.0696627
0.00116666,0.0694892
0.00117537,0.0694809
0.00118113,0.0695279
0.00118948,0.0696919
0.0011952,0.0697472
0.00120366,0.0698411
0.00120923,0.0699737
0.00121776,0.0700524
0.0012233,0.0702012
0.00123159,0.0703967
0.00123707,0.070554
0.00124559,0.0706322
0.00125173,0.070492
0.00126115,0.070164
0.00127087,0.0696928
0.00127823,0.0689642
0.00128902,0.0679877
0.00129986,0.0669806
0.00131083,0.0659048
0.00132192,0.0647681
0.00133014,0.0636313
0.00133849,0.0624487
0.00134951,0.0613501
0.00135732,0.0604079
0.00136746,0.0597365
0.00137383,0.0594599
0.00138242,0.059514
0.0013876,0.0598268
0.00139559,0.0601644
0.00140071,0.0605001
0.00140876,0.0608129
0.00141386,0.0611505
0.00142173,0.0615511
0.0014267,0.0619573
0.00143445,0.062396
0.00144232,0.0628118
0.00144721,0.0632582
0.00145224,0.0636263
0.00146041,0.0638704
0.00146589,0.0640421
0.00147442,0.0641212
0.00148294,0.0642228
0.00149188,0.0641217
0.0015013,0.0638013
0.00150791,0.0634084
0.00151757,0.0629544
0.0015274,0.0624318
0.00153754,0.0617719
0.00154761,0.0611386
0.0015575,0.0605588
0.00156728,0.06008
0.00157664,0.0597653
0.00158558,0.0596475
0.00159103,0.0598345
0.0015992,0.0601015
0.0016073,0.0603838
0.00161547,0.0606336
0.00162063,0.0609541
0.00162563,0.0613394
0.0016335,0.0617456
0.00164089,0.0623789
0.00164858,0.0628672
0.00165606,0.063447
0.00166381,0.0639162
0.00167168,0.0643015
0.00167704,0.0645208
0.00168825,0.0647325
0.00169647,0.0649671
0.00170181,0.0651865
0.00170991,0.0654688
0.0017185,0.065547
0.00172702,0.0656414
0.00173292,0.0655947
0.00174478,0.0654697
0.00175056,0.0655003
0.00175903,0.0656018
0.00176445,0.0658059
0.00177256,0.066071
0.00178043,0.0664945
0.00178817,0.066956
0.0017958,0.0674558
0.00180355,0.0679288
0.00180823,0.0684667
0.0018161,0.0688691
0.00182456,0.0689793
0.00183362,0.0688229
0.0018428,0.0686197
0.00184951,0.0681887
0.00185952,0.0675783
0.00186989,0.066781
0.00188062,0.0658388
0.00189159,0.0647707
0.00190321,0.063405
0.00191191,0.0620165
0.00192324,0.0607881
0.00193379,0.0599146
0.00194428,0.0590944
0.00195453,0.0583734
0.00196496,0.0575571
0.00197533,0.0567598
0.00198559,0.0560388
0.00199277,0.0553942
0.00200207,0.0551271
0.00201083,0.0550949
0.00201655,0.0551419
0.00202525,0.0551575
0.00203425,0.055025
0.00204015,0.0549775
0.00204898,0.0549306
0.00205476,0.0549382
0.0020634,0.0549694
0.00206882,0.0551649
0.00207717,0.0553213
0.00208557,0.0554787
0.00209398,0.0556351
0.00209973,0.0556668
0.00210831,0.0557138
0.00211725,0.0556279
0.00212303,0.0556433
0.0021315,0.0557606
0.00214014,0.0557921
0.00214884,0.0558157
0.00215486,0.0557141
0.00216374,0.0556202
0.00217298,0.0553856
0.00218216,0.0551739
0.0021911,0.0550637
0.002197,0.0550246
0.00220845,0.0551023
0.00221405,0.0552044
0.00222228,0.0554314
0.00223062,0.0556269
0.00223867,0.055932
0.00224689,0.0561762
0.00225482,0.0565271
0.00226239,0.0570993
0.00226996,0.0576334
0.00227735,0.0582666
0.00228474,0.0588999
0.00229231,0.0594416
0.00229708,0.0599337
0.00230495,0.0603285
0.00231317,0.060564
0.00232134,0.0608292
0.0023295,0.0610809
0.00233791,0.0612297
0.00234625,0.0614099
0.00235472,0.0615277
0.00236059,0.06152
0.00236935,0.0614809
0.00237817,0.0614573
0.00238687,0.0614417
0.00239534,0.0615666
0.00240368,0.0617393
0.00241179,0.0620444
0.00241989,0.062342
0.0024277,0.0627654
0.00243557,0.0631793
0.00244326,0.0636428
0.00245113,0.0640662
0.00245888,0.0645049
0.00246651,0.0650275
0.00247411,0.0655768
0.00247858,0.0662025
0.00248612,0.0667594
0.00249366,0.067324
0.00250152,0.0677169
0.00250939,0.0681251
0.00251732,0.0685084
0.00252233,0.0688842
0.00253305,0.0693076
0.00253818,0.0696452
0.00254629,0.0699256
0.00255481,0.0700291
0.00256369,0.0699432
0.00257269,0.0698031
0.00257895,0.069599
0.00258813,0.0693796
0.00259731,0.0691526
0.00260631,0.0690191
0.00261537,0.068878
0.00262431,0.0687602
0.00263319,0.0686896
0.00264201,0.0686272
0.00265059,0.0687125
0.0026562,0.0688069
0.00266746,0.068971
0.00267569,0.0692142
0.00268391,0.0694411
0.00269208,0.0697158
0.00270036,0.0699189
0.00270561,0.070186
0.00271682,0.0703738
0.00272209,0.0706313
0.00273049,0.0707887
0.00273884,0.0709537
0.00274712,0.0711568
0.00275559,0.0712903
0.00276107,0.0714467
0.00276983,0.0714241
0.00277871,0.0713459
0.00278789,0.0711189
0.00279707,0.0708995
0.00280348,0.070642
0.00281266,0.0704141
0.00282178,0.0702177
0.0028309,0.0700298
0.00283978,0.0699592
0.00284872,0.0698572
0.00285754,0.0697947
0.00286344,0.0697709
0.00287197,0.0698643
0.00288025,0.0700522
0.00288848,0.0702792
0.00289658,0.0705767
0.00290445,0.0709773
0.00291244,0.0713378
0.00292072,0.0715485
0.00292901,0.0717526
0.00293723,0.0719643
0.00294552,0.0721837
0.00295374,0.0724268
0.00296197,0.0726615
0.00297025,0.0728493
0.00297872,0.0729905
0.00298736,0.0730145
0.00299624,0.0729363
0.00300518,0.072819
0.0030143,0.0726388
0.00302044,0.07249
0.00302956,0.0722945
0.00303874,0.0720828
0.0030481,0.0717929
0.0030574,0.0715106
0.00306663,0.0712607
0.00307599,0.0709632
0.00308523,0.0707114
0.00309423,0.0705627
0.00310022,0.0704997
0.00310892,0.0704917
0.00311757,0.0705308
0.00312621,0.0705699
0.00313491,0.0705935
0.00314355,0.0706247
0.00315226,0.0706326
0.00315804,0.0706482
0.0031665,0.0707498
0.00317509,0.0708204
0.00318355,0.0709382
0.00319231,0.0709227
0.00320119,0.0708368
0.00321043,0.0706099
0.00321678,0.07036
0.003229,0.0700625
0.00323549,0.0697554
0.00324771,0.0694502
0.00325421,0.069145
0.00326351,0.068878
0.00327269,0.0686434
0.00328175,0.0684937
0.00329081,0.068322
0.0032968,0.0682509
0.00330848,0.0682037
0.00331417,0.0682738
0.00332258,0.0684073
0.00333098,0.068579
0.00333921,0.0687907
0.00334773,0.0689009
0.00335324,0.069042
0.00336171,0.0691517
0.00337005,0.0693472
0.00337816,0.0696219
0.00338626,0.0699022
0.00339437,0.0702169
0.00340236,0.0705526
0.00340778,0.0707501
0.00341619,0.0708988
0.00342453,0.0710714
0.00343016,0.0711654
0.00343869,0.0712359
0.00344721,0.0713375
0.00345585,0.0713769
0.00346146,0.0714784
0.00346998,0.0715571
0.0034788,0.0715104
0.00348732,0.0716196
0.00349597,0.0716589
0.00350449,0.0717295
0.00351003,0.0718706
0.00351832,0.0720738
0.00352952,0.0722702
0.00353781,0.0724657
0.00354326,0.0726536
0.00355471,0.0727404
0.00356019,0.0728968
0.00357152,0.0730455
0.00357968,0.0732954
0.00358785,0.0735701
0.00359589,0.0738752
0.00360394,0.0741976
0.00361211,0.0744627
0.00362015,0.0747774
0.00362832,0.0750273
0.0036366,0.075239
0.00364501,0.075404
0.00365335,0.0755842
0.00366176,0.0757177
0.00367022,0.0758427
0.00368167,0.0759137
0.00368745,0.0759528
0.00369889,0.0760391
0.00370467,0.0760547
0.00371343,0.0760156
0.00372208,0.0760547
0.00373358,0.0761172
0.00373918,0.0762269
0.00374753,0.0763833
0.00375599,0.0765244
0.00376428,0.0767123
0.0037697,0.0769088
0.00377811,0.0770499
0.00378657,0.0771825
0.00379497,0.0773236
0.00380022,0.0775983
0.00381137,0.077809
0.00381965,0.0780207
0.00382522,0.0781543
0.00383375,0.0782406
0.00384257,0.0781862
0.00385455,0.0780298
0.00386367,0.0778419
0.00387261,0.077716
0.00388143,0.0776612
0.00389061,0.0774657
0.00389943,0.0774183
0.00390831,0.0773243
0.00391749,0.0771212
0.00392357,0.0769953
0.00393239,0.0769402
0.00394086,0.0770575
0.00395188,0.0773303
0.00395707,0.0776526
0.0039678,0.0780513
0.0039726,0.0785434
0.00398315,0.0790469
0.00398791,0.0795619
0.00399823,0.0801837
0.00400276,0.080794
0.00401012,0.0814273
0.00401763,0.0820071
0.00402517,0.0825564
0.00403286,0.0830485
0.00403813,0.0833098
0.00404648,0.0834901
0.00405506,0.0835296
0.00406382,0.083522
0.00407246,0.0835532
0.00408111,0.0835923
0.00408969,0.0836629
0.00409821,0.0837492
0.00410644,0.0839762
0.00411472,0.0842032
0.00412247,0.0846419
0.00413308,0.0851282
0.00413749,0.0857996
0.00414745,0.0865778
0.00415436,0.0874438
0.00416104,0.0884165
0.00417051,0.0894312
0.00417704,0.0904764
0.00418386,0.0913805
0.0041906,0.0923113
0.00419736,0.0932421
0.00420726,0.0940584
0.00421739,0.0947489
0.0042246,0.0954775
0.00423188,0.0961756
0.00424219,0.0967936
0.00425262,0.0973429
0.00426037,0.0978045
0.00426841,0.0981345
0.00427926,0.0984873
0.00428719,0.0988631
0.00429488,0.0993552
0.00430251,0.099874
0.00431026,0.100328
0.00432098,0.100759
0.00432885,0.10116
0.00433672,0.101558
0.00434751,0.101974
0.00435514,0.102474
0.00436277,0.103008
0.00437037,0.10353
0.00437782,0.104137
0.00438807,0.104778
0.0043954,0.105445
0.00440285,0.106056
0.0044131,0.106689
0.00442058,0.107292
0.00442789,0.107967
0.00443808,0.108627
0.0044455,0.10926
0.00445587,0.109832
0.00446368,0.110271
0.00447196,0.110491
0.00448037,0.110632
0.00448913,0.110602
0.00450099,0.110508
0.00451005,0.110351
0.00451911,0.110163
0.00453115,0.109967
0.00454033,0.109764
0.00454963,0.109489
0.00455905,0.109153
0.00457109,0.108948
0.00458021,0.108776
0.00458903,0.108713
0.00460053,0.108768
0.00461168,0.109002
0.00461683,0.10933
0.00462786,0.109605
0.00463603,0.109864
0.00464413,0.110147
0.004652,0.110568
0.00465975,0.111024
0.00466744,0.111493
0.00467504,0.11205
0.00468559,0.112542
0.00469333,0.113006
0.00470144,0.113303
0.00471241,0.113601
0.00472081,0.113767
0.00472916,0.113923
0.00474054,0.114041
0.00474918,0.114096
0.00475765,0.114197
0.00476617,0.114299
0.00477779,0.114315
0.00478668,0.114237
0.00479556,0.114143
0.00480432,0.114143
0.00481302,0.114151
0.00482148,0.11426
0.00482989,0.114401
0.00484098,0.11466
0.00484914,0.114918
0.00485761,0.11506
0.00486583,0.115279
0.00487406,0.115514
0.00488222,0.115779
0.00489313,0.116124
0.004901,0.116532
0.00490887,0.116931
0.00491703,0.117183
0.00492526,0.11741
0.00493396,0.117442
0.0049426,0.117465
0.00495166,0.117309
0.0049606,0.117199
0.00497258,0.117043
0.00498176,0.116807
0.00499076,0.116682
0.00499976,0.116541
0.0050087,0.116455
0.00501788,0.116212
0.00502688,0.116094
0.00503564,0.116078
0.00504399,0.116235
0.0050521,0.116525
0.00506002,0.116916
0.00506783,0.117354
0.00507576,0.117707
0.00508369,0.118091
0.00509143,0.118569
0.00509886,0.119172
0.00510625,0.119805
0.00511358,0.120465
0.00512082,0.121171
0.0051283,0.121751
0.00513581,0.122331
0.00514341,0.122861
0.00515116,0.123309
0.00515915,0.123654
0.00516719,0.123967
0.0051753,0.124265
0.00518329,0.124625
0.00519437,0.124877
0.00519965,0.125127
0.00521067,0.125402
0.0052189,0.125629
0.0052273,0.125794
0.00523276,0.125966
0.00524384,0.126209
0.00524912,0.126474
0.00525722,0.126749
0.00526533,0.127039
0.00527326,0.127432
0.00528119,0.127815
0.00529215,0.128105
0.00530002,0.128504
0.00530783,0.12895
0.0053154,0.129507
0.00532297,0.130037
0.00533352,0.130566
0.00533816,0.131112
0.0053486,0.131661
0.00535634,0.132132
0.00536427,0.132508
0.00537226,0.132838
0.0053834,0.133088
0.00539163,0.133324
0.00539986,0.133551
0.00540808,0.133778
0.00541935,0.133958
0.00542781,0.134076
0.00543645,0.134123
0.0054451,0.134155
0.00545344,0.134311
0.00546459,0.134554
0.00546983,0.134827
0.00548068,0.13518
0.0054889,0.135416
0.00549731,0.135573
0.00550312,0.135581
0.00551486,0.135511
0.00552392,0.135347
0.00553292,0.135228
0.00554198,0.135064
0.0055511,0.134877
0.00556016,0.134712
0.00556934,0.1345
0.00557822,0.134413
0.00558692,0.134421
0.00559539,0.134546
0.00560355,0.134821
0.00561458,0.135093
0.00561956,0.135494
0.00562755,0.135847
0.00563547,0.1362
0.00564364,0.13648
0.00565204,0.136622
0.00566069,0.13667
0.00566921,0.13674
0.00567785,0.136787
0.00568643,0.136858
0.00569478,0.13703
0.00570324,0.137163
0.00571171,0.137273
0.00571993,0.137492
0.00572816,0.13775
0.00573609,0.13811
0.00574681,0.138549
0.00575173,0.138965
0.00576216,0.139537
0.00576979,0.140044
0.00577766,0.140445
0.00578588,0.140689
0.00579098,0.141025
0.00579944,0.141151
0.00580797,0.14123
0.00581661,0.141269
0.00582537,0.141254
0.00583402,0.141277
0.00584302,0.141168
0.00585172,0.141152
0.00586042,0.141175
0.00586888,0.141293
0.00587753,0.14134
0.00588611,0.141395
0.00589475,0.141442
0.00590316,0.141567
0.00591132,0.141832
0.00591937,0.142169
0.00592748,0.142444
0.0059357,0.142694
0.00594387,0.142961
0.00595185,0.143291
0.00596002,0.143564
0.00596777,0.144027
0.00597525,0.144607
0.00598273,0.145194
0.00599027,0.145759
0.00599808,0.14619
0.00600568,0.146713
0.00601354,0.147121
0.00602439,0.147481
0.00603262,0.147725
0.00604061,0.148053
0.00604865,0.148399
0.00605688,0.14861
0.00606796,0.14887
0.00607351,0.149002
0.00608209,0.149081
0.00609067,0.149128
0.00610224,0.149167
0.0061107,0.149285
0.00611899,0.149496
0.00612709,0.149769
0.00613544,0.149959
0.0061436,0.150224
0.00615177,0.150476
0.00615993,0.150749
0.0061678,0.151134
0.00617579,0.151494
0.00618342,0.152002
0.00619093,0.152581
0.00619829,0.153234
0.00620553,0.153936
0.00621283,0.154603
0.00622031,0.155191
0.00622788,0.155732
0.00623548,0.156274
0.00624305,0.156812
0.00625041,0.157457
0.00625786,0.158059
0.00626835,0.158574
0.00627327,0.159024
0.00628436,0.159274
0.00629252,0.159524
0.00630069,0.159791
0.00630886,0.160058
0.00631708,0.160301
0.00632531,0.160536
0.00633341,0.160818
0.0063445,0.161076
0.00635272,0.161296
0.00636113,0.161454
0.0063693,0.161711
0.0063774,0.162009
0.00638527,0.162409
0.00639308,0.16284
0.00640065,0.163393
0.00640807,0.164007
0.0064185,0.164553
0.00642306,0.165167
0.00643325,0.165831
0.00644067,0.166468
0.006448,0.167124
0.00645527,0.167807
0.00646273,0.16841
0.00647298,0.16905
0.00647766,0.1696
0.00648821,0.170103
0.00649607,0.17051
0.006504,0.17087
0.00651223,0.171107
0.00652027,0.171442
0.00653118,0.171765
0.00653929,0.172055
0.00654716,0.172461
0.00655514,0.172814
0.00656295,0.173245
0.00657082,0.173653
0.00657851,0.17413
0.00658608,0.174687
0.00659627,0.175358
0.00660351,0.176064
0.00661353,0.176815
0.0066205,0.177655
0.00662753,0.178456
0.00663448,0.179302
0.00664449,0.180054
0.00665161,0.180821
0.00665862,0.181629
0.00666857,0.182419
0.00667542,0.183312
0.00668508,0.184239
0.00669191,0.185139
0.00669882,0.185993
0.00670877,0.186775
0.00671295,0.187569
0.00672296,0.18832
0.00672996,0.189141
0.00673682,0.190029
0.00674647,0.190945
0.0067533,0.19186
0.00676024,0.192692
0.00676695,0.193646
0.0067766,0.194588
0.0067831,0.195633
0.00679246,0.196709
0.00679857,0.197953
0.00680435,0.199333
0.00681323,0.200646
0.00681901,0.202027
0.00682506,0.203301
0.00683099,0.204621
0.00683704,0.205887
0.00684297,0.207199
0.00684893,0.208519
0.00685758,0.209915
0.00686339,0.211304
0.00686929,0.212647
0.00687805,0.213997
0.00688416,0.215233
0.00689024,0.216484
0.00689641,0.217697
0.00690246,0.218964
0.00690845,0.220253
0.00691709,0.221665
0.00692302,0.222992
0.00693172,0.224365
0.00693763,0.225716
0.00694344,0.227097
0.0069519,0.228569
0.00695729,0.230164
0.00696242,0.231858
0.00697035,0.23362
0.00697527,0.235413
0.00698015,0.237244
0.00698784,0.239083
0.00699279,0.240883
0.00699771,0.242699
0.00700557,0.244477
0.00701058,0.246231
0.00701845,0.248009
0.00702626,0.249802
0.00703129,0.251564
0.00703928,0.253296
0.00704468,0.254875
0.00705004,0.256462
0.00705827,0.258072
0.00706643,0.259705
0.00707162,0.261383
0.00707954,0.263138
0.00708449,0.264916
0.0070923,0.266716
0.00710005,0.268563
0.00710786,0.270386
0.00711239,0.272354
0.00711975,0.274384
0.00712431,0.276352
0.00713161,0.278397
0.00713867,0.280564
0.00714284,0.28273
0.00714702,0.284882
0.00715402,0.287064
0.00716108,0.289231
0.00716505,0.291489
0.0071719,0.293747
0.00717581,0.296021
0.00718242,0.298401
0.00718916,0.30072
0.00719592,0.303025
0.00719989,0.305268
0.00720683,0.307495
0.00721103,0.309632
0.00721815,0.311768
0.00722531,0.313889
0.00722969,0.315933
0.00723982,0.318024
0.00724417,0.320099
0.00725141,0.322174
0.00725895,0.324112
0.00726724,0.325699
0.00727287,0.327164
0.00728151,0.328583
0.00728733,0.329949
0.00729895,0.331337
0.00730735,0.332848
0.00731263,0.334496
0.00732073,0.336151
0.00732872,0.337883
0.00733653,0.339676
0.00734055,0.341919
0.00734693,0.344391
0.00735316,0.346955
0.00735927,0.349579
0.00736535,0.352204
0.00737187,0.354615
0.00737888,0.356812
0.00738582,0.35904
0.00739289,0.361191
0.00739998,0.363327
0.00741023,0.365357
0.00741482,0.367325
0.00742215,0.369355
0.00743222,0.37146
0.0074395,0.373535
0.0074465,0.375717
0.00745356,0.377884
0.00746075,0.37999
0.00746772,0.382187
0.00747439,0.384552
0.00748095,0.386948
0.00748724,0.389481
0.00749359,0.391983
0.0075,0.394455
0.00750649,0.396881
0.0075129,0.399353
0.00751913,0.401917
0.0075253,0.404496
0.00753135,0.407135
0.00753761,0.409683
0.00754383,0.412247
0.00755042,0.414627
0.00755722,0.416916
0.00756699,0.419174
0.00757379,0.421463
0.00758079,0.423661
0.00758773,0.425873
0.00759477,0.428055
0.00760484,0.430146
0.0076122,0.432175
0.00761971,0.434143
0.00763002,0.436112
0.00763738,0.438141
0.00764472,0.440186
0.00765193,0.442276
0.00765887,0.444504
0.00766558,0.446839
0.00767207,0.449265
0.00768125,0.451798
0.00768733,0.454422
0.00769615,0.457123
0.00770208,0.459824
0.00770796,0.462555
0.00771395,0.465241
0.00772012,0.467819
0.00772634,0.470368
0.00773299,0.472733
0.00774014,0.474854
0.00774795,0.476647
0.00775892,0.47834
0.00776738,0.479851
0.00777585,0.481331
0.00778753,0.482704
0.00779605,0.484169
0.00780457,0.485626
0.00781334,0.487
0.00782186,0.488465
0.00783026,0.489983
0.00784129,0.491654
0.0078491,0.493454
0.00785935,0.495499
0.00786638,0.497666
0.00787306,0.500015
0.00787962,0.502426
0.00788614,0.504837
0.00789538,0.507355
0.00790185,0.509781
0.00790808,0.512345
0.00791398,0.515061
0.00792,0.517716
0.00792632,0.520233
0.00793579,0.522599
0.00793964,0.524948
0.00794947,0.527161
0.00795636,0.529419
0.00796062,0.531525
0.00797093,0.533509
0.00797835,0.535507
0.00798589,0.537453
0.00799352,0.539345
0.00800383,0.541344
0.00801107,0.543419
0.00801832,0.545494
0.00802556,0.547585
0.00803259,0.549752
0.00804219,0.552071
0.00804854,0.554604
0.00805479,0.557152
0.00806099,0.559716
0.00806681,0.562462
0.0080728,0.565132
0.00807861,0.567894
0.00808442,0.570656
0.00809005,0.573479
0.00809846,0.576393
0.00810394,0.579308
0.00811216,0.582283
0.00811762,0.585213
0.00812307,0.588143
0.00812885,0.590904
0.00813464,0.593682
0.00814358,0.596337
0.0081496,0.598992
0.00815872,0.601555
0.00816518,0.603997
0.00817189,0.606331
0.00817889,0.608528
0.00818896,0.610634
0.00819904,0.612755
0.00820607,0.614922
0.00821591,0.617134
0.00822568,0.619408
0.00823227,0.621788
0.00823862,0.624291
0.00824779,0.626839
0.00825387,0.629463
0.0082598,0.632149
0.00826535,0.635048
0.00827375,0.637947
0.00827918,0.640877
0.00828481,0.643715
0.00829327,0.646584
0.00830209,0.6493
0.00830823,0.651909
0.00831729,0.654488
0.00832355,0.657036
0.00833297,0.659462
0.00833959,0.661843
0.00834641,0.664116
0.00835595,0.666466
0.00836525,0.668968
0.00837171,0.67141
0.00837818,0.673851
0.00838736,0.676369
0.00839359,0.678948
0.00840259,0.681572
0.00840825,0.684395
0.0084137,0.687325
0.00842175,0.690377
0.00842703,0.693398
0.00843513,0.69645
0.00844023,0.699547
0.00844518,0.702706
0.00845298,0.705879
0.00845784,0.709099
0.00846264,0.712334
0.00847039,0.715554
0.00847519,0.718788
0.00848288,0.722023
0.00849047,0.725319
0.00849527,0.728539
0.00850296,0.731789
0.00851065,0.735024
0.00851828,0.738304
0.00852597,0.741554
0.00853071,0.74482
0.00853834,0.748085
0.00854334,0.751229
0.00855145,0.75428
0.00855956,0.757302
0.00856784,0.760262
0.00857309,0.763298
0.00858107,0.766411
0.00858882,0.769615
0.00859359,0.772866
0.00860119,0.776161
0.00861162,0.779473
0.00861609,0.78286
0.00862336,0.786309
0.00863058,0.789772
0.00863755,0.793358
0.00864157,0.796959
0.0086484,0.800606
0.00865549,0.804131
0.00865966,0.807671
0.00866986,0.811104
0.00867427,0.814522
0.00868178,0.817848
0.00868622,0.821266
0.00869367,0.824623
0.00870112,0.827965
0.00870881,0.831215
0.00871685,0.834282
0.00872502,0.837288
0.00873065,0.840142
0.00874186,0.843102
0.00874716,0.846092
0.00875819,0.849114
0.0087634,0.852181
0.00877127,0.855309
0.00877902,0.858544
0.00878662,0.861824
0.00879395,0.865242
0.00880096,0.868798
0.00880769,0.872505
0.00881154,0.876183
0.00882101,0.879952
0.00882437,0.883888
0.00883065,0.887795
0.00883685,0.891732
0.00884308,0.895668
0.0088494,0.899575
0.00885557,0.903511
0.00886168,0.907509
0.00886779,0.911507
0.00887399,0.915444
0.00888021,0.91938
0.0088868,0.923165
0.00889339,0.926934
0.00890012,0.930626
0.00890683,0.934334
0.00891353,0.938042
0.00892325,0.941689
0.00892709,0.945397
0.00893669,0.949105
0.00894322,0.952904
0.00894986,0.956642
0.00895633,0.960457
0.00896271,0.964318
0.00896616,0.968209
0.00897534,0.9721
0.00898154,0.976067
0.00898762,0.980065
0.0089937,0.984062
0.00899975,0.988091
0.00900553,0.992241
0.0090114,0.99633
0.00901719,1.00048
0.00902318,1.00454
0.00902902,1.00866
0.0090349,1.01277
0.00904373,1.01683
0.00904677,1.02092
0.00905577,1.02488
0.00906205,1.02882
0.00906858,1.03261
0.00907514,1.03639
0.00908184,1.0401
0.0090884,1.04388
0.00909522,1.04753
0.00910181,1.05128
0.00910837,1.05507
0.00911504,1.05879
0.00912172,1.06253
0.00913102,1.06637
0.00913444,1.07026
0.00914055,1.07426
0.00914625,1.07844
0.009152,1.08259
0.00915751,1.08687
0.00916609,1.09105
0.00917167,1.09532
0.00917727,1.09956
0.0091826,1.10389
0.00918815,1.10817
0.00919655,1.11244
0.00920204,1.11674
0.00920776,1.12089
0.00921634,1.1251
0.00922212,1.12925
0.0092279,1.13341
0.00923678,1.13746
0.00924283,1.14149
0.00925195,1.14543
0.00925797,1.14946
0.00926411,1.15342
0.00927323,1.15736
0.00927949,1.1613
0.00928879,1.16514
0.00929256,1.16888
0.00930228,1.17254
0.00931205,1.17618
0.00931888,1.17982
0.0093257,1.18347
0.00933536,1.18716
0.00934215,1.19082
0.00935181,1.1945
0.0093586,1.19819
0.00936802,1.20198
0.00937714,1.20591
0.00938313,1.20997
0.00938936,1.21391
0.00939919,1.21751
0.00940933,1.22098
0.00941689,1.22429
0.00942488,1.22737
0.00943609,1.23033
0.00944765,1.23312
0.00945647,1.23582
0.0094681,1.23858
0.00947978,1.24132
0.00948782,1.24437
0.0094979,1.24788
0.00950475,1.25152
0.00951131,1.25529
0.00952025,1.25932
0.00952883,1.2635
0.00953414,1.2679
0.00954195,1.27244
0.00954704,1.27693
0.00955479,1.28151
0.00955962,1.28612
0.00956445,1.29072
0.00957214,1.29533
0.00957982,1.29994
0.00958727,1.30467
0.00959178,1.30943
0.00959619,1.31425
0.00960346,1.31904
0.00961073,1.32387
0.00961818,1.3286
0.00962563,1.33333
0.0096332,1.33803
0.00963794,1.34266
0.00964557,1.3473
0.00965338,1.35185
0.00966124,1.3564
0.00966628,1.36091
0.00967433,1.36537
0.0096822,1.36989
0.00968723,1.3744
0.00969516,1.37889
0.00970303,1.38344
0.0097106,1.3881
0.00971814,1.3928
0.00972556,1.39757
0.00973,1.40233
0.00973721,1.40718
0.00974442,1.41203
0.00975187,1.41676
0.0097564,1.42149
0.00976403,1.42616
0.00976943,1.43046
0.00978182,1.43425
0.00978945,1.43751
0.00980161,1.44003
0.00981562,1.44164
0.00983195,1.44218
0.00985114,1.44132
0.00987236,1.43956
0.00989501,1.43709
0.00991564,1.43419
0.00993948,1.43115
0.00996284,1.42838
0.00998251,1.4259
0.0100042,1.42392
0.0100213,1.42272
0.0100365,1.4224
0.0100518,1.42338
0.0100596,1.4252
0.0100688,1.42773
0.0100798,1.43076
0.0100844,1.4341
0.0100914,1.43765
0.0101011,1.44136
0.0101077,1.44513
0.0101141,1.44897
0.0101203,1.45288
0.0101236,1.45688
0.0101295,1.46097
0.0101386,1.4649
0.010142,1.46881
0.0101513,1.47267
0.0101548,1.47653
0.0101641,1.48036
0.0101676,1.48419
0.0101769,1.48807
0.0101832,1.49196
0.0101894,1.49589
0.0101987,1.49979
0.0102048,1.50378
0.0102109,1.50778
0.0102168,1.51187
0.0102225,1.51605
0.0102309,1.52029
0.0102362,1.52469
0.0102413,1.52914
0.0102466,1.53357
0.0102517,1.53799
0.0102596,1.54248
0.0102646,1.54706
0.0102694,1.55164
0.0102772,1.55621
0.0102822,1.56073
0.0102869,1.5654
0.0102915,1.57013
0.0102963,1.57471
0.0103011,1.57935
0.010309,1.58383
0.0103141,1.58832
0.0103195,1.59265
0.0103249,1.59698
0.0103333,1.60129
0.0103388,1.60553
0.0103475,1.60971
0.0103536,1.61368
0.0103626,1.61764
0.0103689,1.62158
0.0103779,1.62558
0.010384,1.62961
0.0103898,1.63373
0.0103953,1.638
0.0104037,1.64227
0.0104088,1.64676
0.0104169,1.65118
0.0104219,1.6557
0.0104297,1.66025
0.0104346,1.66482
0.0104394,1.66943
0.010447,1.67407
0.0104519,1.67868
0.0104568,1.6832
0.0104647,1.68774
0.0104727,1.6922
0.010478,1.69659
0.0104862,1.70099
0.0104915,1.70535
0.0104998,1.70966
0.0105084,1.71387
0.0105171,1.71802
0.0105229,1.72214
0.0105319,1.72613
0.0105409,1.73013
0.0105472,1.73404
0.0105563,1.73801
0.0105624,1.742
0.0105742,1.74606
0.010577,1.75021
0.0105856,1.75442
0.0105941,1.75867
0.0106025,1.76294
0.0106077,1.76733
0.010613,1.77176
0.0106212,1.77609
0.0106296,1.78036
0.0106356,1.78442
0.0106417,1.78842
0.010651,1.79228
0.0106604,1.7961
0.0106698,1.79994
0.0106765,1.80362
0.0106836,1.80719
0.0106937,1.81062
0.0107036,1.81418
0.0107135,1.81778
0.0107233,1.8214
0.0107304,1.82494
0.0107375,1.82844
0.0107483,1.83156
0.0107598,1.83437
0.0107683,1.83726
0.0107796,1.84019
0.0107877,1.84318
0.0107988,1.84621
0.0108098,1.84927
0.0108204,1.85249
0.0108307,1.85588
0.0108407,1.85944
0.0108466,1.86352
0.0108548,1.86789
0.0108598,1.87244
0.0108674,1.87707
0.0108747,1.8819
0.0108819,1.88672
0.0108864,1.89151
0.0108938,1.89624
0.0108985,1.90091
0.0109059,1.90567
0.0109135,1.91031
0.0109182,1.91498
0.0109258,1.91965
0.0109335,1.92422
0.0109386,1.92874
0.0109436,1.93323
0.0109483,1.9379
0.0109557,1.94266
0.010963,1.94748
0.0109701,1.95236
0.010977,1.95734
0.0109838,1.9624
0.0109877,1.96744
0.0109942,1.97263
0.0110007,1.97778
0.011007,1.98306
0.0110105,1.98834
0.0110166,1.99368
0.0110227,1.99905
0.0110289,2.00436
0.0110351,2.0097
0.0110385,2.01498
0.0110445,2.02039
0.0110509,2.02566
0.0110571,2.03097
0.0110604,2.03632
0.0110666,2.04159
0.0110729,2.04687
0.0110794,2.05209
0.0110856,2.05737
0.0110949,2.06259
0.0111016,2.06772
0.0111085,2.07275
0.0111151,2.07788
0.0111218,2.08298
0.0111285,2.08804
0.0111351,2.0932
0.0111417,2.09833
0.0111482,2.10348
0.0111549,2.10858
0.0111615,2.11371
0.0111678,2.11899
0.011174,2.12436
0.0111799,2.12979
0.0111856,2.13534
0.0111912,2.14096
0.0111968,2.14658
0.0112053,2.15219
0.0112079,2.15787
0.0112162,2.16354
0.0112217,2.16922
0.0112273,2.1748
0.0112359,2.18039
0.0112419,2.18582
0.0112481,2.19116
0.0112572,2.19644
0.0112637,2.20166
0.0112702,2.20685
0.0112766,2.21207
0.0112859,2.21728
0.0112951,2.22259
0.0113013,2.2279
0.0113075,2.23328
0.0113165,2.23862
0.0113224,2.24411
0.0113311,2.24963
0.0113364,2.25534
0.0113418,2.26108
0.0113499,2.26688
0.0113549,2.27277
0.0113627,2.27872
0.0113674,2.2847
0.0113722,2.29071
0.0113769,2.29678
0.0113815,2.30283
0.0113892,2.30887
0.011394,2.31485
0.0114018,2.32077
0.0114068,2.32666
0.011412,2.33249
0.0114201,2.33829
0.0114254,2.34402
0.0114335,2.34982
0.0114388,2.35556
0.011447,2.36136
0.0114523,2.3671
0.0114607,2.37274
0.0114662,2.37842
0.0114772,2.38419
0.0114824,2.39001
0.0114875,2.39587
0.0114926,2.40173
0.0115003,2.40768
0.0115079,2.41373
0.0115125,2.41986
0.0115197,2.42606
0.0115238,2.43237
0.0115306,2.43878
0.0115346,2.44516
0.0115413,2.45163
0.0115481,2.45804
0.0115519,2.46451
0.0115586,2.47098
0.0115655,2.47736
0.0115696,2.48367
0.0115766,2.48996
0.0115837,2.49625
0.011588,2.5025
0.0115954,2.50867
0.0116029,2.51474
0.0116074,2.52087
0.0116117,2.52707
0.0116191,2.5332
0.0116264,2.5394
0.0116308,2.54559
0.0116382,2.55173
0.0116454,2.55795
0.0116499,2.56409
0.011657,2.57037
0.011664,2.57669
0.0116707,2.58313
0.0116747,2.58954
0.0116815,2.59595
0.011688,2.60248
0.0116945,2.60904
0.011701,2.6156
0.0117075,2.62219
0.011711,2.62881
0.0117174,2.63541
0.0117239,2.64194
0.0117306,2.64841
0.0117375,2.65482
0.0117412,2.66128
0.0117512,2.66757
0.0117554,2.67386
0.0117625,2.68011
0.0117697,2.68637
0.0117769,2.6926
0.0117842,2.69879
0.0117915,2.70493
0.011799,2.71103
0.0118035,2.71719
0.011811,2.72327
0.0118183,2.72943
0.0118227,2.73563
0.01183,2.74182
0.0118371,2.74808
0.0118412,2.75439
0.011851,2.76077
0.0118548,2.76724
0.0118614,2.77374
0.0118679,2.7803
0.0118745,2.7868
0.0118811,2.79333
0.0118846,2.79993
0.0118941,2.80649
0.0118978,2.81299
0.0119073,2.81946
0.011914,2.82596
0.011921,2.83227
0.011928,2.83859
0.0119349,2.84497
0.011942,2.85126
0.0119492,2.85751
0.0119571,2.86337
0.0119652,2.86917
0.0119737,2.87482
0.0119821,2.88046
0.0119906,2.88608
0.011999,2.89172
0.0120075,2.89734
0.0120161,2.90289
0.0120249,2.90842
0.0120334,2.914
0.0120445,2.91977
0.0120495,2.92566
0.0120572,2.93164
0.0120648,2.93768
0.0120756,2.94357
0.0120807,2.94943
0.0120885,2.95538
0.0120963,2.96133
0.0121039,2.96735
0.0121118,2.97324
0.0121226,2.97916
0.0121307,2.98492
0.0121391,2.9906
0.0121476,2.99625
0.0121558,3.00195
0.012164,3.00775
0.0121721,3.01355
0.0121802,3.01935
0.0121914,3.02508
0.012199,3.0311
0.0122067,3.03711
0.0122139,3.04337
0.0122207,3.04977
0.0122272,3.0563
0.0122335,3.06296
0.0122398,3.06964
0.0122488,3.07635
0.0122521,3.0831
0.0122611,3.08984
0.0122674,3.09653
0.0122736,3.10318
0.0122801,3.10974
0.0122872,3.11603
0.0122945,3.12222
0.0123023,3.12811
0.0123136,3.13382
0.0123197,3.13919
0.0123321,3.14435
0.0123386,3.14951
0.0123515,3.15445
0.0123584,3.15942
0.0123684,3.16434
0.0123781,3.16934
0.0123909,3.17432
0.0123977,3.17938
0.0124068,3.18466
0.0124157,3.19009
0.0124244,3.19565
0.0124326,3.20139
0.0124406,3.20724
0.0124484,3.21316
0.012456,3.21924
0.0124635,3.22534
0.0124708,3.23154
0.0124748,3.23788
0.0124816,3.24429
0.0124883,3.25076
0.0124945,3.25745
0.0125009,3.26407
0.0125071,3.27075
0.0125132,3.27753
0.0125193,3.28427
0.0125253,3.29108
0.0125314,3.29782
0.0125376,3.30453
0.0125467,3.31125
0.0125498,3.31805
0.012556,3.32474
0.0125649,3.33148
0.0125682,3.33826
0.0125773,3.34494
0.0125834,3.35168
0.0125895,3.35846
0.0125981,3.36539
0.0126038,3.37231
0.0126093,3.37933
0.0126179,3.38629
0.0126236,3.39325
0.0126291,3.40027
0.0126376,3.40723
0.012643,3.41437
0.0126485,3.42142
0.0126537,3.42856
0.0126621,3.43558
0.0126648,3.4426
0.0126705,3.44952
0.0126794,3.45636
0.0126853,3.46316
0.0126916,3.46982
0.012701,3.47642
0.0127076,3.48292
0.0127141,3.48945
0.0127237,3.49595
0.0127302,3.50248
0.0127397,3.50901
0.0127464,3.51548
0.0127558,3.52201
0.0127624,3.52857
0.0127714,3.53529
0.0127772,3.54222
0.0127858,3.54911
0.0127914,3.55613
0.0127969,3.56315
0.0128052,3.57029
0.0128131,3.57749
0.012821,3.58482
0.0128257,3.59223
0.0128302,3.59974
0.0128376,3.60725
0.012842,3.61482
0.0128494,3.62232
0.0128541,3.62974
0.0128615,3.63722
0.012869,3.64472
0.0128765,3.65217
0.012884,3.65962
0.0128888,3.66703
0.012897,3.67411
0.0129056,3.6811
0.0129144,3.68794
0.0129204,3.69474
0.0129293,3.70155
0.0129383,3.70829
0.0129474,3.71498
0.0129561,3.7219
0.0129649,3.72871
0.0129706,3.73567
0.0129785,3.74293
0.0129863,3.75028
0.012994,3.75767
0.0129983,3.76527
0.0130054,3.7729
0.0130123,3.78065
0.0130162,3.78843
0.0130233,3.79609
0.0130272,3.8039
0.0130343,3.81153
0.0130385,3.81919
0.0130457,3.82682
0.01305,3.83442
0.0130576,3.84187
0.0130651,3.84931
0.0130729,3.85658
0.013081,3.86378
0.0130865,3.87083
0.0130923,3.87773
0.0131009,3.88465
0.0131097,3.89155
0.0131185,3.89836
0.0131246,3.90513
0.0131307,3.91188
0.0131396,3.91865
0.0131457,3.92546
0.0131544,3.93232
0.0131629,3.93928
0.0131685,3.9463
0.0131768,3.95341
0.0131848,3.96064
0.0131927,3.96784
0.0131977,3.97517
0.0132054,3.98252
0.0132133,3.98979
0.0132183,3.99711
0.0132262,4.00434
0.0132342,4.01158
0.0132422,4.01878
0.0132475,4.02592
0.013253,4.03297
0.0132612,4.04008
0.0132697,4.0471
0.0132753,4.05409
0.0132838,4.06105
0.0132897,4.06794
0.0132982,4.0749
0.0133068,4.08189
0.0133123,4.08891
0.0133204,4.09605
0.0133286,4.10319
0.0133337,4.11042
0.0133416,4.11769
0.0133493,4.12507
0.0133536,4.13267
0.0133606,4.14036
0.0133674,4.14817
0.0133743,4.15595
0.0133809,4.16377
0.0133874,4.1717
0.013394,4.17964
0.0134005,4.18757
0.0134069,4.19557
0.0134135,4.20344
0.0134173,4.21131
0.0134239,4.21919
0.0134308,4.22694
0.0134378,4.23463
0.013445,4.24226
0.0134524,4.24974
0.0134599,4.25721
0.0134675,4.26466
0.0134751,4.27204
0.0134827,4.27949
0.0134902,4.28697
0.0134977,4.29441
0.013505,4.30195
0.0135121,4.30964
0.013519,4.31736
0.0135256,4.3253
0.013532,4.33323
0.013538,4.34141
0.013544,4.34959
0.0135498,4.35783
0.0135585,4.36613
0.0135642,4.37443
0.0135699,4.38273
0.0135756,4.39109
0.0135813,4.39939
0.0135871,4.40763
0.0135931,4.41587
0.0135992,4.42399
0.0136054,4.43205
0.0136115,4.44017
0.0136206,4.44828
0.0136238,4.4564
0.0136269,4.46458
0.0136359,4.4727
0.0136418,4.48094
0.0136477,4.48918
0.0136535,4.49742
0.013662,4.50578
0.0136675,4.5142
0.0136729,4.52262
0.0136783,4.53111
0.0136866,4.53959
0.0136919,4.54808
0.0136972,4.55656
0.0137055,4.56504
0.0137108,4.57359
0.0137159,4.58213
0.013721,4.5908
0.013726,4.59941
0.0137311,4.60801
0.0137363,4.61656
0.0137413,4.62522
0.0137494,4.63377
0.0137546,4.64231
0.0137599,4.65086
0.0137681,4.65934
0.0137735,4.66783
0.0137791,4.67619
0.0137877,4.68449
0.0137936,4.69273
0.0138022,4.70103
0.0138081,4.70927
0.0138166,4.71763
0.0138223,4.72599
0.0138305,4.73448
0.0138358,4.74296
0.0138442,4.75144
0.0138524,4.75993
0.0138575,4.76847
0.0138654,4.77714
0.0138704,4.78581
0.0138783,4.79447
0.0138832,4.8032
0.0138909,4.81193
0.0138959,4.82054
0.0139039,4.82914
0.0139088,4.83787
0.0139138,4.84654
0.0139215,4.85527
0.0139264,4.86393
0.0139342,4.87266
0.0139419,4.88139
0.0139469,4.89006
0.013952,4.89866
0.0139599,4.90727
0.0139649,4.91593
0.0139728,4.9246
0.0139806,4.93327
0.0139884,4.942
0.0139961,4.95079
0.0140036,4.95957
0.0140083,4.96842
0.0140156,4.97734
0.0140198,4.98637
0.0140297,4.9954
0.0140337,5.00456
0.0140405,5.01377
0.0140471,5.02299
0.0140509,5.03221
0.0140577,5.04136
0.0140644,5.05064
0.0140711,5.05985
0.0140778,5.06901
0.0140846,5.07823
0.0140914,5.08744
0.0140952,5.0966
0.0141052,5.10563
0.0141094,5.11466
0.0141166,5.1237
0.0141238,5.13267
0.0141282,5.14158
0.0141357,5.15043
0.014143,5.15934
0.0141504,5.16825
0.0141578,5.17716
0.0141625,5.18595
0.0141699,5.19486
0.0141744,5.20371
0.0141818,5.21263
0.0141863,5.22148
0.0141938,5.23033
0.014198,5.23936
0.0142052,5.24833
0.0142095,5.2573
0.0142168,5.26628
0.0142239,5.27531
0.0142281,5.28434
0.0142382,5.29331
0.0142423,5.30241
0.0142522,5.31144
0.0142561,5.32066
0.0142632,5.32969
0.0142701,5.33879
0.0142772,5.34788
0.0142842,5.35691
0.0142911,5.36601
0.0142982,5.3751
0.0143081,5.3842
0.0143122,5.39323
0.0143191,5.40238
0.0143262,5.41142
0.0143334,5.42039
0.0143407,5.4293
0.014348,5.43821
0.0143553,5.44718
0.0143596,5.45616
0.0143668,5.46513
0.0143738,5.47422
0.0143809,5.48326
0.0143881,5.49229
0.0143953,5.50126
0.0144024,5.51029
0.0144094,5.51933
0.0144164,5.52842
0.0144233,5.53758
0.0144303,5.54661
0.0144399,5.55583
0.0144439,5.56498
0.0144535,5.5742
0.01446,5.58354
0.0144665,5.59281
0.014473,5.60215
0.0144794,5.61149
0.0144888,5.62083
0.0144982,5.63017
0.0145017,5.63951
0.0145081,5.64891
0.0145144,5.6583
0.0145236,5.66764
0.01453,5.67704
0.014536,5.68663
0.0145449,5.69615
0.0145476,5.70591
0.0145557,5.7158
0.0145608,5.72581
0.0145659,5.73582
0.0145739,5.74583
0.0145789,5.75584
0.0145838,5.76591
0.0145885,5.77604
0.0145961,5.78623
0.0146007,5.79643
0.0146053,5.80668
0.0146129,5.81681
0.0146177,5.82694
0.0146226,5.83702
0.0146275,5.84715
0.0146352,5.85722
0.0146429,5.86735
0.0146448,5.87748
0.0146528,5.88743
0.0146577,5.8975
0.0146627,5.90757
0.0146677,5.91758
0.0146726,5.92765
0.0146803,5.93778
0.014682,5.94804
0.0146894,5.95823
0.0146967,5.96861
0.0147011,5.97886
0.0147053,5.9893
0.0147125,5.99967
0.0147166,6.01011
0.0147207,6.02055
0.0147279,6.03092
0.0147318,6.04148
0.0147357,6.05204
0.0147423,6.06266
0.014749,6.07322
0.0147557,6.0839
0.0147593,6.09458
0.0147658,6.10527
0.0147695,6.11589
0.0147759,6.12663
0.0147822,6.13743
0.0147856,6.14823
0.0147919,6.15898
0.0147982,6.16978
0.0148017,6.18052
0.0148079,6.19139
0.014814,6.20225
0.0148201,6.21311
0.0148232,6.22404
0.0148291,6.23503
0.0148378,6.24607
0.0148437,6.25706
0.0148466,6.26805
0.0148522,6.27915
0.0148576,6.29038
0.0148659,6.30162
0.0148683,6.31285
0.0148763,6.3242
0.0148814,6.33555
0.0148865,6.34696
0.0148914,6.35838
0.014899,6.36991
0.0149038,6.38145
0.0149087,6.39292
0.0149164,6.4044
0.0149211,6.416
0.0149258,6.42753
0.0149333,6.43913
0.0149408,6.45066
0.0149455,6.46226
0.0149532,6.47373
0.014958,6.48521
0.0149656,6.49674
0.0149732,6.50834
0.0149778,6.51994
0.0149853,6.53153
0.01499,6.54307
0.0149948,6.55461
0.0149995,6.56608
0.0150072,6.57762
0.0150117,6.58927
0.0150189,6.60099
0.0150234,6.61265
0.0150308,6.62431
0.0150354,6.6359
0.015043,6.64744
0.0150478,6.65892
0.0150525,6.67051
0.0150598,6.68217
0.0150643,6.69377
0.0150722,6.70524
0.015077,6.71672
0.0150848,6.72819
0.0150899,6.73954
0.0150976,6.75102
0.0151024,6.76249
0.0151071,6.77409
0.0151148,6.78556
0.0151198,6.79698
0.0151274,6.80851
0.015132,6.82017
0.0151394,6.83177
0.0151466,6.84349
0.0151508,6.85527
0.0151579,6.86704
0.015165,6.87889
0.015169,6.89073
0.0151788,6.90263
0.0151826,6.91459
0.0151895,6.92649
0.0151963,6.9384
0.0152032,6.9503
0.0152074,6.96208
0.0152143,6.97398
0.0152214,6.98576
0.0152256,6.99754
0.0152326,7.00932
0.0152368,7.02116
0.0152439,7.03294
0.015251,7.04472
0.0152551,7.05656
0.0152649,7.0684
0.0152716,7.08042
0.0152784,7.09233
0.0152852,7.10429
0.0152918,7.11631
0.0152984,7.12834
0.0153048,7.14042
0.0153139,7.15263
0.015317,7.16496
0.0153259,7.17729
0.0153318,7.18962
0.0153378,7.20194
0.0153437,7.21433
0.0153493,7.22679
0.015358,7.23918
0.0153612,7.25144
0.01537,7.26377
0.0153733,7.27598
0.0153795,7.28825
0.0153856,7.30046
0.0153921,7.31254
0.0153985,7.32469
0.0154049,7.33677
0.0154115,7.3488
0.0154181,7.36088
0.0154245,7.37297
0.0154311,7.38499
0.0154375,7.39707
0.015444,7.40916
0.0154505,7.42124
0.0154595,7.43351
0.0154628,7.44572
0.0154688,7.45799
0.0154778,7.47032
0.0154837,7.48265
0.0154894,7.4951
0.0154951,7.50755
0.0155008,7.52
0.0155066,7.53239
0.0155123,7.54484
0.015518,7.55729
0.0155235,7.5698
0.0155289,7.58244
0.0155371,7.59507
0.0155422,7.60777
0.0155475,7.62046
0.0155556,7.6331
0.0155581,7.64573
0.0155664,7.6583
0.0155747,7.67094
0.0155802,7.68345
0.0155858,7.69596
0.0155915,7.70841
0.0156002,7.7208
0.015606,7.73319
0.0156146,7.74565
0.0156203,7.7581
0.0156258,7.77067
0.0156338,7.78337
0.0156419,7.79606
0.0156467,7.80894
0.0156515,7.82182
0.0156591,7.83476
0.0156666,7.84776
0.0156713,7.8607
0.0156814,7.87376
0.0156861,7.88676
0.0156938,7.89958
0.0156988,7.91239
0.0157067,7.92515
0.0157148,7.93785
0.015723,7.95048
0.0157282,7.96318
0.0157363,7.97587
0.0157443,7.98857
0.0157527,8.00114
0.0157606,8.01396
0.0157654,8.02677
0.0157732,8.03965
0.0157811,8.05247
0.0157859,8.06535
0.0157935,8.07823
0.0158015,8.09098
0.0158094,8.1038
0.0158142,8.11662
0.0158191,8.1295
0.0158269,8.14231
0.0158346,8.15513
0.0158392,8.16819
0.0158469,8.18107
0.0158516,8.19395
0.0158595,8.20671
0.0158647,8.2194
0.0158729,8.23204
0.0158814,8.24455
0.0158898,8.25712
0.0158954,8.26963
0.0159039,8.28208
0.0159128,8.29441
0.0159214,8.30686
0.0159271,8.31932
0.0159356,8.33183
0.0159438,8.34446
0.0159522,8.35704
0.0159604,8.36971
0.0159657,8.38229
0.0159738,8.39498
0.0159791,8.40768
0.0159873,8.42025
0.0159954,8.43295
0.0160035,8.44564
0.0160085,8.45846
0.0160134,8.47128
0.0160209,8.48422
0.0160285,8.49716
0.0160359,8.51022
0.0160402,8.52334
0.0160474,8.53646
0.0160543,8.54965
0.0160584,8.56289
0.0160655,8.57607
0.0160725,8.58926
0.0160793,8.60256
0.0160862,8.61587
0.016093,8.62917
0.0160968,8.64248
0.0161065,8.65579
0.0161133,8.66909
0.0161197,8.68258
0.0161264,8.69595
0.0161329,8.70937
0.0161395,8.7228
0.0161461,8.73617
0.0161526,8.74966
0.0161592,8.76302
0.0161686,8.77651
0.0161723,8.78988
0.016179,8.80325
0.0161858,8.81661
0.0161923,8.83004
0.0161987,8.84353
0.016208,8.85702
0.0162115,8.87051
0.0162182,8.88381
0.0162249,8.89718
0.0162316,8.91061
0.0162382,8.92391
0.016242,8.93728
0.0162488,8.95059
0.0162558,8.96383
0.0162629,8.97695
0.0162701,8.99014
0.0162771,9.00332
0.0162811,9.01656
0.0162908,9.02987
0.0162947,9.04318
0.0163015,9.05648
0.0163081,9.06985
0.0163147,9.08334
0.0163209,9.09689
0.0163267,9.11062
0.0163326,9.12441
0.0163414,9.13815
0.0163472,9.15194
0.016353,9.16567
0.0163586,9.17959
0.0163641,9.19344
0.0163724,9.20742
0.016378,9.22134
0.0163862,9.23531
0.0163915,9.24941
0.0163996,9.26339
0.0164046,9.27761
0.0164096,9.29177
0.0164143,9.30605
0.016422,9.32034
0.0164295,9.33468
0.0164341,9.34902
0.0164413,9.36349
0.0164459,9.37783
0.0164533,9.3923
0.0164604,9.40676
0.0164678,9.42117
0.0164722,9.43563
0.0164795,9.4501
0.0164869,9.4645
0.0164914,9.47891
0.0164988,9.49325
0.0165035,9.50759
0.0165111,9.52194
0.016516,9.5361
0.0165239,9.55026
0.0165287,9.56454
0.0165364,9.57882
0.016541,9.5931
0.0165485,9.60751
0.016556,9.62185
0.0165607,9.63613
0.0165651,9.6506
0.0165723,9.66506
0.0165794,9.67959
0.0165867,9.69405
0.0165911,9.70846
0.0165985,9.72286
0.0166033,9.73715
0.0166112,9.75131
0.0166191,9.76547
0.0166241,9.77963
0.0166321,9.79373
0.0166372,9.80782
0.0166426,9.82186
0.0166505,9.83596
0.0166557,9.85006
0.0166638,9.8641
0.0166688,9.87826
0.0166765,9.89254
0.0166812,9.90682
0.0166862,9.92104
0.016694,9.9352
0.0167017,9.94949
0.0167093,9.96377
0.0167141,9.97805
0.0167217,9.99233
0.0167293,10.0066
0.0167338,10.021
0.0167413,10.0354
0.0167457,10.0498
0.016753,10.0643
0.0167603,10.0787
0.0167648,10.0931
0.0167721,10.1076
0.0167795,10.122
0.0167841,10.1363
0.0167942,10.1508
0.0167989,10.1651
0.0168063,10.1795
0.0168135,10.194
0.0168206,10.2085
0.0168277,10.223
0.0168348,10.2376
0.0168416,10.2523
0.0168483,10.2671
0.0168547,10.2819
0.016861,10.2968
0.0168673,10.3117
0.0168734,10.3267
0.0168797,10.3417
0.0168886,10.3568
0.0168918,10.3718
0.0168979,10.3868
0.0169039,10.4018
0.0169102,10.4168
0.0169135,10.4317
0.0169197,10.4467
0.0169259,10.4616
0.0169323,10.4765
0.016939,10.4913
0.0169456,10.5061
0.0169521,10.5209
0.0169555,10.5358
0.016965,10.5506
0.0169716,10.5653
0.0169784,10.58
0.0169853,10.5946
0.0169925,10.6092
0.0169995,10.6237
0.0170065,10.6383
0.0170136,10.6529
0.0170207,10.6674
0.017028,10.6819
0.0170379,10.6964
0.0170419,10.7111
0.0170514,10.7259
0.017058,10.7406
0.0170642,10.7556
0.0170701,10.7708
0.0170788,10.7859
0.0170842,10.8012
0.0170925,10.8166
0.0170977,10.8321
0.0171057,10.8476
0.0171107,10.8631
0.0171187,10.8786
0.0171237,10.8941
0.0171286,10.9096
0.0171364,10.9253
0.0171415,10.9408
0.0171494,10.9563
0.0171543,10.9719
0.0171621,10.9875
0.0171669,11.0031
0.0171747,11.0187
0.0171794,11.0343
0.0171869,11.0501
0.0171915,11.0658
0.017199,11.0814
0.0172035,11.0973
0.017211,11.1131
0.0172184,11.1288
0.0172231,11.1444
0.0172277,11.1602
0.0172351,11.1759
0.0172428,11.1916
0.0172475,11.2073
0.0172525,11.2229
0.0172602,11.2385
0.017265,11.2541
0.0172728,11.2697
0.0172778,11.2852
0.0172827,11.3008
0.0172877,11.3164
0.0172956,11.3319
0.0173035,11.3474
0.0173088,11.3628
0.0173141,11.3783
0.0173195,11.3936
0.017328,11.4088
0.0173335,11.4242
0.0173391,11.4394
0.0173446,11.4547
0.0173502,11.4699
0.0173587,11.4852
0.0173649,11.5002
0.0173742,11.515
0.0173834,11.53
0.0173898,11.5448
0.0173959,11.5598
0.017405,11.5749
0.017414,11.5899
0.0174227,11.6049
0.017429,11.6199
0.0174377,11.635
0.0174429,11.6505
0.0174505,11.6662
0.0174551,11.6819
0.0174626,11.6977
0.01747,11.7134
0.0174745,11.7291
0.0174818,11.745
0.0174893,11.7608
0.0174965,11.7766
0.0175038,11.7924
0.0175083,11.8083
0.0175157,11.824
0.0175232,11.8397
0.0175278,11.8555
0.0175355,11.8711
0.0175403,11.8867
0.0175481,11.9023
0.0175531,11.9179
0.017561,11.9334
0.017569,11.9489
0.0175768,11.9644
0.0175817,11.98
0.0175896,11.9956
0.0175947,12.0111
0.0176025,12.0266
0.0176104,12.0422
0.0176183,12.0578
0.0176231,12.0734
0.0176311,12.0889
0.017636,12.1045
0.017644,12.12
0.017649,12.1355
0.0176539,12.1511
0.0176618,12.1666
0.0176696,12.1822
0.0176744,12.1978
0.0176819,12.2135
0.0176893,12.2293
0.0176937,12.2452
0.0177006,12.2612
0.0177075,12.2772
0.017717,12.2933
0.0177236,12.3095
0.0177299,12.3258
0.0177362,12.342
0.0177428,12.3582
0.0177492,12.3745
0.0177558,12.3906
0.0177626,12.4067
0.0177725,12.4227
0.0177795,12.4386
0.0177868,12.4544
0.0177942,12.4702
0.0178017,12.4859
0.0178119,12.5018
0.0178191,12.5177
0.0178262,12.5337
0.0178359,12.5496
0.0178423,12.5659
0.0178485,12.5822
0.0178546,12.5986
0.0178606,12.6151
0.0178693,12.6316
0.0178779,12.6482
0.0178835,12.6649
0.0178919,12.6815
0.0178978,12.698
0.0179036,12.7146
0.0179097,12.7309
0.0179159,12.7473
0.0179224,12.7634
0.0179318,12.7796
0.0179354,12.7959
0.0179421,12.812
0.0179488,12.8281
0.0179557,12.8441
0.0179624,12.8602
0.0179692,12.8763
0.0179759,12.8923
0.0179825,12.9085
0.0179889,12.9248
0.0179952,12.9411
0.0180017,12.9572
0.0180081,12.9736
0.0180145,12.9898
0.0180209,13.0061
0.0180246,13.0222
0.0180313,13.0383
0.0180379,13.0544
0.0180447,13.0705
0.0180513,13.0866
0.0180582,13.1026
0.018065,13.1187
0.0180718,13.1349
0.0180785,13.151
0.018085,13.1671
0.0180914,13.1834
0.0181004,13.1998
0.0181036,13.2161
0.0181094,13.2326
0.0181151,13.2492
0.0181205,13.266
0.0181262,13.2826
0.0181351,13.299
0.018141,13.3155
0.0181499,13.332
0.0181557,13.3485
0.0181617,13.365
0.0181705,13.3814
0.0181764,13.3979
0.0181825,13.4143
0.0181885,13.4307
0.0181971,13.4474
0.0182053,13.4641
0.0182109,13.4807
0.0182163,13.4974
0.0182216,13.5142
0.0182271,13.5308
0.0182326,13.5476
0.0182412,13.5642
0.0182441,13.5807
0.0182531,13.5971
0.018259,13.6136
0.0182647,13.6301
0.0182706,13.6467
0.0182764,13.6632
0.0182823,13.6797
0.0182909,13.6963
0.0182938,13.7127
0.0183023,13.7293
0.0183078,13.7461
0.0183135,13.7627
0.0183218,13.7794
0.0183273,13.7961
0.0183327,13.8128
0.0183381,13.8296
0.0183466,13.8462
0.0183521,13.8629
0.0183575,13.8796
0.0183658,13.8962
0.0183712,13.913
0.0183764,13.9299
0.0183817,13.9466
0.0183899,13.9633
0.0183952,13.9802
0.0184034,13.9969
0.0184084,14.0139
0.0184158,14.031
0.0184233,14.0481
0.0184278,14.0653
0.0184352,14.0824
0.0184425,14.0996
0.0184498,14.1168
0.018457,14.134
0.018463,14.1505
0.0184729,14.1665
0.0184806,14.1821
0.018492,14.1974
0.0185038,14.2125
0.0185131,14.2273
0.0185256,14.2421
0.0185384,14.2566
0.0185486,14.2711
0.0185619,14.2854
0.018571,14.3004
0.0185818,14.3159
0.0185924,14.3316
0.0185997,14.3474
0.0186069,14.3633
0.0186137,14.3794
0.0186204,14.3954
0.0186269,14.4116
0.0186334,14.4279
0.0186425,14.4442
0.0186485,14.4607
0.0186572,14.4772
0.0186631,14.4937
0.0186688,14.5103
0.0186773,14.5269
0.0186826,14.5436
0.018685,14.5604
0.0186931,14.5773
0.0187008,14.5943
0.0187057,14.6112
0.0187104,14.6283
0.0187153,14.6453
0.0187231,14.6623
0.018728,14.6792
0.0187359,14.6961
0.0187409,14.713
0.018746,14.7299
0.018751,14.7469
0.0187559,14.7637
0.0187608,14.7808
0.0187686,14.7976
0.0187762,14.8147
0.0187806,14.8319
0.0187878,14.8491
0.018795,14.8665
0.0188021,14.8837
0.0188091,14.9011
0.0188131,14.9185
0.0188169,14.9359
0.0188236,14.9534
0.0188304,14.9708
0.0188343,14.9883
0.018841,15.0058
0.0188477,15.0232
0.0188513,15.0408
0.0188577,15.0585
0.0188641,15.0761
0.0188675,15.0938
0.018874,15.1114
0.0188804,15.1291
0.0188836,15.1468
0.0188898,15.1645
0.0188959,15.1823
0.0189021,15.2
0.0189083,15.2177
0.0189118,15.2354
0.0189153,15.253
0.0189215,15.2707
0.0189248,15.2884
0.0189308,15.3062
0.0189368,15.324
0.0189399,15.3418
0.0189457,15.3598
0.0189516,15.3776
0.018957,15.3957
0.0189624,15.4138
0.0189648,15.4319
0.0189731,15.4501
0.0189782,15.4683
0.0189863,15.4865
0.0189886,15.5047
0.0189966,15.523
0.0190017,15.5412
0.0190068,15.5595
0.0190118,15.5778
0.0190197,15.596
0.0190247,15.6143
0.0190325,15.6326
0.0190374,15.651
0.0190449,15.6695
0.0190495,15.688
0.0190569,15.7064
0.0190613,15.7251
0.0190684,15.7438
0.0190754,15.7625
0.0190795,15.7812
0.0190863,15.8
0.0190902,15.8189
0.0190968,15.8377
0.0191037,15.8565
0.0191106,15.8753
0.0191143,15.8942
0.0191181,15.913
0.0191248,15.9319
0.0191314,15.9508
0.019135,15.9698
0.0191387,15.9887
0.019145,16.0077
0.0191515,16.0266
0.019155,16.0457
0.0191615,16.0646
0.0191684,16.0834
0.0191721,16.1023
0.0191758,16.1212
0.0191824,16.1402
0.0191863,16.159
0.019193,16.1778
0.019197,16.1966
0.0192038,16.2154
0.0192104,16.2343
0.0192171,16.2531
0.0192237,16.2721
0.0192273,16.291
0.0192339,16.3099
0.0192404,16.3288
0.0192437,16.348
0.0192498,16.3672
0.019256,16.3862
0.0192622,16.4054
0.0192681,16.4245
0.0192709,16.4439
0.0192763,16.4635
0.0192817,16.4829
0.019287,16.5024
0.0192953,16.5218
0.0192977,16.5414
0.0193059,16.5609
0.019311,16.5805
0.0193161,16.6002
0.0193211,16.6198
0.0193264,16.6394
0.0193317,16.6589
0.0193398,16.6784
0.0193451,16.698
0.0193473,16.7176
0.0193527,16.7372
0.0193579,16.7567
0.0193633,16.7761
0.0193689,16.7955
0.0193744,16.8149
0.0193801,16.8343
0.0193884,16.8537
0.0193912,16.8731
0.0193966,16.8925
0.0194021,16.912
0.0194076,16.9315
0.0194159,16.9509
0.0194215,16.9703
0.0194279,16.9894
0.0194319,17.0082
0.0194417,17.0268
0.019449,17.0454
0.0194593,17.0639
0.0194668,17.0825
0.0194744,17.1009
0.0194821,17.1194
0.019493,17.1375
0.0195035,17.156
0.0195103,17.1748
0.0195195,17.1938
0.0195255,17.2131
0.0195341,17.2324
0.0195395,17.2519
0.0195449,17.2713
0.019553,17.291
0.0195608,17.3106
0.0195684,17.3304
0.019573,17.3503
0.0195804,17.3702
0.0195846,17.3902
0.0195918,17.4102
0.019599,17.4303
0.0196063,17.4502
0.0196136,17.4702
0.019618,17.4901
0.0196226,17.51
0.01963,17.5299
0.0196377,17.5497
0.0196453,17.5694
0.0196533,17.5891
0.0196612,17.6087
0.0196663,17.6284
0.0196743,17.648
0.0196794,17.6677
0.0196845,17.6873
0.0196894,17.707
0.0196942,17.7268
0.0197018,17.7466
0.0197064,17.7665
0.0197141,17.7862
0.0197185,17.8061
0.0197259,17.826
0.0197339,17.8457
0.0197394,17.8651
0.0197481,17.8846
0.0197573,17.904
0.019764,17.9233
0.0197735,17.9425
0.0197833,17.9616
0.0197903,17.9807
0.0198005,17.9996
0.0198081,18.0184
0.0198176,18.0377
0.0198244,18.0569
0.019834,18.0761
0.0198407,18.0953
0.0198503,18.1146
0.0198569,18.1339
0.0198664,18.1532
0.0198757,18.1725
0.0198819,18.192
0.019888,18.2115
0.019897,18.2309
0.0199058,18.2506
0.0199147,18.2701
0.0199234,18.2899
0.019929,18.3095
0.0199376,18.3293
0.0199463,18.349
0.0199518,18.3687
0.0199575,18.3884
0.0199658,18.4083
0.0199687,18.4279
0.0199772,18.4477
0.0199828,18.4675
0.0199915,18.4872
0.0199972,18.5068
0.0200057,18.5266
0.0200112,18.5464
0.0200168,18.5661
0.0200224,18.5859
0.0200309,18.6057
0.0200362,18.6256
0.0200416,18.6454
0.0200497,18.6653
0.0200576,18.6854
0.0200654,18.7055
0.0200703,18.7256
0.020078,18.7457
0.0200857,18.7658
0.0200933,18.7861
0.0201009,18.8062
0.0201087,18.8264
0.0201163,18.8465
0.0201237,18.8668
0.0201312,18.8871
0.0201383,18.9074
0.0201453,18.9279
0.0201521,18.9486
0.0201587,18.9692
0.0201679,18.9901
0.0201741,19.011
0.0201801,19.032
0.020186,19.0528
0.020192,19.0738
0.020201,19.0948
0.0202042,19.1157
0.0202104,19.1366
0.0202165,19.1574
0.0202229,19.1783
0.0202294,19.1989
0.0202362,19.2196
0.020246,19.2401
0.02025,19.2606
0.0202571,19.2811
0.0202641,19.3015
0.0202714,19.3219
0.0202784,19.3424
0.0202856,19.3628
0.0202928,19.3832
0.0203,19.4035
0.0203073,19.4238
0.0203116,19.4442
0.0203195,19.4643
0.0203271,19.4845
0.020335,19.5045
0.0203431,19.5245
0.0203513,19.5443
0.0203566,19.5642
0.0203647,19.5842
0.0203756,19.6042
0.0203806,19.6242
0.0203882,19.6445
0.0203952,19.6649
0.0204052,19.6853
0.0204094,19.7058
0.0204191,19.7264
0.0204257,19.747
0.0204322,19.7678
0.0204387,19.7884
0.0204452,19.8092
0.0204516,19.83
0.020461,19.8507
0.0204678,19.8713
0.0204714,19.8919
0.0204807,19.9128
0.0204872,19.9336
0.0204967,19.9542
0.0205032,19.9749
0.0205097,19.9956
0.0205192,20.0163
0.020523,20.037
0.0205325,20.0576
0.0205388,20.0785
0.0205425,20.0991
0.020549,20.1198
0.0205554,20.1406
0.0205647,20.1613
0.0205713,20.1821
0.0205775,20.2029
0.0205836,20.2238
0.0205895,20.2448
0.0205955,20.2658
0.0206042,20.2868
0.0206099,20.308
0.0206155,20.3291
0.020624,20.3503
0.0206295,20.3716
0.0206347,20.3928
0.0206429,20.4142
0.020648,20.4355
0.0206558,20.457
0.0206605,20.4786
0.0206681,20.5002
0.0206753,20.5221
0.0206794,20.5439
0.0206861,20.5659
0.0206926,20.588
0.020696,20.6102
0.0207022,20.6325
0.0207086,20.6548
0.0207146,20.6771
0.0207207,20.6994
0.0207267,20.7218
0.0207331,20.744
0.0207365,20.7662
0.020743,20.7883
0.0207498,20.8103
0.0207539,20.8321
0.020761,20.854
0.0207651,20.8758
0.0207695,20.8976
0.0207739,20.9193
0.0207813,20.941
0.0207886,20.9629
0.020796,20.9845
0.0208004,21.0062
0.0208048,21.0279
0.0208121,21.0497
0.0208196,21.0714
0.0208239,21.0931
0.0208311,21.1148
0.0208354,21.1367
0.0208397,21.1584
0.0208468,21.1803
0.020854,21.2021
0.020861,21.224
0.020865,21.2459
0.0208718,21.2679
0.0208756,21.2899
0.0208822,21.312
0.0208858,21.3342
0.0208921,21.3563
0.0208985,21.3785
0.020905,21.4006
0.0209111,21.4229
0.0209172,21.4453
0.0209232,21.4676
0.020929,21.4901
0.0209348,21.5125
0.0209405,21.5351
0.0209461,21.5576
0.0209517,21.5802
0.0209575,21.6026
0.0209633,21.6251
0.0209689,21.6477
0.0209747,21.6701
0.0209806,21.6926
0.0209865,21.7149
0.0209926,21.7373
0.0209989,21.7595
0.0210055,21.7816
0.0210095,21.8036
0.0210191,21.8255
0.0210231,21.8475
0.0210301,21.8694
0.021037,21.8913
0.021044,21.9132
0.0210482,21.935
0.021055,21.957
0.0210618,21.979
0.0210683,22.0012
0.0210746,22.0233
0.0210837,22.0456
0.0210925,22.0681
0.0210984,22.0904
0.0211044,22.1129
0.0211101,22.1353
0.0211156,22.1579
0.0211213,22.1805
0.0211297,22.2031
0.0211379,22.2258
0.0211433,22.2485
0.0211488,22.2711
0.0211571,22.2937
0.0211624,22.3164
0.0211706,22.3391
0.0211787,22.3619
0.0211868,22.3846
0.0211917,22.4076
0.0211967,22.4304
0.0212044,22.4533
0.0212122,22.4763
0.02122,22.4991
0.0212277,22.5221
0.0212354,22.545
0.0212404,22.568
0.0212484,22.5907
0.0212537,22.6134
0.021262,22.6361
0.0212678,22.6585
0.0212737,22.681
0.0212825,22.7033
0.0212886,22.7257
0.0212948,22.7479
0.021304,22.7702
0.0213104,22.7923
0.0213197,22.8145
0.0213261,22.8368
0.0213297,22.8589
0.021336,22.8811
0.0213453,22.9033
0.0213517,22.9254
0.021358,22.9476
0.0213643,22.9698
0.0213734,22.9922
0.0213765,23.0145
0.0213854,23.0368
0.0213914,23.0593
0.0213973,23.0816
0.0214029,23.1042
0.0214085,23.1268
0.0214168,23.1494
0.0214221,23.1721
0.0214331,23.1949
0.0214383,23.2176
0.0214435,23.2404
0.0214487,23.2632
0.0214569,23.2859
0.0214651,23.3086
0.0214703,23.3313
0.0214756,23.3541
0.0214837,23.3768
0.021489,23.3995
0.0214943,23.4222
0.0215025,23.4449
0.0215078,23.4676
0.021513,23.4904
0.0215181,23.5132
0.0215261,23.536
0.0215315,23.5587
0.0215371,23.5813
0.0215454,23.6039
0.0215511,23.6263
0.0215567,23.6489
0.0215623,23.6715
0.0215677,23.6942
0.0215762,23.7166
0.0215817,23.7394
0.02159,23.7619
0.0215983,23.7846
0.0216035,23.8075
0.0216113,23.8303
0.0216191,23.8532
0.0216241,23.8761
0.021632,23.8989
0.0216369,23.9218
0.0216446,23.9448
0.0216524,23.9676
0.0216601,23.9906
0.0216649,24.0136
0.0216697,24.0365
0.0216777,24.0593
0.0216883,24.0822
0.0216931,24.1052
0.0217008,24.1281
0.0217115,24.1511
0.0217164,24.1739
0.0217216,24.1967
0.0217266,24.2196
0.021735,24.2422
0.0217408,24.2646
0.0217463,24.2873
0.0217521,24.3098
0.0217609,24.3321
0.021767,24.3545
0.0217761,24.3767
0.0217822,24.399
0.0217883,24.4214
0.021797,24.4438
0.0218027,24.4664
0.021808,24.4891
0.0218165,24.5117
0.0218247,24.5343
0.0218299,24.5571
0.021838,24.5798
0.0218429,24.6028
0.0218479,24.6256
0.0218528,24.6485
0.0218606,24.6714
0.0218683,24.6943
0.0218731,24.7173
0.0218809,24.7402
0.0218886,24.7632
0.0218965,24.786
0.0219012,24.8091
0.0219061,24.8319
0.0219137,24.8548
0.0219187,24.8778
0.0219296,24.9006
0.0219344,24.9236
0.0219422,24.9464
0.021947,24.9693
0.0219549,24.9922
0.0219627,25.0151
0.0219707,25.0379
0.0219759,25.0606
0.0219811,25.0835
0.0219892,25.1062
0.0219973,25.1289
0.0220028,25.1516
0.0220113,25.174
0.0220168,25.1967
0.0220251,25.2193
0.0220308,25.2419
0.0220364,25.2645
0.0220417,25.2872
0.0220498,25.3099
0.022058,25.3326
0.0220659,25.3554
0.0220738,25.3784
0.0220787,25.4012
0.0220864,25.4242
0.0220912,25.4471
0.0220986,25.4702
0.0221058,25.4934
0.0221128,25.5167
0.0221169,25.54
0.0221265,25.5634
0.0221331,25.5869
0.0221422,25.6106
0.0221482,25.6344
0.022157,25.6582
0.0221626,25.6821
0.0221707,25.7063
0.0221759,25.7304
0.0221839,25.7546
0.0221919,25.7789
0.0221971,25.8031
0.0222052,25.8272
0.0222105,25.8513
0.0222188,25.8753
0.0222242,25.8995
0.0222297,25.9234
0.0222384,25.9472
0.0222444,25.9712
0.0222503,25.9948
0.0222565,26.0186
0.0222626,26.0423
0.0222686,26.0661
0.0222747,26.0898
0.0222806,26.1136
0.0222863,26.1375
0.0222921,26.1613
0.0222976,26.1854
0.0223058,26.2096
0.0223109,26.2337
0.0223188,26.258
0.0223238,26.2822
0.0223317,26.3065
0.0223366,26.3308
0.0223443,26.3552
0.0223491,26.3795
0.0223568,26.4039
0.0223647,26.4281
0.0223697,26.4524
0.0223748,26.4765
0.0223828,26.5008
0.0223907,26.5251
0.0223955,26.5494
0.0224033,26.5737
0.0224083,26.598
0.0224162,26.6223
0.0224239,26.6466
0.0224288,26.6709
0.0224366,26.6952
0.0224414,26.7195
0.0224492,26.7439
0.0224572,26.768
0.0224622,26.7923
0.0224703,26.8165
0.0224783,26.8407
0.0224835,26.8648
0.0224914,26.889
0.0224968,26.9132
0.0225049,26.9372
0.0225103,26.9614
0.0225185,26.9854
0.0225264,27.0097
0.0225315,27.0339
0.0225369,27.0581
0.0225448,27.0823
0.0225527,27.1066
0.0225576,27.1309
0.0225651,27.1553
0.0225725,27.1798
0.0225797,27.2045
0.0225867,27.2291
0.0225935,27.2539
0.0226005,27.2786
0.022607,27.3035
0.0226137,27.3284
0.0226233,27.3531
0.0226297,27.3782
0.022636,27.4032
0.0226423,27.4282
0.0226486,27.4532
0.0226548,27.4783
0.022661,27.5034
0.0226702,27.5284
0.0226767,27.5533
0.022686,27.5782
0.0226928,27.6031
0.0226967,27.6279
0.022704,27.6525
0.0227113,27.677
0.022719,27.7013
0.0227242,27.7256
0.0227324,27.7496
0.0227405,27.7738
0.0227489,27.7978
0.0227576,27.8216
0.0227663,27.8456
0.0227751,27.8694
0.0227808,27.8933
0.0227922,27.9172
0.0227977,27.9413
0.0228062,27.9652
0.0228144,27.9894
0.0228226,28.0134
0.0228276,28.0377
0.0228382,28.0621
0.0228458,28.0864
0.0228505,28.1108
0.022861,28.1352
0.0228656,28.1597
0.0228732,28.1841
0.0228807,28.2086
0.0228883,28.2329
0.022899,28.2573
0.0229066,28.2817
0.0229172,28.306
0.0229249,28.3304
0.0229327,28.3547
0.0229405,28.379
0.0229485,28.4032
0.0229565,28.4275
0.0229645,28.4517
0.0229725,28.4758
0.0229805,28.5
0.0229886,28.5242
0.0229939,28.5483
0.023002,28.5725
0.0230073,28.5967
0.0230153,28.6208
0.0230231,28.6451
0.023028,28.6694
0.0230356,28.6938
0.023043,28.7184
0.0230501,28.7429
0.0230599,28.7677
0.0230667,28.7925
0.0230733,28.8174
0.0230796,28.8424
0.0230884,28.8677
0.0230944,28.8928
0.023103,28.9181
0.0231086,28.9435
0.0231139,28.969
0.0231221,28.9945
0.0231302,29.0201
0.0231352,29.0458
0.0231402,29.0714
0.023148,29.097
0.023153,29.1228
0.0231608,29.1484
0.0231688,29.1741
0.0231768,29.1997
0.0231848,29.2253
0.0231871,29.2508
0.0231924,29.2764
0.0232009,29.3018
0.0232064,29.3271
0.0232122,29.3524
0.023218,29.3778
0.0232209,29.4031
0.0232296,29.4282
0.0232357,29.4534
0.0232446,29.4786
0.0232507,29.5037
0.0232568,29.5288
0.023263,29.5539
0.0232722,29.579
0.0232755,29.604
0.0232818,29.629
0.023288,29.6542
0.0232942,29.6792
0.0233003,29.7043
0.0233064,29.7295
0.0233123,29.7546
0.0233211,29.7799
0.0233267,29.8053
0.0233352,29.8307
0.0233377,29.8561
0.0233456,29.8817
0.0233536,29.9073
0.0233583,29.9332
0.023366,29.959
0.0233706,29.9847
0.0233752,30.0106
0.0233827,30.0365
0.0233901,30.0624
0.0233945,30.0884
0.0234049,30.1143
0.0234096,30.14
0.0234144,30.1658
0.0234194,30.1914
0.0234272,30.2172
0.0234352,30.2427
0.0234405,30.2683
0.0234483,30.2939
0.0234535,30.3196
0.0234586,30.3451
0.0234638,30.3707
0.0234719,30.3962
0.02348,30.4217
0.0234881,30.4474
0.023493,30.4731
0.0235007,30.4989
0.0235053,30.5248
0.0235129,30.5505
0.0235232,30.5764
0.0235305,30.6024
0.0235376,30.6284
0.0235444,30.6547
0.0235511,30.6808
0.0235577,30.7071
0.0235643,30.7334
0.0235737,30.7598
0.0235802,30.7861
0.0235866,30.8125
0.0235957,30.839
0.0236021,30.8653
0.0236086,30.8917
0.0236182,30.918
0.0236247,30.9443
0.0236285,30.9706
0.0236355,30.9966
0.0236455,31.0227
0.0236499,31.0486
0.0236572,31.0746
0.0236644,31.1006
0.0236718,31.1265
0.023679,31.1525
0.0236833,31.1785
0.0236906,31.2045
0.0236978,31.2305
0.023702,31.2565
0.023709,31.2826
0.0237162,31.3086
0.0237202,31.3347
0.0237273,31.3607
0.0237341,31.387
0.023741,31.4131
0.023748,31.4392
0.0237578,31.4653
0.0237645,31.4916
0.0237711,31.5178
0.0237749,31.5441
0.0237846,31.5703
0.0237948,31.5963
0.023802,31.6222
0.0238096,31.6481
0.023817,31.6739
0.0238243,31.6998
0.0238347,31.7257
0.0238422,31.7516
0.0238497,31.7775
0.0238543,31.8033
0.0238613,31.8293
0.0238683,31.8555
0.0238751,31.8817
0.0238818,31.908
0.0238886,31.9341
0.0238957,31.9602
0.0239026,31.9863
0.0239067,32.0124
0.0239141,32.0383
0.0239217,32.0641
0.0239293,32.09
0.0239369,32.1157
0.0239414,32.1416
0.0239488,32.1676
0.0239588,32.1936
0.0239656,32.2198
0.0239724,32.246
0.0239822,32.2721
0.0239913,32.2986
0.0239971,32.3253
0.0240056,32.352
0.0240139,32.3789
0.0240191,32.4059
0.0240271,32.4329
0.0240317,32.4601
0.0240393,32.4874
0.0240466,32.5146
0.0240537,32.5421
0.024058,32.5696
0.0240681,32.5969
0.0240756,32.6243
0.0240804,32.6514
0.0240854,32.6785
0.0240907,32.7053
0.0240993,32.732
0.0241026,32.7585
0.0241119,32.7849
0.0241187,32.8111
0.0241258,32.8372
0.0241301,32.8632
0.0241403,32.8892
0.024145,32.9149
0.0241526,32.9408
0.0241603,32.9665
0.0241679,32.9923
0.0241755,33.0182
0.0241833,33.0438
0.0241911,33.0696
0.0241986,33.0955
0.0242061,33.1212
0.0242164,33.1472
0.0242236,33.1732
0.0242308,33.1992
0.0242379,33.2252
0.0242478,33.2513
0.0242517,33.2775
0.0242612,33.3038
0.0242676,33.3302
0.0242741,33.3566
0.0242836,33.3828
0.0242906,33.4089
0.0242975,33.4351
0.0243045,33.4612
0.0243147,33.4871
0.0243191,33.5131
0.0243266,33.5389
0.0243341,33.5647
0.0243418,33.5904
0.0243495,33.6162
0.0243572,33.6421
0.0243646,33.668
0.0243693,33.6937
0.0243767,33.7196
0.024384,33.7456
0.0243912,33.7716
0.0243984,33.7976
0.0244027,33.8236
0.0244099,33.8496
0.0244201,33.8755
0.0244271,33.9016
0.0244341,33.9277
0.0244411,33.9538
0.0244479,33.98
0.0244548,34.0062
0.0244645,34.0323
0.0244713,34.0586
0.024478,34.0848
0.0244845,34.1111
0.0244938,34.1376
0.0245004,34.1638
0.0245098,34.1902
0.024519,34.2165
0.0245254,34.2429
0.0245319,34.2693
0.0245413,34.2956
0.0245508,34.3219
0.0245575,34.3481
0.0245641,34.3745
0.0245707,34.4007
0.0245774,34.427
0.0245841,34.4532
0.0245937,34.4795
0.0246007,34.5056
0.0246049,34.5316
0.0246119,34.5577
0.024619,34.5837
0.0246229,34.6099
0.02463,34.636
0.0246373,34.662
0.0246414,34.688
0.0246485,34.7141
0.0246585,34.7401
0.0246656,34.7661
0.0246696,34.7924
0.0246766,34.8184
0.0246837,34.8445
0.0246906,34.8706
0.0246975,34.8967
0.0247044,34.9228
0.0247114,34.949
0.0247187,34.975
0.0247259,35.001
0.0247329,35.027
0.0247399,35.0531
0.0247499,35.0792
0.0247568,35.1053
0.0247637,35.1315
0.0247707,35.1576
0.0247774,35.1838
0.0247872,35.21
0.0247939,35.2362
0.0248007,35.2624
0.0248076,35.2886
0.0248148,35.3146
0.0248191,35.3406
0.0248265,35.3664
0.0248342,35.3922
0.024842,35.418
0.0248498,35.4436
0.0248576,35.4692
0.0248657,35.4949
0.0248734,35.5206
0.0248812,35.5464
0.0248858,35.5723
0.024896,35.5981
0.0249031,35.6241
0.0249098,35.6504
0.0249161,35.6769
0.0249253,35.7032
0.0249311,35.73
0.0249392,35.757
0.0249472,35.7839
0.0249522,35.811
0.0249597,35.8382
0.024967,35.8656
0.0249742,35.8931
0.0249812,35.9205
0.0249884,35.948
0.0249954,35.9755
0.0250028,36.0028
0.0250104,36.03
0.0250152,36.0571
0.0250231,36.0842
0.0250314,36.1111
0.02504,36.1378
0.0250459,36.1644
0.025055,36.1909
0.0250618,36.217
0.0250687,36.2433
0.0250787,36.2693
0.025089,36.2952
0.0250964,36.3212
0.0251067,36.347
0.0251139,36.373
0.025124,36.399
0.025131,36.425
0.0251411,36.4512
0.0251505,36.4774
0.025157,36.5038
0.0251632,36.5303
0.0251719,36.5569
0.0251806,36.5836
0.0251891,36.6103
0.0251974,36.6373
0.0252057,36.6641
0.0252139,36.691
0.025222,36.718
0.0252303,36.7449
0.0252389,36.7716
0.0252473,36.7985
0.0252559,36.8252
0.0252648,36.8518
0.0252708,36.8783
0.0252798,36.9049
0.0252859,36.9314
0.0252951,36.9579
0.025301,36.9845
0.0253099,37.011
0.0253184,37.0378
0.0253241,37.0646
0.0253325,37.0913
0.0253408,37.1183
0.0253462,37.1451
0.0253544,37.172
0.0253624,37.1991
0.0253673,37.2262
0.0253752,37.2532
0.025383,37.2803
0.0253906,37.3075
0.0253982,37.3347
0.0254057,37.3621
0.0254131,37.3893
0.0254203,37.4167
0.0254273,37.4442
0.0254344,37.4717
0.0254412,37.4993
0.0254481,37.5268
0.0254549,37.5544
0.0254647,37.582
0.0254716,37.6095
0.0254785,37.6371
0.0254854,37.6645
0.0254953,37.692
0.0254997,37.7195
0.025507,37.7468
0.0255145,37.774
0.025522,37.8013
0.0255297,37.8285
0.0255346,37.8556
0.0255425,37.8827
0.0255504,37.9097
0.0255585,37.9366
0.0255665,37.9637
0.0255743,37.9908
0.0255823,38.0178
0.0255905,38.0447
0.025596,38.0715
0.0256044,38.0984
0.0256125,38.1254
0.0256177,38.1523
0.0256256,38.1793
0.0256334,38.2065
0.0256411,38.2336
0.0256488,38.2609
0.0256565,38.288
0.0256639,38.3153
0.0256712,38.3426
0.0256784,38.3701
0.0256856,38.3975
0.0256926,38.4249
0.0256998,38.4524
0.0257069,38.4799
0.0257141,38.5072
0.0257213,38.5345
0.0257285,38.562
0.0257359,38.5893
0.0257437,38.6164
0.0257513,38.6437
0.0257565,38.6706
0.0257648,38.6975
0.0257701,38.7244
0.0257786,38.7512
0.0257843,38.7778
0.025793,38.8046
0.025799,38.8312
0.0258049,38.8578
0.0258162,38.8846
0.0258218,38.9114
0.0258301,38.9382
0.0258384,38.9651
0.0258498,38.9918
0.0258582,39.0187
0.0258663,39.0456
0.0258743,39.0727
0.0258821,39.0998
0.0258926,39.1269
0.0259002,39.1542
0.0259106,39.1815
0.0259179,39.2089
0.0259253,39.2362
0.0259323,39.2637
0.0259422,39.2911
0.0259494,39.3186
0.0259565,39.3459
0.0259666,39.3734
0.0259738,39.4009
0.0259811,39.4282
0.0259884,39.4556
0.0259958,39.4829
0.0260031,39.5102
0.0260104,39.5376
0.0260179,39.5648
0.0260253,39.5922
0.0260325,39.6195
0.0260398,39.6468
0.0260441,39.6743
0.026054,39.7018
0.0260611,39.7292
0.0260679,39.7568
0.0260785,39.7826
0.0260932,39.8064
0.0261117,39.8297
0.0261281,39.8527
0.0261482,39.8752
0.0261627,39.8977
0.0261805,39.9199
0.0261959,39.942
0.0262174,39.9639
0.0262364,39.9856
0.0262487,40.0091
0.0262629,40.0345
0.0262703,40.0605
0.02628,40.0868
0.0262921,40.1132
0.0263013,40.1395
0.0263072,40.1663
0.0263159,40.1929
0.0263246,40.2196
0.0263303,40.2463
0.0263365,40.2728
0.0263459,40.2991
0.0263526,40.3253
0.0263625,40.3514
0.0263726,40.3774
0.0263827,40.4034
0.0263904,40.4292
0.0263982,40.455
0.0264088,40.4807
0.0264196,40.5063
0.0264273,40.5321
0.0264376,40.558
0.0264478,40.584
0.026455,40.61
0.0264649,40.6361
0.0264747,40.6622
0.0264872,40.6885
0.0264965,40.7148
0.0265059,40.7412
0.0265152,40.7676
0.0265242,40.7941
0.0265362,40.8206
0.0265452,40.847
0.0265542,40.8737
0.0265631,40.9003
0.0265721,40.9268
0.0265811,40.9532
0.0265931,40.9797
0.0265994,41.0062
0.0266087,41.0326
0.0266181,41.059
0.0266249,41.0851
0.0266347,41.1113
0.0266445,41.1375
0.0266544,41.1636
0.0266616,41.1896
0.0266717,41.2156
0.0266791,41.2415
0.0266896,41.2672
0.0266997,41.2932
0.0267073,41.3191
0.0267177,41.3448
0.0267253,41.3707
0.026739,41.3964
0.0267469,41.4221
0.0267545,41.4479
0.0267652,41.4736
0.0267729,41.4993
0.0267833,41.5251
0.0267911,41.5509
0.0268018,41.5767
0.0268121,41.6025
0.0268197,41.6283
0.02683,41.6542
0.0268406,41.6799
0.0268513,41.7057
0.0268593,41.7313
0.0268702,41.7568
0.0268785,41.7823
0.0268897,41.8079
0.0268983,41.8333
0.0269099,41.8584
0.0269189,41.8835
0.0269313,41.9084
0.026941,41.9332
0.0269509,41.958
0.0269639,41.9825
0.0269743,42.0071
0.026985,42.0314
0.0269992,42.0554
0.0270106,42.0793
0.0270225,42.103
0.0270377,42.1266
0.0270535,42.1498
0.0270669,42.1729
0.0270809,42.1956
0.0280498,41.7581
