"Maximum force",35.4109,"N"
"Gage length ",0.963813,"mm"
"Strain energy",0.303025,"mJ"
"Deformation at maximum force",0.0218581,"mm"
"Standard travel","Standard force"
"mm","N"
0,0.205544
1.03563e-006,0.206429
2.07126e-006,0.207317
3.30806e-006,0.208107
4.61191e-006,0.208866
5.93066e-006,0.209618
7.68155e-006,0.210167
9.6038e-006,0.21063
8.61287e-006,0.211109
1.05351e-005,0.211571
1.2286e-005,0.21212
1.10865e-005,0.212692
1.30534e-005,0.213131
1.49384e-005,0.213617
1.67862e-005,0.214117
1.57505e-005,0.214609
1.73748e-005,0.215216
1.87829e-005,0.215925
1.7263e-005,0.216646
1.87084e-005,0.217337
1.70842e-005,0.218115
1.82241e-005,0.218943
1.68309e-005,0.21961
1.56239e-005,0.220182
1.7494e-005,0.220669
1.65105e-005,0.221138
1.82688e-005,0.22168
1.73002e-005,0.222141
1.65887e-005,0.222479
1.8809e-005,0.222799
1.83713e-005,0.223012
1.82381e-005,0.223074
1.77929e-005,0.223286
1.73794e-005,0.223482
2.0151e-005,0.223545
1.99052e-005,0.223662
1.96407e-005,0.223787
2.22037e-005,0.223944
2.1656e-005,0.224211
2.1142e-005,0.224453
2.08439e-005,0.224594
2.03969e-005,0.224806
1.97189e-005,0.225126
1.9026e-005,0.225456
1.81021e-005,0.225895
1.72229e-005,0.226311
1.64816e-005,0.226662
1.56881e-005,0.227039
1.78339e-005,0.22739
1.72043e-005,0.227697
1.66418e-005,0.227963
1.626e-005,0.228144
1.59638e-005,0.228285
1.85268e-005,0.228441
1.79941e-005,0.228701
1.74986e-005,0.228935
1.72649e-005,0.229045
1.71824e-005,0.229085
1.9969e-005,0.229139
1.9907e-005,0.229171
1.95103e-005,0.229359
2.20137e-005,0.229547
2.16728e-005,0.229711
2.13915e-005,0.229844
2.10954e-005,0.229985
2.39117e-005,0.230025
2.66088e-005,0.230126
2.63462e-005,0.230251
2.89241e-005,0.2304
2.84752e-005,0.230619
3.07402e-005,0.230917
3.27518e-005,0.23134
3.20068e-005,0.231701
3.39141e-005,0.23217
3.28338e-005,0.232689
3.48901e-005,0.233088
3.66336e-005,0.233637
3.84366e-005,0.234159
4.05973e-005,0.234514
4.26536e-005,0.234913
4.47249e-005,0.235313
4.41512e-005,0.235586
4.9158e-005,0.235964
5.14677e-005,0.236246
5.41946e-005,0.236332
5.65639e-005,0.23659
5.89332e-005,0.236842
6.4089e-005,0.237147
6.33178e-005,0.237523
6.52997e-005,0.237954
7.04555e-005,0.238266
7.26311e-005,0.238612
7.46725e-005,0.239028
7.65054e-005,0.239535
7.82488e-005,0.240084
8.26595e-005,0.240748
8.41795e-005,0.241408
8.56919e-005,0.242068
8.96258e-005,0.242953
9.08403e-005,0.243758
9.51318e-005,0.244479
9.92743e-005,0.245265
0.000100511,0.246062
0.000101897,0.246783
0.000105831,0.247668
0.000110003,0.248454
0.000111292,0.24922
0.000115464,0.249987
0.000116888,0.250701
0.000121268,0.251376
0.0001255,0.25212
0.000129673,0.252894
0.000134024,0.253592
0.000138256,0.254336
0.000142368,0.255145
0.000143412,0.256037
0.000147554,0.256827
0.000151518,0.257697
0.000155571,0.258536
0.000159415,0.25947
0.000162962,0.260539
0.000166344,0.261691
0.000169667,0.262873
0.000172901,0.264094
0.000173212,0.26533
0.000179262,0.266581
0.000182227,0.267939
0.000182318,0.269274
0.000188219,0.270609
0.000191184,0.27196
0.000191192,0.273333
0.000196885,0.274767
0.000202517,0.276225
0.000208001,0.277766
0.000213932,0.279086
0.000216957,0.280406
0.000222679,0.281825
0.000228222,0.283335
0.000233825,0.284808
0.000236522,0.286288
0.000242214,0.287715
0.000247757,0.289218
0.00025035,0.290751
0.000255804,0.2923
0.000261019,0.293948
0.000266205,0.295626
0.000268306,0.297389
0.000273164,0.299227
0.000280614,0.30118
0.000282104,0.30324
0.000286396,0.305346
0.000290926,0.30733
0.000298347,0.309313
0.000302728,0.311389
0.00030684,0.313555
0.000310894,0.315768
0.00031219,0.317919
0.000319491,0.319949
0.000321131,0.321948
0.00032569,0.323901
0.00033332,0.325793
0.000338178,0.327639
0.000343065,0.329455
0.000348102,0.331202
0.000353019,0.333003
0.000357847,0.334841
0.000365596,0.336672
0.000367533,0.338519
0.000372301,0.340388
0.000377308,0.34215
0.000381957,0.344073
0.000389557,0.345988
0.000393997,0.348002
0.000401358,0.350031
0.00040571,0.352107
0.00041012,0.354136
0.000417362,0.356211
0.000421833,0.358241
0.000426303,0.360255
0.000430416,0.362437
0.00043736,0.364649
0.000440936,0.367091
0.000447492,0.369486
0.000451173,0.371882
0.000455077,0.374171
0.000461902,0.376444
0.000465746,0.378748
0.000472303,0.381144
0.000476028,0.383509
0.000482793,0.385813
0.000486846,0.388026
0.000493999,0.390147
0.000498112,0.392344
0.000502344,0.39445
0.000509526,0.396555
0.000513758,0.398692
0.000520851,0.400843
0.000524815,0.403101
0.000531282,0.405543
0.00053462,0.408091
0.000540729,0.4107
0.000546868,0.41331
0.000550236,0.415843
0.000556167,0.418543
0.000562038,0.421259
0.000567909,0.423991
0.000573869,0.426676
0.000577013,0.429316
0.000582914,0.432032
0.000588338,0.434977
0.000590752,0.437968
0.000596295,0.440852
0.000602345,0.443476
0.000605415,0.446162
0.000611405,0.448832
0.000617246,0.451579
0.000623267,0.454234
0.000629674,0.456706
0.000633757,0.458903
0.000641506,0.460726
0.000652234,0.462534
0.000656675,0.464564
0.000666271,0.466914
0.000670265,0.469142
0.000676792,0.471568
0.000680189,0.474085
0.00068606,0.476817
0.000691752,0.479624
0.000697176,0.482569
0.000702273,0.485652
0.000707399,0.488734
0.000712644,0.491755
0.000717889,0.494792
0.000720377,0.497736
0.000726427,0.500391
0.000732835,0.502863
0.000739362,0.505274
0.00074568,0.507792
0.000752087,0.510249
0.000758763,0.512614
0.000765617,0.514872
0.000772531,0.5171
0.000779416,0.519343
0.000786062,0.521708
0.000792469,0.52418
0.000798877,0.526652
0.000808056,0.52917
0.000811379,0.531748
0.000817131,0.534525
0.000825416,0.537486
0.000827934,0.540431
0.000833418,0.543345
0.000841703,0.54629
0.000847067,0.549265
0.000852253,0.552317
0.000857319,0.55543
0.00085951,0.558527
0.000867735,0.561503
0.000873338,0.564372
0.00087897,0.567194
0.000884335,0.570185
0.000889521,0.573222
0.000894915,0.576182
0.00090314,0.579173
0.000908147,0.582301
0.000916015,0.585444
0.000920932,0.588633
0.000925939,0.591776
0.000931125,0.594843
0.000936429,0.597819
0.000944774,0.600764
0.000949989,0.6038
0.000957857,0.606944
0.000963162,0.60995
0.000968705,0.612833
0.000974278,0.615702
0.000982623,0.618647
0.000987689,0.621745
0.000995498,0.624934
0.00100027,0.628184
0.00100483,0.631526
0.00101219,0.634928
0.00101955,0.638331
0.00102366,0.641886
0.00102754,0.645564
0.00103153,0.64918
0.0010385,0.65275
0.00104551,0.656321
0.00104959,0.659892
0.00105376,0.663432
0.00106118,0.666804
0.00106887,0.670039
0.00107373,0.673243
0.00107862,0.676447
0.0010866,0.679545
0.00108884,0.682627
0.00109683,0.685725
0.00110493,0.688776
0.00110979,0.691981
0.00111715,0.695368
0.00112421,0.698908
0.00113101,0.70257
0.00113481,0.706294
0.00114137,0.710078
0.00114485,0.713923
0.00115379,0.717921
0.0011572,0.721858
0.00116323,0.725886
0.00116933,0.729853
0.00117272,0.73379
0.00117614,0.737666
0.00118258,0.741496
0.0011892,0.745249
0.00119575,0.749033
0.00120243,0.752757
0.00120887,0.756587
0.00121492,0.760584
0.00122106,0.764582
0.00122743,0.768458
0.00123378,0.772334
0.00123998,0.77627
0.00124603,0.780299
0.00125229,0.784205
0.00125867,0.788096
0.00126493,0.792002
0.00127139,0.795832
0.00127771,0.799723
0.00128391,0.80366
0.00129002,0.807658
0.00129634,0.811549
0.00130277,0.815394
0.00130912,0.81927
0.00131204,0.82339
0.00131762,0.827631
0.00132313,0.831904
0.00132849,0.836237
0.0013369,0.84054
0.00134232,0.844843
0.00134778,0.849146
0.00135332,0.853419
0.00135874,0.857722
0.00136703,0.862055
0.00137263,0.866297
0.00137832,0.870478
0.00138709,0.874598
0.00139015,0.878657
0.00139933,0.882563
0.00140574,0.886424
0.00141203,0.89033
0.00142103,0.894328
0.00142705,0.898356
0.00143322,0.902323
0.00143921,0.906382
0.0014452,0.91041
0.00145372,0.914622
0.00145948,0.918803
0.00146505,0.923045
0.00147053,0.927348
0.00147599,0.931651
0.00148385,0.936167
0.00148597,0.940684
0.00149366,0.945292
0.00150159,0.949778
0.00150665,0.954295
0.00151169,0.958781
0.00151944,0.963389
0.00152427,0.967997
0.00152915,0.972544
0.00153684,0.977183
0.00154471,0.981699
0.00154969,0.986247
0.00155487,0.990672
0.00156298,0.995097
0.00157132,0.9994
0.00157696,1.00361
0.00158259,1.00785
0.00159081,1.01219
0.00159612,1.01658
0.00160428,1.02098
0.00160962,1.02534
0.0016179,1.02967
0.00162312,1.0341
0.00162804,1.03865
0.00163552,1.04338
0.00164058,1.04783
0.00164887,1.05216
0.00165441,1.05644
0.00165984,1.06077
0.00166824,1.06504
0.00167694,1.06919
0.00168293,1.07325
0.00169181,1.07728
0.00169766,1.0814
0.00170356,1.08549
0.0017119,1.08979
0.00172001,1.09422
0.00172531,1.09861
0.00173342,1.10301
0.00173875,1.1074
0.00174704,1.1117
0.0017552,1.1161
0.00176036,1.12055
0.00176853,1.12495
0.00177651,1.12944
0.00178444,1.13392
0.00178954,1.13841
0.00179752,1.14286
0.00180563,1.14729
0.00181368,1.15177
0.00182113,1.1565
0.00182831,1.16136
0.00183263,1.16621
0.00183984,1.17106
0.00184422,1.17585
0.00185146,1.1807
0.0018585,1.18562
0.00186559,1.19053
0.00186979,1.19541
0.00187677,1.20039
0.00188395,1.20524
0.00189122,1.21006
0.00189575,1.21479
0.00190362,1.21931
0.00191202,1.22358
0.00191789,1.22773
0.00192964,1.23179
0.00193551,1.23591
0.00194427,1.24
0.00195297,1.24415
0.00196155,1.24833
0.0019702,1.25251
0.00197854,1.25682
0.00198629,1.26142
0.00199356,1.26625
0.00200045,1.27125
0.00200706,1.27638
0.00201359,1.28153
0.00201952,1.287
0.00202575,1.29231
0.00203183,1.29768
0.002038,1.30302
0.00204712,1.30836
0.00205034,1.31373
0.00205639,1.3191
0.00206527,1.32453
0.00207141,1.32991
0.00207749,1.33528
0.00208401,1.34046
0.00209051,1.34565
0.00210017,1.35072
0.00210708,1.35569
0.00211417,1.36061
0.00212124,1.36552
0.00212833,1.3704
0.00213545,1.37528
0.00214552,1.38017
0.00215295,1.38493
0.0021604,1.38966
0.00216749,1.39457
0.00217437,1.39955
0.0021809,1.40473
0.0021902,1.40995
0.00219658,1.4152
0.00220272,1.42054
0.00220862,1.42604
0.00221148,1.43156
0.00222,1.43714
0.00222534,1.44291
0.00223386,1.4485
0.00223958,1.45405
0.0022453,1.4596
0.00225114,1.4651
0.00225713,1.47053
0.00226655,1.47569
0.00227317,1.48084
0.00227996,1.48588
0.00228691,1.49085
0.00229716,1.49562
0.00230443,1.50047
0.00231158,1.50532
0.00231877,1.51021
0.00232581,1.51512
0.0023329,1.52004
0.00234262,1.52504
0.00234956,1.53005
0.00235632,1.53508
0.00236562,1.5403
0.00237188,1.54561
0.00237853,1.55074
0.00238541,1.55574
0.00239247,1.56065
0.00239975,1.56548
0.0024072,1.57021
0.00241465,1.57494
0.00242234,1.57958
0.00243003,1.58418
0.00244093,1.58867
0.00244898,1.59309
0.0024539,1.59767
0.00246445,1.60231
0.0024722,1.60689
0.00247968,1.61162
0.00248719,1.61632
0.00249446,1.62114
0.00250471,1.6259
0.00250936,1.6306
0.00251973,1.63533
0.00252718,1.64006
0.00253448,1.64488
0.00254468,1.64967
0.00255201,1.65447
0.00256238,1.6592
0.00256941,1.66414
0.00257659,1.66899
0.00258324,1.67412
0.00258983,1.67925
0.00259906,1.68449
0.00260818,1.68984
0.00261489,1.6949
0.00262115,1.70021
0.00262735,1.70555
0.00263664,1.71077
0.00264275,1.71614
0.00265205,1.72136
0.00265879,1.72646
0.00266585,1.73137
0.00267604,1.73616
0.00268367,1.74083
0.002691,1.74562
0.00269851,1.75032
0.00270901,1.75499
0.00271625,1.75984
0.00272394,1.76445
0.00273419,1.76924
0.00274143,1.77406
0.00275109,1.77913
0.00275737,1.78441
0.00276405,1.78951
0.00277317,1.79482
0.00278288,1.79988
0.00278902,1.80522
0.00279552,1.81041
0.00280175,1.81572
0.00281337,1.81848
0.00283185,1.81935
0.00285188,1.81952
0.00286988,1.81923
0.00288752,1.81917
0.00290838,1.81893
0.00292591,1.81887
0.00294701,1.8185
0.00296525,1.81814
0.00298062,1.81773
0.0029938,1.81974
0.00300339,1.82348
0.00301221,1.82757
0.00302044,1.83194
0.0030261,1.83612
0.00303463,1.84036
0.00304357,1.84439
0.00305245,1.84845
0.00306169,1.85232
0.00307134,1.856
0.00308088,1.85975
0.00308726,1.86363
0.00309608,1.86769
0.00310496,1.87175
0.00311366,1.8759
0.00312224,1.88008
0.00312752,1.88447
0.00313545,1.88899
0.00314314,1.8936
0.003151,1.89814
0.00315869,1.90275
0.00316656,1.9073
0.00317431,1.91188
0.00318212,1.91645
0.00318993,1.921
0.00319791,1.92549
0.00320614,1.92988
0.00321442,1.93422
0.00322527,1.9387
0.00323028,1.94322
0.0032388,1.94743
0.00324732,1.95164
0.00325603,1.95579
0.00326479,1.95994
0.00327361,1.964
0.00328267,1.96797
0.00329227,1.97169
0.00330204,1.97532
0.003312,1.97888
0.00332183,1.98248
0.00333131,1.98625
0.00334126,1.98979
0.00335116,1.99339
0.00336087,1.99704
0.00336728,2.0009
0.00337348,2.00483
0.00338242,2.00883
0.00338856,2.01283
0.00339786,2.0167
0.00340423,2.02056
0.00341371,2.02433
0.00342042,2.02804
0.00343037,2.03158
0.0034408,2.03489
0.00344903,2.03788
0.00346029,2.04081
0.00347132,2.04386
0.00348205,2.04704
0.00348941,2.05044
0.00349966,2.05384
0.0035066,2.05746
0.00351638,2.06108
0.0035235,2.06459
0.00353399,2.06787
0.00354293,2.07054
0.003557,2.07212
0.0035716,2.07347
0.00358686,2.0745
0.0035998,2.07526
0.00361309,2.07586
0.0036293,2.07645
0.00364188,2.07737
0.00365672,2.07859
0.00366786,2.08019
0.00368038,2.08254
0.00368783,2.08588
0.00369513,2.08932
0.00370509,2.09286
0.00371197,2.09649
0.0037188,2.10014
0.00372881,2.10366
0.00373599,2.10714
0.00374321,2.11062
0.0037531,2.11419
0.00376264,2.11791
0.0037691,2.12176
0.0037781,2.12572
0.00378418,2.12975
0.00379017,2.13378
0.00379894,2.1379
0.00380484,2.14199
0.00381408,2.1459
0.00382361,2.14962
0.00383321,2.15334
0.00384015,2.15694
0.00384683,2.16067
0.00385642,2.16438
0.00386578,2.16821
0.0038749,2.17214
0.0038805,2.17638
0.00388551,2.1809
0.00389296,2.18563
0.00390041,2.19036
0.00390536,2.19491
0.00391028,2.19946
0.00391832,2.20391
0.00392667,2.20821
0.00393567,2.21221
0.00394228,2.216
0.00394959,2.21941
0.00396014,2.22266
0.00397075,2.22591
0.0039782,2.22927
0.00398827,2.23275
0.00399816,2.23634
0.00400776,2.24004
0.00401357,2.24419
0.00402138,2.24871
0.00402591,2.25347
0.00403294,2.25841
0.00403694,2.26339
0.00404379,2.26842
0.00404767,2.27346
0.00405491,2.27831
0.00405971,2.28292
0.00406793,2.28728
0.00407687,2.29131
0.00408599,2.29525
0.00409487,2.29931
0.00410393,2.30328
0.00411329,2.30712
0.00412283,2.31086
0.00413224,2.31466
0.00413809,2.31878
0.00414661,2.32299
0.0041546,2.32748
0.00416229,2.33208
0.00416997,2.33672
0.0041776,2.34136
0.00418252,2.34591
0.00419015,2.35055
0.00419814,2.35503
0.0042066,2.35928
0.0042125,2.3634
0.0042212,2.36752
0.00422991,2.3717
0.00423572,2.37582
0.00424418,2.38006
0.00425259,2.38436
0.00426337,2.38888
0.00427089,2.39358
0.00427521,2.39843
0.00428188,2.40353
0.00428814,2.40884
0.00429386,2.41436
0.00429958,2.41991
0.00430534,2.42547
0.0043118,2.43066
0.00431908,2.43548
0.00432396,2.44006
0.00433505,2.44445
0.00434047,2.44875
0.00434611,2.45296
0.00435523,2.4569
0.00436482,2.46062
0.00437436,2.46438
0.0043833,2.46838
0.00439123,2.47292
0.00439558,2.47774
0.0044027,2.48263
0.00440708,2.48742
0.00441391,2.49245
0.00442028,2.4977
0.0044263,2.5031
0.00443226,2.50857
0.00443867,2.51379
0.00444532,2.51888
0.00444961,2.52377
0.00445685,2.52859
0.0044643,2.53332
0.00447193,2.53796
0.00448004,2.54238
0.00448785,2.54693
0.00449226,2.55175
0.00449977,2.55645
0.00450737,2.56112
0.00451523,2.56567
0.0045231,2.57018
0.00453067,2.57488
0.00453785,2.57973
0.00454495,2.58465
0.00455228,2.58941
0.0045605,2.59377
0.00456646,2.59783
0.00457779,2.60213
0.00458244,2.6068
0.00458706,2.6115
0.00459487,2.61608
0.00460315,2.62038
0.00461114,2.62487
0.00461829,2.62975
0.00462455,2.63506
0.00463042,2.64056
0.00463397,2.64574
0.00464386,2.65069
0.00465104,2.65557
0.00465799,2.66051
0.00466517,2.6654
0.00467298,2.66994
0.00468132,2.67425
0.00468973,2.67852
0.00469795,2.68291
0.0047063,2.68722
0.00471434,2.69167
0.00472263,2.69601
0.00473127,2.70019
0.00473962,2.70449
0.00474716,2.70919
0.00475657,2.71435
0.00476292,2.71963
0.00476957,2.72475
0.00477669,2.72964
0.0047834,2.7347
0.00478953,2.74004
0.00479842,2.74548
0.00480165,2.75085
0.00480827,2.75597
0.00481199,2.7611
0.00482111,2.76641
0.00482431,2.77178
0.00483653,2.77703
0.00484315,2.78216
0.00484997,2.78719
0.00485674,2.79223
0.00486291,2.79757
0.00486869,2.80309
0.00487438,2.80868
0.00488031,2.81414
0.0048866,2.81942
0.00489295,2.82467
0.00490201,2.83001
0.00490818,2.83535
0.00491754,2.84054
0.00492439,2.84557
0.00493405,2.85064
0.00493773,2.8558
0.00494703,2.86102
0.00495373,2.86611
0.00496351,2.87112
0.00497018,2.87621
0.00497918,2.88158
0.00498747,2.88729
0.00499238,2.89324
0.00499703,2.89931
0.00500159,2.90542
0.00500892,2.91158
0.0050131,2.91784
0.00501712,2.92422
0.00502424,2.93047
0.00502904,2.93649
0.00503417,2.94231
0.00503971,2.94796
0.00504865,2.95336
0.00505491,2.95864
0.00506492,2.96355
0.00507291,2.96801
0.00508412,2.97234
0.00509222,2.97677
0.00510259,2.9815
0.00510987,2.98632
0.00512012,2.99108
0.00513025,2.99593
0.00513681,3.00109
0.00514438,3.00579
0.00515326,3.00982
0.00516363,3.01319
0.00517567,3.01574
0.00518866,3.01786
0.00520523,3.01961
0.00521948,3.02117
0.00523414,3.02248
0.00525238,3.02348
0.00526835,3.02417
0.00528296,3.02551
0.00529559,3.02777
0.00530638,3.03091
0.00531598,3.03464
0.00532504,3.0386
0.00533362,3.04282
0.00534149,3.04733
0.00534903,3.05203
0.00535672,3.05664
0.00536494,3.061
0.00537371,3.06512
0.00538288,3.06906
0.00539194,3.07303
0.00540112,3.07693
0.00541084,3.08058
0.00542097,3.08408
0.0054311,3.08752
0.00544076,3.09122
0.0054497,3.09525
0.00545781,3.09967
0.00546579,3.10416
0.00547372,3.10864
0.00548132,3.11331
0.00548841,3.11822
0.00549461,3.12353
0.00550096,3.12881
0.00550823,3.13361
0.00551729,3.13757
0.00552766,3.14093
0.00553887,3.14391
0.00555097,3.14642
0.00556402,3.14848
0.00557821,3.15004
0.00559299,3.15131
0.00560813,3.1524
0.00562297,3.15363
0.00563757,3.15498
0.00565111,3.15683
0.00566368,3.15912
0.00567554,3.16176
0.00568621,3.16498
0.00569557,3.16881
0.00570439,3.17287
0.00571292,3.17711
0.00571804,3.18156
0.00572573,3.18617
0.00573294,3.19102
0.00574001,3.19594
0.00574713,3.20085
0.0057541,3.2058
0.00575845,3.21062
0.00576564,3.2155
0.00577243,3.22054
0.0057794,3.22548
0.00578942,3.23036
0.00579699,3.23506
0.00580453,3.23976
0.00580858,3.2447
0.00581865,3.24959
0.00582628,3.25423
0.00583388,3.2589
0.00584169,3.26347
0.00584664,3.26802
0.00585427,3.27263
0.00585975,3.27693
0.00586804,3.28127
0.00587364,3.28551
0.00588204,3.28978
0.00589003,3.29427
0.00589471,3.29893
0.00590252,3.30351
0.00591039,3.30803
0.00591539,3.31255
0.00592302,3.31718
0.00592994,3.32219
0.00593667,3.32726
0.00594347,3.33229
0.00594752,3.33726
0.005957,3.34242
0.00596346,3.34761
0.00596996,3.3528
0.00597392,3.3578
0.00598108,3.36269
0.00598823,3.36757
0.00599577,3.37227
0.00600364,3.37679
0.00601478,3.38115
0.00602354,3.38524
0.00602992,3.38914
0.00603958,3.39284
0.00604894,3.39665
0.00606121,3.40047
0.00607069,3.40424
0.00608029,3.40797
0.00608935,3.41194
0.00609775,3.41621
0.00610538,3.42085
0.00611286,3.42558
0.00612022,3.43034
0.00612449,3.43523
0.00613128,3.44026
0.00613751,3.4456
0.00614044,3.4511
0.00614944,3.45647
0.00615299,3.46165
0.00615949,3.46684
0.00616622,3.47191
0.00617275,3.4771
0.00617937,3.48222
0.00618634,3.48717
0.00619346,3.49205
0.00620067,3.49693
0.00620771,3.50185
0.00621176,3.50682
0.00622166,3.51176
0.0062292,3.51646
0.00623373,3.52119
0.00624088,3.52608
0.00624767,3.53111
0.00625408,3.53636
0.00626058,3.54152
0.00626415,3.54671
0.00627074,3.55186
0.00627986,3.55717
0.00628296,3.56261
0.00628874,3.56813
0.00629852,3.5731
0.00630626,3.57771
0.00631425,3.5822
0.00632218,3.58672
0.00633309,3.59117
0.00634161,3.59541
0.00635037,3.5995
0.00635943,3.6035
0.00636831,3.60756
0.00637696,3.61171
0.00638488,3.61623
0.00639233,3.62096
0.00639987,3.62566
0.00640729,3.63039
0.00641173,3.63518
0.00642187,3.64003
0.00642622,3.64485
0.00643328,3.64976
0.0064402,3.65474
0.00644687,3.65987
0.00645298,3.66521
0.00645882,3.67071
0.00646439,3.67632
0.00646961,3.68212
0.00647488,3.68789
0.0064798,3.69384
0.00648448,3.69988
0.00648949,3.70577
0.00649488,3.71148
0.00650364,3.71697
0.00650951,3.72243
0.00651527,3.72799
0.00652102,3.73351
0.00652734,3.73879
0.00653303,3.74435
0.00653815,3.75021
0.0065431,3.75613
0.00654781,3.76214
0.00655532,3.76824
0.00656021,3.77419
0.00656536,3.77999
0.00657353,3.78579
0.00657892,3.79146
0.00658417,3.79726
0.00659269,3.80285
0.00660139,3.8084
0.00660685,3.81405
0.00661197,3.81991
0.00661948,3.82598
0.00662351,3.83233
0.00662735,3.83877
0.00663385,3.84536
0.00663713,3.85204
0.0066433,3.85876
0.00664952,3.86544
0.00665334,3.87191
0.00665754,3.8782
0.00666171,3.88448
0.00666872,3.8908
0.00667575,3.89709
0.00667933,3.90368
0.00668591,3.91021
0.00669235,3.91677
0.00669843,3.92354
0.00670451,3.93032
0.00670759,3.93713
0.006714,3.94372
0.00672101,3.95003
0.00672497,3.95641
0.00673185,3.96282
0.00673919,3.96896
0.00674363,3.97512
0.00675117,3.98119
0.00675885,3.9872
0.00676634,3.99328
0.00677319,3.99969
0.00677662,4.00634
0.00678249,4.01318
0.00678893,4.01977
0.00679459,4.02672
0.00679655,4.03408
0.00680123,4.0415
0.00680262,4.04909
0.00681031,4.05648
0.00681244,4.06374
0.00681804,4.07073
0.00682403,4.07751
0.0068273,4.08425
0.00683344,4.09096
0.00684056,4.09725
0.00685147,4.10308
0.00685674,4.10885
0.00686514,4.11449
0.00687265,4.1206
0.00687942,4.12704
0.00688595,4.1336
0.00688914,4.14034
0.00689802,4.14715
0.0069038,4.15404
0.00690937,4.16103
0.00691226,4.16793
0.00692108,4.1748
0.00692384,4.18175
0.0069326,4.18859
0.00693593,4.1953
0.00694189,4.20211
0.00694773,4.20898
0.00695333,4.21596
0.00695875,4.22304
0.00696397,4.23022
0.00696856,4.23766
0.00697619,4.24508
0.00697844,4.25228
0.00698654,4.25945
0.00698917,4.26647
0.00699698,4.2738
0.00700121,4.28142
0.0070052,4.28918
0.00700934,4.29687
0.00701411,4.30425
0.00701963,4.31127
0.00702496,4.31838
0.00703029,4.32549
0.00703876,4.33251
0.00704385,4.33974
0.00705244,4.34667
0.00705905,4.3532
0.00706549,4.35979
0.00707467,4.36645
0.00708006,4.37353
0.00708465,4.381
0.0070919,4.3886
0.00709559,4.39648
0.00709906,4.40447
0.00710592,4.41225
0.00710994,4.41997
0.00711688,4.42773
0.00712121,4.43529
0.00712842,4.44292
0.00713295,4.4504
0.00714034,4.45791
0.00714475,4.46548
0.00715226,4.47292
0.00715959,4.48046
0.00716683,4.48806
0.00717411,4.49563
0.00717795,4.50344
0.00718358,4.5118
0.00718585,4.52035
0.00719103,4.52895
0.00719708,4.53707
0.00720361,4.545
0.00721005,4.55294
0.00721383,4.56081
0.00722036,4.56875
0.00722683,4.57668
0.00723344,4.58456
0.00724113,4.59194
0.00724638,4.59911
0.00725448,4.60628
0.00726155,4.61397
0.00726503,4.62197
0.00727379,4.63021
0.00727925,4.63863
0.00728183,4.64706
0.00728773,4.6553
0.00729473,4.66299
0.00730224,4.67043
0.00731011,4.67773
0.00731815,4.68493
0.00732385,4.69189
0.00733261,4.69875
0.00734197,4.70531
0.00735162,4.71178
0.00736098,4.71838
0.00736974,4.72521
0.0073743,4.73272
0.00738402,4.7405
0.00739049,4.74844
0.00739384,4.75649
0.00739977,4.76473
0.00740552,4.77297
0.00741416,4.78133
0.00741695,4.78963
0.00742601,4.79769
0.00743236,4.80575
0.00743571,4.8138
0.00744519,4.82168
0.00745159,4.82967
0.00745815,4.83761
0.00746459,4.84554
0.00747135,4.85335
0.00747791,4.86129
0.00748444,4.86922
0.00749391,4.8771
0.0074974,4.88509
0.00750411,4.89291
0.00751352,4.90084
0.00752008,4.90877
0.00752643,4.91683
0.0075329,4.92477
0.0075396,4.93258
0.00754377,4.94027
0.00755125,4.94775
0.00755844,4.95537
0.00756574,4.96291
0.00757316,4.97042
0.00758067,4.97787
0.00759122,4.98528
0.0075987,4.99276
0.00760582,5.00039
0.0076097,5.0082
0.00761905,5.01614
0.00762235,5.02425
0.00763141,5.03231
0.00763752,5.04049
0.00764363,5.04861
0.00764997,5.0566
0.0076565,5.06454
0.0076633,5.07235
0.00767042,5.07998
0.00767763,5.08758
0.00768508,5.09505
0.00769271,5.10247
0.00770052,5.10979
0.00770815,5.11718
0.0077159,5.12453
0.00772353,5.13195
0.0077311,5.13937
0.00773864,5.14681
0.00774609,5.15429
0.00775327,5.16192
0.00776298,5.1697
0.0077696,5.17757
0.0077758,5.18569
0.00777909,5.19375
0.00778505,5.20193
0.00779358,5.21029
0.00779924,5.21865
0.00780466,5.22707
0.00781018,5.2355
0.0078156,5.24392
0.00782096,5.2524
0.00782943,5.26083
0.00783795,5.26913
0.00784344,5.27755
0.00784889,5.28603
0.00785434,5.29446
0.00786257,5.30294
0.00787079,5.31142
0.00787589,5.32003
0.00788418,5.32851
0.00788984,5.33687
0.0078952,5.3453
0.00790337,5.35384
0.00790867,5.36239
0.00791368,5.37099
0.00791872,5.37966
0.00792366,5.38833
0.00792852,5.39706
0.00793338,5.40572
0.00794107,5.41451
0.00794575,5.4233
0.00795058,5.43203
0.00795558,5.4407
0.00796363,5.44924
0.00796887,5.45779
0.00797716,5.46627
0.00798568,5.47463
0.00799164,5.48281
0.00799787,5.49087
0.00800687,5.49898
0.00801337,5.50698
0.00801995,5.51485
0.00802648,5.52279
0.00803602,5.53066
0.00804284,5.53844
0.0080497,5.54623
0.00805652,5.55401
0.00806612,5.56182
0.00807542,5.56982
0.00808197,5.57775
0.00808796,5.58593
0.00809392,5.59411
0.00809977,5.60235
0.00810859,5.61059
0.00811729,5.61889
0.00812289,5.62725
0.00812829,5.63567
0.00813645,5.64422
0.0081417,5.65276
0.00814957,5.66143
0.00815439,5.67016
0.0081591,5.67895
0.00816655,5.6878
0.00817368,5.69683
0.00817809,5.70574
0.00818527,5.71477
0.00819257,5.72369
0.00819951,5.73278
0.00820366,5.74187
0.00821084,5.75085
0.00821525,5.75976
0.00822261,5.76867
0.00822991,5.77764
0.00823417,5.78661
0.00824094,5.79577
0.00824759,5.80505
0.00825121,5.81438
0.00825788,5.8236
0.00826432,5.83294
0.00827064,5.84234
0.00827701,5.85174
0.00828041,5.86114
0.00828661,5.8706
0.00829251,5.88018
0.00829847,5.88976
0.0083044,5.89934
0.00831045,5.90887
0.00831644,5.91839
0.0083227,5.92785
0.00832881,5.93737
0.00833193,5.94689
0.00833786,5.95647
0.00834403,5.96593
0.00835028,5.97539
0.00835946,5.98479
0.00836282,5.99425
0.00836922,6.00359
0.00837828,6.01305
0.00838448,6.02251
0.00839053,6.0321
0.00839953,6.04156
0.00840567,6.05108
0.00841157,6.06066
0.00841762,6.07018
0.00842355,6.07976
0.00842942,6.08941
0.00843464,6.0993
0.00843965,6.10937
0.0084445,6.11944
0.00844981,6.12932
0.00845529,6.13915
0.0084637,6.14892
0.00846948,6.15856
0.00847529,6.1682
0.00848152,6.17766
0.00848763,6.18713
0.00849398,6.19652
0.00850065,6.20574
0.00850995,6.21514
0.00851612,6.2246
0.00852202,6.23418
0.00852801,6.24377
0.00853421,6.25323
0.00854062,6.26256
0.00854723,6.27184
0.00855421,6.28094
0.00856133,6.28997
0.00856842,6.299
0.00857569,6.30797
0.00858282,6.31695
0.00859036,6.3258
0.00860103,6.33453
0.00860836,6.34344
0.00861545,6.35247
0.00862192,6.36181
0.00862827,6.37121
0.00863756,6.38055
0.00864115,6.38988
0.00865069,6.3991
0.00865752,6.40826
0.00866363,6.41778
0.00866947,6.42742
0.0086751,6.43713
0.0086835,6.44695
0.00868926,6.4566
0.0086979,6.46624
0.00870359,6.476
0.00871241,6.48559
0.00871804,6.49529
0.00872362,6.50506
0.00873202,6.51488
0.00873432,6.52477
0.00874254,6.53466
0.00874788,6.54455
0.00875288,6.55456
0.00876069,6.56463
0.00876531,6.57482
0.00876978,6.58514
0.00877449,6.59527
0.00878197,6.60552
0.00878668,6.61565
0.00879431,6.62585
0.00879869,6.63616
0.00880301,6.64648
0.0088132,6.65679
0.00881735,6.66723
0.00882441,6.67766
0.00882778,6.68847
0.00883341,6.69958
0.00883958,6.71044
0.00884304,6.72118
0.00884971,6.7318
0.00885668,6.74224
0.00886351,6.7528
0.00887057,6.76324
0.00887492,6.77355
0.00888211,6.78393
0.00888917,6.79436
0.0088931,6.80492
0.00889921,6.81579
0.00890222,6.82677
0.0089078,6.83788
0.00891313,6.84911
0.0089159,6.86022
0.00892317,6.87054
0.00893098,6.88061
0.00893933,6.89043
0.00894857,6.89983
0.0089584,6.90893
0.00896806,6.91814
0.00897783,6.92724
0.00898481,6.93639
0.00899488,6.94536
0.00900179,6.95446
0.00900984,6.96441
0.00901741,6.97466
0.00902167,6.98504
0.00902552,6.9956
0.00903171,7.00646
0.00903489,7.01733
0.00904085,7.02825
0.00904396,7.03918
0.0090504,7.04992
0.00905722,7.06048
0.00906113,7.07098
0.00906792,7.08153
0.00907746,7.09215
0.00908437,7.10265
0.00909171,7.11297
0.00909922,7.12322
0.00910622,7.13366
0.00911257,7.1444
0.00911805,7.15557
0.00912306,7.16698
0.00912809,7.1784
0.00913295,7.18987
0.00913799,7.20122
0.009143,7.21264
0.00914803,7.22405
0.0091531,7.2354
0.00915852,7.24663
0.00916723,7.25762
0.00917013,7.26867
0.00917615,7.27959
0.00918157,7.29076
0.00918932,7.30224
0.00919686,7.31383
0.00920139,7.32549
0.00920902,7.33697
0.00921412,7.34838
0.00922217,7.35967
0.00922732,7.37102
0.00923263,7.38225
0.00924037,7.39373
0.00924794,7.40533
0.00925295,7.41674
0.00926043,7.42834
0.00926818,7.43981
0.00927563,7.45141
0.00928299,7.46307
0.00928719,7.47484
0.00929462,7.4865
0.00929903,7.49822
0.00930648,7.50982
0.00931119,7.52135
0.00931899,7.53277
0.0093271,7.54412
0.00933479,7.55559
0.00934221,7.56725
0.00934614,7.57915
0.00935303,7.59106
0.00936173,7.60204
0.00936754,7.61309
0.00937672,7.62389
0.00938656,7.63439
0.00939681,7.64471
0.00940468,7.65472
0.0094129,7.6646
0.00942446,7.67431
0.00943358,7.68371
0.00944568,7.69311
0.0094557,7.70354
0.00946273,7.71398
0.00946887,7.72484
0.0094742,7.73608
0.00947894,7.74761
0.00948878,7.75951
0.00949289,7.77135
0.00949998,7.78313
0.00950684,7.79504
0.00951095,7.80688
0.0095178,7.81872
0.00952192,7.83056
0.00952937,7.84222
0.0095342,7.85369
0.00954224,7.86504
0.00955017,7.8764
0.00955521,7.88781
0.00955977,7.89941
0.00956719,7.91106
0.00957446,7.92278
0.00957827,7.93474
0.00958423,7.94707
0.00958975,7.95959
0.00959514,7.97216
0.00960006,7.98498
0.00960492,7.99786
0.00960939,8.01086
0.00961394,8.02392
0.00961871,8.03679
0.00962359,8.04961
0.00962926,8.06206
0.00963271,8.07421
0.0096393,8.08623
0.00964556,8.09844
0.00965486,8.11053
0.00965867,8.12249
0.00966532,8.13451
0.00967169,8.14666
0.00967766,8.15899
0.00968323,8.1715
0.00968844,8.18413
0.00969318,8.19707
0.00970066,8.21007
0.00970516,8.22307
0.00970981,8.23601
0.00971687,8.2492
0.00971804,8.26244
0.00972495,8.27569
0.00972906,8.28887
0.00973339,8.30199
0.00973809,8.31493
0.00974343,8.32751
0.00975201,8.33996
0.00975809,8.35222
0.00976414,8.36455
0.0097732,8.37676
0.00977961,8.38891
0.00978611,8.40093
0.0097926,8.41302
0.00979895,8.42516
0.00980759,8.43761
0.00980981,8.45031
0.00981732,8.46331
0.00982176,8.47637
0.00982308,8.48949
0.0098272,8.50268
0.00983417,8.51592
0.00983822,8.52917
0.00984266,8.54223
0.00985002,8.55523
0.00985506,8.56798
0.00986341,8.58056
0.00986931,8.59295
0.0098753,8.60522
0.00988424,8.61754
0.0098905,8.62975
0.00989962,8.6419
0.00990564,8.65423
0.00991106,8.6668
0.00991893,8.67962
0.0099234,8.69262
0.00992739,8.70592
0.00993398,8.71929
0.0099403,8.73284
0.00994356,8.74645
0.00994688,8.76
0.00995588,8.77367
0.00996202,8.78728
0.00996545,8.80083
0.00997475,8.81426
0.00998118,8.82781
0.00998774,8.84124
0.0099917,8.85448
0.00999865,8.86773
0.0100057,8.88091
0.0100125,8.89422
0.0100192,8.90758
0.0100258,8.92095
0.0100324,8.93438
0.0100389,8.94781
0.0100453,8.96129
0.0100513,8.97497
0.0100565,8.98907
0.0100619,9.00304
0.010067,9.01714
0.0100722,9.03124
0.0100774,9.04528
0.0100859,9.05919
0.0100892,9.07274
0.0100958,9.08617
0.0101056,9.09936
0.0101132,9.11236
0.0101212,9.12505
0.010129,9.13787
0.010137,9.15063
0.010142,9.16344
0.0101497,9.17626
0.0101571,9.18932
0.0101639,9.20263
0.0101709,9.21581
0.010178,9.22899
0.0101849,9.24224
0.0101891,9.25542
0.0101963,9.26855
0.0102036,9.28161
0.0102081,9.29467
0.0102155,9.30767
0.0102261,9.32055
0.0102333,9.33361
0.0102402,9.34691
0.0102467,9.36034
0.0102534,9.37371
0.0102625,9.38726
0.0102657,9.40093
0.0102719,9.41454
0.010281,9.42815
0.0102841,9.44182
0.0102898,9.45562
0.0102953,9.46953
0.0103036,9.48351
0.0103089,9.49755
0.0103142,9.51159
0.0103195,9.52563
0.010325,9.53948
0.0103301,9.55358
0.0103379,9.5678
0.0103429,9.58196
0.010348,9.59606
0.0103561,9.61016
0.0103614,9.62414
0.0103695,9.63824
0.0103746,9.65233
0.0103824,9.66656
0.0103873,9.68078
0.0103919,9.69512
0.0103962,9.70965
0.0104032,9.72417
0.0104102,9.73876
0.0104145,9.75329
0.0104184,9.76793
0.0104253,9.78258
0.0104293,9.79723
0.0104363,9.81182
0.0104402,9.82647
0.0104473,9.84105
0.010452,9.85534
0.010457,9.8695
0.0104651,9.8836
0.0104703,9.89763
0.0104786,9.91161
0.0104869,9.92553
0.0104924,9.9395
0.0104977,9.95354
0.0105031,9.96752
0.0105113,9.9815
0.0105165,9.99553
0.0105244,10.0097
0.0105294,10.0239
0.0105343,10.0381
0.0105392,10.0523
0.0105443,10.0664
0.0105495,10.0804
0.0105548,10.0945
0.0105631,10.1084
0.0105684,10.1225
0.0105765,10.1365
0.0105815,10.1507
0.0105893,10.1649
0.0105942,10.1791
0.0106016,10.1935
0.010606,10.208
0.01061,10.2226
0.010617,10.2372
0.0106208,10.2519
0.0106275,10.2667
0.0106342,10.2814
0.0106381,10.2961
0.0106448,10.3108
0.0106488,10.3254
0.0106586,10.3401
0.0106625,10.3548
0.0106722,10.3694
0.0106791,10.3841
0.0106861,10.3987
0.010693,10.4133
0.0106996,10.428
0.010706,10.4429
0.0107124,10.4578
0.0107185,10.4728
0.0107245,10.4879
0.0107331,10.5031
0.0107388,10.5183
0.0107414,10.5336
0.0107495,10.5491
0.010752,10.5644
0.0107575,10.5797
0.0107658,10.595
0.0107684,10.6103
0.010774,10.6256
0.0107797,10.6408
0.0107885,10.6559
0.0107915,10.671
0.0108,10.6863
0.0108031,10.7013
0.0108089,10.7165
0.0108149,10.7316
0.0108239,10.7466
0.0108271,10.7616
0.0108332,10.7766
0.0108393,10.7916
0.0108453,10.8066
0.0108516,10.8216
0.0108581,10.8364
0.0108645,10.8513
0.0108679,10.8662
0.0108771,10.8811
0.0108837,10.8959
0.0108872,10.9108
0.0108934,10.9258
0.0109025,10.9407
0.0109061,10.9556
0.0109152,10.9705
0.0109216,10.9854
0.0109279,11.0003
0.0109313,11.0152
0.0109374,11.0303
0.0109435,11.0453
0.0109498,11.0602
0.0109563,11.075
0.0109598,11.0899
0.0109661,11.1048
0.0109725,11.1197
0.010979,11.1345
0.0109856,11.1493
0.0109923,11.164
0.010999,11.1788
0.0110055,11.1935
0.0110119,11.2084
0.0110212,11.2233
0.0110245,11.2383
0.0110337,11.2532
0.0110397,11.2683
0.0110453,11.2835
0.0110537,11.2988
0.011059,11.3142
0.0110639,11.3298
0.0110715,11.3454
0.011076,11.3613
0.0110836,11.3769
0.0110911,11.3926
0.0110959,11.4083
0.0111007,11.4239
0.0111087,11.4394
0.0111137,11.4549
0.0111189,11.4704
0.0111245,11.4856
0.0111301,11.5009
0.0111358,11.5161
0.0111441,11.5315
0.0111498,11.5467
0.011158,11.5621
0.0111634,11.5774
0.0111687,11.5928
0.011174,11.6082
0.0111792,11.6236
0.0111871,11.6392
0.0111924,11.6546
0.0112005,11.67
0.0112056,11.6855
0.0112135,11.701
0.0112183,11.7167
0.0112229,11.7324
0.0112303,11.7482
0.0112348,11.7639
0.0112419,11.7798
0.011249,11.7958
0.0112531,11.8118
0.0112602,11.8276
0.0112643,11.8436
0.0112741,11.8596
0.0112811,11.8756
0.0112851,11.8916
0.0112921,11.9076
0.0112992,11.9235
0.0113063,11.9394
0.0113133,11.9553
0.0113172,11.9714
0.0113239,11.9875
0.0113306,12.0037
0.0113374,12.0196
0.0113443,12.0358
0.0113538,12.0519
0.0113572,12.0681
0.0113637,12.0843
0.0113702,12.1006
0.0113772,12.1166
0.0113811,12.1326
0.0113878,12.1487
0.0113948,12.1647
0.0114022,12.1804
0.0114096,12.1963
0.011417,12.212
0.0114276,12.2277
0.0114326,12.2432
0.0114406,12.2587
0.0114485,12.2742
0.0114563,12.2898
0.0114632,12.3058
0.0114693,12.3222
0.0114752,12.3387
0.0114817,12.3549
0.0114888,12.3708
0.011496,12.3866
0.0115036,12.4024
0.0115087,12.4179
0.0115172,12.4332
0.0115261,12.4482
0.0115334,12.4626
0.0115442,12.4769
0.0115516,12.4912
0.0115588,12.5057
0.0115682,12.5206
0.0115772,12.5356
0.0115828,12.5508
0.0115902,12.5666
0.011594,12.584
0.0115966,12.6021
0.0115999,12.6198
0.0116019,12.6368
0.0116078,12.6532
0.0116141,12.6696
0.0116176,12.6858
0.0116272,12.702
0.0116342,12.7178
0.011643,12.733
0.011655,12.7466
0.0116647,12.7599
0.0116754,12.7741
0.011684,12.7894
0.0116916,12.805
0.0116987,12.821
0.011702,12.8372
0.0117078,12.8538
0.0117131,12.8705
0.0117178,12.8876
0.0117248,12.905
0.011728,12.9228
0.0117316,12.9404
0.0117367,12.9572
0.0117431,12.9734
0.0117501,12.9894
0.0117582,13.0049
0.0117672,13.0199
0.011776,13.035
0.0117818,13.0502
0.0117904,13.0654
0.0118,13.0801
0.0118125,13.0948
0.0118181,13.1101
0.0118254,13.1258
0.0118317,13.1422
0.0118375,13.1587
0.0118428,13.1755
0.0118473,13.1926
0.0118492,13.2097
0.0118543,13.2266
0.0118603,13.2429
0.0118666,13.2593
0.0118741,13.2764
0.0118753,13.2937
0.0118799,13.3108
0.011886,13.3271
0.0118955,13.3434
0.0119024,13.3594
0.0119091,13.3755
0.0119155,13.3917
0.0119216,13.4081
0.0119277,13.4246
0.0119383,13.4402
0.0119462,13.4557
0.0119564,13.4714
0.0119626,13.4878
0.011971,13.5045
0.0119762,13.5214
0.0119842,13.5382
0.0119895,13.5549
0.0119981,13.5716
0.012004,13.5881
0.0120128,13.6046
0.0120191,13.6208
0.0120284,13.6371
0.0120359,13.6542
0.0120407,13.6713
0.0120491,13.688
0.012056,13.704
0.012066,13.7198
0.0120756,13.736
0.0120823,13.7521
0.0120922,13.7681
0.0120992,13.784
0.0121091,13.7999
0.0121179,13.8151
0.0121291,13.8304
0.0121401,13.8459
0.0121466,13.8621
0.0121556,13.8784
0.0121645,13.8949
0.0121701,13.9116
0.0121758,13.9281
0.012182,13.9444
0.0121915,13.9607
0.0121983,13.9767
0.0122062,13.9922
0.0122142,14.0077
0.0122186,14.0236
0.0122287,14.0395
0.0122363,14.0551
0.0122445,14.0705
0.0122529,14.0858
0.0122639,14.1012
0.0122753,14.1166
0.0122837,14.1318
0.0122919,14.1472
0.0122999,14.1627
0.0123088,14.1778
0.0123176,14.1929
0.0123266,14.2079
0.0123352,14.2231
0.0123431,14.2386
0.0123511,14.2542
0.0123586,14.2698
0.0123663,14.2855
0.0123741,14.3011
0.012382,14.3166
0.0123896,14.3323
0.0123977,14.3478
0.0124053,14.3634
0.0124157,14.3791
0.0124236,14.3947
0.0124301,14.4109
0.0124394,14.4272
0.0124457,14.4435
0.0124553,14.4595
0.0124622,14.4756
0.0124694,14.4915
0.0124765,14.5074
0.012484,14.5231
0.0124916,14.5387
0.0125018,14.5546
0.0125104,14.5699
0.012516,14.5851
0.012528,14.6001
0.0125373,14.615
0.0125468,14.6298
0.0125574,14.644
0.0125684,14.6581
0.0125796,14.672
0.0125911,14.6858
0.0126031,14.6995
0.0126154,14.7129
0.0126279,14.7263
0.0126396,14.74
0.0126508,14.754
0.0126618,14.7681
0.012672,14.7825
0.012681,14.7975
0.0126902,14.8124
0.0126992,14.8275
0.0127083,14.8425
0.0127177,14.8573
0.012727,14.8722
0.0127362,14.8871
0.0127453,14.902
0.0127539,14.9173
0.0127619,14.9327
0.0127701,14.9482
0.0127777,14.9638
0.0127853,14.9795
0.0127928,14.9952
0.0128,15.011
0.0128071,15.027
0.0128139,15.0431
0.0128205,15.0593
0.0128269,15.0755
0.0128332,15.0917
0.0128427,15.108
0.0128497,15.124
0.0128563,15.1401
0.0128622,15.1565
0.0128708,15.1731
0.012876,15.19
0.0128787,15.2066
0.0128877,15.223
0.0128935,15.2396
0.0128988,15.2563
0.0129041,15.2731
0.0129123,15.2898
0.012918,15.3064
0.0129267,15.3229
0.0129328,15.3394
0.0129393,15.3555
0.0129458,15.3718
0.0129518,15.3881
0.0129581,15.4045
0.0129652,15.4205
0.0129726,15.4362
0.0129801,15.452
0.0129872,15.4678
0.012994,15.4839
0.0130008,15.4999
0.013007,15.5163
0.0130128,15.5328
0.0130186,15.5494
0.0130248,15.5657
0.0130312,15.582
0.0130375,15.5983
0.0130434,15.6148
0.0130491,15.6313
0.0130553,15.6476
0.013062,15.6637
0.0130692,15.6796
0.0130764,15.6955
0.0130869,15.7112
0.013094,15.7271
0.0131008,15.7432
0.0131045,15.7593
0.0131138,15.7756
0.0131228,15.7919
0.0131289,15.8084
0.0131348,15.8249
0.0131436,15.8414
0.0131495,15.8578
0.0131525,15.8743
0.0131609,15.891
0.0131694,15.9076
0.0131748,15.9244
0.0131829,15.9412
0.0131882,15.9579
0.0131933,15.9748
0.0131983,15.9917
0.0132062,16.0087
0.0132111,16.0257
0.0132185,16.0428
0.013223,16.0599
0.0132305,16.0771
0.0132386,16.0938
0.0132446,16.1103
0.0132538,16.1266
0.0132599,16.143
0.0132657,16.1596
0.0132713,16.1762
0.0132766,16.1929
0.0132823,16.2095
0.0132915,16.2258
0.013301,16.242
0.0133073,16.2584
0.0133123,16.2752
0.0133166,16.2924
0.0133206,16.3099
0.0133247,16.3272
0.0133348,16.3444
0.0133395,16.3615
0.0133477,16.3782
0.0133533,16.3948
0.0133619,16.4114
0.0133677,16.428
0.0133767,16.4444
0.0133834,16.4605
0.0133934,16.4764
0.0134034,16.4924
0.0134103,16.5084
0.0134198,16.5246
0.0134256,16.5411
0.013436,16.5582
0.0134426,16.5756
0.0134488,16.5934
0.013455,16.6111
0.0134616,16.6287
0.0134682,16.6462
0.0134753,16.6635
0.0134853,16.6808
0.0134929,16.6978
0.0135035,16.7149
0.0135118,16.7316
0.0135203,16.7482
0.0135318,16.7648
0.0135401,16.7815
0.0135481,16.7984
0.0135559,16.8154
0.0135665,16.8324
0.0135766,16.8497
0.0135832,16.8671
0.0135894,16.8849
0.0135955,16.9026
0.0136014,16.9206
0.0136075,16.9383
0.0136143,16.9557
0.0136217,16.9729
0.0136295,16.9899
0.0136374,17.0068
0.0136459,17.0234
0.0136549,17.0398
0.0136642,17.0561
0.013671,17.0722
0.0136835,17.0883
0.0136899,17.1045
0.0136989,17.1209
0.0137074,17.1375
0.0137155,17.1543
0.0137231,17.1714
0.0137301,17.1888
0.0137367,17.2062
0.01374,17.224
0.0137486,17.242
0.0137546,17.2598
0.0137604,17.2776
0.0137664,17.2955
0.0137724,17.3133
0.0137787,17.331
0.0137856,17.3484
0.0137929,17.3657
0.0138034,17.3826
0.013811,17.3997
0.0138188,17.4167
0.0138266,17.4336
0.0138375,17.4505
0.0138457,17.4673
0.0138535,17.4843
0.0138637,17.5014
0.0138702,17.5191
0.0138764,17.5368
0.0138854,17.5545
0.013895,17.5721
0.013899,17.5894
0.0139093,17.6066
0.0139168,17.6237
0.0139242,17.6408
0.0139316,17.658
0.0139394,17.675
0.0139506,17.6917
0.0139563,17.7083
0.0139676,17.7249
0.0139758,17.7417
0.0139836,17.7587
0.013991,17.7758
0.0139982,17.7931
0.0140023,17.8105
0.014012,17.8278
0.0140157,17.8454
0.0140248,17.8631
0.0140309,17.881
0.0140375,17.8989
0.0140471,17.9167
0.0140541,17.9344
0.0140614,17.952
0.0140688,17.9694
0.0140793,17.9867
0.0140873,18.004
0.0140956,18.021
0.0141038,18.0381
0.0141121,18.0552
0.0141231,18.0723
0.0141339,18.0895
0.0141416,18.1069
0.0141488,18.1244
0.0141588,18.1421
0.0141683,18.16
0.0141748,18.1779
0.0141839,18.196
0.01419,18.214
0.0141991,18.2321
0.0142054,18.2502
0.0142145,18.2682
0.0142237,18.2862
0.0142306,18.3039
0.0142391,18.3209
0.0142509,18.3377
0.0142628,18.3544
0.0142718,18.371
0.0142842,18.3875
0.0142938,18.404
0.0143066,18.4202
0.0143166,18.4365
0.0143296,18.4527
0.0143393,18.469
0.0143475,18.4861
0.0143556,18.5032
0.0143636,18.5204
0.0143714,18.5376
0.0143793,18.555
0.0143869,18.5723
0.0143945,18.5896
0.014402,18.6071
0.0144068,18.6244
0.0144174,18.6418
0.0144252,18.6591
0.0144332,18.6763
0.0144411,18.6935
0.0144493,18.7106
0.0144574,18.7278
0.0144655,18.7449
0.0144735,18.7621
0.0144815,18.7793
0.0144863,18.7967
0.0144939,18.814
0.0145012,18.8316
0.0145114,18.849
0.0145185,18.8667
0.0145255,18.8843
0.0145323,18.9021
0.014539,18.92
0.0145485,18.9378
0.0145551,18.9557
0.0145616,18.9736
0.0145709,18.9916
0.0145771,19.0097
0.0145832,19.0278
0.0145923,19.0458
0.0145981,19.064
0.014604,19.0823
0.0146125,19.1006
0.0146182,19.1189
0.0146268,19.1373
0.0146324,19.1556
0.0146381,19.1739
0.0146468,19.1922
0.0146528,19.2104
0.0146589,19.2284
0.0146682,19.2464
0.0146748,19.2642
0.0146814,19.2822
0.0146882,19.2999
0.014695,19.3177
0.0147019,19.3354
0.014709,19.353
0.0147162,19.3705
0.0147207,19.3881
0.0147306,19.4057
0.0147348,19.4234
0.0147418,19.441
0.0147493,19.4585
0.0147565,19.476
0.0147636,19.4937
0.0147706,19.5113
0.0147805,19.529
0.0147874,19.5467
0.014797,19.5646
0.0148034,19.5826
0.0148097,19.6005
0.0148186,19.6187
0.0148272,19.637
0.0148327,19.6554
0.0148411,19.6738
0.0148463,19.6923
0.0148539,19.7111
0.0148614,19.73
0.0148658,19.749
0.0148735,19.7676
0.0148815,19.7862
0.0148924,19.8049
0.0148976,19.8234
0.0149027,19.842
0.0149108,19.8605
0.0149189,19.8791
0.0149272,19.8975
0.0149324,19.9161
0.0149434,19.9346
0.0149481,19.9534
0.0149556,19.9722
0.01496,19.9911
0.0149673,20.0101
0.0149719,20.0289
0.0149793,20.0478
0.0149841,20.0666
0.0149922,20.0851
0.0149978,20.1034
0.0150034,20.1218
0.0150121,20.1401
0.015021,20.1581
0.0150304,20.1761
0.0150396,20.1941
0.0150455,20.2123
0.0150515,20.2305
0.0150575,20.2487
0.0150661,20.2669
0.0150717,20.2853
0.0150772,20.3038
0.0150824,20.3222
0.0150904,20.3409
0.0150952,20.3595
0.0151029,20.3783
0.015108,20.3969
0.0151162,20.4153
0.0151214,20.4339
0.0151295,20.4524
0.0151347,20.471
0.0151428,20.4896
0.0151479,20.5081
0.015156,20.5268
0.0151613,20.5452
0.0151694,20.5638
0.0151744,20.5824
0.015179,20.6012
0.0151864,20.6202
0.015194,20.639
0.0152017,20.6576
0.0152065,20.6764
0.015214,20.6952
0.0152213,20.7142
0.0152256,20.7332
0.0152329,20.7521
0.0152401,20.771
0.0152475,20.79
0.0152549,20.8088
0.0152622,20.8277
0.0152693,20.8467
0.0152734,20.8659
0.0152778,20.8848
0.0152855,20.9035
0.0152901,20.9223
0.0152948,20.9411
0.0153023,20.96
0.01531,20.9787
0.0153178,20.9974
0.0153225,21.0162
0.0153271,21.0351
0.0153346,21.0539
0.015342,21.0728
0.015346,21.0918
0.0153528,21.111
0.0153596,21.1302
0.0153663,21.1495
0.0153695,21.1689
0.0153757,21.1884
0.0153818,21.2079
0.0153881,21.2273
0.0153943,21.2469
0.0154006,21.2662
0.0154071,21.2856
0.015414,21.3047
0.0154237,21.3238
0.0154308,21.3428
0.015438,21.3619
0.0154453,21.3808
0.0154526,21.3997
0.0154598,21.4188
0.0154672,21.4375
0.0154742,21.4567
0.015484,21.4758
0.0154879,21.4949
0.0154968,21.5145
0.0155028,21.5341
0.0155087,21.5536
0.0155173,21.5734
0.0155204,21.5929
0.0155295,21.6124
0.0155387,21.6319
0.0155451,21.6512
0.0155519,21.6705
0.0155588,21.6895
0.015569,21.7084
0.0155736,21.7273
0.015581,21.7461
0.0155882,21.7652
0.0155952,21.7842
0.0156019,21.8034
0.0156085,21.8227
0.0156152,21.842
0.0156216,21.8613
0.0156249,21.8808
0.0156313,21.9001
0.015638,21.9194
0.0156419,21.9385
0.0156489,21.9576
0.0156558,21.9767
0.0156631,21.9957
0.0156703,22.0147
0.0156802,22.0337
0.0156869,22.0529
0.0156934,22.0723
0.0156996,22.0917
0.0157053,22.1114
0.0157139,22.1312
0.0157193,22.1511
0.0157247,22.1708
0.0157327,22.1908
0.0157376,22.211
0.0157426,22.231
0.0157483,22.2507
0.0157542,22.2703
0.0157629,22.29
0.0157718,22.3095
0.0157778,22.329
0.015784,22.3486
0.0157899,22.3681
0.0157985,22.3879
0.0158072,22.4075
0.015813,22.4272
0.0158187,22.4468
0.0158241,22.4667
0.0158296,22.4865
0.0158352,22.5063
0.0158409,22.5261
0.0158496,22.5456
0.0158528,22.5651
0.0158593,22.5845
0.0158687,22.6038
0.0158751,22.6231
0.0158844,22.6425
0.0158912,22.6617
0.0158979,22.681
0.0159044,22.7002
0.0159136,22.7197
0.0159194,22.7393
0.0159252,22.759
0.0159307,22.7787
0.0159359,22.7988
0.0159469,22.8187
0.0159521,22.8387
0.0159599,22.8587
0.015965,22.8787
0.015973,22.8987
0.015981,22.9188
0.0159862,22.9386
0.0159946,22.9584
0.0160005,22.9781
0.0160122,22.9977
0.0160147,23.0175
0.0160229,23.0374
0.0160281,23.0574
0.016036,23.0774
0.0160436,23.0976
0.0160511,23.1178
0.0160586,23.1381
0.0160656,23.1586
0.0160725,23.1791
0.0160763,23.1998
0.0160862,23.2203
0.0160934,23.2405
0.0160978,23.2609
0.0161052,23.2813
0.0161129,23.3013
0.0161207,23.3215
0.0161282,23.3417
0.0161356,23.362
0.01614,23.3824
0.0161445,23.4026
0.0161549,23.4229
0.0161591,23.4433
0.0161665,23.4636
0.0161679,23.4839
0.0161781,23.5043
0.0161829,23.5245
0.0161882,23.5444
0.0161939,23.564
0.0162027,23.5837
0.0162087,23.6032
0.0162178,23.6227
0.0162241,23.6421
0.0162331,23.6617
0.0162391,23.6812
0.016248,23.7007
0.0162535,23.7205
0.0162616,23.7405
0.0162667,23.7605
0.0162714,23.7807
0.0162789,23.801
0.0162834,23.8212
0.0162907,23.8415
0.0162955,23.8617
0.0163031,23.8819
0.0163109,23.9019
0.0163158,23.922
0.0163239,23.9419
0.0163293,23.9618
0.0163377,23.9816
0.0163461,24.0014
0.0163543,24.0213
0.0163627,24.0412
0.0163681,24.0611
0.0163764,24.0809
0.0163816,24.1008
0.0163898,24.1207
0.0163948,24.1408
0.0164024,24.1609
0.0164075,24.181
0.0164154,24.201
0.0164206,24.2209
0.0164287,24.2409
0.0164367,24.2609
0.0164419,24.2808
0.0164471,24.3008
0.0164581,24.3207
0.0164665,24.3405
0.0164721,24.3603
0.0164773,24.3802
0.0164855,24.4002
0.0164906,24.4201
0.0164986,24.4401
0.0165036,24.4601
0.0165115,24.4803
0.0165195,24.5002
0.0165276,24.5202
0.0165355,24.5402
0.0165405,24.5602
0.0165486,24.5802
0.0165567,24.6001
0.016562,24.62
0.0165702,24.6399
0.0165815,24.6599
0.0165866,24.6798
0.0165943,24.6999
0.0166021,24.72
0.016607,24.7401
0.0166175,24.7603
0.0166219,24.7806
0.0166319,24.801
0.0166392,24.8214
0.0166434,24.8419
0.0166504,24.8624
0.0166543,24.8829
0.0166642,24.9034
0.0166712,24.9238
0.0166782,24.9443
0.0166884,24.9647
0.0166928,24.9851
0.0167002,25.0053
0.0167076,25.0256
0.016715,25.0458
0.0167227,25.066
0.0167306,25.086
0.0167384,25.1061
0.0167432,25.1263
0.0167508,25.1464
0.0167556,25.1666
0.0167632,25.1868
0.016771,25.2069
0.0167788,25.227
0.0167871,25.2469
0.0167923,25.2668
0.0168007,25.2866
0.0168064,25.3063
0.016815,25.326
0.0168238,25.3457
0.0168297,25.3653
0.0168384,25.3848
0.016847,25.4046
0.0168527,25.4243
0.0168608,25.4443
0.0168659,25.4643
0.0168735,25.4844
0.016881,25.5047
0.0168882,25.5251
0.0168954,25.5455
0.0169024,25.566
0.0169092,25.5865
0.016919,25.607
0.0169258,25.6276
0.0169326,25.6483
0.0169392,25.6689
0.016946,25.6894
0.0169527,25.7102
0.0169596,25.7305
0.0169663,25.7512
0.0169732,25.7718
0.0169802,25.7923
0.01699,25.8128
0.0169943,25.8332
0.0170014,25.8536
0.0170089,25.8738
0.0170161,25.8942
0.0170234,25.9146
0.0170277,25.935
0.017035,25.9553
0.0170423,25.9757
0.0170465,25.996
0.0170535,26.0166
0.0170634,26.0369
0.0170704,26.0574
0.0170741,26.0782
0.0170807,26.0988
0.0170876,26.1193
0.0170973,26.14
0.0171049,26.1601
0.0171129,26.1801
0.0171242,26.2
0.0171355,26.2198
0.0171411,26.2396
0.0171526,26.2592
0.0171641,26.2789
0.0171728,26.2987
0.017184,26.3184
0.0171922,26.3383
0.0172025,26.3586
0.0172095,26.3791
0.017219,26.3999
0.0172282,26.4206
0.0172375,26.4414
0.0172439,26.4621
0.0172533,26.4829
0.0172601,26.5035
0.0172703,26.5238
0.0172807,26.544
0.0172883,26.5643
0.0172989,26.5844
0.0173069,26.6043
0.0173152,26.6242
0.0173263,26.6441
0.0173346,26.664
0.0173429,26.6838
0.0173539,26.7038
0.0173619,26.7238
0.0173698,26.7438
0.0173778,26.7639
0.0173858,26.7839
0.0173964,26.804
0.0174012,26.8242
0.0174118,26.8443
0.0174223,26.8645
0.0174298,26.8847
0.0174404,26.9049
0.0174482,26.925
0.017456,26.945
0.0174668,26.9652
0.0174746,26.9852
0.0174827,27.0052
0.0174905,27.0252
0.017501,27.0455
0.0175113,27.0656
0.0175187,27.086
0.0175259,27.1064
0.0175358,27.1269
0.0175455,27.1474
0.0175521,27.1682
0.0175616,27.1888
0.0175708,27.2097
0.0175772,27.2304
0.0175838,27.251
0.0175934,27.2717
0.017603,27.2923
0.01761,27.3128
0.0176172,27.3332
0.0176274,27.3536
0.0176378,27.3737
0.0176457,27.3939
0.017654,27.4136
0.0176652,27.4335
0.0176736,27.4533
0.0176821,27.4731
0.0176908,27.4927
0.0177024,27.5124
0.0177138,27.5322
0.0177197,27.5518
0.0177312,27.5715
0.0177393,27.5914
0.0177505,27.6113
0.017756,27.6312
0.017767,27.6511
0.017775,27.6711
0.0177828,27.6911
0.0177936,27.7113
0.0178013,27.7314
0.0178115,27.7517
0.0178188,27.772
0.017829,27.7923
0.0178367,27.8124
0.0178445,27.8326
0.0178554,27.8526
0.0178635,27.8725
0.0178746,27.8924
0.0178855,27.9124
0.0178964,27.9324
0.0179046,27.9523
0.0179157,27.9722
0.0179238,27.9923
0.0179344,28.0124
0.0179447,28.0327
0.017955,28.0529
0.0179653,28.0732
0.0179725,28.0936
0.0179827,28.114
0.0179901,28.1342
0.0179975,28.1545
0.0180077,28.1749
0.0180153,28.195
0.0180257,28.2153
0.0180333,28.2355
0.0180408,28.2557
0.0180484,28.2759
0.0180588,28.2962
0.0180663,28.3164
0.0180737,28.3367
0.0180811,28.357
0.0180914,28.3773
0.018099,28.3974
0.0181068,28.4176
0.0181179,28.4374
0.0181267,28.4571
0.0181359,28.4765
0.0181453,28.4958
0.0181551,28.515
0.0181683,28.5339
0.018179,28.5526
0.018193,28.5711
0.018204,28.5895
0.0182154,28.608
0.0182298,28.6263
0.0182384,28.6445
0.0182504,28.6627
0.0182626,28.6806
0.0182752,28.6984
0.0182877,28.7163
0.0183002,28.734
0.0183129,28.7518
0.0183252,28.7696
0.0183398,28.7879
0.0183484,28.8062
0.0183623,28.8248
0.0183705,28.8432
0.0183839,28.862
0.0183941,28.8809
0.018404,28.9001
0.0184109,28.9191
0.0184235,28.9383
0.0184305,28.9575
0.0184401,28.9766
0.0184467,28.9959
0.0184566,29.0151
0.0184633,29.0343
0.0184701,29.0534
0.0184797,29.0726
0.0184865,29.0919
0.0184963,29.1109
0.0185031,29.1301
0.0185128,29.1492
0.01852,29.1683
0.0185302,29.1872
0.0185368,29.2065
0.018546,29.2259
0.0185549,29.2454
0.0185624,29.2657
0.0185697,29.286
0.0185738,29.3066
0.0185813,29.3267
0.0185888,29.347
0.0185958,29.3675
0.0186025,29.3881
0.0186096,29.4085
0.0186194,29.429
0.0186263,29.4497
0.018637,29.4697
0.018642,29.4898
0.0186525,29.51
0.0186596,29.5303
0.0186664,29.551
0.0186739,29.5712
0.018681,29.5916
0.0186878,29.6123
0.0186946,29.6328
0.0187016,29.6533
0.0187086,29.6738
0.0187159,29.694
0.0187261,29.7144
0.0187335,29.7347
0.0187404,29.7552
0.0187466,29.7761
0.0187534,29.7967
0.0187606,29.8171
0.0187654,29.8372
0.018773,29.8574
0.0187804,29.8776
0.018788,29.8979
0.0187957,29.918
0.0188032,29.9383
0.0188111,29.9583
0.0188196,29.9781
0.0188249,29.998
0.0188361,30.0178
0.0188412,30.0378
0.0188493,30.0578
0.0188577,30.0776
0.0188657,30.0976
0.0188736,30.1176
0.0188818,30.1375
0.01889,30.1574
0.0188985,30.1772
0.0189042,30.1968
0.0189121,30.2169
0.0189228,30.237
0.0189275,30.2572
0.0189383,30.2773
0.0189463,30.2973
0.0189542,30.3173
0.0189619,30.3375
0.0189726,30.3575
0.0189775,30.3776
0.0189881,30.3978
0.0189964,30.4177
0.0190046,30.4376
0.0190163,30.4571
0.0190222,30.4768
0.019034,30.4963
0.019043,30.5158
0.0190495,30.5351
0.019059,30.5544
0.0190688,30.5736
0.0190784,30.5928
0.0190881,30.612
0.0190952,30.6309
0.0191043,30.6505
0.0191099,30.6702
0.0191177,30.6903
0.0191256,30.7104
0.0191312,30.7302
0.0191429,30.7497
0.0191488,30.7694
0.0191608,30.7888
0.0191696,30.8084
0.0191753,30.8281
0.0191872,30.8476
0.0191968,30.8669
0.019207,30.8858
0.0192165,30.9051
0.0192253,30.9246
0.0192337,30.9445
0.0192444,30.9645
0.019252,30.9848
0.0192599,31.0048
0.019271,31.0247
0.0192763,31.0446
0.0192875,31.0645
0.0192957,31.0844
0.0193077,31.1038
0.0193165,31.1235
0.0193254,31.143
0.0193375,31.1624
0.019347,31.1817
0.0193562,31.2011
0.0193655,31.2205
0.0193778,31.2398
0.0193873,31.2591
0.0193971,31.2783
0.0194041,31.2973
0.0194145,31.3161
0.0194251,31.3349
0.019436,31.3535
0.0194447,31.3718
0.0194571,31.3896
0.01947,31.4073
0.0194832,31.4248
0.0194939,31.442
0.019508,31.4591
0.019519,31.4763
0.0195331,31.4932
0.019548,31.51
0.0195603,31.5266
0.0195721,31.5433
0.0195861,31.5604
0.0195969,31.5776
0.0196073,31.595
0.0196198,31.6129
0.0196292,31.6307
0.019642,31.6485
0.0196551,31.666
0.0196653,31.6835
0.0196755,31.701
0.0196859,31.7185
0.0196996,31.7357
0.0197072,31.7531
0.0197205,31.7706
0.019731,31.7879
0.0197441,31.8055
0.0197536,31.8233
0.019765,31.8416
0.0197759,31.8603
0.0197835,31.8791
0.0197932,31.8983
0.0197994,31.9178
0.0198078,31.9374
0.0198161,31.9573
0.0198217,31.9771
0.0198301,31.9969
0.0198361,32.0166
0.0198459,32.0356
0.0198534,32.0545
0.0198617,32.0729
0.0198704,32.0911
0.0198791,32.1094
0.0198882,32.1275
0.0198973,32.1456
0.0199063,32.1636
0.0199184,32.1817
0.0199275,32.1997
0.0199363,32.218
0.0199447,32.2364
0.0199518,32.2553
0.0199611,32.2747
0.019967,32.2944
0.0199726,32.3142
0.0199783,32.3338
0.0199844,32.3533
0.0199938,32.3726
0.0200009,32.3917
0.0200112,32.4106
0.0200185,32.4295
0.0200292,32.4482
0.0200373,32.4667
0.0200485,32.4852
0.0200571,32.5035
0.020069,32.5216
0.020078,32.5397
0.0200897,32.5579
0.0201007,32.5765
0.0201081,32.5954
0.0201178,32.6146
0.0201244,32.6339
0.0201338,32.6531
0.0201404,32.6724
0.02015,32.6917
0.0201563,32.711
0.0201654,32.7305
0.0201715,32.7501
0.0201809,32.7694
0.0201878,32.7885
0.020198,32.8074
0.0202083,32.8262
0.0202163,32.8449
0.0202274,32.8634
0.0202388,32.8818
0.0202475,32.9
0.0202561,32.9183
0.0202675,32.9367
0.0202759,32.955
0.0202839,32.9737
0.0202946,32.9924
0.0203025,33.0109
0.0203106,33.0295
0.0203155,33.0482
0.0203233,33.067
0.0203338,33.0858
0.0203412,33.1046
0.0203483,33.1236
0.0203549,33.1429
0.0203617,33.1621
0.0203658,33.1812
0.020373,33.2001
0.0203802,33.2191
0.0203879,33.2379
0.0203961,33.2563
0.020408,33.2745
0.0204169,33.2927
0.0204258,33.3107
0.0204372,33.3292
0.0204422,33.3477
0.0204527,33.3666
0.0204603,33.3854
0.020471,33.404
0.020479,33.4227
0.0204861,33.4417
0.0204924,33.4611
0.0204983,33.4808
0.0205071,33.5003
0.0205133,33.5197
0.0205203,33.5389
0.0205305,33.5578
0.0205351,33.5766
0.0205428,33.5954
0.0205536,33.614
0.0205592,33.6324
0.0205681,33.6506
0.0205802,33.6685
0.0205897,33.6864
0.0205996,33.7041
0.0206093,33.7219
0.0206192,33.7396
0.0206291,33.7573
0.0206381,33.7753
0.0206463,33.7938
0.0206541,33.8126
0.0206621,33.8311
0.0206703,33.8496
0.0206789,33.8679
0.0206878,33.8861
0.0206972,33.904
0.0207037,33.9219
0.0207158,33.9399
0.0207253,33.9577
0.0207354,33.9754
0.020746,33.9927
0.0207565,34.0101
0.0207671,34.0274
0.0207774,34.045
0.0207843,34.0627
0.0207963,34.0806
0.020805,34.0989
0.0208131,34.1175
0.0208213,34.1361
0.0208294,34.1546
0.0208373,34.1732
0.0208453,34.1917
0.0208533,34.2104
0.0208614,34.229
0.0208726,34.2474
0.020881,34.2658
0.0208927,34.284
0.0209018,34.3021
0.020911,34.32
0.0209201,34.3381
0.0209289,34.3564
0.0209377,34.3746
0.0209466,34.3928
0.0209556,34.4109
0.0209646,34.4289
0.0209735,34.4471
0.0209794,34.4653
0.0209882,34.4835
0.0209971,34.5017
0.0210064,34.5196
0.0210132,34.5374
0.0210229,34.5551
0.0210329,34.5728
0.0210429,34.5904
0.0210499,34.6081
0.0210602,34.6256
0.0210704,34.6432
0.0210809,34.6605
0.0210883,34.6781
0.0210989,34.6953
0.0211123,34.7127
0.0211202,34.7299
0.0211309,34.7473
0.0211419,34.7644
0.0211502,34.7815
0.0211613,34.7985
0.0211695,34.8156
0.0211806,34.8327
0.0211917,34.8498
0.0211999,34.8669
0.0212114,34.8839
0.0212227,34.9008
0.0212312,34.9178
0.0212424,34.9348
0.0212538,34.9517
0.0212624,34.9687
0.0212741,34.9856
0.021286,35.0023
0.021298,35.0189
0.0213071,35.0355
0.021322,35.0522
0.0213314,35.0687
0.021344,35.085
0.0213569,35.1013
0.0213671,35.1174
0.021378,35.1333
0.0213926,35.1487
0.0214078,35.1638
0.0214209,35.1785
0.0214347,35.193
0.0214523,35.2069
0.0214682,35.2202
0.0214852,35.2331
0.0215032,35.2454
0.0215249,35.2574
0.0215441,35.2692
0.0215638,35.2808
0.0215842,35.292
0.0216051,35.3029
0.0216295,35.3136
0.0216512,35.3242
0.0216727,35.3348
0.0216942,35.3455
0.0217125,35.3563
0.0217345,35.3667
0.0217572,35.3768
0.0217812,35.3863
0.0218061,35.3953
0.0218296,35.4036
0.0218581,35.4109
0.0228652,34.9461
