"Maximum force",30.0635,"N"
"Gage length ",0.884613,"mm"
"Strain energy",0.240557,"mJ"
"Deformation at maximum force",0.0173582,"mm"
"Standard travel","Standard force"
"mm","N"
0,0.217988
1.58325e-007,0.2193
3.40678e-006,0.220513
3.75137e-006,0.221726
6.7912e-006,0.223039
6.81728e-006,0.224404
6.7316e-006,0.225823
9.51812e-006,0.227258
9.36631e-006,0.228707
9.44501e-006,0.23005
9.49134e-006,0.231408
6.88364e-006,0.232644
1.02811e-005,0.233781
8.12043e-006,0.234811
8.96608e-006,0.235787
9.77446e-006,0.236779
8.17259e-006,0.237542
9.618e-006,0.238233
1.13391e-005,0.238797
1.04823e-005,0.239203
1.28218e-005,0.23947
1.23617e-005,0.23969
1.46863e-005,0.239964
1.40455e-005,0.24027
1.63105e-005,0.240567
1.58113e-005,0.24081
1.80018e-005,0.241148
1.72306e-005,0.241516
1.6683e-005,0.241774
1.59417e-005,0.242126
1.79831e-005,0.242535
1.68954e-005,0.24305
1.56884e-005,0.243622
1.70667e-005,0.244343
1.55021e-005,0.245087
1.39002e-005,0.245846
1.23952e-005,0.246559
1.09721e-005,0.247234
9.55653e-006,0.247909
8.23033e-006,0.248535
7.03824e-006,0.2491
8.79657e-006,0.249641
7.97701e-006,0.250032
7.49645e-006,0.25026
7.31391e-006,0.250347
7.36327e-006,0.250323
7.611e-006,0.250206
8.05617e-006,0.249994
8.32067e-006,0.249869
8.60193e-006,0.249736
1.16418e-005,0.249673
1.17082e-005,0.249642
1.17248e-005,0.249634
1.17744e-005,0.24961
1.17415e-005,0.249626
1.16423e-005,0.249673
1.12624e-005,0.249853
1.05024e-005,0.250212
9.75735e-006,0.250564
8.93406e-006,0.250957
7.84628e-006,0.251472
6.8032e-006,0.251968
8.54663e-006,0.252514
7.47375e-006,0.253025
6.33381e-006,0.253567
5.17897e-006,0.254112
4.03903e-006,0.254654
6.05069e-006,0.25507
5.20505e-006,0.255478
7.48492e-006,0.255768
7.2018e-006,0.25591
1.01373e-005,0.255894
1.0305e-005,0.255816
1.33597e-005,0.255745
1.6325e-005,0.255714
1.63004e-005,0.25573
1.91018e-005,0.255777
2.18883e-005,0.255831
2.47642e-005,0.255847
2.46394e-005,0.25591
2.73514e-005,0.255996
2.98399e-005,0.256199
3.20155e-005,0.256544
3.39005e-005,0.257029
3.56961e-005,0.257555
3.73948e-005,0.258124
3.89445e-005,0.258768
4.02186e-005,0.259543
4.14032e-005,0.260359
4.264e-005,0.261149
4.36757e-005,0.262034
4.76096e-005,0.262922
4.59257e-005,0.263727
4.99788e-005,0.264559
5.13647e-005,0.26528
5.29516e-005,0.265906
5.49633e-005,0.266331
5.72581e-005,0.266621
6.25927e-005,0.26684
6.49918e-005,0.267082
7.02966e-005,0.267326
7.25467e-005,0.267638
7.75534e-005,0.268014
7.97439e-005,0.268359
8.18748e-005,0.268727
8.69114e-005,0.269096
9.17692e-005,0.269542
9.35126e-005,0.270099
9.78041e-005,0.27082
9.86609e-005,0.271789
0.000102178,0.27288
0.000105605,0.274009
0.000108943,0.275184
0.000112385,0.276305
0.000112718,0.277526
0.000115803,0.278815
0.000118604,0.280242
0.000121301,0.281715
0.000124133,0.283134
0.000127217,0.284431
0.00013054,0.285606
0.000134042,0.286697
0.000137886,0.287635
0.000141761,0.288551
0.000145754,0.289413
0.000149539,0.290378
0.000153279,0.291354
0.000156945,0.292369
0.000163472,0.293414
0.000167152,0.294421
0.000170773,0.295459
0.00017432,0.296535
0.000180489,0.29774
0.000183424,0.299113
0.000186092,0.300601
0.000191516,0.30215
0.000193945,0.303767
0.00019618,0.305461
0.000198281,0.307223
0.000200307,0.309016
0.000205016,0.310908
0.000209576,0.312877
0.00021091,0.314998
0.00021231,0.317104
0.000216393,0.319286
0.000220714,0.321376
0.000222503,0.323291
0.000224619,0.325038
0.000232784,0.326678
0.000235154,0.328311
0.000237612,0.329906
0.000242977,0.331485
0.00024849,0.333003
0.000253914,0.334567
0.000256418,0.336139
0.000261871,0.337688
0.000267176,0.339297
0.000272183,0.34106
0.000276981,0.342921
0.000281511,0.344905
0.000282718,0.347087
0.000289483,0.349391
0.000293253,0.351741
0.000296934,0.354121
0.000300778,0.356425
0.00030428,0.358913
0.000307603,0.361476
0.000310926,0.364024
0.000311009,0.36674
0.000317029,0.369395
0.000320113,0.372066
0.000323362,0.37466
0.000326848,0.377147
0.000330574,0.379512
0.000334329,0.381862
0.000341064,0.384166
0.000344938,0.38647
0.000351674,0.388789
0.000355667,0.391017
0.000356867,0.393214
0.000361129,0.39532
0.000368371,0.397395
0.000375553,0.399501
0.000379546,0.401744
0.000383227,0.40414
0.000386729,0.406612
0.000390156,0.409114
0.000396206,0.411769
0.000399335,0.414409
0.00040236,0.41711
0.000408201,0.419841
0.000413864,0.422679
0.000416248,0.425685
0.000421434,0.428722
0.000423609,0.431834
0.000428825,0.434871
0.000431045,0.437953
0.000433444,0.440944
0.000438779,0.443935
0.000444054,0.446941
0.000446587,0.44987
0.000452041,0.452785
0.000457882,0.455531
0.000460966,0.458202
0.000467016,0.460841
0.000473036,0.463496
0.00047624,0.466121
0.000482469,0.468669
0.000488548,0.471309
0.000491767,0.473903
0.000497698,0.476604
0.00050336,0.479427
0.000508665,0.482433
0.000513761,0.485515
0.000518917,0.488582
0.000521018,0.491725
0.000525906,0.494929
0.000530436,0.498286
0.000534817,0.501704
0.000535942,0.505321
0.000539846,0.508968
0.000543929,0.512538
0.000548131,0.516063
0.000552303,0.519603
0.000556654,0.523036
0.000564135,0.526378
0.000568635,0.529765
0.000573254,0.533092
0.000578112,0.536296
0.000583178,0.539409
0.000588274,0.542491
0.000593549,0.545512
0.000598765,0.548549
0.000604129,0.551509
0.000612057,0.554622
0.000616974,0.557811
0.000621832,0.561031
0.0006266,0.564281
0.00063116,0.567622
0.00063563,0.57101
0.000640101,0.574412
0.000644243,0.577953
0.000648326,0.581538
0.000652081,0.585261
0.000655896,0.588954
0.000659591,0.592723
0.000666088,0.596538
0.000669605,0.600368
0.000673137,0.604213
0.000676713,0.608028
0.000680304,0.611827
0.00068692,0.615565
0.00069066,0.619319
0.000694624,0.622951
0.000698528,0.626598
0.000705502,0.630183
0.000712803,0.633617
0.000717244,0.637019
0.000724635,0.640407
0.000731996,0.643809
0.000736228,0.647319
0.00074043,0.650828
0.000747404,0.654414
0.000754258,0.658046
0.000758133,0.661723
0.000761739,0.665523
0.000768027,0.669429
0.000774226,0.673366
0.00077746,0.677333
0.000780336,0.681514
0.000785998,0.685695
0.000788531,0.689998
0.000793925,0.694331
0.000796429,0.698665
0.000801912,0.702968
0.000807545,0.707179
0.000810287,0.711391
0.000813178,0.71551
0.000818959,0.719661
0.000825009,0.723689
0.000831476,0.727519
0.000838033,0.731288
0.000841907,0.734965
0.000848493,0.738734
0.000855169,0.742458
0.000858835,0.746226
0.000865332,0.750026
0.00087156,0.753963
0.00087758,0.757991
0.000883452,0.76208
0.000886089,0.766353
0.000894493,0.770656
0.000896848,0.77505
0.000902123,0.779414
0.00090707,0.783961
0.000911808,0.7886
0.000916577,0.793239
0.000921286,0.797877
0.000925965,0.802577
0.000930763,0.807185
0.000935472,0.811824
0.000937371,0.816432
0.00094512,0.82104
0.000947117,0.825587
0.000952064,0.830135
0.000957041,0.834651
0.000964968,0.839168
0.000967159,0.843654
0.000975563,0.847926
0.000980898,0.85229
0.000986411,0.856563
0.000991716,0.860927
0.000999882,0.865321
0.00100507,0.869746
0.00101294,0.874293
0.00101782,0.878871
0.00102259,0.883479
0.00102727,0.888148
0.00103433,0.893062
0.00103862,0.897945
0.00104563,0.902888
0.00104956,0.907893
0.00105333,0.91299
0.00105986,0.918147
0.00106352,0.923305
0.00107011,0.928462
0.00107378,0.93362
0.00107755,0.938716
0.0010844,0.943721
0.00108828,0.948787
0.00109218,0.953822
0.00109918,0.958766
0.00110607,0.963771
0.00111006,0.968745
0.00111715,0.973659
0.00112428,0.978541
0.00112857,0.983394
0.0011356,0.988338
0.00113962,0.993312
0.00114627,0.998439
0.00115295,1.0035
0.00115651,1.00872
0.00116318,1.01382
0.00116971,1.01901
0.00117612,1.02423
0.0011795,1.02951
0.00118546,1.03494
0.0011913,1.04046
0.00119696,1.04602
0.0011996,1.05166
0.001205,1.05737
0.00121039,1.06308
0.0012157,1.06884
0.00122368,1.07467
0.00122587,1.08053
0.00123386,1.08639
0.0012389,1.09225
0.00124411,1.09805
0.00124945,1.10379
0.00125511,1.10937
0.00126089,1.11489
0.00126673,1.12039
0.0012726,1.12588
0.00127874,1.13122
0.00128458,1.13674
0.00129042,1.14224
0.00129636,1.14767
0.00130229,1.15313
0.00130807,1.15866
0.00131358,1.1643
0.00131909,1.16998
0.00132455,1.17565
0.00132988,1.18139
0.00133489,1.18728
0.00133999,1.19311
0.00134475,1.19912
0.00134955,1.2051
0.00135126,1.21121
0.00135877,1.21728
0.00136363,1.22323
0.00136825,1.2293
0.00137287,1.23538
0.00137748,1.24145
0.00138511,1.24749
0.00139012,1.25338
0.0013956,1.25906
0.00140091,1.2648
0.00140361,1.27041
0.00141207,1.27603
0.00141746,1.28173
0.00142289,1.28744
0.00142825,1.29318
0.0014363,1.29898
0.00144151,1.30477
0.00144652,1.31066
0.00145403,1.31677
0.0014613,1.32296
0.00146551,1.32922
0.00147233,1.33563
0.00147615,1.3421
0.00147983,1.3486
0.00148629,1.35519
0.00148985,1.36175
0.00149611,1.36843
0.00149963,1.37503
0.00150613,1.38162
0.00150966,1.38818
0.00151604,1.3948
0.00152232,1.40145
0.00152589,1.40805
0.00153235,1.41464
0.001539,1.42111
0.00154296,1.42752
0.00154991,1.43386
0.00155679,1.44024
0.00156066,1.44665
0.00157044,1.45306
0.00157428,1.4595
0.00158114,1.46588
0.00158793,1.47232
0.00159169,1.47879
0.00159807,1.48541
0.00160418,1.49215
0.00161008,1.49899
0.0016158,1.50592
0.00162131,1.51297
0.00162677,1.52001
0.00163216,1.52709
0.00163755,1.53421
0.00164283,1.54132
0.00164805,1.54849
0.00165314,1.55572
0.00165836,1.56289
0.0016607,1.57006
0.001666,1.57717
0.00167163,1.58416
0.00167742,1.59106
0.00168329,1.59793
0.00168928,1.60473
0.00169527,1.61151
0.00169857,1.61822
0.00170471,1.62493
0.00171088,1.63168
0.00171693,1.63845
0.00172301,1.6452
0.00173172,1.65209
0.0017375,1.65899
0.00174316,1.66595
0.00174852,1.67306
0.00175365,1.68026
0.00176128,1.68765
0.00176302,1.69512
0.00177035,1.70266
0.00177468,1.71023
0.00177885,1.71792
0.00178561,1.72573
0.0017894,1.73355
0.001793,1.74148
0.00179668,1.74942
0.0018005,1.75723
0.00180759,1.76489
0.00181495,1.77243
0.00181674,1.77984
0.00182473,1.78707
0.00182994,1.79425
0.00183561,1.8012
0.00184148,1.80807
0.00184738,1.81491
0.00185632,1.82168
0.00186234,1.82849
0.00186821,1.83535
0.00187405,1.84222
0.00187965,1.84921
0.00188776,1.85638
0.00189265,1.8637
0.00189715,1.87121
0.00190108,1.87899
0.00190493,1.88681
0.00191142,1.89474
0.00191774,1.90274
0.00192092,1.91091
0.00192369,1.91922
0.00192944,1.92752
0.00193231,1.93582
0.00193816,1.94406
0.00194128,1.95224
0.0019476,1.96023
0.00195133,1.9681
0.00195541,1.97583
0.00196271,1.98339
0.00196745,1.99078
0.00197249,1.99804
0.00198065,2.00518
0.00198906,2.01223
0.00199183,2.01919
0.00200047,2.02609
0.00200912,2.03302
0.00201484,2.03997
0.00202038,2.04696
0.00202557,2.05416
0.00203331,2.06149
0.00204071,2.06903
0.0020447,2.07678
0.00205126,2.08465
0.00205446,2.09277
0.00205751,2.10101
0.00206327,2.10931
0.00206857,2.11779
0.00207073,2.1264
0.00207294,2.13501
0.00207815,2.14355
0.00208358,2.15197
0.00208942,2.16021
0.00209541,2.16839
0.00209882,2.17645
0.00210544,2.18432
0.00211241,2.19204
0.00211971,2.19961
0.00212704,2.20715
0.00213166,2.21463
0.0021392,2.22207
0.00214671,2.22952
0.00215124,2.23703
0.0021584,2.24465
0.00216811,2.25244
0.00217152,2.26043
0.0021773,2.26873
0.00218282,2.27716
0.00218788,2.28576
0.00219256,2.29455
0.00219688,2.30352
0.00220088,2.31268
0.00220442,2.32202
0.00220791,2.33136
0.00221423,2.34075
0.00221758,2.35022
0.00222113,2.35955
0.00222473,2.36883
0.00222879,2.37793
0.00223296,2.38696
0.00223752,2.39581
0.00224253,2.40448
0.00224786,2.41296
0.00225644,2.42126
0.00226255,2.42944
0.00226884,2.4375
0.0022782,2.44543
0.00228452,2.45343
0.00229087,2.46148
0.00229712,2.46954
0.00230306,2.47772
0.0023114,2.48614
0.00231675,2.49469
0.00232437,2.50342
0.00232852,2.51251
0.00233236,2.52167
0.0023358,2.53107
0.00233931,2.5404
0.00234236,2.54999
0.00234829,2.55957
0.00235135,2.56915
0.00235452,2.57867
0.00235775,2.58819
0.00236419,2.59753
0.00236526,2.60663
0.00237241,2.61566
0.002377,2.62451
0.00238475,2.63324
0.00238712,2.64172
0.00239558,2.65008
0.00240139,2.65838
0.00241027,2.66656
0.00241617,2.6748
0.00242213,2.68298
0.002428,2.69122
0.00243659,2.69958
0.00244499,2.70795
0.00245018,2.71655
0.00245501,2.72528
0.00246216,2.73425
0.00246901,2.74341
0.0024725,2.75281
0.00247557,2.76233
0.00248129,2.77203
0.00248663,2.78192
0.00248905,2.79181
0.00249686,2.80182
0.00249898,2.81189
0.00250387,2.82196
0.00250878,2.83203
0.00251382,2.84204
0.00251913,2.85193
0.00252222,2.86145
0.00252819,2.87103
0.00253453,2.88043
0.00254124,2.88965
0.00254839,2.89862
0.0025587,2.90753
0.00256338,2.91632
0.00257107,2.92505
0.0025787,2.93384
0.00258621,2.94269
0.00259318,2.95178
0.00260004,2.96094
0.00260668,2.97015
0.00261256,2.9798
0.00261795,2.98962
0.00262284,2.99969
0.00262758,3.00989
0.00263193,3.0202
0.00263896,3.03064
0.00263989,3.04126
0.00264373,3.05182
0.00265053,3.06238
0.00265446,3.07287
0.00265872,3.08325
0.00266614,3.0935
0.002671,3.10364
0.00267613,3.11358
0.00268465,3.12329
0.0026907,3.13287
0.00269711,3.14221
0.00270647,3.15155
0.00271308,3.16083
0.00271988,3.16998
0.00272971,3.17908
0.00273943,3.18829
0.00274592,3.19757
0.00275209,3.20709
0.00276074,3.21673
0.00276342,3.2265
0.00277152,3.23639
0.00277945,3.24646
0.00278693,3.25665
0.00279116,3.26709
0.00279522,3.27753
0.00279896,3.28815
0.00280261,3.29883
0.00280899,3.30957
0.00281225,3.32043
0.0028186,3.33118
0.00282498,3.34192
0.00282878,3.35254
0.00283569,3.36304
0.00284007,3.37335
0.00284469,3.38354
0.0028497,3.39361
0.00285521,3.40338
0.00286415,3.4129
0.00287363,3.42218
0.00288015,3.43146
0.00288719,3.44055
0.00289684,3.44971
0.0029037,3.45892
0.00291043,3.46814
0.00291967,3.47748
0.00292861,3.48706
0.00293419,3.49676
0.00293928,3.50677
0.00294682,3.51697
0.00295114,3.52734
0.00295797,3.53784
0.00296162,3.54852
0.00296509,3.55926
0.00296824,3.57019
0.00297417,3.58118
0.00297756,3.59192
0.00298104,3.60266
0.00298756,3.61334
0.00299141,3.62396
0.0029985,3.63434
0.00300565,3.64471
0.00301054,3.65484
0.00301865,3.66473
0.00302687,3.67462
0.00303262,3.68432
0.00304115,3.69403
0.00304708,3.70361
0.00305578,3.71326
0.0030615,3.72296
0.00306979,3.73279
0.00307789,3.74274
0.00308549,3.75293
0.00308966,3.7633
0.00309673,3.77374
0.00310322,3.78442
0.00310948,3.79529
0.00311515,3.80633
0.00312075,3.81744
0.00312617,3.82867
0.0031285,3.83996
0.00313672,3.85119
0.00313923,3.86243
0.00314185,3.87359
0.00314733,3.88476
0.00315305,3.89581
0.00315896,3.9068
0.00316509,3.91766
0.00317147,3.9284
0.00317815,3.93902
0.00318518,3.94946
0.00319227,3.9599
0.00319969,3.97015
0.00320726,3.98028
0.00321495,3.99042
0.00322258,4.00061
0.00322714,4.01086
0.00323444,4.02118
0.00324145,4.03161
0.0032483,4.04211
0.00325189,4.05286
0.00325812,4.06366
0.00326396,4.07464
0.00326951,4.08581
0.00327481,4.09704
0.00327994,4.1084
0.00328488,4.11987
0.00328986,4.13122
0.00329211,4.14258
0.00329998,4.15399
0.00330213,4.1654
0.00330737,4.1767
0.00331282,4.18786
0.00331852,4.19897
0.00332442,4.2099
0.00332784,4.2207
0.00333738,4.23132
0.00334436,4.24182
0.00335154,4.25213
0.00335583,4.26251
0.00336304,4.27289
0.00337007,4.28332
0.00337702,4.29382
0.00338685,4.30426
0.00339344,4.31494
0.00339964,4.3258
0.00340545,4.33679
0.00341084,4.34802
0.00341585,4.35943
0.00342077,4.37085
0.00342858,4.38232
0.00343323,4.39386
0.00343788,4.40546
0.00344238,4.41711
0.00344688,4.42877
0.00345146,4.44037
0.00345915,4.45184
0.00346112,4.46332
0.00346911,4.47467
0.00347423,4.48602
0.0034796,4.49725
0.00348812,4.50836
0.00349399,4.51935
0.00350004,4.53027
0.00350636,4.54108
0.00351584,4.5517
0.00352514,4.56244
0.00353166,4.57312
0.00353792,4.58392
0.0035443,4.59466
0.00355366,4.60541
0.00356003,4.61615
0.00356933,4.62689
0.00357571,4.63763
0.00358465,4.64856
0.00359043,4.65961
0.00359902,4.67065
0.00360453,4.68182
0.00361293,4.69299
0.00361821,4.70428
0.00362614,4.7157
0.00363105,4.72711
0.00363573,4.73871
0.00364333,4.75024
0.00364828,4.76166
0.00365645,4.77295
0.00366184,4.78418
0.00367036,4.79529
0.00367632,4.80621
0.00368249,4.81708
0.00369155,4.82794
0.00369775,4.83874
0.00370389,4.84961
0.00371283,4.86053
0.00371879,4.87152
0.00372478,4.88244
0.00373348,4.89343
0.00373906,4.9046
0.00374445,4.91583
0.00374961,4.92712
0.00375461,4.93854
0.00375965,4.94995
0.00376734,4.96142
0.00377503,4.97296
0.00377965,4.98456
0.00378397,4.99628
0.00378817,5.00806
0.00379541,5.01977
0.00380251,5.03155
0.00380671,5.04333
0.00381103,5.05505
0.00381818,5.06683
0.00382271,5.07843
0.00383028,5.09003
0.00383514,5.1015
0.00384015,5.11285
0.00384837,5.12414
0.00385672,5.13531
0.00385932,5.14648
0.00386767,5.15765
0.00387601,5.16888
0.00388442,5.18005
0.00388975,5.19128
0.00389744,5.20282
0.00390492,5.21442
0.00390921,5.22613
0.00391607,5.23804
0.00392268,5.25006
0.00392909,5.26221
0.0039355,5.27429
0.00393887,5.2865
0.00394507,5.2987
0.00395103,5.31103
0.00395441,5.32318
0.00396341,5.33545
0.00396676,5.34765
0.0039732,5.35974
0.0039797,5.37182
0.00398634,5.38379
0.0039929,5.39587
0.00399954,5.40784
0.00400622,5.41986
0.0040103,5.4317
0.00402008,5.44354
0.00402732,5.45532
0.00403158,5.46704
0.00403862,5.47888
0.00404577,5.49066
0.00405289,5.50244
0.00406007,5.51416
0.00406717,5.52594
0.00407128,5.53778
0.00408093,5.54974
0.00408475,5.56171
0.00409128,5.57373
0.0040978,5.58581
0.0041016,5.59778
0.00411102,5.60986
0.00411455,5.62195
0.0041209,5.63409
0.00412731,5.64618
0.0041309,5.65826
0.00413737,5.67035
0.00414389,5.68243
0.00414744,5.69452
0.0041568,5.7066
0.00416344,5.71863
0.0041703,5.73053
0.00417733,5.74231
0.0041874,5.75409
0.0041917,5.76581
0.004199,5.77753
0.00420627,5.78924
0.00421342,5.80096
0.00422051,5.8128
0.00422749,5.82464
0.00423404,5.83667
0.0042403,5.84888
0.00424918,5.86114
0.00425771,5.87366
0.00426334,5.88617
0.00426862,5.8988
0.0042766,5.9115
0.00427869,5.92431
0.00428638,5.93719
0.00429398,5.95013
0.00430137,5.96319
0.00430855,5.97632
0.00431275,5.98944
0.00432002,6.0025
0.00433004,6.01568
0.00433418,6.02887
0.00434136,6.04199
0.00434854,6.05511
0.00435594,6.06817
0.00436613,6.08124
0.00437063,6.09424
0.00437808,6.10724
0.00438547,6.1203
0.00439578,6.1333
0.00439992,6.14648
0.00440699,6.15967
0.00441387,6.17291
0.00442085,6.18616
0.00442749,6.19952
0.0044342,6.21289
0.00444084,6.22626
0.00444449,6.23968
0.00445102,6.25311
0.00445749,6.2666
0.00446419,6.27997
0.00447096,6.29327
0.00447766,6.30664
0.00448146,6.31994
0.00448531,6.33331
0.00449204,6.34662
0.00449875,6.35998
0.0045056,6.37323
0.00451249,6.38653
0.00451934,6.39978
0.00452623,6.41308
0.00453022,6.42633
0.00453719,6.43957
0.00454414,6.45276
0.00454831,6.46594
0.00455543,6.47912
0.00456551,6.49225
0.00456956,6.50549
0.00457647,6.51874
0.00458336,6.53198
0.00459,6.54535
0.00459656,6.55878
0.004603,6.57226
0.00460914,6.58588
0.00461531,6.59949
0.0046213,6.61316
0.00463018,6.62689
0.0046359,6.64068
0.00464174,6.65448
0.00464734,6.66833
0.00465312,6.68213
0.00465888,6.69592
0.00466478,6.70965
0.00467086,6.72333
0.00467688,6.737
0.00468311,6.75055
0.00469223,6.76416
0.00469872,6.77759
0.0047051,6.79114
0.0047116,6.80456
0.00471809,6.81799
0.00472447,6.83154
0.00473067,6.84509
0.00473961,6.85876
0.00474566,6.87244
0.00475418,6.88629
0.00475982,6.90015
0.00476542,6.914
0.00477388,6.92792
0.00477943,6.94183
0.00478777,6.95581
0.0047932,6.96973
0.00479871,6.98364
0.0048041,6.99762
0.00481245,7.0116
0.00481814,7.02539
0.00482398,7.03918
0.00482994,7.05286
0.004839,7.06647
0.00484523,7.08008
0.00485164,7.09357
0.00485816,7.10699
0.00486475,7.12042
0.00487169,7.1336
0.00487864,7.14685
0.00488841,7.16015
0.00489825,7.1734
0.00490501,7.18671
0.0049119,7.19995
0.00491878,7.21326
0.00492543,7.22662
0.0049352,7.23987
0.00494212,7.25317
0.00494915,7.26636
0.00495639,7.27942
0.00496364,7.29254
0.00497419,7.30542
0.00498462,7.31842
0.00499192,7.33148
0.00500223,7.34448
0.0050098,7.35742
0.00501999,7.37048
0.00502711,7.38367
0.00503701,7.39685
0.00504371,7.41022
0.00505337,7.42358
0.00505966,7.43713
0.00506618,7.45056
0.00507554,7.46405
0.00508478,7.47754
0.00509119,7.49103
0.00510061,7.50445
0.00510722,7.51788
0.00511956,7.53131
0.00512615,7.54474
0.00513345,7.5578
0.00514424,7.57056
0.00515264,7.58313
0.00516432,7.59546
0.0051763,7.60773
0.00518823,7.61999
0.00519723,7.63226
0.00520915,7.64453
0.00521803,7.6568
0.00522995,7.66907
0.00523811,7.6817
0.00524571,7.6947
0.00525555,7.70788
0.00526526,7.72119
0.00527486,7.73456
0.00528151,7.74798
0.00529116,7.76129
0.00529805,7.77453
0.00530511,7.78772
0.00531211,7.80096
0.00532213,7.81409
0.0053266,7.82715
0.00533703,7.84009
0.00534171,7.85303
0.00535208,7.86603
0.00536251,7.87897
0.00537002,7.89197
0.00538051,7.90491
0.00538805,7.91785
0.00539586,7.93066
0.00540343,7.9436
0.00541073,7.95666
0.00542074,7.96985
0.00542787,7.98303
0.00543776,7.99621
0.00544485,8.0094
0.00545177,8.02264
0.00546154,8.03589
0.00546834,8.04919
0.00547525,8.06244
0.00548243,8.07556
0.00549024,8.08844
0.00549799,8.10126
0.00550896,8.11395
0.0055201,8.12659
0.00552869,8.13904
0.00554019,8.15155
0.00554907,8.16382
0.00556111,8.17602
0.00557017,8.18829
0.00558209,8.20056
0.00559091,8.21289
0.00559956,8.22528
0.00561118,8.23773
0.00562012,8.25
0.00562936,8.26215
0.00564158,8.27423
0.0056538,8.28638
0.00566299,8.2986
0.00567497,8.3108
0.00568409,8.32295
0.00569315,8.33522
0.00570501,8.34749
0.00571383,8.35982
0.00572224,8.37239
0.00573016,8.38521
0.00573803,8.39796
0.00574864,8.41084
0.00575618,8.42384
0.00576378,8.43672
0.00577403,8.44978
0.00577883,8.46266
0.00578968,8.47542
0.00579481,8.48817
0.00580613,8.50068
0.00581176,8.5132
0.00582058,8.52553
0.00582947,8.53786
0.00583858,8.55006
0.00584478,8.56227
0.0058539,8.57448
0.00586308,8.58662
0.0058722,8.59883
0.0058812,8.6111
0.00588979,8.62355
0.00589819,8.63612
0.00590606,8.64894
0.00591392,8.6617
0.00592155,8.67463
0.005929,8.68764
0.00593938,8.70064
0.00594656,8.71376
0.00595332,8.72706
0.00596009,8.74043
0.00596659,8.75386
0.00597323,8.76723
0.00598283,8.78059
0.00598962,8.7939
0.0059994,8.80714
0.00600634,8.82039
0.00601019,8.83375
0.00601695,8.84706
0.00602685,8.86024
0.00603674,8.87349
0.00604404,8.88655
0.00605137,8.89961
0.00605835,8.91286
0.006068,8.92616
0.00607456,8.93959
0.00608109,8.95302
0.00609032,8.96657
0.00609667,8.98005
0.00610561,8.99373
0.00611449,9.00746
0.00612016,9.02131
0.0061257,9.03517
0.00613428,9.04902
0.00614275,9.06294
0.00614841,9.0768
0.00615699,9.09059
0.00616289,9.10432
0.00617171,9.11806
0.00618066,9.13173
0.00618688,9.14534
0.00619636,9.1587
0.00620289,9.17213
0.00620965,9.1855
0.00621973,9.19862
0.00622715,9.21162
0.00623463,9.22462
0.00624506,9.23756
0.00625254,9.25056
0.00626011,9.2635
0.00626753,9.2765
0.0062776,9.28963
0.0062849,9.30275
0.0062948,9.31593
0.00630159,9.32924
0.00631095,9.34273
0.00631742,9.35615
0.00632696,9.36958
0.00633366,9.38289
0.00634052,9.39619
0.00634722,9.40956
0.00635437,9.42268
0.0063615,9.4358
0.00636871,9.44893
0.00637619,9.46193
0.00638361,9.47493
0.00639112,9.48793
0.00639875,9.50081
0.00640629,9.51375
0.00641404,9.52662
0.00642489,9.53938
0.00643561,9.5522
0.00644342,9.56502
0.00645153,9.57771
0.0064594,9.59053
0.0064675,9.60322
0.00647573,9.61586
0.00648693,9.62843
0.00649611,9.64064
0.00650553,9.65266
0.00651537,9.66456
0.00652556,9.67628
0.00653903,9.68776
0.00654964,9.69929
0.00656037,9.71071
0.00657414,9.72212
0.00658486,9.73353
0.00659845,9.74501
0.00660823,9.75691
0.00661753,9.76906
0.00662957,9.7812
0.00663538,9.79365
0.00664664,9.80617
0.00665785,9.8188
0.00666614,9.83137
0.0066774,9.84395
0.00668586,9.85646
0.00669445,9.86891
0.00670339,9.88124
0.00671239,9.89351
0.00672157,9.90571
0.00673081,9.9178
0.00674016,9.92994
0.00674946,9.94203
0.0067587,9.95418
0.0067677,9.96644
0.00677658,9.97877
0.00678523,9.99122
0.00679345,10.0038
0.00680162,10.0165
0.00680937,10.0294
0.00681998,10.0422
0.00682754,10.0552
0.00683511,10.0681
0.0068428,10.081
0.0068476,10.0939
0.00685529,10.1068
0.00686602,10.1196
0.00687371,10.1325
0.00688444,10.1453
0.00689242,10.158
0.00690023,10.1709
0.00690822,10.1836
0.00691621,10.1964
0.0069239,10.2092
0.00693462,10.2221
0.00694231,10.2349
0.00694994,10.2479
0.00695769,10.2607
0.00696824,10.2736
0.00697861,10.2866
0.00698624,10.2995
0.00699357,10.3126
0.00700105,10.3256
0.00701143,10.3385
0.00702186,10.3515
0.00702919,10.3646
0.00703649,10.3776
0.00704376,10.3908
0.00705383,10.4038
0.00706128,10.4169
0.00706874,10.4299
0.00707917,10.4428
0.00708668,10.4558
0.00709431,10.4687
0.00710193,10.4816
0.0071126,10.4945
0.00711755,10.5073
0.00712852,10.52
0.00713639,10.5328
0.00714729,10.5455
0.00715528,10.5582
0.00716339,10.5709
0.00717197,10.5834
0.00718443,10.5954
0.00719468,10.6071
0.00720541,10.6185
0.00721626,10.6299
0.00723008,10.6412
0.00724147,10.6524
0.00725285,10.6635
0.00726436,10.6746
0.00727556,10.6858
0.00728617,10.6973
0.00729607,10.7092
0.00730236,10.7213
0.00731112,10.7337
0.00731988,10.7461
0.0073284,10.7586
0.00733371,10.7712
0.00734193,10.7838
0.00734998,10.7966
0.0073585,10.809
0.00736417,10.8215
0.00737257,10.8341
0.00738085,10.8467
0.00738625,10.8593
0.00739447,10.8719
0.0074027,10.8845
0.00741104,10.8971
0.00741939,10.9097
0.00742761,10.9223
0.00743548,10.9351
0.00744329,10.948
0.00744815,10.9608
0.00745578,10.9737
0.00746365,10.9865
0.00747116,10.9995
0.00747867,11.0125
0.0074832,11.0255
0.00749315,11.0386
0.00749744,11.0518
0.0075045,11.065
0.00751139,11.0782
0.00751818,11.0915
0.00752507,11.1047
0.00753466,11.1181
0.00754158,11.1314
0.00754849,11.1446
0.00755547,11.1579
0.00756244,11.1711
0.00756935,11.1843
0.00757925,11.1975
0.00758348,11.2107
0.00759361,11.2238
0.00760086,11.2369
0.00760807,11.25
0.00761522,11.2631
0.0076224,11.2763
0.00762958,11.2894
0.00763668,11.3026
0.00764407,11.3156
0.00765137,11.3286
0.00765575,11.3417
0.00766302,11.3548
0.00767009,11.368
0.00767703,11.3812
0.00768409,11.3944
0.00769101,11.4077
0.00769795,11.4209
0.00770475,11.4342
0.0077116,11.4475
0.00771834,11.4608
0.00772507,11.4741
0.00773205,11.4874
0.00773923,11.5005
0.00774683,11.5134
0.00775529,11.526
0.00776423,11.5382
0.00777335,11.5504
0.00778283,11.5625
0.00779213,11.5746
0.00780154,11.5867
0.00781102,11.5987
0.00782038,11.6108
0.00782962,11.6229
0.00783844,11.6353
0.00784607,11.6482
0.00785632,11.6613
0.00786341,11.6745
0.00787033,11.6877
0.00787703,11.7011
0.00788651,11.7144
0.00789013,11.7279
0.00789937,11.7414
0.00790569,11.755
0.00791195,11.7685
0.00792119,11.7821
0.00792736,11.7957
0.00793314,11.8095
0.0079419,11.8232
0.00794762,11.837
0.0079562,11.8508
0.00796193,11.8647
0.00797051,11.8785
0.00797593,11.8925
0.00798434,11.9064
0.00798985,11.9203
0.0079953,11.9342
0.00800663,11.9481
0.00801211,11.9621
0.00802034,11.9761
0.00802868,11.9901
0.00803405,12.004
0.00804227,12.018
0.00804791,12.0319
0.00805631,12.0459
0.00806197,12.0597
0.00806775,12.0734
0.00807368,12.0872
0.00808257,12.1009
0.00808888,12.1144
0.00809511,12.128
0.00810167,12.1414
0.00810811,12.1549
0.00811752,12.1683
0.00812435,12.1817
0.00813102,12.195
0.00813794,12.2083
0.00814491,12.2214
0.00815198,12.2346
0.00815895,12.2479
0.0081661,12.261
0.00817311,12.2742
0.008183,12.2874
0.00819,12.3007
0.00819686,12.3139
0.00820675,12.3272
0.00821358,12.3405
0.00822317,12.3538
0.00822973,12.3672
0.00823623,12.3807
0.00824281,12.3941
0.00824949,12.4074
0.00825932,12.4207
0.00826633,12.4339
0.00827321,12.4472
0.00827989,12.4605
0.00828662,12.4739
0.00829634,12.4872
0.00830021,12.5005
0.00831297,12.5137
0.0083197,12.5271
0.00832629,12.5405
0.00833276,12.5539
0.008342,12.5675
0.0083484,12.5809
0.0083577,12.5944
0.00836384,12.6081
0.0083729,12.6217
0.00837925,12.6352
0.00838855,12.6487
0.00839516,12.6621
0.00840193,12.6754
0.0084114,12.6888
0.0084182,12.7022
0.00842797,12.7154
0.00843483,12.7287
0.00844198,12.7418
0.00845206,12.755
0.00845918,12.7681
0.0084666,12.7811
0.00847739,12.7939
0.00848502,12.8068
0.008493,12.8196
0.00850141,12.8321
0.00851357,12.8443
0.00852322,12.8562
0.008533,12.8681
0.00854605,12.8798
0.00855642,12.8914
0.00856638,12.9033
0.00857609,12.9152
0.00858587,12.9271
0.00859582,12.9389
0.00860554,12.9508
0.00861454,12.9631
0.00862318,12.9755
0.00863188,12.9879
0.00864035,13.0004
0.00865155,13.013
0.00865972,13.0257
0.00866759,13.0385
0.00867256,13.0513
0.00868299,13.0642
0.00869027,13.0773
0.0087001,13.0906
0.00870701,13.1038
0.00871372,13.1172
0.0087229,13.1307
0.00872925,13.1442
0.00873548,13.1579
0.00874448,13.1715
0.00875079,13.185
0.00875985,13.1986
0.00876608,13.2122
0.00877249,13.2257
0.00878173,13.2392
0.00878805,13.2528
0.0087946,13.2662
0.00880116,13.2796
0.00880792,13.2929
0.00881776,13.3062
0.00882736,13.3195
0.00883409,13.3328
0.00884068,13.3463
0.00884729,13.3596
0.00885689,13.373
0.00886649,13.3864
0.00887584,13.3999
0.00888228,13.4133
0.00889152,13.4268
0.00889778,13.4404
0.00890422,13.4539
0.00891083,13.4673
0.00892037,13.4807
0.00892716,13.494
0.00893694,13.5073
0.00894373,13.5206
0.00895381,13.5337
0.0089615,13.5466
0.00896936,13.5594
0.00897741,13.5721
0.00898558,13.5847
0.00899368,13.5974
0.00900191,13.6101
0.00901013,13.6227
0.00901854,13.6353
0.009027,13.6478
0.00903523,13.6604
0.00904333,13.6731
0.00905102,13.686
0.00905883,13.6988
0.00906664,13.7116
0.00907451,13.7244
0.00908237,13.7373
0.00909006,13.7501
0.00909757,13.7631
0.00910219,13.7761
0.00911256,13.789
0.00911697,13.8021
0.0091246,13.815
0.00913545,13.8278
0.00914362,13.8405
0.00915202,13.853
0.00916066,13.8654
0.00917265,13.8776
0.00918206,13.8897
0.00919166,13.9017
0.00920155,13.9135
0.00921157,13.9253
0.0092217,13.937
0.00923142,13.949
0.00924411,13.9608
0.00925371,13.9728
0.00926318,13.9849
0.00927254,13.997
0.0092819,14.009
0.00929424,14.0211
0.00930354,14.0332
0.00931278,14.0454
0.00932196,14.0576
0.00933107,14.0698
0.00934002,14.082
0.0093517,14.0944
0.00935763,14.1068
0.00936895,14.1193
0.00937742,14.1318
0.0093854,14.1446
0.00939625,14.1574
0.00940406,14.1702
0.00941169,14.1831
0.0094195,14.1959
0.00942692,14.2089
0.00943419,14.222
0.00944143,14.2351
0.00944856,14.2482
0.00945562,14.2614
0.00946274,14.2746
0.00946977,14.2878
0.00947705,14.3009
0.00948429,14.314
0.0094915,14.3271
0.00949889,14.3401
0.0095064,14.3531
0.00951051,14.3663
0.00951737,14.3795
0.00952381,14.393
0.00953003,14.4066
0.0095362,14.4202
0.00954207,14.434
0.0095506,14.4478
0.00955608,14.4617
0.00956139,14.4758
0.00956657,14.4899
0.00957176,14.5039
0.00957724,14.5178
0.00958278,14.5318
0.00959143,14.5455
0.00959721,14.5593
0.00960591,14.5731
0.00961175,14.5869
0.0096175,14.6007
0.00962597,14.6146
0.00963151,14.6285
0.00963714,14.6423
0.00964549,14.6563
0.009651,14.6702
0.00965911,14.6843
0.00966674,14.6986
0.00967437,14.7128
0.0096789,14.7272
0.00968623,14.7417
0.00969338,14.7562
0.00970047,14.7708
0.00970745,14.7854
0.00971431,14.8
0.00971821,14.8147
0.00972509,14.8293
0.00973213,14.8439
0.0097388,14.8586
0.00974545,14.8734
0.00975207,14.8882
0.00975581,14.9029
0.00976236,14.9177
0.00977178,14.9325
0.00977837,14.9473
0.0097819,14.9622
0.00978845,14.977
0.00979516,14.9917
0.00980207,15.0063
0.00980929,15.0208
0.00981662,15.0353
0.00982425,15.0495
0.00982928,15.0637
0.00983739,15.0777
0.00984579,15.0917
0.0098545,15.1055
0.00986025,15.1192
0.00986895,15.133
0.00987494,15.1467
0.00988382,15.1604
0.00989264,15.1742
0.00990141,15.1879
0.0099071,15.2017
0.00991574,15.2156
0.0099242,15.2294
0.00992978,15.2433
0.00993812,15.2572
0.00994358,15.2712
0.0099518,15.2853
0.00995997,15.2992
0.00996813,15.3133
0.00997624,15.3274
0.00998417,15.3415
0.0099892,15.3556
0.00999707,15.3698
0.0100049,15.384
0.0100126,15.3982
0.0100203,15.4125
0.0100279,15.4269
0.0100323,15.4413
0.0100396,15.4557
0.0100498,15.4702
0.010057,15.4847
0.0100639,15.4994
0.0100706,15.514
0.0100773,15.5288
0.0100869,15.5436
0.0100935,15.5583
0.0100999,15.5732
0.0101063,15.5881
0.0101126,15.603
0.0101189,15.6179
0.0101281,15.6328
0.0101344,15.6478
0.0101434,15.6627
0.0101466,15.6778
0.0101528,15.6927
0.0101618,15.7077
0.0101682,15.7226
0.0101718,15.7375
0.0101783,15.7522
0.0101849,15.7671
0.0101914,15.7818
0.0102011,15.7966
0.0102049,15.8113
0.0102117,15.826
0.0102213,15.8407
0.010225,15.8555
0.0102318,15.8702
0.0102412,15.885
0.0102476,15.8999
0.0102511,15.9148
0.0102602,15.9297
0.0102635,15.9446
0.0102725,15.9596
0.0102786,15.9747
0.0102845,15.9898
0.0102903,16.0049
0.0102959,16.0202
0.0103015,16.0354
0.0103099,16.0508
0.0103152,16.0661
0.0103233,16.0816
0.0103285,16.0971
0.0103366,16.1125
0.0103416,16.128
0.0103465,16.1437
0.0103515,16.1592
0.0103593,16.1748
0.0103642,16.1904
0.0103693,16.2058
0.0103772,16.2214
0.0103823,16.2369
0.01039,16.2524
0.0103977,16.2681
0.0104026,16.2837
0.0104105,16.2992
0.0104183,16.3148
0.0104259,16.3306
0.0104301,16.3464
0.0104374,16.3623
0.0104416,16.3782
0.0104515,16.3941
0.0104586,16.41
0.0104627,16.426
0.0104697,16.442
0.0104764,16.4581
0.0104831,16.4741
0.0104901,16.4901
0.0104942,16.5061
0.0105013,16.5221
0.0105055,16.5379
0.0105099,16.5538
0.010517,16.5697
0.0105243,16.5854
0.0105288,16.6013
0.0105336,16.6169
0.0105412,16.6326
0.0105489,16.6482
0.0105538,16.6638
0.0105616,16.6794
0.0105666,16.6949
0.0105745,16.7105
0.0105796,16.726
0.0105875,16.7415
0.0105954,16.7571
0.0106032,16.7726
0.010608,16.7883
0.0106156,16.804
0.0106231,16.8196
0.0106276,16.8355
0.0106349,16.8512
0.0106422,16.8671
0.0106496,16.8829
0.0106578,16.8983
0.0106635,16.9135
0.0106724,16.9285
0.0106785,16.9436
0.0106876,16.9585
0.0106969,16.9734
0.0107061,16.9884
0.0107154,17.0032
0.0107246,17.0181
0.0107309,17.0331
0.0107421,17.0484
0.0107472,17.0639
0.0107548,17.0796
0.0107624,17.0952
0.0107699,17.1109
0.0107773,17.1267
0.010782,17.1424
0.0107896,17.1581
0.010797,17.1739
0.0108045,17.1896
0.0108117,17.2054
0.0108189,17.2214
0.010826,17.2373
0.010833,17.2533
0.01084,17.2691
0.0108468,17.2853
0.0108535,17.3014
0.0108602,17.3175
0.010867,17.3335
0.0108739,17.3496
0.010878,17.3656
0.0108851,17.3815
0.0108896,17.3972
0.0108972,17.4129
0.0109049,17.4286
0.0109097,17.4442
0.0109148,17.4597
0.0109228,17.4752
0.0109307,17.4907
0.0109387,17.5062
0.0109439,17.5217
0.0109518,17.5372
0.0109598,17.5527
0.0109677,17.5682
0.0109725,17.5838
0.0109833,17.5994
0.0109882,17.615
0.0109957,17.6307
0.011006,17.6465
0.0110134,17.6622
0.0110204,17.6782
0.0110274,17.6942
0.0110343,17.7102
0.0110409,17.7263
0.0110503,17.7425
0.0110566,17.7588
0.0110629,17.7751
0.0110691,17.7915
0.0110753,17.8078
0.0110814,17.8242
0.0110902,17.8407
0.0110965,17.857
0.0111055,17.8734
0.0111123,17.8898
0.0111191,17.9061
0.0111259,17.9225
0.0111328,17.9388
0.0111427,17.9551
0.0111499,17.9713
0.0111572,17.9874
0.0111675,18.0035
0.0111749,18.0195
0.0111823,18.0356
0.0111897,18.0517
0.0111973,18.0677
0.0112077,18.0837
0.0112125,18.0997
0.0112201,18.1157
0.0112304,18.1317
0.0112348,18.1478
0.0112451,18.1639
0.0112526,18.1799
0.0112598,18.1962
0.011267,18.2123
0.0112742,18.2285
0.0112842,18.2446
0.0112914,18.2608
0.0113016,18.277
0.0113091,18.2931
0.0113167,18.3091
0.0113241,18.3251
0.0113317,18.341
0.0113393,18.357
0.011347,18.373
0.0113546,18.389
0.0113622,18.4049
0.0113698,18.4209
0.0113802,18.437
0.0113876,18.453
0.0113949,18.4691
0.0114051,18.4853
0.0114093,18.5014
0.0114194,18.5177
0.0114267,18.5338
0.011431,18.55
0.0114411,18.5661
0.0114483,18.5824
0.0114582,18.5986
0.0114653,18.6149
0.0114722,18.6312
0.0114793,18.6473
0.0114894,18.6636
0.0114936,18.6797
0.0115008,18.6959
0.011511,18.712
0.0115214,18.7281
0.0115286,18.7442
0.011536,18.7604
0.0115435,18.7764
0.0115537,18.7925
0.0115639,18.8086
0.011571,18.8248
0.0115784,18.8409
0.0115856,18.857
0.0115929,18.8733
0.0116,18.8894
0.011607,18.9057
0.011614,18.922
0.0116209,18.9383
0.011628,18.9546
0.0116349,18.9708
0.0116418,18.9872
0.0116483,19.0036
0.0116578,19.0201
0.0116614,19.0366
0.0116708,19.0531
0.0116806,19.0694
0.0116874,19.0858
0.0116943,19.1022
0.0117012,19.1185
0.0117081,19.1348
0.0117151,19.1511
0.0117221,19.1673
0.0117292,19.1836
0.0117391,19.1998
0.011746,19.2162
0.0117527,19.2325
0.0117621,19.249
0.0117686,19.2656
0.0117778,19.2822
0.0117871,19.2988
0.0117934,19.3154
0.0118023,19.3321
0.0118082,19.349
0.0118139,19.3658
0.0118223,19.3828
0.0118307,19.3998
0.011839,19.4169
0.0118473,19.4339
0.0118526,19.451
0.0118605,19.4682
0.0118655,19.4855
0.0118734,19.5027
0.0118814,19.5199
0.0118864,19.5372
0.0118944,19.5543
0.0119025,19.5715
0.0119077,19.5886
0.0119159,19.6057
0.0119242,19.6228
0.0119297,19.6398
0.0119381,19.6567
0.0119438,19.6737
0.0119524,19.6905
0.0119613,19.7073
0.0119674,19.724
0.0119734,19.7408
0.0119795,19.7576
0.0119884,19.7743
0.0119946,19.7909
0.0120007,19.8076
0.0120097,19.8243
0.0120158,19.841
0.0120218,19.8578
0.0120307,19.8745
0.0120366,19.8913
0.0120425,19.9082
0.0120484,19.9249
0.0120542,19.9418
0.0120628,19.9587
0.0120685,19.9756
0.0120771,19.9924
0.0120829,20.0094
0.0120885,20.0262
0.012097,20.0432
0.0121053,20.0602
0.0121109,20.0773
0.0121193,20.0942
0.0121276,20.1113
0.0121332,20.1282
0.0121414,20.1452
0.0121469,20.1623
0.0121552,20.1793
0.0121607,20.1964
0.0121687,20.2135
0.0121769,20.2306
0.012182,20.2478
0.0121899,20.265
0.0121979,20.2822
0.0122025,20.2997
0.0122105,20.3169
0.0122183,20.3342
0.0122259,20.3515
0.0122307,20.3689
0.0122387,20.3861
0.0122466,20.4033
0.0122518,20.4204
0.012257,20.4376
0.0122649,20.4548
0.0122702,20.4719
0.0122782,20.4891
0.0122865,20.5061
0.0122918,20.5232
0.0123,20.5403
0.0123082,20.5575
0.0123136,20.5744
0.012322,20.5914
0.0123303,20.6085
0.0123357,20.6256
0.012344,20.6426
0.0123492,20.6598
0.0123544,20.6769
0.0123624,20.6941
0.0123675,20.7113
0.0123781,20.7286
0.0123828,20.746
0.0123903,20.7634
0.0123976,20.7809
0.0124052,20.7983
0.0124128,20.8158
0.0124204,20.833
0.0124252,20.8504
0.012433,20.8677
0.0124438,20.885
0.012449,20.9021
0.0124573,20.9192
0.0124626,20.9363
0.0124738,20.9532
0.0124819,20.9704
0.0124903,20.9874
0.0124987,21.0044
0.012507,21.0215
0.0125152,21.0386
0.0125262,21.0556
0.0125341,21.0729
0.0125419,21.0902
0.0125497,21.1075
0.0125574,21.1249
0.0125651,21.1422
0.0125726,21.1597
0.0125828,21.1771
0.0125901,21.1947
0.0125976,21.2121
0.0126052,21.2295
0.0126127,21.2469
0.0126202,21.2644
0.012625,21.2817
0.0126326,21.2991
0.0126406,21.3163
0.0126486,21.3335
0.0126568,21.3506
0.0126649,21.3677
0.0126701,21.3849
0.0126784,21.4018
0.0126869,21.4188
0.0126928,21.4357
0.0127047,21.4524
0.0127109,21.469
0.01272,21.4857
0.0127262,21.5023
0.0127355,21.5189
0.012742,21.5354
0.0127513,21.552
0.0127605,21.5686
0.0127665,21.5853
0.0127754,21.602
0.0127841,21.6189
0.0127928,21.6357
0.0127985,21.6527
0.0128069,21.6697
0.0128152,21.6868
0.0128237,21.7036
0.0128294,21.7206
0.0128406,21.7375
0.0128463,21.7545
0.0128547,21.7715
0.0128604,21.7884
0.012869,21.8053
0.0128776,21.8223
0.0128865,21.839
0.0128953,21.8558
0.0129042,21.8725
0.0129133,21.8893
0.0129224,21.9059
0.0129287,21.9225
0.0129378,21.9391
0.0129469,21.9558
0.0129561,21.9724
0.0129653,21.989
0.0129744,22.0056
0.0129835,22.0223
0.0129899,22.0389
0.0129959,22.0556
0.0130049,22.0724
0.0130141,22.089
0.0130204,22.1056
0.0130297,22.1221
0.0130393,22.1385
0.0130459,22.155
0.0130526,22.1714
0.0130623,22.1879
0.013072,22.2042
0.013079,22.2204
0.0130886,22.2368
0.0130984,22.2532
0.0131053,22.2695
0.0131124,22.2858
0.0131223,22.302
0.0131296,22.3181
0.0131395,22.3343
0.0131467,22.3506
0.0131566,22.3668
0.0131662,22.3833
0.0131731,22.3995
0.0131828,22.416
0.0131924,22.4324
0.013199,22.4488
0.0132082,22.4654
0.0132172,22.4822
0.0132262,22.4989
0.0132321,22.5156
0.0132409,22.5325
0.0132469,22.5492
0.0132566,22.5655
0.0132684,22.581
0.013281,22.5959
0.0132943,22.6106
0.0133082,22.6249
0.0133197,22.639
0.0133349,22.6527
0.0133513,22.6658
0.0133682,22.6787
0.0133831,22.6912
0.0134009,22.7037
0.0134168,22.717
0.0134298,22.7304
0.0134454,22.7439
0.0134581,22.7574
0.0134707,22.771
0.0134858,22.7848
0.0134975,22.7988
0.013509,22.8129
0.0135199,22.8273
0.0135306,22.8417
0.0135413,22.8563
0.0135517,22.8708
0.0135589,22.8856
0.0135691,22.9004
0.0135791,22.9152
0.013589,22.93
0.0135989,22.9449
0.0136059,22.9598
0.0136187,22.9747
0.0136258,22.9895
0.0136358,23.0043
0.0136457,23.0192
0.0136531,23.0338
0.0136634,23.0485
0.0136738,23.0631
0.0136842,23.0778
0.0136948,23.0923
0.0137053,23.1069
0.0137157,23.1215
0.0137232,23.1361
0.0137333,23.1509
0.0137434,23.1656
0.0137503,23.1805
0.0137599,23.1956
0.0137692,23.2107
0.0137814,23.2259
0.0137905,23.2412
0.0137998,23.2563
0.0138092,23.2715
0.0138187,23.2866
0.0138283,23.3015
0.013838,23.3165
0.0138478,23.3314
0.0138548,23.3462
0.0138646,23.3612
0.0138774,23.376
0.0138844,23.3909
0.0138941,23.4059
0.0139043,23.4206
0.0139114,23.4355
0.0139215,23.4502
0.0139316,23.465
0.0139421,23.4796
0.0139499,23.4941
0.0139639,23.5084
0.013972,23.5227
0.0139803,23.5369
0.0139915,23.5511
0.0140027,23.5654
0.0140137,23.5797
0.014022,23.594
0.014033,23.6083
0.0140408,23.6228
0.0140513,23.6374
0.0140559,23.652
0.0140659,23.6668
0.0140729,23.6817
0.0140826,23.6966
0.014092,23.7117
0.0141014,23.7269
0.0141106,23.7421
0.0141196,23.7574
0.0141284,23.7728
0.0141342,23.7883
0.0141428,23.8038
0.0141517,23.8191
0.0141604,23.8345
0.014169,23.85
0.0141776,23.8655
0.014186,23.8811
0.0141915,23.8967
0.0141996,23.9123
0.0142077,23.9282
0.0142184,23.9441
0.0142264,23.9598
0.0142371,23.9757
0.0142421,23.9916
0.0142527,24.0074
0.0142604,24.0234
0.0142682,24.0393
0.0142789,24.0552
0.0142865,24.0712
0.0142943,24.087
0.014302,24.103
0.0143122,24.1191
0.0143196,24.1352
0.0143269,24.1514
0.0143371,24.1675
0.0143442,24.1837
0.0143515,24.1998
0.0143587,24.2159
0.0143661,24.232
0.0143735,24.2482
0.0143812,24.264
0.0143892,24.2799
0.0143999,24.2958
0.0144079,24.3115
0.014413,24.3273
0.0144211,24.343
0.0144322,24.3588
0.0144403,24.3745
0.0144486,24.3901
0.0144568,24.4059
0.014462,24.4215
0.0144703,24.4372
0.0144815,24.4529
0.014487,24.4684
0.0144953,24.4841
0.0145037,24.4997
0.0145118,24.5154
0.01452,24.5311
0.0145281,24.5468
0.0145361,24.5626
0.014547,24.5784
0.0145521,24.5942
0.0145599,24.61
0.0145678,24.6259
0.0145755,24.6419
0.0145832,24.6578
0.0145909,24.6736
0.0145986,24.6896
0.0146062,24.7056
0.0146164,24.7217
0.0146238,24.7378
0.0146309,24.7541
0.0146381,24.7702
0.0146478,24.7866
0.0146548,24.8029
0.0146618,24.8191
0.0146686,24.8355
0.0146756,24.8519
0.0146853,24.8681
0.0146893,24.8845
0.0146989,24.9008
0.0147058,24.9172
0.0147154,24.9336
0.0147222,24.95
0.0147291,24.9664
0.0147359,24.9827
0.0147429,24.999
0.0147497,25.0153
0.0147568,25.0315
0.0147669,25.0477
0.0147711,25.0639
0.0147813,25.08
0.0147888,25.0961
0.0147965,25.112
0.0148043,25.1279
0.0148121,25.1437
0.0148169,25.1597
0.0148277,25.1756
0.0148356,25.1913
0.0148434,25.2072
0.0148516,25.223
0.0148596,25.2387
0.0148675,25.2546
0.0148756,25.2703
0.0148836,25.2861
0.0148945,25.3019
0.0149024,25.3177
0.0149103,25.3335
0.0149181,25.3494
0.0149288,25.3653
0.0149366,25.3812
0.0149444,25.3971
0.0149549,25.413
0.0149623,25.4291
0.0149698,25.4452
0.0149773,25.4612
0.0149849,25.4772
0.0149953,25.4932
0.0150028,25.5093
0.0150102,25.5253
0.0150206,25.5414
0.015028,25.5574
0.0150382,25.5735
0.0150468,25.5891
0.0150586,25.6045
0.0150678,25.6197
0.0150799,25.6349
0.0150893,25.65
0.0151018,25.665
0.0151114,25.68
0.0151211,25.6949
0.015131,25.7098
0.0151438,25.7247
0.0151527,25.7401
0.0151638,25.7557
0.0151717,25.7716
0.0151798,25.7873
0.0151876,25.8032
0.0151954,25.8191
0.0152062,25.835
0.0152141,25.8508
0.0152219,25.8667
0.0152327,25.8824
0.0152405,25.8983
0.0152458,25.9141
0.0152568,25.9298
0.0152647,25.9457
0.0152727,25.9614
0.0152808,25.9772
0.0152887,25.993
0.0152967,26.0088
0.0153074,26.0247
0.0153152,26.0405
0.0153228,26.0565
0.0153334,26.0725
0.015341,26.0885
0.0153487,26.1044
0.0153563,26.1204
0.0153639,26.1363
0.0153715,26.1523
0.0153788,26.1684
0.0153863,26.1844
0.0153967,26.2006
0.0154044,26.2164
0.0154119,26.2324
0.0154194,26.2485
0.0154298,26.2645
0.0154346,26.2805
0.0154452,26.2964
0.0154528,26.3124
0.0154608,26.3281
0.0154689,26.3439
0.0154772,26.3596
0.0154884,26.3752
0.0154969,26.3908
0.0155083,26.4063
0.0155141,26.4217
0.0155254,26.4374
0.0155337,26.453
0.0155421,26.4686
0.0155532,26.4842
0.0155613,26.5
0.0155694,26.5157
0.0155772,26.5316
0.0155852,26.5475
0.015593,26.5632
0.0156008,26.5791
0.0156089,26.595
0.01562,26.6106
0.0156284,26.6262
0.0156337,26.6418
0.0156392,26.6575
0.0156474,26.6732
0.0156558,26.6888
0.015664,26.7044
0.0156724,26.72
0.0156806,26.7358
0.015686,26.7514
0.015697,26.7671
0.0157022,26.7829
0.0157133,26.7985
0.0157214,26.8143
0.0157292,26.8301
0.0157369,26.8461
0.0157475,26.862
0.0157552,26.878
0.0157628,26.894
0.0157703,26.91
0.0157807,26.926
0.015788,26.9422
0.0157951,26.9584
0.0158021,26.9747
0.0158121,26.9909
0.0158191,27.0071
0.0158289,27.0235
0.0158359,27.0397
0.0158428,27.0561
0.0158523,27.0726
0.015859,27.0889
0.0158688,27.1053
0.0158756,27.1216
0.0158825,27.138
0.0158893,27.1542
0.0158992,27.1706
0.0159062,27.1868
0.0159131,27.2032
0.015923,27.2194
0.0159303,27.2355
0.0159403,27.2518
0.0159473,27.2681
0.0159545,27.2842
0.0159646,27.3005
0.015972,27.3165
0.0159796,27.3325
0.015987,27.3486
0.0159945,27.3646
0.016002,27.3807
0.0160092,27.3968
0.0160168,27.4128
0.0160274,27.4286
0.0160351,27.4446
0.016043,27.4604
0.016054,27.4762
0.0160619,27.492
0.0160671,27.5077
0.0160752,27.5235
0.0160834,27.5392
0.0160917,27.5549
0.0161001,27.5705
0.0161082,27.5861
0.0161164,27.6019
0.0161274,27.6176
0.0161352,27.6335
0.016143,27.6493
0.0161507,27.6653
0.0161584,27.6812
0.0161659,27.6972
0.0161734,27.7133
0.0161807,27.7294
0.0161906,27.7457
0.0161977,27.7619
0.0162074,27.7783
0.0162143,27.7946
0.0162208,27.8111
0.0162276,27.8274
0.0162346,27.8438
0.0162445,27.86
0.0162515,27.8763
0.016261,27.8928
0.0162679,27.9091
0.0162747,27.9255
0.0162845,27.9417
0.0162915,27.9581
0.0163015,27.9743
0.0163085,27.9905
0.0163152,28.007
0.016322,28.0234
0.0163288,28.0397
0.0163359,28.056
0.016343,28.0721
0.0163532,28.0883
0.0163576,28.1044
0.016365,28.1205
0.0163753,28.1365
0.0163799,28.1525
0.0163903,28.1686
0.0163977,28.1846
0.0164051,28.2007
0.0164124,28.2169
0.0164197,28.233
0.0164268,28.2492
0.0164368,28.2654
0.0164438,28.2818
0.0164506,28.298
0.0164602,28.3145
0.016464,28.331
0.0164765,28.3473
0.0164831,28.3638
0.0164897,28.3803
0.0164993,28.3967
0.0165061,28.413
0.0165156,28.4295
0.0165225,28.4459
0.0165323,28.4622
0.0165421,28.4784
0.0165491,28.4948
0.0165591,28.511
0.0165692,28.5272
0.0165765,28.5433
0.0165837,28.5595
0.0165937,28.5757
0.0166037,28.5919
0.0166107,28.6082
0.0166204,28.6246
0.01663,28.6409
0.0166367,28.6574
0.016646,28.6739
0.0166527,28.6904
0.0166618,28.7071
0.0166679,28.7237
0.016677,28.7404
0.0166859,28.7571
0.0166948,28.7739
0.0167009,28.7906
0.0167099,28.8073
0.0167191,28.8239
0.0167254,28.8405
0.0167316,28.8572
0.0167408,28.8738
0.0167501,28.8904
0.0167565,28.9069
0.016766,28.9234
0.0167726,28.9399
0.0167792,28.9564
0.0167886,28.9728
0.0167951,28.9893
0.0168043,29.0059
0.0168107,29.0225
0.0168172,29.039
0.0168265,29.0556
0.0168328,29.0722
0.0168392,29.0888
0.0168456,29.1053
0.0168549,29.1219
0.0168616,29.1382
0.0168683,29.1547
0.016875,29.1711
0.0168847,29.1874
0.0168942,29.2039
0.0169009,29.2204
0.0169077,29.2367
0.0169144,29.2532
0.0169212,29.2695
0.0169307,29.2859
0.0169373,29.3024
0.0169439,29.3189
0.0169504,29.3354
0.0169596,29.352
0.0169659,29.3687
0.0169751,29.3853
0.0169843,29.4019
0.0169906,29.4185
0.0169996,29.4351
0.0170059,29.4518
0.0170151,29.4684
0.0170213,29.485
0.0170277,29.5016
0.0170372,29.5181
0.0170469,29.5345
0.0170539,29.5507
0.0170611,29.5669
0.0170684,29.5831
0.0170788,29.5991
0.0170865,29.615
0.0170944,29.6308
0.0171025,29.6465
0.0171109,29.6622
0.0171195,29.6777
0.0171283,29.6931
0.0171371,29.7085
0.0171459,29.7239
0.0171549,29.7392
0.017164,29.7544
0.0171732,29.7697
0.0171822,29.785
0.0171942,29.8002
0.017203,29.8156
0.0172117,29.831
0.0172204,29.8465
0.0172289,29.8621
0.0172376,29.8776
0.0172488,29.8932
0.017257,29.9088
0.017268,29.9246
0.0172762,29.9403
0.0172871,29.956
0.0172953,29.9718
0.0173063,29.9875
0.0173144,30.0032
0.0173225,30.0189
0.0173337,30.0345
0.0173458,30.0498
0.0173582,30.0635
0.0174683,30.0313
