"Maximum force",26.2931,"N"
"Gage length ",0.929738,"mm"
"Strain energy",0.221244,"mJ"
"Deformation at maximum force",0.0215574,"mm"
"Standard travel","Standard force"
"mm","N"
0,0.196836
3.8743e-006,0.197744
5.02914e-006,0.198584
6.18398e-006,0.199415
7.48783e-006,0.200174
8.93325e-006,0.200865
1.03563e-005,0.20157
1.20848e-005,0.202124
1.10045e-005,0.202642
1.28448e-005,0.203142
1.46627e-005,0.203661
1.63093e-005,0.204256
1.50278e-005,0.204866
1.67191e-005,0.205439
1.55866e-005,0.20598
1.7412e-005,0.206488
1.64732e-005,0.206938
1.83806e-005,0.207407
1.74306e-005,0.207861
1.64695e-005,0.208317
1.83471e-005,0.208801
1.74753e-005,0.209217
1.65999e-005,0.209633
1.57543e-005,0.210031
1.47633e-005,0.210503
1.67005e-005,0.210957
1.57543e-005,0.211411
1.78702e-005,0.211779
1.7006e-005,0.212194
1.62125e-005,0.21257
1.54339e-005,0.212938
1.48714e-005,0.213205
1.42939e-005,0.21348
1.37798e-005,0.213723
1.33514e-005,0.213926
1.59144e-005,0.214084
1.55792e-005,0.214248
1.52644e-005,0.214396
1.50334e-005,0.214507
1.46702e-005,0.214679
1.42734e-005,0.214867
1.38599e-005,0.215063
1.35284e-005,0.215219
1.31652e-005,0.215392
1.27032e-005,0.215611
1.23065e-005,0.215799
1.19414e-005,0.215971
1.1446e-005,0.216207
1.08201e-005,0.216505
1.04215e-005,0.216692
1.28504e-005,0.216912
1.23698e-005,0.217147
1.17738e-005,0.217428
1.11628e-005,0.217718
1.08313e-005,0.217876
1.03358e-005,0.218111
9.88878e-006,0.218322
9.40822e-006,0.218549
9.07853e-006,0.218707
8.59797e-006,0.218934
1.12355e-005,0.219058
1.1025e-005,0.219161
1.08434e-005,0.219247
1.06776e-005,0.219326
1.34343e-005,0.219396
1.32537e-005,0.219482
1.30385e-005,0.219584
1.26921e-005,0.219748
1.52551e-005,0.219905
1.78479e-005,0.220054
1.73636e-005,0.220289
1.68681e-005,0.220524
1.92523e-005,0.220767
2.15769e-005,0.221041
2.08318e-005,0.221402
2.29627e-005,0.221762
2.49743e-005,0.222186
2.71499e-005,0.222537
2.92659e-005,0.222905
2.85544e-005,0.22325
3.07001e-005,0.223603
3.28161e-005,0.223979
3.49618e-005,0.224339
3.71076e-005,0.224699
3.91789e-005,0.2251
4.12352e-005,0.225499
4.42751e-005,0.225438
4.8954e-005,0.224602
5.38416e-005,0.22366
5.86696e-005,0.222744
6.6597e-005,0.221745
7.14548e-005,0.220826
7.62828e-005,0.219914
8.09915e-005,0.219059
8.57003e-005,0.218201
9.34489e-005,0.217289
9.72487e-005,0.216866
9.94094e-005,0.217217
0.000101272,0.217709
0.000105891,0.218266
0.000110451,0.218869
0.000111934,0.219544
0.00011329,0.22028
0.000114758,0.220963
0.000119198,0.221611
0.000120599,0.222325
0.00012489,0.223046
0.000126209,0.223797
0.00013053,0.224503
0.000131901,0.225232
0.000136044,0.226014
0.000137534,0.226696
0.000141885,0.227387
0.000146177,0.228108
0.000150409,0.228852
0.00015473,0.229557
0.000159021,0.230286
0.000163224,0.231045
0.000167277,0.231884
0.000171419,0.232674
0.000175592,0.233452
0.000176784,0.234265
0.000180777,0.235119
0.000184771,0.235989
0.000188734,0.236866
0.000192519,0.237824
0.000196364,0.238747
0.000203278,0.239609
0.000207122,0.240544
0.000211056,0.241436
0.000214871,0.242375
0.000218581,0.243374
0.000222396,0.24432
0.000229102,0.245282
0.000232782,0.246289
0.000239369,0.247296
0.000243139,0.248269
0.000246581,0.249398
0.000250306,0.250382
0.000256684,0.251488
0.000260275,0.252541
0.000264015,0.253525
0.000270661,0.254502
0.000274654,0.255375
0.000278588,0.25626
0.000285503,0.257115
0.000289228,0.258107
0.000296082,0.258988
0.000299927,0.259926
0.000303712,0.260884
0.000310238,0.261921
0.000313785,0.262997
0.000320192,0.264088
0.000326302,0.265324
0.000329506,0.266568
0.000332545,0.26788
0.000338625,0.269131
0.000341725,0.270421
0.000347655,0.271733
0.000350755,0.27303
0.000356805,0.274289
0.000359949,0.275555
0.000366058,0.276783
0.000372287,0.277974
0.000375565,0.279179
0.000381764,0.280369
0.000387903,0.28159
0.000393923,0.282856
0.000399973,0.284138
0.000402968,0.285466
0.00040878,0.286839
0.000414472,0.288281
0.000416975,0.289853
0.000422131,0.291531
0.000427227,0.293255
0.000432264,0.294995
0.000437509,0.29665
0.000442516,0.298405
0.000447553,0.300152
0.0004525,0.30193
0.00045469,0.303654
0.000459787,0.305371
0.000467833,0.307057
0.000473138,0.308682
0.000478473,0.310284
0.000483688,0.311955
0.000488754,0.313687
0.00049692,0.31532
0.000499409,0.316899
0.000504952,0.318402
0.000510406,0.319951
0.0005158,0.321522
0.000521254,0.323071
0.000526886,0.324536
0.000534516,0.325039
0.000543755,0.324815
0.00055347,0.324346
0.000563543,0.323698
0.000573616,0.32306
0.00058661,0.322412
0.000596683,0.321767
0.000606876,0.321073
0.000617128,0.320341
0.000627261,0.319662
0.000635426,0.319917
0.000642072,0.320909
0.000648241,0.322122
0.000654023,0.323518
0.000662547,0.324983
0.000665229,0.326471
0.000670802,0.327951
0.000676434,0.329423
0.000682067,0.330881
0.000687789,0.3323
0.000696432,0.333719
0.000702243,0.3351
0.000707936,0.336526
0.000713479,0.338029
0.000719111,0.339494
0.000724694,0.340995
0.000730237,0.342498
0.000738701,0.343986
0.000744125,0.345542
0.00075247,0.347091
0.000757864,0.348678
0.000760263,0.350303
0.000768489,0.351905
0.000773823,0.353522
0.000779039,0.35517
0.000784343,0.356795
0.00079245,0.358443
0.000797725,0.360084
0.000806129,0.361617
0.000811404,0.36325
0.000816679,0.36489
0.000824845,0.366508
0.00083009,0.368171
0.000838435,0.369735
0.000843769,0.371329
0.000849193,0.372886
0.000857478,0.374465
0.000862783,0.376098
0.000870532,0.377921
0.000875479,0.379722
0.000880307,0.381553
0.000887996,0.383422
0.000892764,0.385291
0.000897354,0.387244
0.000904834,0.389213
0.000912195,0.391242
0.000916546,0.393302
0.000920838,0.395408
0.00092808,0.397483
0.000935203,0.399619
0.000939762,0.401588
0.000947273,0.403541
0.000952011,0.405433
0.000959611,0.40734
0.000964409,0.409194
0.000968909,0.411178
0.00097636,0.413177
0.000983721,0.415191
0.000991142,0.417174
0.000995552,0.419219
0.00100265,0.421371
0.00100962,0.423583
0.00101647,0.425841
0.00102032,0.428145
0.00102699,0.430495
0.00103382,0.432769
0.00103762,0.435103
0.00104438,0.437408
0.00104823,0.439727
0.00105505,0.442
0.00106188,0.444274
0.00106843,0.44667
0.00107213,0.44905
0.00107851,0.451537
0.00108474,0.454085
0.00108815,0.456618
0.00109459,0.459075
0.0011009,0.461593
0.00110716,0.464126
0.00111336,0.466704
0.00111941,0.469344
0.0011257,0.471877
0.00113184,0.474471
0.00113577,0.476729
0.00114602,0.478744
0.00115085,0.480613
0.00115866,0.482429
0.00116969,0.484069
0.00117797,0.485663
0.0011862,0.487289
0.00119448,0.488853
0.00120283,0.490409
0.00121153,0.491805
0.00121981,0.493369
0.0012278,0.495109
0.00123573,0.496863
0.00124354,0.498656
0.00125123,0.500548
0.00125874,0.502494
0.00126622,0.504447
0.00127361,0.506461
0.00128374,0.508536
0.00129086,0.510673
0.00129495,0.512885
0.00130174,0.515159
0.00131122,0.517554
0.00131472,0.520041
0.00132092,0.522605
0.00132709,0.525184
0.00133317,0.527823
0.00133643,0.530402
0.00134561,0.53292
0.00134892,0.535514
0.00135512,0.538077
0.0013582,0.540748
0.00136679,0.543555
0.00136974,0.546302
0.00137564,0.549018
0.00138154,0.551719
0.00139042,0.554404
0.00139644,0.557059
0.00140216,0.559852
0.00140803,0.562583
0.00141405,0.565238
0.00142031,0.567786
0.00142648,0.57038
0.00143536,0.573035
0.00143843,0.575736
0.00144433,0.578452
0.00145044,0.581046
0.0014564,0.583732
0.00146245,0.586371
0.00147133,0.589057
0.00147708,0.591834
0.00148278,0.594657
0.00148871,0.597358
0.00149476,0.599998
0.00150069,0.602698
0.00150957,0.605369
0.00151553,0.608069
0.00152134,0.610816
0.00152724,0.613532
0.00153588,0.616324
0.00154164,0.619102
0.00154751,0.621833
0.00155329,0.62461
0.00155895,0.627418
0.00156753,0.63024
0.00157329,0.633033
0.00157883,0.635901
0.00158446,0.638755
0.00159,0.641639
0.00159865,0.644431
0.0016044,0.647208
0.00160997,0.650077
0.00161844,0.652946
0.00162425,0.655707
0.00163289,0.658484
0.00163852,0.661338
0.00164413,0.664207
0.00165259,0.66706
0.00165846,0.669806
0.00166681,0.672721
0.0016722,0.675681
0.00167774,0.678565
0.00168329,0.681449
0.00168874,0.684379
0.00169696,0.687339
0.00170254,0.690223
0.00171094,0.693122
0.00171652,0.696006
0.00172173,0.699042
0.00172727,0.701926
0.00173273,0.704856
0.00173824,0.70774
0.00174647,0.710731
0.00175159,0.713828
0.00175976,0.716819
0.00176751,0.718673
0.00178026,0.718135
0.00179624,0.717452
0.00181257,0.716575
0.0018261,0.715705
0.00183975,0.714747
0.0018562,0.713809
0.00187277,0.712836
0.00188666,0.711799
0.00190311,0.71086
0.00191449,0.711
0.00191814,0.713396
0.00192768,0.715761
0.00193433,0.718126
0.00193817,0.72043
0.00194795,0.722673
0.00195498,0.724871
0.00196505,0.726961
0.00197247,0.728975
0.00198046,0.730677
0.00198839,0.732447
0.00199637,0.734156
0.00200442,0.735857
0.00201265,0.73749
0.00202063,0.739206
0.00202856,0.740961
0.00203637,0.742754
0.00204704,0.744577
0.00205443,0.746607
0.00206128,0.748865
0.00206915,0.750643
0.00207809,0.751909
0.00208656,0.753428
0.0020974,0.755167
0.00210521,0.756975
0.00211284,0.75886
0.00212041,0.76079
0.00212795,0.762735
0.00213558,0.764612
0.00214333,0.766451
0.00214977,0.768923
0.00215474,0.772066
0.00215969,0.77524
0.00216473,0.778353
0.00217265,0.781496
0.0021776,0.784655
0.00218535,0.787859
0.00219027,0.791048
0.00219516,0.794237
0.00220001,0.797441
0.00220487,0.800646
0.00220964,0.803911
0.00221441,0.807146
0.00222201,0.810427
0.00222687,0.813646
0.00223178,0.81682
0.00223971,0.819948
0.00224457,0.823153
0.00224946,0.826342
0.00225443,0.8295
0.00226248,0.832567
0.0022679,0.835512
0.00227661,0.838274
0.0022828,0.840853
0.00228945,0.843218
0.00229917,0.845476
0.00230641,0.847567
0.00231678,0.849535
0.00232438,0.851458
0.00233511,0.853258
0.00234309,0.854982
0.002354,0.856699
0.00236181,0.858507
0.00236929,0.860476
0.0023793,0.862597
0.00238902,0.864885
0.00239552,0.867327
0.00240154,0.869982
0.00241048,0.872637
0.00241888,0.875521
0.00242413,0.878557
0.00242922,0.881655
0.00243715,0.884783
0.0024449,0.888002
0.0024494,0.891375
0.0024539,0.894762
0.00245891,0.89789
0.00246785,0.90053
0.0024739,0.903185
0.00247995,0.905825
0.00248618,0.908373
0.00249506,0.911043
0.00250102,0.913744
0.00250984,0.916445
0.00251598,0.919054
0.00252492,0.921679
0.00253061,0.924517
0.00253544,0.927736
0.00254301,0.931032
0.00254766,0.934343
0.00255216,0.937716
0.00255964,0.941072
0.00256414,0.944445
0.00257144,0.947863
0.00257871,0.951311
0.00258592,0.954775
0.00259004,0.95833
0.00259698,0.961931
0.00260097,0.965548
0.00260777,0.969225
0.00261441,0.972948
0.00261823,0.976641
0.00262476,0.98044
0.00262854,0.984163
0.00263814,0.987886
0.00264493,0.991549
0.00264887,0.995195
0.00265566,0.998857
0.00265945,1.00258
0.00266618,1.00627
0.00267566,1.01004
0.00267931,1.01383
0.00268598,1.01755
0.00269263,1.02127
0.0026991,1.0251
0.0027053,1.02904
0.00271132,1.0331
0.00271725,1.03716
0.00272327,1.04119
0.00272637,1.04524
0.00273248,1.04921
0.00273876,1.05312
0.00274502,1.05705
0.00275122,1.06099
0.00275739,1.06496
0.00276365,1.06886
0.00276982,1.07286
0.00277888,1.07683
0.00278217,1.08077
0.00278843,1.08467
0.0027946,1.08867
0.00280062,1.09267
0.00280661,1.09673
0.00280972,1.10076
0.00281568,1.10481
0.00282162,1.1089
0.00282749,1.11302
0.00283354,1.11702
0.00283656,1.12111
0.00284532,1.12523
0.0028483,1.12932
0.00285411,1.13344
0.00286264,1.13765
0.00286809,1.14198
0.00287073,1.14623
0.00287919,1.1505
0.00288489,1.15468
0.00289034,1.15898
0.00289579,1.16329
0.00290116,1.16762
0.00290658,1.17195
0.00291192,1.17632
0.00291758,1.1805
0.00292342,1.18462
0.00293224,1.18871
0.00293808,1.19283
0.00294419,1.19683
0.00295024,1.20082
0.00295635,1.20482
0.0029624,1.20885
0.00296851,1.21285
0.00297751,1.21681
0.00298341,1.22093
0.00298937,1.22499
0.00299802,1.22914
0.0030038,1.23329
0.0030094,1.23754
0.00301774,1.24184
0.00302326,1.24611
0.00302865,1.25044
0.003037,1.25478
0.00303947,1.25911
0.00304776,1.26344
0.00305309,1.26781
0.00305842,1.27214
0.00306689,1.27641
0.00307282,1.2805
0.00307896,1.28447
0.00308867,1.28812
0.00309642,1.29134
0.00310745,1.29437
0.00311544,1.29747
0.00312646,1.30051
0.00313457,1.30356
0.00314548,1.30667
0.00315323,1.30988
0.00316342,1.31331
0.00317057,1.31682
0.00317975,1.32071
0.00318526,1.32498
0.00319313,1.32953
0.00319805,1.33411
0.0032055,1.33884
0.00320988,1.34363
0.00321718,1.34845
0.00322445,1.35327
0.00322594,1.35806
0.00323313,1.36292
0.00323721,1.36786
0.00324406,1.37287
0.00324821,1.37781
0.00325521,1.38275
0.00326233,1.38764
0.00326647,1.39258
0.0032736,1.39746
0.00328078,1.40232
0.00328507,1.40717
0.0032924,1.41196
0.00329985,1.41669
0.00330441,1.42142
0.00330891,1.42618
0.00331642,1.43088
0.0033239,1.43561
0.00333138,1.44031
0.00333863,1.44516
0.00334581,1.45001
0.0033529,1.4549
0.00335698,1.45987
0.00336396,1.46482
0.00337427,1.46958
0.00337898,1.47425
0.00338667,1.47885
0.00339427,1.48352
0.00340181,1.48822
0.00340944,1.49286
0.00341695,1.49756
0.00342449,1.50226
0.00343209,1.50693
0.00343983,1.51151
0.00344729,1.51624
0.00345453,1.52106
0.00346171,1.52594
0.00346907,1.5307
0.0034767,1.53537
0.00348433,1.54001
0.003495,1.54459
0.00349971,1.54926
0.00350734,1.5539
0.00351485,1.5586
0.00352215,1.56342
0.00352936,1.56827
0.0035366,1.57309
0.00354346,1.5781
0.00355043,1.58307
0.00355726,1.58808
0.00356384,1.59323
0.00357073,1.59824
0.00357424,1.60346
0.00358342,1.60874
0.00358962,1.61408
0.00359564,1.61948
0.0036016,1.62494
0.00360747,1.6304
0.00361588,1.63605
0.00362136,1.64173
0.00362684,1.6474
0.00363215,1.65314
0.00364061,1.65878
0.00364619,1.6644
0.00365483,1.66992
0.00366061,1.67548
0.00366627,1.68106
0.00367217,1.68653
0.0036781,1.69199
0.00368409,1.69739
0.00369005,1.70285
0.00369911,1.70819
0.00370516,1.71359
0.00371115,1.719
0.00371697,1.72452
0.00371998,1.72998
0.00372576,1.73551
0.0037344,1.74106
0.00374298,1.74661
0.00374871,1.7522
0.0037544,1.75775
0.00375994,1.7634
0.00376551,1.76901
0.00377112,1.7746
0.0037769,1.78015
0.00378542,1.78574
0.00379132,1.7912
0.00379719,1.79669
0.00380315,1.80213
0.00380912,1.80759
0.00381806,1.81296
0.0038239,1.81845
0.00382697,1.82392
0.00383311,1.82926
0.00384205,1.83466
0.00384828,1.83997
0.00385427,1.8454
0.00386035,1.85077
0.00387221,1.85617
0.00387823,1.8616
0.00388413,1.86707
0.00389021,1.87244
0.00389909,1.87787
0.00390481,1.88342
0.00391363,1.88889
0.00391941,1.89441
0.00392514,1.89997
0.00393366,1.90558
0.00393935,1.91113
0.00394787,1.91675
0.00395336,1.92243
0.00395884,1.92807
0.00396713,1.93378
0.00397264,1.93946
0.00398098,1.94513
0.00398638,1.95084
0.00399484,1.95648
0.00400313,1.96216
0.00400864,1.96784
0.0040141,1.97351
0.0040197,1.97913
0.00402816,1.98477
0.00403374,1.99036
0.0040422,1.99597
0.0040475,2.00174
0.00405895,2.00736
0.00406705,2.01178
0.00407588,2.01587
0.00408768,2.0199
0.0040968,2.02384
0.00410925,2.02759
0.00412207,2.03115
0.00413608,2.03415
0.00414756,2.03701
0.00415948,2.0396
0.00417438,2.04216
0.0041841,2.04584
0.00419655,2.04956
0.00420609,2.05333
0.00421891,2.05689
0.00422874,2.0605
0.00424108,2.06429
0.00424948,2.06856
0.00426063,2.07292
0.00426868,2.07738
0.00427631,2.08202
0.00428668,2.08675
0.00429377,2.09166
0.0043008,2.09661
0.00431022,2.10176
0.00431666,2.10698
0.00432602,2.1122
0.00433245,2.11742
0.00433862,2.12273
0.00434482,2.12807
0.00435394,2.13338
0.00436008,2.13875
0.00436604,2.14418
0.00437492,2.14962
0.00438073,2.15514
0.00438637,2.16072
0.00439477,2.16637
0.004403,2.17211
0.00440857,2.17775
0.00441673,2.18352
0.00442228,2.18917
0.00443074,2.19478
0.00443649,2.20034
0.00444198,2.20598
0.00444758,2.2116
0.00445622,2.21715
0.004462,2.22267
0.00447071,2.22817
0.00447631,2.23381
0.004482,2.23937
0.00449058,2.24492
0.0044961,2.2506
0.00450152,2.25627
0.00450993,2.26195
0.00451538,2.26763
0.00452086,2.2733
0.00452909,2.27904
0.00453714,2.28484
0.00454241,2.29064
0.00455052,2.29644
0.0045585,2.30226
0.00456366,2.30809
0.00456887,2.31389
0.00457692,2.31972
0.00458509,2.32549
0.00459024,2.33132
0.00459555,2.33708
0.00460401,2.3427
0.00461248,2.34835
0.0046179,2.35402
0.00462613,2.35976
0.00463158,2.36544
0.0046398,2.3712
0.00464809,2.37688
0.00465649,2.38256
0.00466195,2.38823
0.00466734,2.39397
0.00467843,2.39971
0.00468376,2.40544
0.00469205,2.41118
0.00469762,2.4168
0.0047062,2.42238
0.00471187,2.42794
0.00472063,2.43343
0.00472641,2.43895
0.00473505,2.44448
0.00474072,2.45009
0.00475228,2.45561
0.00475791,2.46123
0.00476655,2.46675
0.00477508,2.47237
0.00478077,2.47795
0.00478917,2.4836
0.00479734,2.48934
0.00480255,2.49517
0.0048078,2.50093
0.00481597,2.5067
0.00482401,2.51253
0.00482908,2.51839
0.00483987,2.52428
0.00484756,2.53029
0.00485244,2.53624
0.00486007,2.54225
0.00486472,2.54836
0.00487515,2.5544
0.00487974,2.5605
0.00488415,2.56667
0.00489441,2.57283
0.00489888,2.579
0.00490606,2.58522
0.00491327,2.59145
0.00491726,2.59783
0.0049271,2.60417
0.00493133,2.61043
0.00493839,2.61675
0.00494528,2.6231
0.00495231,2.62941
0.00495932,2.63573
0.00496364,2.64196
0.00497371,2.64821
0.00497803,2.65444
0.00498539,2.66057
0.00499308,2.66655
0.00500107,2.67244
0.00500929,2.67818
0.00501487,2.68379
0.00502357,2.68932
0.00503263,2.69466
0.0050455,2.69957
0.00505903,2.70418
0.00506702,2.70867
0.00508079,2.71315
0.00509158,2.71767
0.00509912,2.72237
0.00510937,2.72716
0.0051223,2.73204
0.00512928,2.73702
0.00513893,2.74208
0.00514758,2.74761
0.0051561,2.75322
0.00516143,2.75896
0.00516948,2.76479
0.00518033,2.77068
0.00518531,2.77657
0.00519323,2.78246
0.00520104,2.78838
0.00520614,2.79427
0.00521371,2.80031
0.00522116,2.80641
0.00522831,2.81267
0.00523543,2.81893
0.00523984,2.82509
0.00524709,2.83132
0.00525478,2.8373
0.00525999,2.8431
0.00526851,2.84868
0.0052774,2.85414
0.00528657,2.85942
0.00529635,2.86443
0.00530988,2.86768
0.00532562,2.86981
0.00533915,2.87172
0.00535583,2.87342
0.00537229,2.87525
0.00538605,2.87703
0.00540048,2.87846
0.00541776,2.87992
0.00543481,2.88143
0.00544876,2.88311
0.00545883,2.88661
0.00546956,2.89115
0.00547391,2.89601
0.00548363,2.90101
0.00549316,2.90614
0.00549942,2.91145
0.00550753,2.91725
0.0055123,2.92326
0.00551972,2.92939
0.00552702,2.93556
0.00552867,2.94166
0.00553887,2.94786
0.00554334,2.95402
0.00554751,2.96028
0.00555481,2.96647
0.00556187,2.97276
0.00556605,2.97904
0.00557323,2.9853
0.00558059,2.99143
0.00558482,2.99769
0.00559179,3.00404
0.00559579,3.01042
0.00560267,3.01679
0.0056067,3.02314
0.00561331,3.02964
0.00561999,3.03614
0.00562645,3.0427
0.00563003,3.0493
0.00563632,3.05595
0.00564556,3.06257
0.00564915,3.06916
0.00565568,3.07569
0.0056622,3.08226
0.00566582,3.08879
0.00566967,3.09523
0.00567628,3.10176
0.00568299,3.1082
0.00568973,3.11466
0.00569655,3.12104
0.00570045,3.12748
0.00570719,3.13392
0.00571366,3.14048
0.00572012,3.14707
0.00572665,3.15364
0.00573297,3.16029
0.00573938,3.16688
0.00574873,3.17347
0.00575237,3.18
0.0057589,3.18656
0.0057656,3.19303
0.00577237,3.19947
0.0057794,3.20576
0.00578652,3.21202
0.00579371,3.21827
0.00580101,3.22447
0.00580852,3.23054
0.00581597,3.23664
0.00582366,3.24262
0.00582848,3.24861
0.00583909,3.25459
0.00584407,3.26051
0.00585206,3.26637
0.00586344,3.27198
0.00586955,3.27735
0.00587873,3.28263
0.00589095,3.28788
0.00590037,3.29307
0.00590955,3.29835
0.00591569,3.30369
0.00592779,3.309
0.00593685,3.31434
0.00594561,3.31983
0.00595085,3.3256
0.00596134,3.33164
0.00596862,3.33787
0.00597264,3.34422
0.00597931,3.35069
0.00598879,3.35722
0.00599247,3.36375
0.00600171,3.37037
0.00600487,3.37715
0.00601107,3.38383
0.00601718,3.3906
0.00602624,3.39732
0.00602949,3.40406
0.00603867,3.41072
0.0060419,3.41746
0.00604801,3.4242
0.00605442,3.4308
0.0060607,3.43745
0.0060672,3.44401
0.00607364,3.45063
0.00608017,3.45716
0.00609113,3.46296
0.00609882,3.4676
0.00611235,3.47221
0.00612046,3.4766
0.00613184,3.48088
0.00614299,3.48524
0.00615431,3.48951
0.0061657,3.49375
0.00617696,3.49806
0.00618811,3.50242
0.00619788,3.50743
0.00620525,3.51359
0.00621246,3.51982
0.00621946,3.52613
0.00622608,3.53263
0.00623257,3.53919
0.00623898,3.54582
0.0062481,3.5525
0.00625439,3.55918
0.0062608,3.56578
0.00626706,3.57243
0.00627671,3.57887
0.00628345,3.58534
0.00629021,3.59178
0.00629704,3.59819
0.00630407,3.6045
0.00631414,3.61073
0.00632147,3.61692
0.00632872,3.62312
0.00633298,3.62934
0.00634299,3.63563
0.00634952,3.64219
0.00635596,3.64878
0.00636525,3.65538
0.00636874,3.662
0.0063778,3.66871
0.00638379,3.67552
0.00638987,3.68229
0.00639598,3.68904
0.00640221,3.69572
0.00641115,3.70249
0.00641753,3.70912
0.00642394,3.71571
0.00643305,3.72242
0.00644206,3.72917
0.00644808,3.73597
0.0064541,3.74275
0.00646292,3.74958
0.00647192,3.75633
0.00647844,3.76289
0.00648816,3.7693
0.00649776,3.77577
0.00650735,3.78227
0.00651442,3.78855
0.00652449,3.79481
0.00653164,3.80107
0.00654154,3.80735
0.00654869,3.81364
0.00655846,3.82002
0.00656776,3.82664
0.00657682,3.83335
0.00658275,3.84019
0.00659151,3.84706
0.00659706,3.85408
0.0066054,3.86112
0.00661115,3.86805
0.00661997,3.87489
0.00662886,3.88169
0.00663792,3.88844
0.00664429,3.89506
0.00665377,3.90156
0.00666071,3.90791
0.00667067,3.91419
0.00668104,3.92033
0.00668879,3.92628
0.00669928,3.93232
0.00670977,3.93836
0.00671758,3.94432
0.00672807,3.95039
0.0067385,3.95646
0.00674574,3.96266
0.00675569,3.96897
0.00676282,3.97523
0.00677265,3.98158
0.00677954,3.98796
0.00678931,3.99436
0.00679617,4.00074
0.00680552,4.00733
0.00681226,4.01377
0.00682186,4.02027
0.00682862,4.02668
0.00683551,4.03306
0.0068423,4.0395
0.0068519,4.04597
0.00685848,4.05247
0.00686802,4.05897
0.00687455,4.06553
0.00688104,4.07209
0.0068904,4.07868
0.00689952,4.08537
0.00690587,4.09202
0.00691493,4.09873
0.00692417,4.10536
0.0069337,4.11186
0.00694044,4.11833
0.00694992,4.12483
0.00695653,4.13136
0.00696625,4.13777
0.00697283,4.1443
0.00698255,4.15071
0.00699215,4.15718
0.00699885,4.16365
0.00700541,4.17018
0.00701477,4.17677
0.00702401,4.18339
0.00703062,4.18992
0.00703742,4.19633
0.00704725,4.20268
0.0070572,4.20899
0.00706436,4.21525
0.00707455,4.22142
0.00708215,4.22749
0.00709276,4.23347
0.00710331,4.23948
0.00711398,4.24543
0.00711904,4.25132
0.00712983,4.25721
0.00713782,4.26307
0.00714605,4.26881
0.00715719,4.27455
0.00716828,4.28031
0.00717644,4.28608
0.00718455,4.29188
0.00719552,4.29771
0.00720055,4.3036
0.0072114,4.30946
0.00722225,4.31535
0.00723304,4.32127
0.00724079,4.32722
0.00725146,4.33317
0.0072592,4.33915
0.00726964,4.34522
0.00728007,4.3513
0.00728776,4.35731
0.00729512,4.36344
0.00730513,4.36973
0.00731485,4.37614
0.00732137,4.3827
0.00733073,4.38929
0.00733696,4.39598
0.00734608,4.40266
0.00735532,4.40931
0.00736146,4.41606
0.00736751,4.42283
0.00737675,4.42945
0.00738604,4.43608
0.00739245,4.44267
0.00739895,4.44923
0.00740813,4.45591
0.00741448,4.46253
0.0074207,4.46922
0.0074297,4.47596
0.00743599,4.48265
0.00744487,4.48945
0.00745068,4.49635
0.00745641,4.50328
0.00746523,4.51011
0.00747104,4.51701
0.0074798,4.52387
0.00748558,4.53077
0.00749417,4.5377
0.00750019,4.5445
0.00750931,4.55122
0.00751284,4.55781
0.00752237,4.56431
0.00753227,4.5706
0.00754371,4.57621
0.00755581,4.58149
0.00756523,4.58668
0.00757524,4.59159
0.00758848,4.59632
0.00760171,4.60108
0.00761202,4.60584
0.00762239,4.61058
0.00763574,4.61524
0.00764611,4.61994
0.00765833,4.62522
0.00766733,4.63059
0.00767651,4.63587
0.00768533,4.64131
0.0076969,4.64686
0.00770554,4.65241
0.00771704,4.658
0.00772557,4.66358
0.00773701,4.6692
0.00774518,4.67494
0.00775322,4.6808
0.00776076,4.68687
0.00776798,4.69309
0.00777793,4.69935
0.00778502,4.70567
0.00779188,4.71205
0.007799,4.71833
0.00780651,4.72441
0.00781682,4.73051
0.00782445,4.73655
0.00783163,4.74281
0.00784183,4.74897
0.00784931,4.75508
0.00785691,4.76112
0.00786752,4.76713
0.00787801,4.77317
0.00788507,4.77946
0.00789151,4.78605
0.00789768,4.79277
0.00790668,4.79951
0.00791278,4.80628
0.00792179,4.813
0.00792772,4.81986
0.00793648,4.8267
0.00794226,4.83363
0.0079509,4.84056
0.00795659,4.84748
0.00796536,4.85435
0.00797135,4.86116
0.00798023,4.86796
0.00798923,4.8747
0.00799519,4.88154
0.00800112,4.88838
0.00800982,4.89524
0.0080184,4.9022
0.00802422,4.9091
0.0080328,4.91603
0.00803846,4.92301
0.00804693,4.93
0.00805238,4.93708
0.00806066,4.94416
0.00806606,4.95127
0.00807416,4.95841
0.00808209,4.96568
0.00808725,4.97291
0.00809187,4.98036
0.00809935,4.98783
0.00810692,4.99525
0.00811431,5.00276
0.00811875,5.01029
0.00812301,5.01792
0.00813006,5.02563
0.00813719,5.03326
0.00814422,5.04095
0.00814833,5.04864
0.00815557,5.05621
0.00816255,5.06393
0.00816928,5.07174
0.00817605,5.07956
0.00818284,5.08737
0.00818952,5.09524
0.00819339,5.10302
0.0082001,5.11084
0.0082068,5.11871
0.00821062,5.12652
0.00821744,5.13434
0.00822433,5.14209
0.00822844,5.14978
0.00823562,5.15741
0.00824283,5.16501
0.0082502,5.17254
0.00825446,5.18014
0.00825872,5.18777
0.00826596,5.19537
0.00827314,5.20297
0.00828036,5.21057
0.00828754,5.2182
0.00829156,5.22592
0.00829839,5.23373
0.0083022,5.24154
0.00830882,5.24942
0.00831528,5.25735
0.00832169,5.26535
0.00832807,5.27334
0.00833454,5.28134
0.00834088,5.28933
0.00834717,5.29733
0.0083506,5.30539
0.00835704,5.31332
0.0083606,5.32132
0.0083699,5.32925
0.00837654,5.33713
0.00838022,5.34506
0.00838666,5.35299
0.00839602,5.36099
0.00839948,5.36899
0.00840865,5.37704
0.00841509,5.38498
0.0084215,5.39297
0.008428,5.40091
0.0084344,5.4089
0.00844078,5.4169
0.00844722,5.42489
0.00845386,5.43277
0.00846045,5.44064
0.00846701,5.44858
0.00847365,5.45645
0.00847733,5.46432
0.00848371,5.47232
0.00849307,5.48025
0.00849663,5.48825
0.00850286,5.4963
0.00851186,5.50442
0.00851788,5.5126
0.00852369,5.52084
0.00852965,5.52908
0.00853812,5.53744
0.00854381,5.54574
0.00854935,5.55417
0.00855466,5.56265
0.00855996,5.5712
0.00856527,5.57968
0.00857337,5.58822
0.00858154,5.59671
0.00858389,5.60525
0.00859188,5.61386
0.00859718,5.6224
0.00860219,5.63107
0.00860717,5.63968
0.00861226,5.64828
0.00861727,5.65695
0.00862514,5.66562
0.00863018,5.67428
0.0086378,5.68301
0.00864266,5.69174
0.00865029,5.70053
0.00865792,5.70932
0.00866263,5.71811
0.0086674,5.72683
0.008675,5.73568
0.00867983,5.74441
0.00868763,5.75308
0.00869246,5.76181
0.00870033,5.77047
0.0087051,5.77926
0.00871002,5.78793
0.00871788,5.7966
0.00872307,5.80514
0.008731,5.81375
0.00873863,5.82254
0.00874348,5.83133
0.00874828,5.84005
0.00875609,5.84872
0.00876378,5.85745
0.0087687,5.86618
0.00877656,5.87485
0.00878139,5.88357
0.00878631,5.89224
0.00879418,5.90091
0.00879951,5.90945
0.00880762,5.918
0.00881298,5.92648
0.00882121,5.93496
0.00882651,5.94345
0.00883185,5.95193
0.00883966,5.96066
0.0088449,5.96921
0.00885271,5.97787
0.00885769,5.98654
0.00886245,5.99533
0.00886701,6.00418
0.00887435,6.01309
0.00888159,6.02206
0.00888606,6.03091
0.00889035,6.03995
0.00890066,6.0488
0.00890489,6.05783
0.00891205,6.06686
0.00891628,6.07583
0.00892322,6.08493
0.00893014,6.09408
0.00893708,6.10318
0.00894089,6.11239
0.00894742,6.12167
0.00895398,6.13101
0.0089603,6.14041
0.00896667,6.14975
0.00897302,6.15915
0.00897931,6.16855
0.00898575,6.17788
0.00899239,6.18716
0.00899901,6.19644
0.00900565,6.20566
0.00901236,6.21487
0.00901898,6.22415
0.0090255,6.23343
0.00903176,6.24289
0.00904106,6.25223
0.00904461,6.26156
0.00905078,6.27109
0.00905942,6.28073
0.00906209,6.29049
0.00906784,6.30014
0.00907642,6.30984
0.0090822,6.31955
0.00908789,6.32925
0.00909338,6.33902
0.00910172,6.34884
0.00910718,6.35867
0.0091126,6.3685
0.00911802,6.37832
0.00912631,6.38815
0.00913161,6.39804
0.00913704,6.40787
0.00914258,6.41763
0.00914812,6.4274
0.00915346,6.43728
0.00916168,6.44711
0.00916735,6.45688
0.00917617,6.46646
0.00918207,6.47604
0.00918782,6.48575
0.0091964,6.49545
0.00920222,6.50509
0.00920812,6.51468
0.00921446,6.52408
0.0092212,6.53329
0.00923121,6.54226
0.00923825,6.55136
0.00924543,6.56033
0.00925276,6.56924
0.00926045,6.57803
0.00927118,6.5867
0.00927887,6.59549
0.00928948,6.60422
0.0092938,6.61319
0.00930104,6.62216
0.0093107,6.63131
0.00931725,6.64065
0.00932357,6.65005
0.00933269,6.65951
0.00933874,6.66903
0.00934744,6.67868
0.00935308,6.68838
0.00935847,6.69821
0.00936407,6.70797
0.00937236,6.7178
0.0093748,6.72769
0.00938315,6.73752
0.00938869,6.74728
0.00939396,6.75717
0.00939897,6.76718
0.00940398,6.77719
0.00940934,6.78708
0.00941465,6.79696
0.00942275,6.80691
0.00942791,6.81686
0.0094359,6.82681
0.00944096,6.83682
0.00944871,6.84695
0.00945372,6.85696
0.00945881,6.86691
0.00946686,6.87692
0.00947178,6.88699
0.00947982,6.89694
0.00948504,6.90683
0.00948999,6.9169
0.00949762,6.92703
0.00950247,6.93716
0.00950754,6.94711
0.00951565,6.95706
0.00952369,6.96701
0.00952879,6.97702
0.00953377,6.98703
0.0095414,6.99722
0.0095459,7.00747
0.00955394,7.01742
0.00955943,7.02725
0.00956783,7.03702
0.00957305,7.04696
0.00958115,7.05685
0.00958932,7.0668
0.00959441,7.07675
0.00960234,7.08676
0.00960744,7.09677
0.00961543,7.10678
0.00962311,7.11691
0.00962752,7.12716
0.00963459,7.1376
0.00964156,7.1481
0.00964536,7.15872
0.00965257,7.16903
0.00966005,7.17929
0.00966742,7.18954
0.00967484,7.1998
0.00968235,7.21005
0.00968705,7.22018
0.00969784,7.23019
0.00970264,7.24032
0.00970738,7.25052
0.00971519,7.26059
0.00972261,7.27084
0.00972708,7.2811
0.00973444,7.29141
0.00973864,7.30179
0.00974591,7.31216
0.00975339,7.32235
0.00975801,7.33255
0.00976546,7.3428
0.00977268,7.35318
0.00977697,7.36355
0.00978448,7.37375
0.00979223,7.38382
0.00980015,7.39389
0.00980778,7.40402
0.00981211,7.4144
0.0098223,7.42471
0.00982695,7.4349
0.00983434,7.44516
0.00983878,7.45547
0.00984593,7.46585
0.00985314,7.47622
0.00985729,7.4866
0.00986402,7.49722
0.00987088,7.50772
0.00987803,7.51809
0.00988524,7.52847
0.00989201,7.53903
0.00989874,7.54965
0.00990554,7.56015
0.00991257,7.57058
0.00991948,7.58114
0.00992601,7.59183
0.00993218,7.60263
0.00993832,7.61349
0.00994455,7.62436
0.00995325,7.63534
0.00995882,7.64651
0.00996711,7.65774
0.00997286,7.66879
0.00998138,7.67984
0.00998702,7.69101
0.00999253,7.70212
0.00999858,7.71304
0.0100047,7.72391
0.0100106,7.73489
0.0100163,7.74594
0.0100226,7.7568
0.010032,7.76742
0.0100354,7.77823
0.0100443,7.78915
0.01005,7.80026
0.010056,7.81119
0.0100621,7.82205
0.0100682,7.83297
0.010074,7.84396
0.0100829,7.85489
0.0100888,7.86587
0.0100948,7.8768
0.0101035,7.88785
0.0101125,7.89871
0.0101189,7.90945
0.0101249,7.92038
0.0101309,7.93136
0.010137,7.94223
0.0101462,7.95303
0.0101524,7.96383
0.0101581,7.97488
0.0101668,7.98593
0.0101729,7.99685
0.0101794,8.00754
0.010186,8.01816
0.0101926,8.02884
0.0101991,8.03952
0.0102057,8.05014
0.0102152,8.06076
0.0102196,8.07113
0.010227,8.08139
0.0102342,8.09176
0.0102412,8.1022
0.010248,8.11276
0.0102545,8.12344
0.0102641,8.134
0.0102708,8.14468
0.0102799,8.15549
0.0102864,8.16617
0.0102924,8.17709
0.0102985,8.18796
0.0103048,8.19882
0.010311,8.20962
0.0103172,8.22049
0.0103236,8.23123
0.0103327,8.24203
0.0103389,8.25284
0.0103453,8.26358
0.0103544,8.27444
0.0103606,8.28525
0.0103668,8.29611
0.010373,8.30691
0.0103793,8.31772
0.0103885,8.32852
0.0103948,8.33932
0.0104012,8.35007
0.010413,8.35959
0.0104232,8.3685
0.0104343,8.3771
0.0104455,8.38559
0.0104598,8.39389
0.0104713,8.40219
0.0104859,8.41049
0.0104974,8.41879
0.010509,8.42703
0.0105207,8.43527
0.0105298,8.44473
0.0105376,8.45486
0.0105475,8.4653
0.0105545,8.4758
0.0105612,8.48636
0.0105706,8.49704
0.010577,8.50778
0.0105863,8.51852
0.0105927,8.52926
0.010599,8.54007
0.0106057,8.55069
0.0106123,8.56131
0.0106221,8.57181
0.0106306,8.58157
0.0106396,8.59109
0.0106491,8.60031
0.0106589,8.60946
0.0106719,8.61844
0.0106818,8.62753
0.0106948,8.6365
0.010702,8.64554
0.0107152,8.65445
0.0107221,8.66354
0.0107335,8.67331
0.0107416,8.6832
0.0107497,8.69314
0.0107566,8.7023
0.0107669,8.71121
0.0107776,8.71988
0.0107885,8.72848
0.0107995,8.73703
0.010814,8.74533
0.0108229,8.75351
0.0108381,8.76144
0.0108503,8.76944
0.0108593,8.77762
0.0108698,8.78641
0.0108797,8.79544
0.0108892,8.80472
0.0108956,8.81412
0.0109047,8.82358
0.0109136,8.8331
0.0109223,8.8428
0.0109304,8.85269
0.0109386,8.86258
0.0109468,8.87247
0.0109545,8.8826
0.010962,8.89279
0.0109696,8.90298
0.010977,8.91324
0.0109842,8.92361
0.0109911,8.93411
0.0109981,8.94461
0.0110079,8.95511
0.0110147,8.96567
0.0110213,8.97629
0.0110282,8.98678
0.011038,8.99728
0.011042,9.00784
0.011049,9.01822
0.0110592,9.02859
0.0110665,9.03891
0.011074,9.0491
0.0110843,9.05942
0.0110887,9.06967
0.0110991,9.07986
0.0111065,9.09018
0.0111167,9.10049
0.011124,9.11081
0.0111312,9.12118
0.0111385,9.1315
0.0111488,9.14175
0.0111563,9.15201
0.0111668,9.16214
0.0111744,9.17233
0.011182,9.18246
0.0111925,9.19266
0.0112002,9.20279
0.0112112,9.21274
0.0112206,9.22207
0.0112336,9.23099
0.011247,9.23984
0.0112578,9.24844
0.0112717,9.25705
0.0112829,9.26553
0.0112943,9.27389
0.0113058,9.28226
0.0113173,9.29056
0.0113285,9.29898
0.0113386,9.30801
0.0113478,9.31741
0.0113567,9.32693
0.0113652,9.3367
0.0113763,9.34659
0.0113816,9.35653
0.0113895,9.36654
0.0113974,9.37655
0.0114022,9.38669
0.0114099,9.39676
0.0114177,9.40689
0.0114251,9.41714
0.0114325,9.4274
0.0114396,9.43783
0.0114469,9.44815
0.0114541,9.45852
0.0114613,9.4689
0.0114655,9.47922
0.0114728,9.48959
0.0114799,9.50003
0.0114869,9.51047
0.011494,9.52084
0.0114983,9.53122
0.0115056,9.54153
0.0115128,9.55191
0.0115197,9.56241
0.0115267,9.57284
0.0115305,9.58346
0.0115375,9.5939
0.0115444,9.6044
0.0115512,9.61496
0.0115551,9.62552
0.0115645,9.6362
0.0115681,9.64688
0.0115774,9.65762
0.011584,9.6683
0.0115905,9.67898
0.011597,9.68966
0.0116033,9.70047
0.0116098,9.71115
0.0116133,9.72189
0.0116227,9.73257
0.011629,9.74338
0.0116354,9.75412
0.0116418,9.76486
0.0116453,9.7756
0.0116516,9.78641
0.0116607,9.79721
0.0116667,9.80813
0.0116727,9.81912
0.0116788,9.83002
0.0116875,9.84101
0.0116935,9.85194
0.0116993,9.86292
0.0117084,9.87379
0.0117145,9.88465
0.0117209,9.89539
0.0117274,9.90607
0.0117341,9.91669
0.0117405,9.92744
0.0117497,9.93824
0.0117563,9.94886
0.0117629,9.95954
0.0117696,9.97016
0.0117791,9.98078
0.0117858,9.9914
0.0117925,10.002
0.0117992,10.0126
0.0118088,10.0231
0.0118159,10.0336
0.0118228,10.0441
0.01183,10.0545
0.0118371,10.0649
0.0118443,10.0752
0.0118514,10.0856
0.0118583,10.0961
0.0118651,10.1067
0.0118719,10.1172
0.0118787,10.1278
0.0118854,10.1384
0.0118923,10.1489
0.0118989,10.1596
0.0119056,10.1702
0.0119149,10.1809
0.0119183,10.1917
0.0119245,10.2025
0.0119336,10.2133
0.0119397,10.2243
0.0119486,10.2352
0.0119545,10.2461
0.0119603,10.2571
0.0119661,10.2682
0.0119718,10.2792
0.0119806,10.2902
0.0119864,10.3012
0.0119954,10.3121
0.0120016,10.323
0.0120084,10.3336
0.0120153,10.3441
0.0120224,10.3544
0.0120296,10.3648
0.0120368,10.3752
0.0120467,10.3856
0.0120566,10.3961
0.0120636,10.4066
0.0120708,10.4169
0.0120778,10.4274
0.0120843,10.4381
0.0120907,10.4488
0.0120999,10.4596
0.0121061,10.4705
0.0121123,10.4813
0.0121214,10.4921
0.0121246,10.503
0.0121306,10.5139
0.0121392,10.525
0.012145,10.536
0.0121536,10.5471
0.0121592,10.5582
0.0121676,10.5693
0.0121759,10.5806
0.0121813,10.5918
0.0121895,10.6031
0.0121947,10.6144
0.0122029,10.6256
0.0122112,10.6368
0.0122167,10.6481
0.0122221,10.6592
0.0122304,10.6705
0.0122386,10.6817
0.0122469,10.6929
0.0122526,10.704
0.0122614,10.715
0.0122673,10.726
0.0122732,10.7369
0.0122818,10.7481
0.0122906,10.759
0.0122965,10.77
0.0123024,10.781
0.0123113,10.7919
0.0123173,10.8029
0.0123261,10.8138
0.0123324,10.8246
0.012339,10.8352
0.0123457,10.8459
0.0123554,10.8564
0.0123593,10.867
0.0123691,10.8774
0.0123759,10.888
0.0123856,10.8986
0.0123926,10.9091
0.0123994,10.9196
0.0124059,10.9303
0.012412,10.9412
0.0124213,10.9519
0.0124305,10.9627
0.0124369,10.9735
0.0124433,10.9841
0.0124528,10.9948
0.0124625,11.0054
0.0124691,11.0161
0.0124755,11.0267
0.012482,11.0374
0.0124915,11.0481
0.0125008,11.0588
0.0125072,11.0696
0.0125163,11.0804
0.0125252,11.0913
0.0125325,11.1017
0.0125401,11.1118
0.0125479,11.1219
0.012556,11.1319
0.012567,11.1418
0.0125752,11.1517
0.0125865,11.1615
0.0125949,11.1713
0.0126044,11.1805
0.0126201,11.1896
0.012629,11.1992
0.0126404,11.2089
0.0126516,11.2188
0.0126601,11.2285
0.0126683,11.2384
0.0126795,11.2483
0.0126876,11.2582
0.0126984,11.2683
0.0127054,11.2787
0.0127152,11.2892
0.0127222,11.2997
0.0127321,11.3101
0.0127389,11.3207
0.0127484,11.3313
0.012755,11.342
0.0127615,11.3527
0.0127677,11.3635
0.012774,11.3743
0.012783,11.3851
0.0127889,11.3961
0.0127972,11.4074
0.0128025,11.4186
0.0128106,11.4299
0.012816,11.4412
0.0128213,11.4524
0.0128268,11.4636
0.0128354,11.4747
0.0128438,11.4858
0.0128493,11.497
0.0128549,11.5081
0.0128635,11.5192
0.0128722,11.5302
0.0128779,11.5413
0.0128866,11.5523
0.0128923,11.5634
0.0128981,11.5744
0.0129069,11.5854
0.012913,11.5963
0.0129192,11.6071
0.0129287,11.6177
0.0129354,11.6284
0.0129451,11.6389
0.0129524,11.6492
0.0129623,11.6597
0.0129693,11.6702
0.0129802,11.6801
0.0129899,11.6893
0.0130028,11.6983
0.0130131,11.7072
0.0130261,11.7162
0.0130363,11.7252
0.0130493,11.7341
0.0130621,11.7432
0.0130753,11.7521
0.0130888,11.7609
0.0130989,11.7698
0.0131078,11.7794
0.0131167,11.789
0.0131283,11.7987
0.013137,11.8083
0.0131486,11.8179
0.0131601,11.8277
0.0131686,11.8374
0.0131798,11.8472
0.0131906,11.8573
0.0132008,11.8676
0.0132076,11.8782
0.0132167,11.889
0.0132254,11.9
0.0132338,11.9112
0.0132421,11.9224
0.0132474,11.9337
0.0132583,11.945
0.0132633,11.9564
0.013271,11.968
0.0132787,11.9794
0.0132833,11.991
0.0132938,12.0026
0.0132986,12.0141
0.0133062,12.0256
0.0133165,12.0372
0.013321,12.0489
0.0133284,12.0606
0.0133356,12.0723
0.0133431,12.0839
0.0133475,12.0956
0.0133549,12.1072
0.0133622,12.1189
0.0133666,12.1306
0.0133739,12.1423
0.0133811,12.1541
0.0133854,12.1658
0.0133955,12.1775
0.0134,12.1892
0.0134043,12.2009
0.0134114,12.2127
0.0134184,12.2245
0.0134227,12.2363
0.0134298,12.2481
0.0134369,12.2598
0.0134441,12.2716
0.0134511,12.2835
0.0134552,12.2952
0.013462,12.3071
0.0134688,12.3191
0.0134756,12.331
0.0134823,12.343
0.0134861,12.355
0.0134958,12.3669
0.0135027,12.3788
0.0135095,12.3907
0.0135165,12.4025
0.0135235,12.4144
0.0135279,12.426
0.0135354,12.4377
0.013543,12.4492
0.0135506,12.4608
0.0135582,12.4724
0.0135628,12.484
0.0135702,12.4956
0.0135776,12.5072
0.0135848,12.5189
0.0135918,12.5308
0.0135957,12.5427
0.0136052,12.5547
0.0136116,12.5668
0.0136178,12.579
0.0136238,12.5914
0.0136297,12.6038
0.0136385,12.616
0.0136444,12.6284
0.0136504,12.6408
0.0136594,12.653
0.0136655,12.6653
0.0136716,12.6776
0.0136804,12.6899
0.0136867,12.702
0.0136929,12.7142
0.0137022,12.7264
0.0137056,12.7385
0.0137149,12.7507
0.0137212,12.7628
0.0137274,12.7751
0.0137337,12.7872
0.0137401,12.7993
0.0137494,12.8115
0.0137527,12.8237
0.0137589,12.8359
0.0137683,12.848
0.0137745,12.8602
0.0137806,12.8724
0.0137866,12.8847
0.0137956,12.897
0.0138016,12.9093
0.0138108,12.9215
0.0138168,12.9338
0.0138231,12.946
0.0138291,12.9583
0.0138379,12.9706
0.013844,12.9829
0.0138501,12.9951
0.0138592,13.0073
0.0138654,13.0196
0.0138716,13.0317
0.0138806,13.0441
0.0138868,13.0563
0.0138929,13.0685
0.0138992,13.0807
0.0139052,13.093
0.0139143,13.1052
0.0139207,13.1173
0.013927,13.1295
0.0139363,13.1416
0.0139456,13.1537
0.0139491,13.1658
0.0139585,13.1779
0.0139648,13.1901
0.0139712,13.2022
0.0139807,13.2142
0.0139899,13.2264
0.0139961,13.2386
0.0140021,13.2509
0.0140108,13.2633
0.0140194,13.2758
0.0140251,13.2882
0.0140332,13.3009
0.0140414,13.3136
0.0140496,13.3262
0.0140549,13.3388
0.0140631,13.3514
0.0140712,13.3642
0.0140793,13.3768
0.0140878,13.3894
0.0140934,13.4019
0.0141018,13.4144
0.0141104,13.4269
0.0141192,13.4392
0.0141278,13.4517
0.0141337,13.4641
0.0141426,13.4764
0.0141513,13.4887
0.0141601,13.5011
0.0141686,13.5136
0.0141771,13.5261
0.0141826,13.5386
0.0141914,13.551
0.0141971,13.5634
0.0142059,13.5758
0.0142145,13.5883
0.0142202,13.6007
0.0142288,13.6132
0.0142377,13.6255
0.0142438,13.6378
0.0142529,13.65
0.014259,13.6622
0.0142653,13.6744
0.0142746,13.6865
0.0142841,13.6985
0.0142881,13.7104
0.0142977,13.7224
0.0143075,13.7343
0.0143143,13.7462
0.0143212,13.7581
0.0143307,13.7701
0.0143404,13.7821
0.014347,13.7941
0.0143564,13.8062
0.0143627,13.8183
0.0143716,13.8306
0.0143807,13.8428
0.0143898,13.855
0.0143961,13.8673
0.0144052,13.8795
0.0144115,13.8916
0.0144206,13.9038
0.0144269,13.916
0.0144363,13.928
0.0144457,13.9401
0.0144524,13.9521
0.0144589,13.9642
0.0144684,13.9762
0.014475,13.9882
0.0144846,14.0003
0.0144942,14.0122
0.0145038,14.0242
0.0145134,14.0361
0.0145171,14.0482
0.0145264,14.0602
0.0145328,14.0724
0.0145418,14.0847
0.0145479,14.0969
0.0145568,14.1093
0.0145627,14.1216
0.0145714,14.134
0.0145769,14.1466
0.0145853,14.1591
0.0145936,14.1717
0.0146018,14.1843
0.0146071,14.197
0.0146153,14.2096
0.0146206,14.2222
0.0146288,14.2349
0.0146369,14.2476
0.0146449,14.2603
0.0146533,14.2728
0.014659,14.2853
0.0146705,14.2978
0.0146763,14.3102
0.0146821,14.3226
0.014688,14.3349
0.0146972,14.3471
0.0147035,14.3593
0.0147126,14.3715
0.014719,14.3836
0.014728,14.3959
0.0147341,14.4081
0.014743,14.4204
0.014752,14.4327
0.0147581,14.445
0.0147641,14.4573
0.0147728,14.4697
0.0147786,14.4821
0.0147873,14.4945
0.0147931,14.5069
0.0148016,14.5194
0.0148102,14.5319
0.0148159,14.5443
0.0148246,14.5566
0.0148334,14.569
0.0148393,14.5814
0.0148485,14.5936
0.0148576,14.6058
0.0148668,14.6179
0.0148762,14.63
0.0148858,14.642
0.0148925,14.654
0.0149018,14.6661
0.0149083,14.6782
0.0149175,14.6903
0.0149267,14.7025
0.0149354,14.7149
0.0149413,14.7273
0.0149499,14.7398
0.0149585,14.7522
0.0149699,14.7647
0.0149782,14.7773
0.0149838,14.7898
0.0149924,14.8023
0.0150009,14.8148
0.0150097,14.827
0.0150191,14.8392
0.0150291,14.851
0.015039,14.8628
0.0150491,14.8745
0.0150593,14.8862
0.0150698,14.8978
0.0150801,14.9094
0.0150903,14.9212
0.0151007,14.9327
0.0151108,14.9445
0.0151234,14.9564
0.0151328,14.9685
0.0151393,14.9805
0.0151483,14.9928
0.0151575,15.005
0.0151638,15.0172
0.0151729,15.0294
0.0151819,15.0416
0.015188,15.0539
0.015197,15.0662
0.015206,15.0784
0.0152118,15.0908
0.0152204,15.1032
0.0152262,15.1157
0.0152348,15.1282
0.0152432,15.1407
0.0152516,15.1533
0.0152569,15.1659
0.0152622,15.1785
0.0152732,15.1912
0.0152783,15.2039
0.0152863,15.2167
0.0152943,15.2294
0.0152994,15.2421
0.0153072,15.255
0.0153149,15.2678
0.0153197,15.2808
0.0153271,15.2938
0.0153319,15.3066
0.0153396,15.3195
0.0153472,15.3325
0.0153547,15.3454
0.0153621,15.3584
0.0153667,15.3714
0.0153741,15.3844
0.0153786,15.3975
0.0153862,15.4104
0.0153937,15.4233
0.0154011,15.4363
0.0154083,15.4495
0.0154155,15.4626
0.0154226,15.4758
0.015427,15.4888
0.0154339,15.5021
0.0154405,15.5155
0.0154472,15.5289
0.0154537,15.5423
0.0154603,15.5557
0.0154638,15.5692
0.0154729,15.5828
0.0154792,15.5963
0.0154857,15.6097
0.0154947,15.6234
0.0154983,15.6369
0.0155076,15.6503
0.015514,15.6639
0.0155204,15.6774
0.0155266,15.691
0.0155328,15.7045
0.0155393,15.718
0.0155487,15.7314
0.0155548,15.745
0.0155611,15.7586
0.0155644,15.7722
0.0155707,15.7857
0.0155773,15.7992
0.0155835,15.8127
0.0155898,15.8263
0.0155963,15.8397
0.0156028,15.8531
0.0156093,15.8666
0.0156159,15.88
0.0156224,15.8935
0.0156289,15.9069
0.0156353,15.9205
0.0156414,15.9341
0.0156478,15.9476
0.0156543,15.961
0.0156603,15.9747
0.0156692,15.9884
0.0156752,16.0021
0.0156842,16.0157
0.0156904,16.0293
0.0156964,16.0429
0.0157024,16.0567
0.0157087,16.0702
0.0157178,16.0838
0.015724,16.0974
0.0157304,16.1109
0.0157397,16.1244
0.0157458,16.138
0.0157518,16.1517
0.0157578,16.1654
0.0157666,16.1791
0.0157726,16.1928
0.0157811,16.2067
0.0157894,16.2207
0.0157949,16.2346
0.0158001,16.2486
0.0158082,16.2627
0.0158133,16.2768
0.0158185,16.2909
0.0158292,16.3051
0.0158368,16.3194
0.0158416,16.3337
0.0158495,16.3478
0.0158576,16.3619
0.0158654,16.3761
0.0158706,16.3902
0.0158786,16.4043
0.0158867,16.4183
0.0158921,16.4324
0.0159007,16.4461
0.0159064,16.46
0.0159151,16.4737
0.015921,16.4875
0.0159296,16.5013
0.0159355,16.5151
0.0159415,16.5287
0.0159506,16.5423
0.015954,16.5559
0.0159635,16.5693
0.0159703,16.5826
0.0159804,16.5957
0.0159905,16.6088
0.0159945,16.6221
0.0160043,16.6354
0.0160111,16.6487
0.0160208,16.662
0.0160306,16.6752
0.0160373,16.6886
0.0160436,16.7021
0.0160528,16.7157
0.0160589,16.7293
0.0160681,16.7428
0.0160745,16.7563
0.0160809,16.7699
0.0160871,16.7834
0.0160935,16.7969
0.0161028,16.8104
0.0161121,16.8239
0.0161186,16.8374
0.0161277,16.8509
0.0161341,16.8645
0.0161401,16.8782
0.0161461,16.8918
0.0161549,16.9056
0.0161608,16.9193
0.0161699,16.9328
0.0161757,16.9466
0.0161843,16.9605
0.0161897,16.9745
0.016195,16.9885
0.0162032,17.0025
0.0162114,17.0165
0.0162164,17.0307
0.0162212,17.045
0.0162319,17.0592
0.0162364,17.0735
0.0162441,17.0878
0.0162517,17.1021
0.0162567,17.1163
0.0162645,17.1305
0.0162722,17.1447
0.0162769,17.159
0.0162846,17.1733
0.0162925,17.1874
0.0162976,17.2016
0.0163055,17.2157
0.0163132,17.23
0.0163181,17.2442
0.0163259,17.2584
0.0163338,17.2726
0.0163389,17.2867
0.016347,17.3008
0.0163551,17.3148
0.0163604,17.3288
0.0163656,17.3429
0.0163739,17.3569
0.0163822,17.3709
0.0163874,17.3849
0.0163926,17.399
0.0164005,17.4131
0.0164084,17.4273
0.0164132,17.4415
0.0164181,17.4558
0.0164257,17.4701
0.0164306,17.4842
0.0164385,17.4985
0.0164464,17.5126
0.0164541,17.5268
0.0164593,17.5409
0.0164645,17.555
0.0164728,17.569
0.0164812,17.5829
0.0164895,17.5968
0.0164979,17.6108
0.0165062,17.6247
0.0165143,17.6388
0.0165253,17.6529
0.0165331,17.6671
0.0165407,17.6814
0.0165482,17.6958
0.0165552,17.7103
0.0165623,17.7248
0.0165694,17.7394
0.0165762,17.7541
0.0165828,17.7688
0.0165897,17.7835
0.0165967,17.7981
0.0166036,17.8127
0.0166134,17.8274
0.0166173,17.8421
0.0166272,17.8566
0.0166343,17.8712
0.0166419,17.8858
0.0166492,17.9004
0.0166567,17.9151
0.0166673,17.9296
0.0166749,17.9442
0.0166827,17.9587
0.0166934,17.9731
0.0167017,17.9874
0.0167099,18.0017
0.0167179,18.016
0.0167262,18.0303
0.0167349,18.0444
0.0167434,18.0585
0.0167516,18.0727
0.0167626,18.0871
0.0167709,18.1014
0.0167796,18.1154
0.0167883,18.1294
0.0167966,18.1437
0.0168052,18.1578
0.016814,18.1718
0.0168228,18.1858
0.0168317,18.1997
0.0168435,18.2137
0.0168499,18.2274
0.0168591,18.2412
0.0168652,18.2551
0.0168771,18.269
0.0168835,18.2828
0.0168931,18.2964
0.0168996,18.3101
0.0169089,18.3238
0.0169154,18.3376
0.0169251,18.3511
0.0169348,18.3647
0.0169444,18.3783
0.0169514,18.3918
0.0169612,18.4053
0.0169711,18.4187
0.0169778,18.4324
0.0169874,18.4459
0.016997,18.4595
0.0170038,18.4731
0.0170132,18.4868
0.0170197,18.5005
0.0170291,18.5142
0.0170384,18.528
0.0170473,18.5419
0.0170533,18.5559
0.0170619,18.5699
0.0170708,18.5839
0.0170769,18.5978
0.0170859,18.6117
0.0170948,18.6257
0.0171065,18.6397
0.0171124,18.6537
0.017124,18.6677
0.0171299,18.6817
0.0171387,18.6957
0.0171477,18.7096
0.0171539,18.7235
0.0171628,18.7374
0.0171719,18.7513
0.017178,18.7652
0.0171872,18.779
0.0171963,18.7928
0.0172053,18.8067
0.0172142,18.8207
0.0172204,18.8345
0.0172323,18.8484
0.0172386,18.8622
0.0172448,18.8761
0.0172536,18.8901
0.0172625,18.904
0.0172685,18.918
0.0172775,18.9319
0.0172838,18.9457
0.0172928,18.9596
0.0172989,18.9734
0.0173078,18.9874
0.0173165,19.0014
0.0173222,19.0155
0.0173279,19.0296
0.0173365,19.0437
0.0173423,19.0578
0.0173509,19.0719
0.0173595,19.086
0.0173651,19.1001
0.0173736,19.1142
0.0173821,19.1284
0.0173908,19.1424
0.0173963,19.1567
0.0174048,19.1708
0.0174132,19.185
0.0174187,19.1992
0.0174268,19.2135
0.017435,19.2278
0.0174405,19.242
0.0174459,19.2562
0.0174569,19.2705
0.0174621,19.2848
0.0174702,19.2992
0.0174782,19.3136
0.0174861,19.328
0.0174938,19.3426
0.0174986,19.3571
0.017509,19.3717
0.0175138,19.3863
0.0175214,19.4008
0.017529,19.4154
0.0175367,19.4299
0.0175442,19.4445
0.0175489,19.4591
0.0175593,19.4737
0.0175643,19.4882
0.0175723,19.5025
0.0175802,19.5169
0.0175883,19.5313
0.0175963,19.5457
0.0176012,19.5602
0.0176091,19.5746
0.0176172,19.589
0.0176252,19.6033
0.0176305,19.6176
0.0176385,19.632
0.0176464,19.6464
0.0176515,19.6608
0.0176592,19.6753
0.0176639,19.6899
0.0176718,19.7043
0.0176766,19.7189
0.0176843,19.7334
0.0176921,19.7478
0.0176972,19.7622
0.0177025,19.7765
0.0177105,19.7909
0.0177187,19.8052
0.0177239,19.8196
0.017732,19.8339
0.0177372,19.8482
0.0177483,19.8625
0.0177535,19.8768
0.0177617,19.8911
0.0177697,19.9055
0.0177774,19.92
0.0177821,19.9346
0.0177898,19.9491
0.0177945,19.9637
0.0178021,19.9783
0.0178093,19.9931
0.0178136,20.0078
0.0178207,20.0226
0.0178303,20.0376
0.0178342,20.0526
0.0178409,20.0676
0.0178505,20.0826
0.0178541,20.0978
0.0178604,20.113
0.017867,20.128
0.0178741,20.1429
0.0178809,20.1578
0.0178881,20.1726
0.0178953,20.1873
0.0179026,20.2021
0.0179099,20.2168
0.0179173,20.2315
0.0179248,20.2461
0.0179324,20.2607
0.01794,20.2752
0.0179449,20.2897
0.0179525,20.3042
0.0179602,20.3188
0.0179678,20.3334
0.0179754,20.348
0.0179831,20.3625
0.0179909,20.377
0.0179986,20.3915
0.0180064,20.406
0.0180142,20.4205
0.018022,20.4349
0.0180301,20.4493
0.0180384,20.4635
0.0180435,20.4779
0.0180517,20.4922
0.0180626,20.5066
0.0180678,20.5209
0.0180758,20.5353
0.0180867,20.5497
0.0180918,20.5641
0.0180994,20.5787
0.0181068,20.5933
0.0181146,20.6078
0.0181227,20.6221
0.0181337,20.6365
0.0181389,20.6508
0.0181471,20.6651
0.0181585,20.6792
0.0181669,20.6934
0.0181754,20.7076
0.0181839,20.7217
0.0181924,20.7358
0.0182005,20.7502
0.0182112,20.7646
0.0182189,20.7792
0.0182263,20.7939
0.0182365,20.8086
0.0182464,20.8235
0.018256,20.8385
0.0182627,20.8535
0.0182722,20.8685
0.0182787,20.8836
0.0182881,20.8988
0.0182976,20.9139
0.0183041,20.9289
0.0183137,20.944
0.0183203,20.959
0.0183299,20.974
0.0183398,20.9889
0.0183498,21.0037
0.0183568,21.0186
0.0183668,21.0334
0.0183741,21.0481
0.0183842,21.0629
0.0183946,21.0776
0.0184023,21.092
0.0184129,21.1065
0.0184206,21.1211
0.0184283,21.1357
0.018436,21.1501
0.0184469,21.1645
0.0184551,21.1788
0.0184632,21.1932
0.0184716,21.2074
0.01848,21.2216
0.0184884,21.2358
0.0184969,21.2499
0.0185082,21.2641
0.0185136,21.2784
0.0185249,21.2925
0.018533,21.3068
0.0185412,21.3211
0.0185522,21.3355
0.0185604,21.3498
0.0185682,21.3642
0.0185759,21.3788
0.0185837,21.3933
0.0185945,21.4077
0.0186026,21.422
0.0186106,21.4364
0.0186186,21.4508
0.0186263,21.4653
0.0186369,21.4798
0.0186445,21.4944
0.0186521,21.509
0.0186628,21.5235
0.0186703,21.5381
0.018678,21.5527
0.0186856,21.5672
0.0186929,21.582
0.0187032,21.5966
0.0187075,21.6114
0.0187176,21.6261
0.0187245,21.6411
0.0187344,21.6559
0.0187414,21.6708
0.0187513,21.6857
0.0187611,21.7006
0.018768,21.7156
0.018775,21.7304
0.0187847,21.7453
0.0187917,21.7602
0.0187987,21.7751
0.0188061,21.7898
0.0188132,21.8045
0.0188235,21.8193
0.0188278,21.834
0.018838,21.8487
0.0188452,21.8635
0.0188552,21.8783
0.0188628,21.8929
0.0188703,21.9075
0.0188778,21.9222
0.0188854,21.9367
0.0188931,21.9513
0.0189037,21.9658
0.0189116,21.9802
0.0189194,21.9947
0.0189302,22.0091
0.0189379,22.0237
0.0189458,22.0381
0.0189567,22.0525
0.0189646,22.0669
0.0189723,22.0815
0.01898,22.096
0.0189874,22.1106
0.0189978,22.1253
0.0190053,22.1399
0.0190098,22.1546
0.0190201,22.1692
0.0190272,22.1841
0.0190371,22.199
0.019044,22.2138
0.0190538,22.2288
0.0190605,22.2438
0.0190671,22.2588
0.0190796,22.2738
0.0190834,22.2889
0.0190929,22.3039
0.0191024,22.319
0.019112,22.334
0.0191186,22.349
0.019128,22.3642
0.0191345,22.3793
0.0191438,22.3945
0.0191529,22.4097
0.0191592,22.425
0.019168,22.4403
0.0191772,22.4555
0.0191861,22.4709
0.0191921,22.4862
0.0192009,22.5016
0.0192068,22.517
0.0192158,22.5323
0.0192249,22.5476
0.0192311,22.5628
0.0192407,22.5779
0.0192503,22.5928
0.0192572,22.6078
0.0192642,22.6227
0.0192742,22.6375
0.0192844,22.6522
0.0192919,22.6669
0.0192994,22.6814
0.0193101,22.6959
0.0193183,22.7102
0.019329,22.7247
0.019337,22.7391
0.0193481,22.7534
0.0193561,22.7677
0.0193646,22.7819
0.0193728,22.7962
0.0193812,22.8104
0.0193924,22.8246
0.0194007,22.8389
0.0194116,22.8533
0.0194194,22.8677
0.0194273,22.8822
0.0194349,22.8967
0.0194427,22.9112
0.0194502,22.9259
0.0194607,22.9404
0.0194682,22.955
0.0194757,22.9697
0.0194828,22.9845
0.0194929,22.9993
0.0195001,23.0141
0.019507,23.029
0.019517,23.0437
0.0195241,23.0586
0.019534,23.0734
0.019541,23.0883
0.0195478,23.1033
0.0195547,23.1182
0.0195647,23.133
0.0195719,23.1478
0.0195817,23.1627
0.0195889,23.1775
0.0195986,23.1924
0.0196055,23.2074
0.0196123,23.2223
0.0196221,23.2373
0.019629,23.2522
0.0196385,23.2672
0.019645,23.2824
0.0196543,23.2974
0.0196639,23.3125
0.0196704,23.3276
0.0196801,23.3426
0.0196867,23.3576
0.0196932,23.3727
0.0197,23.3877
0.0197067,23.4027
0.0197166,23.4176
0.0197236,23.4325
0.0197335,23.4473
0.0197376,23.4622
0.0197448,23.4769
0.0197549,23.4917
0.0197593,23.5064
0.0197695,23.5211
0.0197769,23.5358
0.0197872,23.5506
0.0197942,23.5654
0.0198013,23.5802
0.0198112,23.5951
0.0198183,23.6099
0.0198278,23.625
0.0198346,23.6399
0.0198442,23.6549
0.0198509,23.6699
0.0198632,23.6851
0.0198697,23.7002
0.0198764,23.7152
0.019886,23.7302
0.0198927,23.7452
0.0199023,23.7602
0.0199092,23.7752
0.0199188,23.7902
0.0199284,23.8052
0.0199351,23.8202
0.0199445,23.8352
0.019954,23.8504
0.019963,23.8656
0.0199692,23.8809
0.0199782,23.8962
0.0199871,23.9116
0.0199958,23.927
0.0200044,23.9425
0.0200101,23.958
0.0200213,23.9736
0.0200299,23.9892
0.0200355,24.0047
0.0200441,24.0202
0.020053,24.0355
0.0200616,24.051
0.0200702,24.0665
0.0200761,24.0819
0.0200849,24.0973
0.0200909,24.1127
0.0200998,24.128
0.0201088,24.1433
0.0201145,24.1588
0.0201234,24.1742
0.0201291,24.1897
0.0201348,24.2052
0.0201434,24.2207
0.0201492,24.2362
0.0201578,24.2516
0.0201636,24.267
0.0201695,24.2824
0.0201783,24.2979
0.0201842,24.3133
0.020193,24.3286
0.0201991,24.344
0.0202051,24.3593
0.0202113,24.3745
0.0202206,24.3897
0.020227,24.4049
0.0202334,24.4201
0.0202425,24.4353
0.0202488,24.4505
0.0202553,24.4656
0.0202644,24.4809
0.0202707,24.4961
0.0202772,24.5112
0.0202863,24.5264
0.0202927,24.5416
0.0203016,24.557
0.0203076,24.5723
0.0203163,24.5877
0.0203223,24.6031
0.020328,24.6186
0.0203395,24.6341
0.0203451,24.6497
0.0203533,24.6653
0.0203614,24.6811
0.0203694,24.6968
0.0203743,24.7127
0.0203821,24.7285
0.0203897,24.7445
0.0203972,24.7606
0.0204046,24.7766
0.0204123,24.7926
0.0204169,24.8086
0.0204242,24.8247
0.0204316,24.8408
0.0204392,24.8568
0.020447,24.8727
0.0204518,24.8886
0.0204598,24.9044
0.0204679,24.9202
0.0204733,24.9358
0.0204818,24.9514
0.0204877,24.9668
0.0204995,24.9821
0.0205029,24.9973
0.0205118,25.0127
0.0205182,25.0279
0.0205276,25.0429
0.0205343,25.058
0.0205437,25.0731
0.0205531,25.0882
0.0205625,25.1033
0.0205718,25.1185
0.0205781,25.1336
0.0205872,25.1489
0.0205962,25.1642
0.0206025,25.1794
0.0206143,25.1948
0.0206202,25.2102
0.020629,25.2256
0.0206375,25.2411
0.0206462,25.2566
0.0206552,25.2719
0.0206641,25.2872
0.0206733,25.3025
0.0206854,25.3176
0.0206915,25.3329
0.0207008,25.3481
0.0207101,25.3632
0.0207197,25.3783
0.0207293,25.3933
0.020739,25.4083
0.0207483,25.4234
0.0207579,25.4384
0.0207675,25.4535
0.0207771,25.4685
0.0207868,25.4834
0.0207965,25.4984
0.0208063,25.5133
0.0208162,25.5282
0.0208264,25.5429
0.0208365,25.5577
0.0208469,25.5723
0.0208574,25.5869
0.0208649,25.6015
0.0208754,25.6161
0.0208859,25.6306
0.0208968,25.645
0.0209077,25.6594
0.0209159,25.6737
0.0209269,25.6881
0.0209352,25.7023
0.0209435,25.7166
0.0209548,25.7307
0.0209638,25.7446
0.0209757,25.7585
0.0209877,25.7724
0.020997,25.7861
0.0210063,25.7999
0.0210155,25.8137
0.0210251,25.8274
0.0210375,25.841
0.0210471,25.8546
0.0210567,25.8682
0.0210666,25.8817
0.0210797,25.895
0.0210898,25.9084
0.0210999,25.9217
0.0211132,25.935
0.0211235,25.9482
0.0211338,25.9615
0.0211473,25.9746
0.0211582,25.9876
0.0211692,26.0006
0.021183,26.0136
0.0211937,26.0266
0.0212045,26.0397
0.0212154,26.0526
0.0212296,26.0655
0.0212408,26.0783
0.0212521,26.091
0.0212635,26.1038
0.0212777,26.1166
0.021289,26.1294
0.0213032,26.1422
0.0213145,26.155
0.0213258,26.1678
0.0213369,26.1806
0.021351,26.1935
0.0213624,26.2063
0.0213745,26.2186
0.0213875,26.2306
0.021402,26.2418
0.0214208,26.2524
0.0214384,26.2622
0.021458,26.271
0.0214771,26.2786
0.0214987,26.285
0.0215288,26.2901
0.0215574,26.2931
0.023419,25.4103
