"Maximum force",41.8166,"N"
"Gage length ",0.912491,"mm"
"Strain energy",0.396811,"mJ"
"Deformation at maximum force",0.0261251,"mm"
"Standard travel","Standard force"
"mm","N"
0,0.183245
3.17395e-006,0.184489
3.47756e-006,0.185732
6.44289e-006,0.187075
6.62636e-006,0.188372
6.67269e-006,0.189722
6.80122e-006,0.191042
6.99586e-006,0.192324
7.47084e-006,0.193476
8.11159e-006,0.194552
9.18447e-006,0.195425
7.51554e-006,0.196215
1.21647e-005,0.196764
1.12148e-005,0.19722
1.34648e-005,0.197525
1.31109e-005,0.197698
1.57633e-005,0.197816
1.85797e-005,0.197855
2.14258e-005,0.197886
2.13168e-005,0.197941
2.12009e-005,0.197996
2.38384e-005,0.198121
2.62673e-005,0.198348
2.56414e-005,0.198645
2.49336e-005,0.198983
2.6826e-005,0.19946
2.56563e-005,0.200017
2.43376e-005,0.200642
2.59245e-005,0.20126
2.45313e-005,0.201928
2.58277e-005,0.202687
2.42258e-005,0.203446
2.26388e-005,0.204201
2.11338e-005,0.204911
1.97331e-005,0.205579
2.14765e-005,0.206128
2.07352e-005,0.206481
2.00088e-005,0.206826
1.95766e-005,0.20703
1.9609e-005,0.207015
1.96091e-005,0.207015
1.99388e-005,0.206858
2.02368e-005,0.206717
2.08292e-005,0.206437
2.13284e-005,0.2062
2.18387e-005,0.205957
2.23863e-005,0.2057
2.29973e-005,0.20541
2.33605e-005,0.205236
2.63407e-005,0.205197
2.63679e-005,0.205189
2.61862e-005,0.205275
2.56759e-005,0.205518
2.49979e-005,0.205838
2.40703e-005,0.206277
2.29527e-005,0.206807
2.15073e-005,0.20749
1.99576e-005,0.208226
1.84376e-005,0.208947
1.98458e-005,0.209653
1.84823e-005,0.210305
1.73871e-005,0.21082
1.66458e-005,0.211175
1.61969e-005,0.211386
1.88493e-005,0.211504
1.9003e-005,0.211434
2.19832e-005,0.211395
2.22719e-005,0.211262
2.558e-005,0.211066
2.61388e-005,0.210808
2.95511e-005,0.210564
3.00689e-005,0.210322
3.32727e-005,0.210181
3.63274e-005,0.21011
3.64783e-005,0.210039
3.91605e-005,0.210141
4.18278e-005,0.210258
4.15316e-005,0.210399
4.37221e-005,0.210736
4.57338e-005,0.211158
4.74549e-005,0.211722
4.89673e-005,0.212379
5.03233e-005,0.213115
5.16421e-005,0.21387
5.2864e-005,0.214667
5.41008e-005,0.215461
5.55462e-005,0.216147
5.69693e-005,0.216853
5.8735e-005,0.217395
6.06871e-005,0.217843
6.2818e-005,0.218211
6.52319e-005,0.218446
7.05964e-005,0.21865
7.32786e-005,0.218768
7.59906e-005,0.218862
7.89261e-005,0.218846
8.48866e-005,0.218768
8.78966e-005,0.218729
9.09215e-005,0.218666
9.64648e-005,0.218799
9.91321e-005,0.218908
0.000101635,0.219104
0.000103811,0.219449
0.00010855,0.219949
0.000110196,0.220552
0.000111515,0.221303
0.000115479,0.222173
0.000119025,0.223256
0.000119722,0.224301
0.00012303,0.225484
0.000126442,0.226621
0.000129661,0.227857
0.000133386,0.228841
0.000137186,0.229798
0.00014109,0.230706
0.000142245,0.231538
0.000146238,0.232392
0.000153689,0.232995
0.00015804,0.233693
0.00016263,0.234273
0.000167368,0.234773
0.000171988,0.235337
0.000176786,0.235816
0.000181495,0.236343
0.000186233,0.236858
0.000190852,0.237414
0.000195353,0.23804
0.000199585,0.238784
0.000203697,0.2396
0.000210433,0.240531
0.000214217,0.241504
0.000217689,0.24261
0.000220714,0.24393
0.000223456,0.245387
0.000226109,0.246883
0.000228701,0.248416
0.000233857,0.250087
0.000239222,0.251689
0.00024168,0.253276
0.000244184,0.254848
0.000249727,0.256351
0.000252499,0.257793
0.000258519,0.259067
0.000261752,0.260295
0.00026804,0.261447
0.000271602,0.262515
0.000278337,0.263461
0.000282241,0.264354
0.000286116,0.265269
0.000293119,0.266086
0.000299705,0.2671
0.000303505,0.268058
0.000309972,0.269126
0.00031328,0.270316
0.0003193,0.27159
0.000324903,0.273055
0.000330298,0.274642
0.000332503,0.276351
0.000337361,0.278175
0.000342606,0.279815
0.000347732,0.281531
0.000352709,0.283302
0.00035475,0.285094
0.000359757,0.286849
0.000364794,0.288596
0.000369979,0.29026
0.000375076,0.291984
0.0003805,0.293555
0.000385775,0.29518
0.00039096,0.296859
0.000396086,0.298553
0.00040154,0.300101
0.000407053,0.301627
0.000412716,0.303077
0.000418498,0.304465
0.00042419,0.305892
0.000427244,0.307212
0.000432937,0.308639
0.000441579,0.310043
0.000447152,0.311546
0.000452696,0.313056
0.000457732,0.314796
0.000462411,0.316711
0.000466911,0.31871
0.000471084,0.320861
0.000478117,0.323043
0.000479138,0.325317
0.000485933,0.327605
0.000489583,0.330001
0.00049313,0.332458
0.000499686,0.334853
0.000503561,0.337157
0.000507524,0.3394
0.000514468,0.341613
0.000518939,0.343642
0.000523558,0.34558
0.000528654,0.347297
0.000533751,0.349013
0.000542036,0.350585
0.00054746,0.352164
0.000552943,0.353698
0.000561228,0.355277
0.000566771,0.356788
0.000572285,0.358298
0.000577441,0.359992
0.000582358,0.361793
0.0005896,0.363868
0.000596753,0.365974
0.000600925,0.36814
0.000604799,0.370429
0.000611386,0.372825
0.000615036,0.375236
0.000621533,0.377662
0.000625169,0.380073
0.000631547,0.38256
0.000637925,0.385047
0.000641501,0.387489
0.000644883,0.390006
0.00065147,0.392402
0.000658235,0.394691
0.000662348,0.396888
0.00066944,0.399024
0.000676444,0.401221
0.000680825,0.403281
0.000688246,0.40528
0.000695726,0.407233
0.000700435,0.409141
0.000705233,0.410995
0.000715664,0.412925
0.000720194,0.414924
0.000727287,0.417075
0.00073435,0.419242
0.000741115,0.421531
0.000744751,0.423942
0.000751129,0.426429
0.000754377,0.429038
0.000760427,0.431678
0.000766268,0.434409
0.000771871,0.437263
0.000777563,0.440086
0.00078037,0.442893
0.000789013,0.445655
0.000792097,0.448341
0.000795018,0.451087
0.000801068,0.453727
0.000807267,0.456306
0.000813734,0.458747
0.000817489,0.461097
0.000824194,0.463432
0.000831079,0.465675
0.000838023,0.467902
0.000842106,0.4701
0.000849109,0.472282
0.000856142,0.474449
0.000863176,0.476646
0.00087009,0.478874
0.000876795,0.481208
0.000883352,0.483604
0.000890057,0.485938
0.000896554,0.488365
0.000902843,0.490897
0.000908922,0.493522
0.000914704,0.496299
0.000920366,0.499122
0.000925939,0.501991
0.000931393,0.504905
0.000936668,0.507926
0.000939067,0.510917
0.000944462,0.513862
0.000949886,0.516807
0.000955459,0.519676
0.000958156,0.522544
0.000963937,0.525306
0.000969838,0.528022
0.000978719,0.530677
0.000984889,0.533271
0.000991326,0.535743
0.000997853,0.538154
0.00100715,0.540626
0.0010135,0.543128
0.00101979,0.545661
0.00102628,0.548103
0.00103293,0.550453
0.0010394,0.552909
0.00104589,0.555335
0.00105236,0.557792
0.00106148,0.56034
0.00106744,0.563026
0.00107355,0.56565
0.00107954,0.568321
0.00108854,0.570945
0.00109453,0.5736
0.00110025,0.576408
0.00110633,0.579032
0.00111247,0.581626
0.00112141,0.584266
0.00112773,0.586799
0.00113402,0.589317
0.00114326,0.591834
0.00114955,0.594367
0.00115601,0.596809
0.0011626,0.599189
0.00116928,0.601539
0.00117589,0.603919
0.00118525,0.606376
0.00119172,0.608817
0.00119806,0.61132
0.00120748,0.613731
0.00121395,0.616187
0.00122048,0.618598
0.00122673,0.621147
0.00123556,0.623832
0.00124146,0.626563
0.00124727,0.62931
0.00125609,0.632026
0.00126217,0.634666
0.00126804,0.637382
0.001274,0.640067
0.00127993,0.642753
0.00128595,0.645423
0.00129483,0.648078
0.00130377,0.650749
0.00130979,0.653404
0.00131593,0.655998
0.00132204,0.658622
0.00133092,0.661292
0.00133703,0.663917
0.00134597,0.666557
0.00135208,0.669181
0.00135816,0.671806
0.00136734,0.674339
0.00137694,0.676673
0.00138457,0.678573
0.00139416,0.679523
0.0014074,0.680164
0.00142081,0.68069
0.00143136,0.68119
0.0014425,0.681427
0.00145657,0.681648
0.00146772,0.681875
0.00148154,0.682203
0.00149203,0.682752
0.00150157,0.683729
0.00151188,0.685712
0.00152148,0.688077
0.00152792,0.690519
0.0015342,0.693052
0.00154005,0.695813
0.00154857,0.698652
0.0015542,0.70149
0.0015601,0.704206
0.00156904,0.70683
0.00157524,0.709424
0.00158448,0.711911
0.00159229,0.713727
0.00160266,0.714334
0.00161315,0.714883
0.00162638,0.715478
0.00163681,0.716066
0.00164719,0.716646
0.00165726,0.717374
0.00167031,0.71808
0.00168015,0.718942
0.00168962,0.719949
0.00170077,0.721566
0.00170846,0.72342
0.0017202,0.723356
0.00173206,0.723246
0.00174947,0.721911
0.00176711,0.719058
0.00178869,0.714358
0.00181348,0.709445
0.00183577,0.704409
0.00185831,0.699252
0.00188119,0.693911
0.0019036,0.688815
0.00192375,0.684756
0.00194485,0.68027
0.00196416,0.676608
0.00198097,0.674136
0.0019951,0.672976
0.0020063,0.671794
0.00202085,0.670413
0.00203348,0.668582
0.0020497,0.666415
0.00206495,0.664653
0.00207878,0.66363
0.00208892,0.66297
0.00209833,0.662616
0.00211019,0.662506
0.00211818,0.662849
0.00212548,0.66354
0.00213538,0.664345
0.00214426,0.665657
0.00215397,0.665193
0.00216506,0.664079
0.00217954,0.662721
0.00219421,0.661264
0.00220613,0.659754
0.00221811,0.658205
0.00223313,0.656587
0.00224559,0.654817
0.0022581,0.653032
0.00227372,0.651125
0.00227899,0.651386
0.00228829,0.652492
0.00229425,0.653805
0.00229998,0.655216
0.0023085,0.656689
0.00231392,0.658245
0.00231944,0.659778
0.00232778,0.66132
0.00233335,0.662823
0.00233866,0.66444
0.0023437,0.666179
0.00234852,0.668026
0.00235594,0.670025
0.00236021,0.67213
0.00236718,0.674328
0.00237111,0.676601
0.00237785,0.678921
0.00238141,0.681362
0.0023847,0.683941
0.00239093,0.686489
0.00239707,0.689083
0.00240035,0.691677
0.00240364,0.69424
0.00241005,0.696712
0.00241379,0.699077
0.00241787,0.701275
0.00242202,0.703441
0.00242938,0.705456
0.00243403,0.707401
0.00243879,0.70927
0.00244672,0.711017
0.00245465,0.712757
0.00245987,0.714435
0.00246797,0.716083
0.00247328,0.717716
0.00248132,0.71941
0.00248937,0.721103
0.00249438,0.722866
0.00249914,0.72475
0.00250668,0.726681
0.00251107,0.728725
0.00251837,0.730785
0.00252248,0.732967
0.00252644,0.73521
0.00253318,0.737545
0.00253695,0.739879
0.00254348,0.74229
0.00254726,0.74464
0.00255391,0.74699
0.00256082,0.749233
0.00256496,0.7514
0.00257215,0.753506
0.00257659,0.755535
0.00258416,0.75745
0.00259184,0.759304
0.00259667,0.761165
0.00260442,0.763004
0.00261211,0.764858
0.00261998,0.766651
0.0026249,0.768452
0.00263264,0.770283
0.00264045,0.772098
0.00264808,0.773983
0.00265535,0.776058
0.00265932,0.778301
0.00266629,0.780514
0.00267009,0.782848
0.00267671,0.785213
0.0026832,0.787639
0.00268943,0.790203
0.00269551,0.792827
0.0027015,0.795498
0.00270749,0.798183
0.00271357,0.800808
0.00271697,0.803325
0.0027232,0.805874
0.00273268,0.808269
0.00273926,0.810665
0.0027432,0.812939
0.0027502,0.815121
0.00275729,0.817272
0.00276444,0.819393
0.0027716,0.821514
0.00277893,0.823543
0.0027865,0.825474
0.00279395,0.827442
0.00280134,0.829456
0.00280867,0.831486
0.00281582,0.833607
0.00282289,0.835773
0.00282986,0.837986
0.00283946,0.84032
0.00284631,0.842579
0.00285278,0.84502
0.00285892,0.847629
0.00286482,0.85033
0.00287054,0.853123
0.002879,0.856006
0.00288452,0.858906
0.00288973,0.861942
0.00289504,0.864948
0.00290326,0.867924
0.00290556,0.870975
0.00291095,0.873936
0.00291924,0.876865
0.00292514,0.879597
0.00293089,0.882389
0.00293685,0.885059
0.00294311,0.887607
0.00294958,0.890064
0.00295604,0.892505
0.00296269,0.894871
0.00297223,0.89722
0.00297884,0.899601
0.00298603,0.901722
0.00299336,0.903751
0.00300385,0.905643
0.00301133,0.907627
0.0030186,0.909687
0.00302596,0.911716
0.00303591,0.913868
0.00304575,0.916096
0.00305251,0.9184
0.00305913,0.92078
0.00306515,0.923435
0.00307081,0.926258
0.0030791,0.929218
0.00308458,0.932133
0.00308989,0.935139
0.00309799,0.938175
0.00310324,0.941196
0.0031114,0.944202
0.00311677,0.947178
0.00312517,0.950092
0.00313358,0.952991
0.00313909,0.95589
0.00314761,0.958729
0.00315319,0.961613
0.00315888,0.96442
0.0031646,0.967212
0.00317014,0.970096
0.00317843,0.973041
0.00318364,0.976093
0.00319169,0.979175
0.00319658,0.982364
0.00320138,0.985599
0.00320889,0.988926
0.00321631,0.992298
0.0032206,0.995777
0.00322471,0.999332
0.00322876,1.00292
0.00323574,1.0065
0.00324277,1.01006
0.00324683,1.01365
0.00325103,1.01717
0.00325812,1.02069
0.00326524,1.0242
0.00326974,1.02758
0.00327427,1.03095
0.00328181,1.03424
0.00328661,1.03749
0.00329138,1.04074
0.00329907,1.04396
0.0033067,1.04724
0.0033143,1.05054
0.00331871,1.05396
0.00332607,1.05736
0.00333304,1.06093
0.00333698,1.06458
0.00334368,1.0683
0.00335018,1.0721
0.00335656,1.07596
0.00335984,1.07993
0.00336586,1.08396
0.00337185,1.08799
0.003375,1.09201
0.00338076,1.09616
0.0033835,1.10038
0.00338916,1.10459
0.00339485,1.10877
0.00340075,1.11286
0.00340666,1.11695
0.00341253,1.12107
0.00341861,1.12506
0.0034246,1.12912
0.0034277,1.13315
0.00343676,1.13712
0.0034402,1.14101
0.00344649,1.14492
0.00345274,1.14882
0.00345891,1.15279
0.00346508,1.15676
0.00347131,1.16069
0.00347441,1.16472
0.00348323,1.16881
0.00348614,1.17296
0.00349478,1.17711
0.0035002,1.18145
0.00350554,1.18578
0.00351078,1.1902
0.00351591,1.19466
0.00352077,1.19924
0.00352563,1.20382
0.00353036,1.20845
0.0035351,1.21309
0.00354279,1.21773
0.0035475,1.22237
0.00355251,1.22689
0.00355742,1.23146
0.00356246,1.23595
0.00357027,1.24053
0.00357248,1.24498
0.0035804,1.2495
0.00358571,1.25386
0.00359104,1.25823
0.00359623,1.26265
0.00360141,1.26708
0.00360642,1.27159
0.00361158,1.27602
0.00361655,1.28057
0.00362156,1.28508
0.00362639,1.28966
0.0036311,1.29433
0.00363557,1.29909
0.00364004,1.30388
0.00364734,1.30867
0.00365184,1.31343
0.00365613,1.31829
0.00366322,1.3232
0.00366748,1.32805
0.0036716,1.333
0.00367884,1.33782
0.0036831,1.3427
0.00368736,1.34755
0.00369452,1.35244
0.00370194,1.35717
0.00370617,1.36205
0.0037107,1.36681
0.00371806,1.37157
0.00372229,1.37645
0.00372962,1.38124
0.00373388,1.38613
0.00374116,1.39092
0.00374551,1.39577
0.00375269,1.40062
0.00375662,1.40566
0.00376345,1.41066
0.00377012,1.41579
0.00377388,1.42089
0.00378047,1.42601
0.0037869,1.43123
0.0037904,1.43648
0.00379663,1.44179
0.00380262,1.44719
0.0038087,1.45256
0.00381499,1.45787
0.00382191,1.46285
0.00382909,1.46773
0.00383633,1.47255
0.00384372,1.47731
0.0038512,1.48201
0.00385871,1.48674
0.00386652,1.49129
0.00387168,1.49575
0.00388044,1.49987
0.00389003,1.50357
0.00389704,1.50714
0.003908,1.5102
0.00392094,1.51233
0.00393119,1.51436
0.00394442,1.51638
0.00396064,1.51833
0.00397101,1.5203
0.00398436,1.52224
0.00399699,1.5245
0.00400582,1.5272
0.0040166,1.53038
0.00402596,1.53421
0.00403329,1.539
0.0040375,1.54388
0.00404751,1.54876
0.00405177,1.55365
0.00405562,1.55871
0.00406226,1.56384
0.00406897,1.5689
0.00407281,1.57397
0.00407973,1.57895
0.00408956,1.58395
0.00409385,1.5888
0.00410112,1.59362
0.0041084,1.59845
0.00411546,1.60336
0.0041227,1.60818
0.0041297,1.61312
0.0041365,1.61816
0.00414314,1.62329
0.00414964,1.62848
0.00415623,1.6336
0.00416237,1.63897
0.00416809,1.64453
0.00417369,1.65011
0.00417643,1.65573
0.00418198,1.66137
0.00418773,1.6669
0.00419342,1.67245
0.00419926,1.67794
0.00420513,1.68344
0.00421092,1.68896
0.00421694,1.69439
0.00422003,1.69979
0.00422603,1.70523
0.00423219,1.71057
0.00423836,1.71591
0.00424444,1.72128
0.00425055,1.72665
0.00425663,1.73202
0.00426268,1.73742
0.00426885,1.74279
0.00427496,1.74813
0.00428128,1.75341
0.00428745,1.75875
0.00429055,1.76419
0.00429648,1.76962
0.00430244,1.77505
0.00430831,1.78054
0.00431403,1.7861
0.00432255,1.79171
0.00432792,1.79742
0.00433603,1.80322
0.00434124,1.80902
0.00434625,1.81491
0.00435137,1.82074
0.00435948,1.82653
0.00436461,1.83239
0.00436964,1.83825
0.00437474,1.84411
0.00437986,1.84994
0.0043881,1.85571
0.00439382,1.86123
0.00439984,1.86666
0.00440908,1.87188
0.00441549,1.87713
0.00442478,1.88235
0.00443134,1.88753
0.00443805,1.8926
0.00444776,1.89764
0.00445479,1.90258
0.00446475,1.90749
0.00447175,1.91244
0.00447873,1.91741
0.00448874,1.92229
0.00449607,1.92712
0.00450674,1.93169
0.00451497,1.93603
0.00452468,1.93972
0.00454101,1.94295
0.00455246,1.94584
0.00456426,1.94851
0.00457898,1.95116
0.00459084,1.95382
0.00460276,1.95643
0.00461743,1.95913
0.00463167,1.96201
0.00464544,1.96513
0.00465504,1.96885
0.00466374,1.973
0.00467435,1.97758
0.00468162,1.98243
0.00469157,1.98734
0.00469837,1.99238
0.00470481,1.9976
0.00471109,2.00288
0.00471729,2.00822
0.0047234,2.01359
0.00473234,2.01896
0.00473839,2.02439
0.00474444,2.02979
0.00475043,2.03519
0.00475931,2.04063
0.00476545,2.046
0.00477428,2.05009
0.00479156,2.05013
0.00481135,2.04905
0.00483448,2.0477
0.00485534,2.04609
0.00487668,2.04424
0.00489897,2.04193
0.00492221,2.03917
0.00494641,2.03601
0.0049724,2.03195
0.00499457,2.02834
0.00501174,2.02843
0.00502402,2.02952
0.00503886,2.03076
0.00505328,2.03218
0.00506443,2.03379
0.00507754,2.03582
0.00508696,2.03825
0.00509566,2.04101
0.00510526,2.04472
0.00511039,2.0492
0.00511495,2.0539
0.00511924,2.05876
0.00512615,2.06376
0.00513289,2.06883
0.00513661,2.07395
0.00514335,2.07902
0.00514719,2.08409
0.00515104,2.08915
0.00515792,2.09416
0.00516191,2.09916
0.00516883,2.10414
0.00517291,2.10908
0.00517714,2.11396
0.00518152,2.11878
0.00518894,2.12351
0.00519342,2.12831
0.005198,2.13301
0.0052054,2.13777
0.00520996,2.1425
0.00521449,2.14723
0.00522206,2.1519
0.0052267,2.1566
0.00523424,2.1613
0.00523883,2.166
0.00524617,2.17079
0.00525061,2.17558
0.0052577,2.18049
0.00526205,2.18531
0.00527051,2.18952
0.00527916,2.19371
0.00528479,2.19795
0.00529337,2.20213
0.00529921,2.20625
0.00530768,2.21049
0.00531343,2.21467
0.00532183,2.21894
0.00533036,2.22319
0.00533858,2.22755
0.00534544,2.23255
0.00535211,2.23765
0.00535569,2.24287
0.00536195,2.24815
0.00536803,2.25355
0.0053742,2.25886
0.00537737,2.26426
0.00538336,2.26966
0.00538634,2.27516
0.00539233,2.28059
0.0053982,2.28605
0.00540404,2.29157
0.00540708,2.29701
0.00541304,2.30244
0.00541596,2.30796
0.00542175,2.31349
0.00542458,2.31901
0.0054303,2.32456
0.00543596,2.33015
0.00543875,2.33573
0.00544441,2.34129
0.00545013,2.34684
0.00545568,2.35249
0.00546131,2.35807
0.005467,2.36366
0.00547326,2.36894
0.00547988,2.37406
0.00548694,2.37901
0.00549415,2.38386
0.00550136,2.38868
0.00550866,2.3935
0.00551588,2.39833
0.00552312,2.40318
0.00553036,2.408
0.00553757,2.41285
0.00554437,2.41789
0.00555051,2.42326
0.00555644,2.42869
0.00556222,2.43421
0.00556782,2.43983
0.00557342,2.44544
0.005579,2.45106
0.00558454,2.45671
0.00559002,2.46238
0.00559813,2.46815
0.00560341,2.47395
0.00561157,2.47972
0.00561655,2.48561
0.0056215,2.49153
0.00562924,2.49748
0.00563401,2.50349
0.0056417,2.5095
0.00564382,2.51539
0.00565151,2.52137
0.00565645,2.52729
0.0056614,2.53324
0.00566638,2.53913
0.00567138,2.54502
0.00567648,2.55085
0.00568453,2.55668
0.00568968,2.56254
0.00569749,2.56846
0.00570232,2.57444
0.00570995,2.58048
0.00571454,2.58656
0.00572187,2.59272
0.0057264,2.59883
0.0057337,2.60502
0.00574082,2.61128
0.00574494,2.61762
0.00574905,2.62391
0.00575611,2.63023
0.00576312,2.63655
0.00576723,2.64286
0.00577146,2.64912
0.00577861,2.65538
0.00578282,2.66163
0.00579012,2.66783
0.00579763,2.6739
0.00580505,2.68003
0.00580952,2.68617
0.00581685,2.69233
0.00582126,2.6985
0.00582865,2.70466
0.00583306,2.71083
0.0058403,2.71705
0.00584746,2.72328
0.00585175,2.72953
0.00585893,2.73576
0.00586623,2.74192
0.00587073,2.74806
0.00587517,2.75422
0.00588241,2.76045
0.00588972,2.76661
0.00589434,2.77268
0.0058991,2.7787
0.00590685,2.78465
0.00591478,2.79057
0.00592259,2.79649
0.00593069,2.80229
0.00593591,2.80808
0.00594425,2.81376
0.00595284,2.81935
0.00595862,2.82487
0.00596416,2.83052
0.00597251,2.83619
0.00598097,2.84181
0.00598938,2.84748
0.00599507,2.85304
0.00600341,2.85874
0.00601176,2.86442
0.00601986,2.87022
0.00602803,2.87602
0.00603321,2.88182
0.00604126,2.88764
0.00604937,2.89344
0.0060573,2.89933
0.00606215,2.90528
0.0060696,2.91139
0.00607699,2.91752
0.00608412,2.92381
0.0060885,2.93
0.00609544,2.93632
0.0061023,2.94273
0.00610936,2.94902
0.00611636,2.95536
0.00612363,2.96156
0.00613115,2.96763
0.00613895,2.97358
0.00614387,2.9795
0.00615478,2.98533
0.00616277,2.99119
0.00617093,2.99699
0.00617904,3.00276
0.00618708,3.00859
0.00619793,3.01448
0.00620261,3.02052
0.00621268,3.02677
0.00621978,3.03306
0.00622678,3.03938
0.00623071,3.04579
0.00624019,3.05232
0.00624377,3.05888
0.00625289,3.06556
0.00625903,3.07231
0.00626514,3.07905
0.00627402,3.08586
0.00627713,3.09266
0.00628571,3.09959
0.00629153,3.10649
0.00629716,3.11347
0.00630294,3.12037
0.00630875,3.12727
0.00631465,3.1341
0.00632049,3.14097
0.00632654,3.14775
0.00633271,3.15446
0.00633885,3.1612
0.00634505,3.16789
0.00635417,3.1746
0.00636049,3.18125
0.00636669,3.18797
0.00637563,3.19471
0.00638168,3.20152
0.00638773,3.20829
0.00639637,3.21522
0.00640203,3.22218
0.00640776,3.22911
0.00641622,3.23609
0.00642167,3.24317
0.00643002,3.25022
0.00643547,3.2573
0.00644394,3.26429
0.00644954,3.27128
0.00645487,3.27839
0.00646033,3.28544
0.00646867,3.29252
0.00647392,3.29966
0.00648202,3.30683
0.00648733,3.31397
0.00649242,3.32121
0.00650035,3.32844
0.00650539,3.33573
0.00651036,3.343
0.00651853,3.35014
0.00652658,3.35737
0.00653173,3.36454
0.00653689,3.37174
0.00654228,3.37882
0.00655039,3.386
0.00655581,3.39308
0.00656118,3.40019
0.0065694,3.4073
0.00657456,3.4145
0.00658261,3.4217
0.006588,3.42881
0.00659316,3.43601
0.0066015,3.44306
0.00660707,3.45005
0.00661318,3.4568
0.0066229,3.46321
0.00663002,3.46949
0.00663732,3.47566
0.00664787,3.4817
0.00665556,3.48768
0.00666319,3.49372
0.00667416,3.49952
0.00668507,3.50538
0.00669293,3.5113
0.00670062,3.51731
0.00671058,3.5236
0.00671734,3.53004
0.0067242,3.53642
0.00673367,3.54295
0.00674041,3.54942
0.00674735,3.55577
0.00675707,3.56217
0.00676395,3.56855
0.00677078,3.57496
0.00677757,3.58137
0.00678723,3.58781
0.00679423,3.59416
0.00680127,3.60044
0.00680863,3.60661
0.00681894,3.61274
0.00682338,3.61891
0.00683375,3.62498
0.00683843,3.63105
0.00684892,3.63709
0.00685649,3.64314
0.00686722,3.64909
0.00687509,3.65498
0.00688593,3.66087
0.00689398,3.6667
0.00690197,3.67256
0.00690984,3.67845
0.00691758,3.68443
0.00692813,3.69044
0.00693287,3.69648
0.00694047,3.70252
0.00695072,3.70869
0.00695797,3.71488
0.0069678,3.72123
0.00697433,3.72779
0.00698068,3.73445
0.00698985,3.7411
0.00699611,3.74778
0.00700505,3.75456
0.00701101,3.76136
0.00701689,3.76823
0.00702553,3.77516
0.00703116,3.78215
0.00703658,3.78919
0.00704499,3.79624
0.00705011,3.80345
0.0070581,3.81068
0.00706597,3.81797
0.0070739,3.82524
0.00707908,3.83244
0.00708701,3.83967
0.0070922,3.84687
0.0071003,3.85404
0.00710564,3.86116
0.00711097,3.86827
0.00711926,3.87535
0.00712766,3.8824
0.00713326,3.88941
0.00713866,3.89649
0.00714706,3.90351
0.00715529,3.91065
0.00716065,3.91773
0.00716888,3.92485
0.00717415,3.93199
0.00718226,3.93916
0.00718768,3.94624
0.00719567,3.95347
0.00720044,3.96086
0.00720494,3.96836
0.00721227,3.97593
0.00721957,3.98347
0.00722368,3.99116
0.00723069,3.99888
0.00723751,4.00666
0.00724437,4.01441
0.00725116,4.02223
0.00725533,4.02989
0.00726237,4.03758
0.00726672,4.04515
0.00727399,4.05271
0.0072812,4.06034
0.00728874,4.06776
0.00729631,4.07521
0.00730105,4.08259
0.00730868,4.09001
0.00731327,4.09748
0.00732078,4.10493
0.0073254,4.11238
0.00733303,4.11979
0.00734057,4.12724
0.00734832,4.13456
0.00735326,4.14189
0.00736086,4.1493
0.00736855,4.15669
0.00737618,4.16407
0.00738095,4.17146
0.00738846,4.1789
0.00739305,4.18638
0.0074005,4.19389
0.00740792,4.20136
0.00741513,4.20896
0.00742211,4.21668
0.00742914,4.22438
0.00743605,4.23213
0.00744303,4.23982
0.00744717,4.24751
0.00745423,4.25517
0.00746136,4.26283
0.00746848,4.27046
0.00747256,4.27818
0.0074824,4.2859
0.00748648,4.29362
0.00749342,4.30134
0.00750052,4.309
0.00750767,4.31663
0.0075147,4.32432
0.00752197,4.33189
0.0075291,4.33955
0.00753616,4.34721
0.00754316,4.3549
0.00755002,4.36268
0.00755693,4.37043
0.00756382,4.37818
0.00757061,4.38597
0.0075772,4.39384
0.00758381,4.40177
0.00759016,4.40977
0.00759648,4.41777
0.00760283,4.42576
0.00760927,4.43376
0.00761582,4.44169
0.00762226,4.44963
0.0076287,4.45762
0.00763519,4.46556
0.00764178,4.47343
0.00764822,4.48142
0.00765486,4.4893
0.00766136,4.49723
0.00766771,4.50523
0.00767412,4.51322
0.00768419,4.52082
0.00769173,4.5283
0.00770204,4.53581
0.00770925,4.54341
0.00771638,4.55107
0.00772347,4.55873
0.00773032,4.56648
0.00773721,4.57423
0.00774698,4.58201
0.00775688,4.58973
0.00776293,4.59785
0.0077688,4.60609
0.00777461,4.61433
0.00778051,4.62257
0.00778933,4.63081
0.00779248,4.63893
0.00780154,4.64704
0.00781077,4.65504
0.00781718,4.66303
0.00782359,4.67103
0.00783009,4.67897
0.0078367,4.68684
0.00784624,4.69471
0.00785309,4.70249
0.00786007,4.71022
0.00786698,4.71797
0.00787396,4.72569
0.0078812,4.73326
0.00788841,4.74089
0.00789866,4.74842
0.0079031,4.75596
0.00791329,4.76353
0.00792083,4.77095
0.00792826,4.77845
0.00793571,4.78596
0.00794322,4.79341
0.00795073,4.80088
0.00795818,4.80836
0.00796572,4.81581
0.00797311,4.82331
0.00798044,4.83085
0.00799057,4.83845
0.00799772,4.84608
0.00800479,4.85377
0.00801173,4.86149
0.00802151,4.86924
0.00802833,4.87705
0.00803492,4.88493
0.00804147,4.8928
0.00805101,4.90068
0.00805782,4.90854
0.00806435,4.91641
0.00807376,4.92435
0.00808023,4.93234
0.00808673,4.94028
0.00809597,4.94828
0.00810229,4.95627
0.00810857,4.96433
0.00811775,4.97238
0.00812368,4.98062
0.00813245,4.9888
0.00813847,4.99698
0.00814446,5.00522
0.00815316,5.01346
0.00815903,5.0217
0.00816505,5.02988
0.00817125,5.03794
0.00817745,5.04605
0.00818657,5.05411
0.00819291,5.06211
0.00819923,5.07016
0.00820823,5.07828
0.00821428,5.0864
0.00822334,5.09452
0.00823234,5.10263
0.00823812,5.11093
0.00824364,5.11936
0.00825204,5.12772
0.00826033,5.1362
0.00826584,5.14463
0.00827124,5.15311
0.00827669,5.16153
0.00828503,5.16995
0.0082904,5.17844
0.0082985,5.18698
0.00830375,5.19553
0.0083118,5.20413
0.00831686,5.21274
0.00832473,5.22141
0.00833221,5.23026
0.00833945,5.23923
0.00834374,5.2482
0.0083509,5.25724
0.00835799,5.26627
0.0083621,5.2753
0.0083661,5.28446
0.00837021,5.29349
0.00837724,5.30258
0.00838448,5.31156
0.00839173,5.32053
0.00839643,5.32932
0.00840418,5.33798
0.00841187,5.34677
0.00841962,5.3555
0.00842457,5.36417
0.00843261,5.37277
0.00844066,5.38132
0.00844582,5.38993
0.00845643,5.39865
0.00846125,5.40738
0.00846885,5.41617
0.00847633,5.42502
0.00848393,5.43381
0.00849147,5.44266
0.00849591,5.45157
0.00850325,5.46048
0.00850766,5.46939
0.0085149,5.47837
0.00851955,5.48722
0.00852724,5.49594
0.00853499,5.50467
0.00854002,5.51334
0.00854762,5.52213
0.00855531,5.53086
0.00856014,5.53958
0.00857081,5.54831
0.00857537,5.55716
0.00858294,5.56595
0.00859024,5.57492
0.00859456,5.5839
0.00860174,5.59287
0.00860887,5.6019
0.00861599,5.61093
0.00862308,5.61997
0.00863298,5.62906
0.00863694,5.63816
0.00864385,5.64731
0.00865059,5.65653
0.00865753,5.66562
0.00866445,5.67472
0.00867121,5.68393
0.00867783,5.69315
0.00868742,5.70243
0.00869127,5.71158
0.00869806,5.7208
0.00870471,5.73001
0.00871142,5.73923
0.00872113,5.74845
0.00872775,5.75766
0.00873705,5.76706
0.00874333,5.77646
0.00874968,5.78586
0.00875868,5.79532
0.00876494,5.80478
0.0087712,5.81424
0.00878074,5.82346
0.00878753,5.83261
0.00879415,5.84189
0.00880374,5.85111
0.0088106,5.86026
0.00882055,5.86936
0.0088275,5.87845
0.00883757,5.88742
0.0088446,5.89652
0.00885184,5.90549
0.00886174,5.91452
0.0088688,5.92362
0.00887893,5.93259
0.00888621,5.9415
0.00889348,5.95047
0.00890075,5.95944
0.00890826,5.96829
0.00891577,5.97708
0.0089262,5.98593
0.00893651,5.99484
0.00894381,6.00376
0.00895395,6.01273
0.00896116,6.0217
0.00896849,6.03061
0.00897594,6.03946
0.00898637,6.04831
0.008994,6.0571
0.00900193,6.06577
0.00901296,6.07431
0.00902148,6.08267
0.00903042,6.09079
0.00904252,6.09885
0.00904911,6.10678
0.00906168,6.11457
0.00907128,6.12238
0.00908111,6.13016
0.00909131,6.13773
0.00910174,6.14517
0.00911336,6.15207
0.0091257,6.15863
0.00913845,6.16498
0.00915431,6.17124
0.0091673,6.17746
0.00918018,6.18375
0.00919615,6.18994
0.0092098,6.19589
0.00922321,6.20194
0.0092334,6.2081
0.00924556,6.21475
0.00925963,6.22187
0.0092703,6.22919
0.00928085,6.23661
0.00929116,6.24411
0.00930129,6.25171
0.00931125,6.25937
0.00932055,6.26737
0.00932955,6.27548
0.00933831,6.28372
0.00934695,6.29203
0.00935553,6.30039
0.00936099,6.30881
0.00936897,6.31742
0.00937708,6.32596
0.00938507,6.33457
0.00939335,6.34305
0.00940194,6.35141
0.00941082,6.35953
0.00941731,6.36753
0.00942959,6.37546
0.00943624,6.38333
0.00944893,6.39112
0.00945889,6.39878
0.00946884,6.40647
0.00947885,6.4141
0.00948869,6.42185
0.00949811,6.42978
0.00950717,6.4379
0.00951575,6.4462
0.00952409,6.45462
0.0095322,6.46317
0.00953989,6.47196
0.00954758,6.48068
0.00955503,6.4896
0.00956236,6.49851
0.00956951,6.50748
0.0095767,6.51651
0.00958361,6.52561
0.00959067,6.53464
0.00959765,6.54373
0.00960474,6.55277
0.0096118,6.56186
0.00961577,6.57096
0.00962274,6.58005
0.00962983,6.58908
0.00963401,6.59818
0.00964095,6.60727
0.00964801,6.6163
0.00965505,6.62534
0.0096622,6.63437
0.00967245,6.64328
0.00967993,6.65213
0.00968768,6.66086
0.00969257,6.66959
0.00970318,6.67832
0.00970792,6.68711
0.00971847,6.69589
0.00972604,6.70468
0.00973358,6.71347
0.00974097,6.72238
0.00974794,6.73148
0.00975497,6.74057
0.00976174,6.74973
0.00976827,6.75901
0.0097747,6.7684
0.00978117,6.77768
0.00978779,6.78696
0.00979446,6.79618
0.009804,6.80545
0.00981064,6.81473
0.00981735,6.82395
0.00982406,6.83316
0.00982786,6.84238
0.00983763,6.85153
0.00984457,6.86063
0.00985167,6.86966
0.00985584,6.8787
0.00986284,6.88779
0.00986991,6.89682
0.0098798,6.90592
0.00988683,6.91495
0.00989357,6.92417
0.00990317,6.93338
0.00990701,6.9426
0.00991661,6.95182
0.0099234,6.96097
0.009933,6.97025
0.00993967,6.97946
0.00994915,6.98874
0.00995583,6.99796
0.00996226,7.0073
0.00997168,7.01663
0.00998116,7.02591
0.00998766,7.03519
0.00999412,7.04459
0.0100032,7.05399
0.0100096,7.06339
0.010019,7.07266
0.0100257,7.08194
0.0100355,7.0911
0.0100454,7.10013
0.0100557,7.10904
0.010066,7.11789
0.0100737,7.12668
0.0100814,7.13541
0.0100921,7.14408
0.0100998,7.15286
0.0101073,7.16172
0.0101175,7.17063
0.0101277,7.1796
0.0101349,7.18857
0.0101419,7.19766
0.0101516,7.20682
0.0101583,7.2161
0.0101648,7.22537
0.0101741,7.23471
0.0101805,7.24411
0.01019,7.25339
0.0101964,7.26279
0.0102056,7.27213
0.010215,7.28147
0.0102217,7.29068
0.0102313,7.2999
0.0102381,7.30905
0.0102481,7.31815
0.0102553,7.32712
0.0102627,7.33597
0.0102729,7.34494
0.0102805,7.35373
0.0102882,7.36246
0.010299,7.37113
0.0103067,7.37985
0.0103147,7.38852
0.0103228,7.39707
0.0103306,7.40573
0.0103412,7.41452
0.0103459,7.42331
0.0103565,7.43204
0.0103643,7.44077
0.0103719,7.44956
0.0103794,7.45841
0.0103868,7.46726
0.0103972,7.47611
0.0104075,7.48496
0.0104152,7.49375
0.010423,7.50247
0.0104309,7.51108
0.0104418,7.51969
0.0104497,7.52835
0.0104605,7.53702
0.0104684,7.54569
0.0104791,7.55442
0.0104867,7.5632
0.0104943,7.57193
0.0105021,7.58066
0.0105129,7.58933
0.0105206,7.59806
0.0105281,7.60691
0.0105356,7.61576
0.0105431,7.62461
0.0105533,7.63352
0.0105636,7.64243
0.0105679,7.6514
0.0105749,7.66049
0.0105818,7.66965
0.0105912,7.67893
0.0105976,7.68827
0.0106041,7.69766
0.0106135,7.70694
0.0106166,7.71652
0.0106258,7.72592
0.0106319,7.73538
0.0106383,7.74478
0.0106448,7.75412
0.0106542,7.7634
0.0106609,7.77262
0.0106706,7.78183
0.0106778,7.7908
0.010685,7.79978
0.0106954,7.80857
0.010703,7.81742
0.0107107,7.8262
0.010721,7.83505
0.0107312,7.84397
0.0107384,7.853
0.0107454,7.86209
0.0107551,7.87119
0.0107616,7.88053
0.0107676,7.89011
0.0107764,7.89969
0.0107792,7.9094
0.0107877,7.91916
0.0107961,7.92899
0.0108014,7.93881
0.0108067,7.9487
0.0108149,7.95859
0.01082,7.96854
0.0108254,7.97843
0.0108307,7.98831
0.0108361,7.99814
0.0108414,8.00803
0.0108468,8.01786
0.010855,8.02774
0.0108574,8.03763
0.0108656,8.04752
0.010871,8.05735
0.0108792,8.06723
0.0108844,8.07718
0.0108898,8.08701
0.0108952,8.09684
0.0109005,8.10672
0.0109087,8.11661
0.0109141,8.12644
0.0109194,8.13632
0.0109247,8.14621
0.0109328,8.15616
0.0109381,8.16605
0.0109433,8.176
0.0109511,8.18601
0.0109588,8.19614
0.0109638,8.20621
0.0109717,8.21628
0.0109795,8.22629
0.0109846,8.2363
0.0109898,8.24625
0.0109979,8.25614
0.0110033,8.26602
0.0110145,8.27585
0.0110198,8.28574
0.0110282,8.29557
0.0110363,8.30545
0.0110445,8.31528
0.0110499,8.32523
0.011058,8.33512
0.011063,8.34519
0.0110705,8.35532
0.0110781,8.36551
0.0110856,8.3757
0.0110933,8.38584
0.0111008,8.39609
0.0111056,8.40622
0.0111131,8.41642
0.0111176,8.42673
0.0111278,8.43705
0.0111322,8.44736
0.0111395,8.45767
0.0111465,8.46811
0.0111503,8.47867
0.0111571,8.48923
0.0111639,8.49979
0.0111706,8.51041
0.0111771,8.52115
0.0111836,8.53183
0.01119,8.54251
0.0111966,8.55319
0.0112033,8.56375
0.011213,8.57431
0.0112171,8.58481
0.0112243,8.59513
0.0112346,8.60544
0.011242,8.61569
0.0112465,8.62595
0.0112539,8.6362
0.0112613,8.64646
0.0112687,8.65677
0.0112791,8.66696
0.0112865,8.67722
0.011294,8.68747
0.011301,8.69791
0.0113077,8.70853
0.0113116,8.71909
0.0113183,8.72965
0.0113251,8.74021
0.011329,8.75077
0.0113357,8.76132
0.0113424,8.77194
0.011349,8.78257
0.0113557,8.79319
0.0113626,8.80374
0.0113694,8.81424
0.0113763,8.82474
0.0113833,8.83518
0.0113904,8.84561
0.0113946,8.85605
0.0114019,8.86637
0.011409,8.87674
0.0114162,8.88712
0.0114232,8.89756
0.0114303,8.90799
0.0114373,8.91843
0.0114413,8.92893
0.0114478,8.93961
0.0114544,8.95029
0.011461,8.96091
0.0114674,8.97171
0.0114738,8.98246
0.01148,8.99326
0.0114862,9.00406
0.0114923,9.01493
0.0114984,9.02585
0.0115044,9.03678
0.0115108,9.04752
0.011517,9.05838
0.0115231,9.06925
0.0115318,9.08023
0.0115348,9.09122
0.0115436,9.10221
0.0115495,9.11319
0.0115581,9.12424
0.0115612,9.13523
0.0115697,9.14627
0.0115753,9.15744
0.0115808,9.16861
0.0115861,9.17984
0.0115916,9.19107
0.0115999,9.20224
0.0116054,9.21347
0.0116108,9.22464
0.0116162,9.23587
0.0116242,9.24723
0.0116292,9.25864
0.0116371,9.27005
0.0116421,9.28147
0.0116499,9.29288
0.0116548,9.30435
0.0116623,9.31595
0.0116669,9.32755
0.0116744,9.33914
0.0116792,9.35062
0.011687,9.36203
0.0116922,9.37339
0.0117002,9.3848
0.0117056,9.39597
0.0117111,9.40714
0.0117195,9.41831
0.0117254,9.42929
0.0117313,9.44028
0.0117371,9.45127
0.0117429,9.46231
0.0117516,9.47336
0.0117574,9.48435
0.0117633,9.49533
0.011772,9.50638
0.0117776,9.51749
0.0117832,9.5286
0.0117912,9.53995
0.0117935,9.5513
0.0118013,9.56276
0.011806,9.57429
0.0118164,9.58589
0.0118209,9.59755
0.0118251,9.60933
0.0118321,9.62117
0.0118391,9.63295
0.0118464,9.64467
0.0118508,9.65632
0.0118583,9.66792
0.0118628,9.67958
0.0118705,9.69111
0.0118754,9.70259
0.0118833,9.71394
0.0118881,9.72542
0.0118957,9.73701
0.0119033,9.74855
0.0119075,9.76033
0.0119147,9.77211
0.0119218,9.78389
0.0119318,9.79567
0.0119389,9.80745
0.0119428,9.81935
0.0119497,9.83125
0.0119596,9.84309
0.011964,9.85481
0.0119742,9.86647
0.011979,9.87794
0.0119868,9.88942
0.0119947,9.90083
0.0119997,9.91224
0.0120074,9.92378
0.012015,9.93526
0.0120227,9.94679
0.0120303,9.95833
0.0120378,9.96992
0.0120453,9.98152
0.0120526,9.99324
0.0120599,10.0049
0.0120673,10.0166
0.0120748,10.0282
0.0120851,10.0398
0.0120898,10.0513
0.0120974,10.0629
0.0121053,10.0743
0.0121133,10.0857
0.0121183,10.0971
0.0121263,10.1084
0.0121313,10.1198
0.0121389,10.1314
0.0121465,10.143
0.0121542,10.1544
0.0121617,10.166
0.0121662,10.1777
0.0121734,10.1894
0.0121805,10.2012
0.0121843,10.2131
0.0121909,10.2252
0.0121976,10.2371
0.0122043,10.2492
0.0122108,10.2612
0.0122172,10.2733
0.0122238,10.2854
0.0122304,10.2974
0.012237,10.3094
0.0122438,10.3214
0.0122508,10.3331
0.0122581,10.3449
0.0122655,10.3565
0.01227,10.3681
0.0122774,10.3798
0.012282,10.3914
0.0122895,10.403
0.0122969,10.4146
0.0123042,10.4263
0.0123115,10.438
0.0123187,10.4498
0.0123257,10.4616
0.0123327,10.4735
0.0123398,10.4852
0.0123471,10.4969
0.0123543,10.5086
0.0123616,10.5203
0.0123658,10.5321
0.0123759,10.5438
0.0123802,10.5556
0.0123874,10.5673
0.0123945,10.5791
0.0124015,10.591
0.0124113,10.6029
0.0124181,10.6148
0.0124217,10.6268
0.0124281,10.639
0.0124376,10.651
0.0124441,10.663
0.0124507,10.6751
0.012457,10.6873
0.0124632,10.6995
0.0124693,10.7117
0.0124754,10.724
0.0124842,10.7363
0.0124902,10.7486
0.0124961,10.761
0.0125018,10.7735
0.0125076,10.7858
0.0125131,10.7984
0.0125217,10.8109
0.0125274,10.8233
0.0125331,10.8358
0.0125388,10.8482
0.0125446,10.8606
0.0125536,10.8729
0.0125568,10.8851
0.0125661,10.8972
0.0125726,10.9093
0.0125792,10.9213
0.012586,10.9333
0.0125929,10.9451
0.0125971,10.9569
0.0126072,10.9686
0.0126146,10.9803
0.0126219,10.992
0.0126294,11.0036
0.0126368,11.0152
0.0126442,11.0269
0.0126516,11.0385
0.012659,11.0502
0.0126663,11.0619
0.0126736,11.0736
0.0126806,11.0854
0.0126904,11.0972
0.0126974,11.1091
0.0127042,11.121
0.0127138,11.133
0.0127234,11.145
0.0127301,11.157
0.0127366,11.1691
0.0127431,11.1811
0.0127524,11.1933
0.0127588,11.2053
0.012768,11.2175
0.0127743,11.2297
0.0127804,11.242
0.0127894,11.2542
0.0127954,11.2665
0.0128014,11.2788
0.0128103,11.2912
0.0128162,11.3035
0.0128222,11.3158
0.0128309,11.3282
0.0128397,11.3406
0.0128456,11.3529
0.0128514,11.3653
0.0128601,11.3777
0.0128689,11.3901
0.0128747,11.4025
0.0128832,11.4149
0.0128918,11.4274
0.0129003,11.44
0.012906,11.4524
0.0129144,11.4649
0.0129198,11.4775
0.0129281,11.4901
0.0129364,11.5028
0.0129417,11.5153
0.01295,11.528
0.0129584,11.5405
0.0129667,11.5531
0.0129749,11.5657
0.0129804,11.5783
0.0129859,11.5908
0.0129944,11.6033
0.0130031,11.6157
0.0130089,11.6282
0.0130174,11.6406
0.0130231,11.6531
0.0130317,11.6656
0.0130401,11.6781
0.0130458,11.6906
0.0130542,11.7031
0.013063,11.7155
0.0130686,11.7279
0.0130773,11.7404
0.0130831,11.7528
0.013092,11.7651
0.013098,11.7774
0.0131041,11.7897
0.0131133,11.8018
0.0131194,11.8141
0.0131285,11.8263
0.0131347,11.8385
0.0131409,11.8507
0.0131499,11.863
0.0131561,11.8752
0.0131623,11.8875
0.0131713,11.8997
0.0131776,11.9118
0.0131837,11.9241
0.013193,11.9362
0.0131993,11.9484
0.0132086,11.9605
0.0132152,11.9725
0.0132247,11.9845
0.0132314,11.9965
0.013238,12.0086
0.0132446,12.0206
0.0132539,12.0327
0.0132605,12.0448
0.0132667,12.057
0.0132757,12.0692
0.0132847,12.0814
0.0132904,12.0939
0.013299,12.1063
0.0133072,12.119
0.0133123,12.1317
0.0133173,12.1445
0.0133251,12.1574
0.0133328,12.1702
0.0133405,12.1831
0.0133453,12.196
0.0133528,12.209
0.0133603,12.2219
0.0133678,12.2349
0.0133755,12.2478
0.0133806,12.2606
0.0133887,12.2732
0.0133966,12.286
0.0134017,12.2988
0.0134098,12.3114
0.0134151,12.324
0.0134233,12.3367
0.0134315,12.3494
0.0134397,12.362
0.0134421,12.3746
0.0134502,12.3873
0.0134581,12.4001
0.0134662,12.4128
0.0134744,12.4254
0.0134797,12.4381
0.0134878,12.4508
0.013493,12.4635
0.0135013,12.476
0.0135067,12.4887
0.0135148,12.5013
0.0135233,12.5139
0.013529,12.5263
0.0135377,12.5387
0.0135435,12.5511
0.0135525,12.5634
0.0135584,12.5757
0.0135675,12.588
0.0135736,12.6002
0.0135829,12.6123
0.0135892,12.6245
0.0136014,12.6366
0.0136077,12.6488
0.0136167,12.661
0.0136229,12.6732
0.0136318,12.6856
0.0136407,12.6978
0.0136468,12.7101
0.0136558,12.7224
0.0136648,12.7346
0.0136739,12.7469
0.0136828,12.7592
0.0136917,12.7715
0.0137006,12.7838
0.0137095,12.7961
0.0137153,12.8085
0.013727,12.8209
0.0137327,12.8333
0.0137382,12.8458
0.0137499,12.8582
0.013756,12.8705
0.0137681,12.8826
0.0137748,12.8947
0.0137843,12.9067
0.013794,12.9186
0.0138037,12.9305
0.0138136,12.9424
0.0138235,12.9542
0.0138335,12.966
0.0138403,12.9779
0.0138499,12.9899
0.0138563,13.002
0.0138653,13.0143
0.0138714,13.0266
0.0138805,13.0388
0.0138869,13.0509
0.0138963,13.0629
0.0139057,13.075
0.0139124,13.087
0.0139187,13.0992
0.0139279,13.1113
0.0139344,13.1234
0.013944,13.1354
0.0139537,13.1473
0.0139603,13.1593
0.0139698,13.1714
0.0139763,13.1834
0.0139828,13.1955
0.0139919,13.2077
0.0139984,13.2198
0.0140048,13.2319
0.014014,13.2441
0.0140228,13.2564
0.0140315,13.2689
0.0140399,13.2814
0.0140454,13.2939
0.0140537,13.3065
0.0140619,13.3192
0.0140701,13.3318
0.0140754,13.3445
0.0140804,13.3573
0.0140885,13.3699
0.0140938,13.3826
0.0141023,13.3951
0.014108,13.4075
0.0141166,13.42
0.0141224,13.4324
0.0141309,13.4449
0.0141397,13.4572
0.0141456,13.4696
0.0141544,13.4819
0.0141603,13.4943
0.0141688,13.5068
0.0141742,13.5194
0.0141825,13.532
0.0141912,13.5444
0.0141996,13.557
0.014208,13.5695
0.0142161,13.5822
0.0142242,13.5949
0.0142295,13.6075
0.0142377,13.6202
0.0142459,13.6328
0.014254,13.6455
0.0142591,13.6582
0.014267,13.671
0.0142747,13.6839
0.0142829,13.6965
0.0142881,13.7092
0.0142968,13.7216
0.0143057,13.7339
0.0143147,13.7462
0.0143208,13.7584
0.01433,13.7706
0.0143395,13.7827
0.014349,13.7947
0.0143587,13.8067
0.0143682,13.8186
0.0143749,13.8306
0.0143815,13.8427
0.014391,13.8546
0.0143978,13.8667
0.0144073,13.8786
0.014417,13.8905
0.0144265,13.9025
0.0144334,13.9145
0.0144403,13.9263
0.01445,13.9383
0.0144599,13.9501
0.0144665,13.9622
0.0144727,13.9744
0.0144818,13.9866
0.0144878,13.9989
0.0144965,14.0112
0.0145052,14.0237
0.0145109,14.0361
0.0145201,14.0483
0.0145292,14.0605
0.0145383,14.0727
0.0145474,14.085
0.0145568,14.0971
0.0145634,14.109
0.0145731,14.121
0.0145829,14.1329
0.0145926,14.1448
0.0146021,14.1568
0.0146081,14.1691
0.0146169,14.1815
0.0146254,14.194
0.014634,14.2064
0.0146423,14.219
0.0146506,14.2316
0.0146586,14.2443
0.0146666,14.2571
0.0146776,14.2698
0.0146853,14.2827
0.014693,14.2955
0.0147034,14.3085
0.0147109,14.3215
0.0147184,14.3345
0.0147287,14.3475
0.0147361,14.3605
0.0147461,14.3737
0.0147531,14.3869
0.01476,14.4002
0.0147698,14.4135
0.0147767,14.4267
0.0147838,14.4398
0.0147939,14.453
0.0148009,14.4662
0.0148079,14.4794
0.014815,14.4926
0.0148222,14.5057
0.0148296,14.5187
0.0148369,14.5318
0.0148442,14.5449
0.0148516,14.5579
0.0148587,14.571
0.0148659,14.5841
0.0148731,14.5972
0.0148802,14.6104
0.0148871,14.6237
0.0148941,14.6369
0.0149009,14.6502
0.0149078,14.6635
0.0149147,14.6767
0.0149213,14.6901
0.014928,14.7034
0.0149376,14.7168
0.0149443,14.7302
0.0149511,14.7435
0.0149608,14.7568
0.0149675,14.7702
0.0149742,14.7835
0.014981,14.7968
0.0149876,14.8102
0.0149944,14.8235
0.015004,14.8369
0.0150108,14.8502
0.0150204,14.8635
0.0150271,14.8769
0.0150337,14.8903
0.0150433,14.9037
0.01505,14.917
0.0150566,14.9304
0.0150633,14.9437
0.0150729,14.9571
0.0150796,14.9705
0.015086,14.984
0.0150926,14.9974
0.0150992,15.0108
0.0151087,15.0241
0.0151153,15.0375
0.0151217,15.051
0.0151308,15.0646
0.0151371,15.0782
0.0151431,15.0919
0.015152,15.1055
0.0151611,15.1192
0.015167,15.1329
0.0151756,15.1467
0.0151813,15.1605
0.01519,15.1743
0.0151957,15.1882
0.0152016,15.2019
0.0152074,15.2157
0.015216,15.2295
0.0152248,15.2432
0.0152306,15.257
0.0152392,15.2709
0.0152449,15.2847
0.0152535,15.2985
0.0152591,15.3124
0.0152649,15.3262
0.0152733,15.3401
0.0152787,15.3541
0.0152842,15.368
0.0152895,15.382
0.0152978,15.396
0.0153033,15.4099
0.0153087,15.4239
0.0153171,15.4378
0.0153225,15.4518
0.0153277,15.4658
0.0153362,15.4797
0.0153417,15.4936
0.0153472,15.5076
0.0153526,15.5215
0.0153609,15.5355
0.015366,15.5496
0.0153745,15.5635
0.0153804,15.5772
0.0153892,15.591
0.0153982,15.6046
0.0154069,15.6184
0.0154158,15.632
0.0154221,15.6456
0.0154339,15.6593
0.0154432,15.6728
0.0154525,15.6863
0.0154585,15.7
0.01547,15.7138
0.0154759,15.7276
0.0154847,15.7413
0.0154937,15.755
0.0155026,15.7686
0.0155115,15.7823
0.0155175,15.796
0.0155261,15.8099
0.0155345,15.8237
0.0155461,15.8375
0.0155544,15.8514
0.0155627,15.8655
0.0155679,15.8795
0.0155759,15.8936
0.0155839,15.9078
0.015592,15.9218
0.0156003,15.9359
0.0156088,15.9497
0.0156174,15.9635
0.015623,15.9774
0.0156349,15.991
0.0156411,16.0046
0.0156504,16.0181
0.0156598,16.0316
0.0156693,16.045
0.0156759,16.0584
0.0156854,16.0718
0.0156921,16.0851
0.0157018,16.0984
0.0157115,16.1118
0.0157182,16.1251
0.0157278,16.1385
0.0157373,16.1519
0.0157467,16.1653
0.0157534,16.1786
0.0157631,16.192
0.01577,16.2053
0.0157768,16.2186
0.0157865,16.2319
0.0157961,16.2452
0.0158058,16.2585
0.0158124,16.272
0.015822,16.2853
0.0158315,16.2987
0.0158377,16.3123
0.0158468,16.3259
0.0158528,16.3396
0.0158614,16.3534
0.01587,16.3672
0.0158754,16.3812
0.0158836,16.3952
0.0158915,16.4094
0.0158964,16.4236
0.0159071,16.4378
0.015912,16.452
0.0159196,16.4663
0.0159271,16.4806
0.0159319,16.4949
0.0159394,16.5093
0.0159441,16.5236
0.0159544,16.538
0.0159589,16.5524
0.0159663,16.5667
0.0159736,16.5812
0.0159811,16.5955
0.0159885,16.61
0.0159959,16.6244
0.0160033,16.6387
0.0160108,16.6531
0.0160155,16.6674
0.0160231,16.6817
0.0160309,16.6959
0.0160386,16.7101
0.0160465,16.7244
0.0160541,16.7386
0.0160618,16.7529
0.0160665,16.7672
0.0160741,16.7815
0.0160817,16.7958
0.0160895,16.81
0.0160942,16.8243
0.0161019,16.8386
0.0161068,16.8528
0.0161116,16.8671
0.0161193,16.8813
0.0161242,16.8955
0.0161319,16.9098
0.0161399,16.9239
0.0161476,16.9381
0.0161552,16.9524
0.01616,16.9667
0.0161646,16.9811
0.0161718,16.9955
0.016179,17.01
0.0161861,17.0246
0.0161931,17.0391
0.0162001,17.0538
0.0162069,17.0685
0.0162165,17.0831
0.0162233,17.0978
0.016227,17.1127
0.0162336,17.1274
0.0162402,17.1422
0.0162468,17.1569
0.0162535,17.1717
0.0162599,17.1865
0.0162664,17.2014
0.0162756,17.2163
0.016279,17.2312
0.0162853,17.2462
0.0162945,17.2611
0.0163007,17.2761
0.0163066,17.2912
0.0163124,17.3063
0.0163211,17.3215
0.0163299,17.3366
0.0163355,17.3519
0.0163411,17.3671
0.0163493,17.3825
0.0163547,17.3978
0.01636,17.4132
0.016368,17.4287
0.0163733,17.4442
0.0163813,17.4596
0.0163865,17.475
0.0163946,17.4905
0.0163998,17.5059
0.016405,17.5214
0.0164106,17.5366
0.0164161,17.5519
0.0164248,17.5671
0.0164278,17.5822
0.0164336,17.5973
0.0164423,17.6125
0.0164482,17.6276
0.0164511,17.6428
0.0164597,17.658
0.0164656,17.6731
0.0164712,17.6884
0.0164768,17.7036
0.0164825,17.7188
0.0164909,17.7341
0.0164968,17.7493
0.0165025,17.7644
0.0165083,17.7796
0.016514,17.7948
0.0165198,17.8099
0.0165255,17.8251
0.0165312,17.8404
0.0165396,17.8556
0.0165452,17.8709
0.0165512,17.8862
0.0165572,17.9015
0.0165631,17.9169
0.0165718,17.9324
0.0165775,17.9479
0.0165803,17.9634
0.0165889,17.9789
0.0165976,17.9943
0.0166061,18.0099
0.0166116,18.0255
0.0166171,18.041
0.0166224,18.0568
0.0166277,18.0724
0.0166359,18.088
0.0166413,18.1038
0.0166498,18.1193
0.0166556,18.1348
0.0166644,18.1501
0.0166702,18.1656
0.0166788,18.1811
0.0166875,18.1965
0.0166934,18.212
0.016702,18.2274
0.0167107,18.2429
0.0167193,18.2584
0.0167275,18.274
0.0167325,18.2899
0.0167402,18.3058
0.0167451,18.3217
0.0167529,18.3376
0.0167577,18.3535
0.0167656,18.3694
0.0167706,18.3851
0.0167787,18.4009
0.0167843,18.4165
0.01679,18.432
0.0167959,18.4474
0.0168017,18.4628
0.0168106,18.4782
0.0168193,18.4936
0.0168282,18.509
0.016834,18.5244
0.0168399,18.5399
0.0168483,18.5554
0.0168563,18.5712
0.0168615,18.5869
0.0168696,18.6027
0.0168777,18.6184
0.0168827,18.6342
0.016891,18.6499
0.0168992,18.6655
0.0169075,18.6812
0.0169157,18.6969
0.0169211,18.7125
0.0169323,18.7281
0.0169405,18.7439
0.0169487,18.7595
0.0169572,18.7751
0.0169631,18.7905
0.0169716,18.806
0.0169773,18.8216
0.0169857,18.8372
0.0169943,18.8527
0.0170028,18.8682
0.0170142,18.8838
0.0170224,18.8994
0.0170306,18.9152
0.0170355,18.931
0.0170456,18.9471
0.0170528,18.9634
0.01706,18.9795
0.0170675,18.9956
0.0170746,19.0117
0.0170819,19.028
0.0170891,19.0441
0.0170964,19.0602
0.0171036,19.0764
0.017111,19.0924
0.0171185,19.1085
0.017123,19.1245
0.0171333,19.1406
0.0171377,19.1567
0.0171451,19.1728
0.0171524,19.189
0.0171596,19.2051
0.0171668,19.2213
0.0171741,19.2374
0.0171783,19.2537
0.0171856,19.2698
0.0171898,19.286
0.0171971,19.3021
0.0172042,19.3184
0.0172084,19.3346
0.0172156,19.3507
0.0172197,19.3669
0.0172268,19.3832
0.0172339,19.3994
0.017241,19.4156
0.0172478,19.432
0.0172548,19.4484
0.0172613,19.4648
0.0172651,19.4812
0.0172744,19.4978
0.0172809,19.5143
0.0172874,19.5308
0.0172939,19.5474
0.0173003,19.5638
0.0173039,19.5804
0.0173104,19.5969
0.017314,19.6134
0.0173235,19.6299
0.0173299,19.6465
0.0173364,19.663
0.0173429,19.6794
0.0173521,19.696
0.0173584,19.7126
0.0173647,19.7292
0.0173709,19.746
0.0173769,19.7627
0.0173828,19.7795
0.0173886,19.7964
0.0173942,19.8134
0.0174028,19.8302
0.0174055,19.8472
0.0174141,19.864
0.0174196,19.8811
0.017425,19.8981
0.0174305,19.915
0.0174361,19.932
0.0174417,19.949
0.0174472,19.9659
0.0174527,19.9829
0.0174582,20
0.0174637,20.017
0.0174692,20.0339
0.0174775,20.051
0.0174829,20.0681
0.0174879,20.0852
0.0174933,20.1023
0.0175017,20.1193
0.0175045,20.1362
0.0175131,20.1531
0.0175189,20.1699
0.0175275,20.1869
0.017536,20.2037
0.0175387,20.2208
0.0175472,20.2377
0.0175529,20.2546
0.0175615,20.2715
0.0175669,20.2886
0.0175727,20.3054
0.0175822,20.3219
0.0175889,20.3383
0.0175986,20.3546
0.0176084,20.371
0.0176153,20.3873
0.0176251,20.4036
0.0176349,20.4199
0.0176418,20.4363
0.0176512,20.4528
0.0176601,20.4695
0.0176681,20.4867
0.0176728,20.504
0.0176803,20.5215
0.0176845,20.5392
0.0176916,20.5568
0.0176956,20.5745
0.0177024,20.5923
0.0177089,20.6102
0.0177156,20.628
0.0177193,20.6459
0.0177261,20.6637
0.0177329,20.6814
0.0177398,20.6991
0.017747,20.7167
0.0177512,20.7344
0.0177585,20.7518
0.0177628,20.7694
0.0177701,20.787
0.0177777,20.8043
0.0177824,20.8218
0.0177873,20.839
0.017795,20.8563
0.0178002,20.8735
0.0178051,20.8907
0.0178131,20.908
0.0178182,20.9252
0.0178234,20.9423
0.0178285,20.9595
0.0178366,20.9767
0.0178445,20.9938
0.0178494,21.0111
0.0178541,21.0284
0.0178616,21.0459
0.0178662,21.0634
0.0178736,21.0808
0.0178809,21.0984
0.0178882,21.116
0.0178924,21.1335
0.0178966,21.1511
0.0179037,21.1688
0.0179077,21.1865
0.0179148,21.2041
0.0179219,21.2218
0.0179292,21.2393
0.0179334,21.257
0.0179434,21.2745
0.0179477,21.2921
0.0179552,21.3096
0.0179626,21.327
0.01797,21.3445
0.0179745,21.3619
0.0179818,21.3795
0.0179892,21.397
0.0179966,21.4144
0.0180041,21.4319
0.0180118,21.4492
0.0180194,21.4666
0.0180271,21.484
0.0180319,21.5012
0.0180397,21.5186
0.0180447,21.5359
0.0180497,21.5531
0.0180576,21.5703
0.0180654,21.5875
0.0180705,21.6047
0.0180782,21.6221
0.018083,21.6394
0.0180906,21.6569
0.018098,21.6743
0.0181025,21.6918
0.0181128,21.7092
0.0181202,21.7268
0.0181243,21.7444
0.0181313,21.7621
0.0181353,21.7798
0.0181422,21.7975
0.0181489,21.8153
0.0181554,21.8333
0.018162,21.8511
0.0181687,21.869
0.0181751,21.887
0.0181814,21.9049
0.0181879,21.9228
0.0181943,21.9408
0.0182007,21.9587
0.0182071,21.9767
0.0182136,21.9946
0.0182173,22.0124
0.0182266,22.0305
0.0182328,22.0486
0.0182361,22.0665
0.0182453,22.0846
0.0182515,22.1027
0.0182575,22.1208
0.0182633,22.139
0.0182691,22.1573
0.0182777,22.1757
0.0182833,22.194
0.0182887,22.2124
0.0182973,22.2307
0.0183031,22.249
0.0183118,22.2672
0.0183176,22.2855
0.0183234,22.3038
0.0183296,22.3218
0.0183359,22.3398
0.0183453,22.3578
0.018349,22.3756
0.0183558,22.3934
0.0183625,22.4111
0.0183664,22.429
0.0183762,22.4467
0.0183831,22.4645
0.0183899,22.4822
0.0183938,22.5
0.0184003,22.5178
0.0184068,22.5358
0.0184104,22.5537
0.0184196,22.5717
0.0184229,22.5898
0.0184291,22.6078
0.018435,22.626
0.018441,22.6442
0.0184471,22.6624
0.018453,22.6805
0.018459,22.6986
0.0184651,22.7168
0.018471,22.735
0.0184771,22.753
0.0184832,22.7712
0.018489,22.7894
0.0184948,22.8077
0.0185007,22.8259
0.0185066,22.8441
0.018518,22.8624
0.0185235,22.8809
0.0185286,22.8994
0.0185339,22.918
0.0185387,22.9366
0.0185465,22.9553
0.0185515,22.974
0.0185593,22.9927
0.0185641,23.0115
0.0185689,23.0301
0.0185768,23.0488
0.0185821,23.0674
0.0185876,23.0857
0.0185959,23.1041
0.0185987,23.1224
0.0186072,23.1407
0.0186132,23.1589
0.018619,23.1772
0.0186277,23.1956
0.0186336,23.2137
0.0186422,23.2319
0.0186449,23.2504
0.0186503,23.2688
0.0186588,23.2871
0.0186645,23.3054
0.018673,23.3237
0.0186783,23.3423
0.0186838,23.3607
0.0186893,23.3791
0.0186977,23.3975
0.0187038,23.4156
0.0187131,23.4336
0.0187198,23.4514
0.0187265,23.4692
0.0187332,23.4871
0.0187429,23.5048
0.0187498,23.5225
0.0187568,23.5402
0.0187666,23.5579
0.0187765,23.5756
0.018783,23.5935
0.0187891,23.6116
0.0187976,23.63
0.018806,23.6483
0.018814,23.667
0.0188219,23.6855
0.0188297,23.7043
0.0188372,23.7231
0.0188415,23.7421
0.0188485,23.7612
0.0188581,23.7804
0.0188648,23.7997
0.0188713,23.819
0.0188776,23.8384
0.018884,23.8577
0.0188906,23.8771
0.018897,23.8964
0.0189036,23.9156
0.0189132,23.9349
0.0189201,23.954
0.0189272,23.973
0.0189345,23.9919
0.0189421,24.0108
0.0189499,24.0294
0.0189583,24.0478
0.0189638,24.0663
0.0189727,24.0844
0.0189818,24.1025
0.0189911,24.1205
0.0189975,24.1384
0.0190066,24.1565
0.0190158,24.1745
0.0190249,24.1925
0.019031,24.2107
0.0190399,24.2288
0.0190485,24.2472
0.0190568,24.2655
0.0190649,24.2841
0.0190725,24.3028
0.0190802,24.3216
0.019085,24.3404
0.0190925,24.3592
0.019103,24.378
0.0191105,24.3968
0.019115,24.4157
0.0191224,24.4347
0.0191296,24.4536
0.0191368,24.4725
0.0191413,24.4914
0.0191486,24.5103
0.0191586,24.5294
0.0191657,24.5484
0.0191727,24.5675
0.0191796,24.5866
0.0191892,24.6058
0.0191959,24.6251
0.0192028,24.6443
0.0192098,24.6633
0.0192169,24.6823
0.0192239,24.7014
0.0192315,24.7202
0.0192388,24.7391
0.0192463,24.758
0.0192537,24.7768
0.0192611,24.7957
0.0192687,24.8145
0.0192761,24.8333
0.0192834,24.8523
0.0192906,24.8713
0.019295,24.8902
0.019302,24.9093
0.0193119,24.9284
0.0193188,24.9475
0.0193257,24.9666
0.0193326,24.9858
0.0193396,25.0049
0.0193463,25.024
0.0193529,25.0433
0.0193595,25.0626
0.0193658,25.082
0.0193747,25.1015
0.0193812,25.1209
0.0193877,25.1402
0.0193941,25.1596
0.0194005,25.1789
0.0194068,25.1983
0.0194161,25.2177
0.0194225,25.2372
0.0194293,25.2563
0.0194388,25.2756
0.0194456,25.2948
0.0194519,25.3142
0.019461,25.3336
0.019467,25.3532
0.0194728,25.3729
0.0194813,25.3925
0.0194898,25.4123
0.0194954,25.4321
0.0195035,25.4521
0.0195088,25.472
0.019517,25.4919
0.0195253,25.5117
0.0195307,25.5316
0.0195393,25.5512
0.0195452,25.5709
0.0195542,25.5904
0.0195605,25.6098
0.0195669,25.6292
0.0195764,25.6484
0.019583,25.6677
0.0195897,25.687
0.0195964,25.7061
0.0196032,25.7253
0.0196099,25.7446
0.0196164,25.7639
0.0196259,25.7832
0.0196353,25.8025
0.0196419,25.8217
0.0196483,25.8412
0.0196577,25.8604
0.0196643,25.8797
0.0196708,25.899
0.0196771,25.9184
0.0196834,25.9378
0.0196926,25.9572
0.0196988,25.9768
0.0197049,25.9963
0.0197137,26.0158
0.0197197,26.0354
0.0197255,26.055
0.0197339,26.0749
0.0197394,26.0947
0.0197451,26.1145
0.0197534,26.1342
0.0197618,26.154
0.019767,26.174
0.0197722,26.1939
0.0197801,26.214
0.0197849,26.2341
0.0197925,26.2544
0.0198002,26.2745
0.0198076,26.2948
0.0198119,26.3152
0.019819,26.3355
0.0198233,26.3559
0.0198306,26.3763
0.0198379,26.3966
0.0198454,26.4168
0.0198531,26.437
0.0198582,26.457
0.0198634,26.4769
0.0198719,26.4967
0.0198779,26.5163
0.0198842,26.5357
0.0198906,26.555
0.0198973,26.5743
0.0199042,26.5935
0.0199111,26.6125
0.019921,26.6317
0.019928,26.6507
0.019938,26.6696
0.0199451,26.6887
0.0199549,26.7079
0.0199617,26.727
0.0199714,26.7462
0.0199811,26.7653
0.0199907,26.7846
0.0199974,26.8038
0.0200067,26.8232
0.020016,26.8426
0.0200221,26.862
0.020031,26.8817
0.0200398,26.9013
0.0200454,26.9211
0.0200538,26.9409
0.0200617,26.9609
0.0200726,26.9809
0.0200777,27.0008
0.0200854,27.021
0.020093,27.0412
0.0201004,27.0615
0.020108,27.0818
0.0201153,27.102
0.0201227,27.1223
0.0201299,27.1427
0.0201374,27.1629
0.0201476,27.1833
0.0201518,27.2037
0.020159,27.2241
0.0201634,27.2445
0.0201704,27.2649
0.0201774,27.2854
0.0201844,27.3059
0.0201917,27.3261
0.0201988,27.3466
0.0202058,27.3672
0.0202129,27.3875
0.0202171,27.408
0.0202242,27.4284
0.0202285,27.4488
0.0202359,27.4691
0.0202434,27.4893
0.0202507,27.5097
0.0202549,27.5301
0.0202594,27.5504
0.0202696,27.5706
0.020274,27.591
0.0202812,27.6114
0.0202854,27.6319
0.0202924,27.6523
0.0202992,27.6729
0.0203059,27.6936
0.0203156,27.7141
0.0203226,27.7346
0.0203263,27.7552
0.020336,27.7758
0.0203429,27.7965
0.0203503,27.8166
0.0203577,27.837
0.0203651,27.8573
0.0203725,27.8775
0.0203796,27.8979
0.0203868,27.9183
0.0203939,27.9388
0.020401,27.9592
0.0204078,27.9798
0.0204174,28.0005
0.0204237,28.0213
0.0204272,28.0421
0.0204364,28.0628
0.02044,28.0836
0.0204467,28.1042
0.0204534,28.1248
0.0204598,28.1456
0.0204663,28.1663
0.0204701,28.187
0.0204797,28.2075
0.0204866,28.2281
0.0204962,28.2487
0.0205002,28.2693
0.0205097,28.2899
0.0205163,28.3106
0.0205227,28.3314
0.0205295,28.352
0.0205361,28.3726
0.0205424,28.3934
0.0205516,28.4143
0.0205577,28.4351
0.0205636,28.4561
0.0205722,28.4773
0.0205809,28.4984
0.0205895,28.5195
0.020595,28.5407
0.0206003,28.562
0.0206086,28.5832
0.0206171,28.6043
0.0206224,28.6257
0.0206305,28.6471
0.0206358,28.6684
0.0206411,28.6897
0.0206463,28.711
0.0206545,28.7323
0.0206631,28.7535
0.0206716,28.7746
0.0206801,28.7957
0.0206856,28.817
0.0206916,28.838
0.0206974,28.859
0.0207034,28.88
0.0207123,28.901
0.0207216,28.9217
0.0207282,28.9424
0.0207347,28.9631
0.0207443,28.9837
0.0207542,29.0042
0.0207584,29.0246
0.0207683,29.0451
0.0207756,29.0655
0.0207858,29.0858
0.0207933,29.106
0.0208038,29.1262
0.0208117,29.1462
0.0208198,29.1662
0.0208277,29.1862
0.0208384,29.2064
0.020846,29.2265
0.0208539,29.2465
0.0208643,29.2668
0.0208718,29.2871
0.0208789,29.3075
0.0208888,29.328
0.0208953,29.3487
0.0209046,29.3695
0.0209136,29.3905
0.0209196,29.4113
0.0209256,29.4323
0.0209343,29.4533
0.0209432,29.4743
0.0209493,29.4953
0.0209583,29.5162
0.0209641,29.5372
0.0209731,29.5582
0.0209791,29.5792
0.0209852,29.6001
0.0209944,29.6209
0.0210008,29.6417
0.0210074,29.6623
0.021017,29.683
0.0210235,29.7037
0.0210303,29.7243
0.021037,29.7448
0.0210438,29.7655
0.0210535,29.786
0.0210636,29.8065
0.0210677,29.8269
0.0210778,29.8473
0.0210848,29.8678
0.0210917,29.8883
0.0210986,29.9088
0.0211055,29.9294
0.0211155,29.9498
0.0211254,29.9703
0.0211322,29.9909
0.0211389,30.0116
0.0211485,30.0321
0.0211579,30.0528
0.0211672,30.0736
0.0211763,30.0944
0.0211827,30.1153
0.021189,30.1361
0.0211979,30.1571
0.0212068,30.1781
0.0212158,30.1989
0.0212246,30.2199
0.0212304,30.2411
0.0212389,30.2622
0.0212476,30.2833
0.0212563,30.3043
0.0212648,30.3254
0.0212732,30.3466
0.0212818,30.3678
0.0212905,30.3889
0.0212992,30.4099
0.021308,30.4309
0.0213173,30.4517
0.0213237,30.4725
0.0213301,30.4933
0.0213395,30.5139
0.0213465,30.5345
0.0213564,30.5549
0.0213634,30.5754
0.0213703,30.5959
0.0213775,30.6163
0.0213877,30.6367
0.0213947,30.6572
0.021402,30.6775
0.0214097,30.6976
0.0214174,30.7177
0.0214252,30.7379
0.021433,30.758
0.0214411,30.7779
0.021449,30.7979
0.0214569,30.8181
0.0214678,30.838
0.021476,30.8579
0.0214866,30.878
0.0214941,30.8983
0.0214987,30.9185
0.0215089,30.9388
0.0215164,30.9591
0.0215266,30.9795
0.0215341,30.9997
0.0215416,31.02
0.0215517,31.0403
0.0215589,31.0608
0.0215663,31.081
0.0215738,31.1013
0.0215841,31.1215
0.0215913,31.1419
0.0215986,31.1622
0.0216086,31.1827
0.0216156,31.2032
0.0216224,31.2237
0.0216324,31.2442
0.0216396,31.2645
0.0216466,31.285
0.0216536,31.3055
0.0216607,31.3259
0.0216679,31.3464
0.0216748,31.3668
0.0216818,31.3873
0.021689,31.4077
0.021699,31.4282
0.021706,31.4487
0.0217127,31.4693
0.0217195,31.4898
0.0217261,31.5105
0.0217327,31.5312
0.0217391,31.552
0.0217456,31.5727
0.021752,31.5935
0.0217582,31.6143
0.0217645,31.6352
0.0217736,31.6561
0.0217797,31.677
0.0217858,31.6978
0.0217947,31.7188
0.0218009,31.7397
0.0218068,31.7607
0.0218155,31.7818
0.0218213,31.8028
0.0218271,31.8238
0.0218358,31.8449
0.0218444,31.8661
0.0218501,31.8872
0.0218558,31.9083
0.0218615,31.9294
0.0218701,31.9505
0.0218761,31.9715
0.021885,31.9924
0.0218908,32.0135
0.0218995,32.0345
0.0219055,32.0555
0.0219145,32.0764
0.0219208,32.0973
0.02193,32.1181
0.0219367,32.1388
0.0219464,32.1593
0.0219533,32.1798
0.0219605,32.2002
0.0219681,32.2204
0.0219758,32.2406
0.0219834,32.2607
0.021991,32.281
0.0220017,32.301
0.0220094,32.3211
0.0220169,32.3414
0.0220244,32.3617
0.0220319,32.3819
0.0220394,32.4022
0.0220467,32.4225
0.0220543,32.4427
0.0220621,32.4627
0.0220728,32.4829
0.0220805,32.503
0.0220885,32.523
0.0220963,32.5431
0.0221039,32.5632
0.0221143,32.5835
0.0221219,32.6037
0.0221294,32.624
0.0221395,32.6444
0.0221466,32.6648
0.0221538,32.6851
0.0221639,32.7055
0.0221739,32.7259
0.0221812,32.7463
0.0221885,32.7667
0.0221986,32.7871
0.0222088,32.8073
0.022216,32.8277
0.0222236,32.848
0.0222309,32.8683
0.0222384,32.8885
0.0222487,32.9088
0.0222564,32.9289
0.0222646,32.9488
0.0222729,32.9687
0.0222816,32.9884
0.0222938,33.0078
0.0223032,33.0271
0.0223123,33.0465
0.0223185,33.066
0.0223274,33.0855
0.0223365,33.1051
0.0223455,33.1245
0.0223569,33.1443
0.0223681,33.1642
0.0223731,33.1842
0.0223835,33.2044
0.0223908,33.2248
0.0223983,33.2451
0.0224086,33.2653
0.0224159,33.2856
0.022423,33.3061
0.0224329,33.3265
0.02244,33.347
0.0224499,33.3675
0.0224564,33.3881
0.0224658,33.4089
0.0224749,33.4298
0.0224807,33.4509
0.0224892,33.472
0.0224979,33.4931
0.0225091,33.5144
0.0225144,33.5356
0.0225221,33.5572
0.02253,33.5787
0.0225377,33.6002
0.0225456,33.6217
0.0225534,33.6432
0.0225614,33.6645
0.0225693,33.686
0.0225742,33.7075
0.0225821,33.729
0.0225872,33.7503
0.0225952,33.7717
0.0226031,33.7932
0.0226085,33.8144
0.0226166,33.8358
0.0226249,33.857
0.0226302,33.8784
0.0226385,33.8996
0.022644,33.9209
0.0226522,33.9421
0.0226576,33.9633
0.022666,33.9846
0.0226743,34.0058
0.0226796,34.0272
0.0226848,34.0485
0.0226928,34.0699
0.0227008,34.0913
0.0227086,34.1128
0.0227135,34.1343
0.0227211,34.156
0.0227256,34.1776
0.02273,34.1993
0.0227371,34.2211
0.0227442,34.243
0.0227541,34.2648
0.022761,34.2868
0.0227677,34.3088
0.0227744,34.3309
0.0227808,34.3531
0.0227874,34.3752
0.0227937,34.3973
0.0228002,34.4195
0.0228067,34.4416
0.0228135,34.4636
0.0228202,34.4857
0.0228269,34.5076
0.0228314,34.5294
0.0228419,34.5509
0.0228469,34.5723
0.0228548,34.5938
0.0228629,34.6152
0.0228683,34.6364
0.0228765,34.6577
0.0228848,34.679
0.0228934,34.7001
0.0229019,34.7213
0.0229071,34.7426
0.022915,34.764
0.0229233,34.7854
0.0229314,34.8067
0.0229396,34.828
0.0229479,34.8492
0.0229534,34.8704
0.0229613,34.8919
0.022969,34.9134
0.0229767,34.935
0.0229841,34.9566
0.0229916,34.9783
0.0230015,35.0002
0.0230086,35.022
0.0230184,35.044
0.023025,35.0661
0.0230317,35.0881
0.0230389,35.1098
0.0230464,35.1315
0.0230569,35.1531
0.0230676,35.1746
0.0230755,35.196
0.0230864,35.2175
0.0230942,35.239
0.0231025,35.2602
0.0231134,35.2817
0.0231214,35.3031
0.0231321,35.3245
0.0231398,35.346
0.0231474,35.3677
0.0231579,35.3892
0.0231628,35.4108
0.0231707,35.4322
0.0231786,35.4537
0.0231865,35.4752
0.0231947,35.4964
0.0232003,35.5177
0.0232086,35.5388
0.0232198,35.5601
0.0232282,35.5812
0.0232367,35.6025
0.0232449,35.6237
0.0232533,35.645
0.0232618,35.6661
0.0232701,35.6875
0.0232782,35.7087
0.0232832,35.7302
0.0232912,35.7517
0.0232991,35.773
0.023307,35.7945
0.0233149,35.816
0.0233256,35.8375
0.0233303,35.8591
0.0233377,35.8807
0.0233453,35.9023
0.0233529,35.9239
0.0233602,35.9456
0.0233704,35.9674
0.0233777,35.9891
0.0233879,36.0109
0.0233949,36.0328
0.0234048,36.0546
0.023412,36.0765
0.0234191,36.0983
0.0234261,36.1202
0.0234363,36.1419
0.0234437,36.1636
0.0234508,36.1855
0.023458,36.2072
0.0234625,36.229
0.0234731,36.2504
0.0234808,36.272
0.0234857,36.2935
0.0234937,36.3149
0.0235018,36.3363
0.0235066,36.3579
0.0235146,36.3792
0.0235227,36.4006
0.0235339,36.4218
0.023539,36.4432
0.0235471,36.4646
0.0235549,36.486
0.0235656,36.5075
0.0235734,36.5291
0.0235843,36.5505
0.0235951,36.572
0.0236001,36.5935
0.0236109,36.6148
0.0236184,36.6364
0.023626,36.658
0.0236363,36.6798
0.0236439,36.7014
0.0236511,36.7232
0.0236583,36.7449
0.0236681,36.7668
0.0236752,36.7888
0.0236849,36.8107
0.0236946,36.8327
0.0237014,36.8547
0.0237082,36.8767
0.0237178,36.8988
0.0237275,36.9207
0.0237343,36.9427
0.023741,36.9647
0.0237505,36.9868
0.0237572,37.0087
0.0237671,37.0307
0.0237713,37.0526
0.0237815,37.0743
0.0237891,37.0959
0.0237968,37.1174
0.0238046,37.1389
0.0238095,37.1604
0.0238205,37.1817
0.0238288,37.203
0.023837,37.2243
0.0238449,37.2458
0.0238529,37.2672
0.0238607,37.2886
0.0238683,37.3103
0.0238758,37.3319
0.0238833,37.3536
0.0238936,37.3752
0.0239009,37.3969
0.0239081,37.4188
0.0239154,37.4405
0.0239225,37.4624
0.0239296,37.4842
0.0239367,37.5059
0.0239467,37.5279
0.0239538,37.5496
0.0239608,37.5716
0.0239676,37.5936
0.0239772,37.6156
0.0239867,37.6376
0.0239932,37.6599
0.0240027,37.6818
0.0240091,37.7041
0.0240155,37.7263
0.0240221,37.7484
0.0240287,37.7705
0.0240385,37.7923
0.0240454,37.8143
0.0240527,37.836
0.0240601,37.8577
0.0240677,37.8793
0.0240753,37.9008
0.024083,37.9224
0.0240905,37.944
0.0240978,37.9658
0.0241052,37.9875
0.0241153,38.0093
0.0241222,38.0312
0.024132,38.0532
0.024139,38.075
0.0241487,38.097
0.0241552,38.1191
0.0241648,38.1412
0.0241744,38.1632
0.0241811,38.1853
0.0241906,38.2073
0.0242001,38.2294
0.0242067,38.2514
0.0242162,38.2735
0.0242226,38.2957
0.0242321,38.3178
0.0242417,38.3398
0.0242512,38.3619
0.0242576,38.3841
0.024267,38.4062
0.0242764,38.4283
0.024283,38.4505
0.0242925,38.4725
0.0242993,38.4946
0.0243088,38.5166
0.0243183,38.5386
0.024328,38.5606
0.024335,38.5826
0.0243422,38.6043
0.0243525,38.626
0.0243598,38.6478
0.0243703,38.6694
0.0243779,38.691
0.0243854,38.7126
0.0243957,38.7343
0.0244034,38.7558
0.024411,38.7774
0.0244187,38.799
0.0244292,38.8205
0.0244337,38.8422
0.0244412,38.8638
0.0244516,38.8856
0.024459,38.9073
0.0244694,38.9289
0.0244773,38.9504
0.024485,38.9719
0.0244955,38.9935
0.0245033,39.015
0.0245112,39.0364
0.024519,39.0579
0.0245268,39.0794
0.0245345,39.101
0.0245422,39.1225
0.0245528,39.1441
0.0245603,39.1657
0.0245708,39.1873
0.0245781,39.2091
0.0245883,39.2308
0.0245955,39.2526
0.0246059,39.2742
0.0246135,39.2958
0.0246242,39.3173
0.0246323,39.3387
0.0246408,39.3598
0.0246522,39.3811
0.0246608,39.4021
0.024667,39.423
0.0246793,39.4437
0.024686,39.4643
0.0246956,39.4849
0.0247053,39.5056
0.0247151,39.5261
0.0247247,39.5467
0.024734,39.5675
0.0247433,39.5882
0.0247528,39.609
0.0247623,39.6296
0.0247715,39.6505
0.0247836,39.6712
0.0247928,39.6921
0.0248019,39.713
0.0248107,39.734
0.0248198,39.7548
0.0248316,39.7758
0.0248435,39.7967
0.0248523,39.8177
0.0248611,39.8388
0.0248725,39.8599
0.024881,39.8811
0.0248925,39.9022
0.024904,39.9233
0.0249129,39.9443
0.0249242,39.9655
0.024933,39.9865
0.0249418,40.0075
0.0249504,40.0286
0.0249589,40.0498
0.0249707,40.0708
0.0249796,40.0917
0.0249915,40.1127
0.0250002,40.1337
0.0250091,40.1547
0.0250185,40.1754
0.0250308,40.1961
0.0250402,40.2169
0.0250503,40.2373
0.0250607,40.2575
0.0250715,40.2775
0.0250825,40.2974
0.025094,40.3172
0.0251057,40.3369
0.0251175,40.3564
0.0251295,40.3759
0.0251417,40.3952
0.0251541,40.4145
0.0251636,40.4338
0.0251758,40.4532
0.0251851,40.4726
0.0251972,40.492
0.0252063,40.5114
0.0252185,40.5308
0.0252278,40.5501
0.0252401,40.5695
0.0252496,40.5888
0.025259,40.6081
0.0252713,40.6274
0.025284,40.6466
0.0252938,40.6657
0.0253067,40.6848
0.0253168,40.7037
0.0253299,40.7226
0.0253401,40.7415
0.025353,40.7606
0.0253631,40.7796
0.025376,40.7987
0.025386,40.8177
0.0253988,40.8367
0.0254086,40.8559
0.0254213,40.8751
0.0254341,40.8941
0.0254439,40.9132
0.0254538,40.9323
0.025464,40.9512
0.025477,40.9702
0.0254874,40.9891
0.0254978,41.0079
0.0255084,41.0267
0.025519,41.0454
0.0255296,41.0642
0.0255402,41.0828
0.0255509,41.1015
0.0255618,41.1202
0.0255697,41.1387
0.0255835,41.1574
0.0255943,41.1761
0.0256053,41.1945
0.0256164,41.2131
0.0256276,41.2315
0.025639,41.25
0.0256503,41.2683
0.0256617,41.2867
0.0256762,41.305
0.0256874,41.3233
0.0256958,41.3419
0.025707,41.3603
0.0257182,41.3786
0.025729,41.3973
0.0257397,41.416
0.0257505,41.4346
0.025764,41.4534
0.0257746,41.4722
0.025785,41.491
0.0257958,41.5097
0.0258098,41.5281
0.0258213,41.5465
0.025833,41.5646
0.0258454,41.5826
0.0258584,41.6002
0.0258718,41.6175
0.025886,41.6346
0.0258978,41.6513
0.0259133,41.6677
0.0259292,41.6838
0.025943,41.6997
0.0259574,41.7152
0.0259755,41.7303
0.0259913,41.7451
0.0260077,41.7597
0.0260278,41.7738
0.0260459,41.7875
0.0260667,41.7999
0.026091,41.8107
0.0261251,41.8166
0.0286581,40.6135
