"Maximum force",36.1177,"N"
"Gage length ",0.965627,"mm"
"Strain energy",0.455257,"mJ"
"Deformation at maximum force",0.0285568,"mm"
"Standard travel","Standard force"
"mm","N"
0,0.185342
-5.28991e-007,0.186975
-8.95932e-007,0.188523
-1.06543e-006,0.189981
-8.23289e-007,0.191239
-8.19564e-008,0.192269
3.62843e-006,0.193261
1.75089e-006,0.194161
5.65499e-006,0.195062
3.74764e-006,0.19597
4.73857e-006,0.19687
5.68107e-006,0.197805
6.34044e-006,0.198865
3.67314e-006,0.200139
3.82587e-006,0.201436
5.02914e-007,0.203015
2.72319e-006,0.204709
-1.62795e-006,0.206784
-6.63474e-006,0.209149
-8.79541e-006,0.211545
-1.40406e-005,0.214048
-1.59405e-005,0.216306
-2.00532e-005,0.218274
-2.04612e-005,0.219838
-2.27708e-005,0.220929
-2.38139e-005,0.221429
-2.08039e-005,0.221374
-1.94926e-005,0.220756
-1.6572e-005,0.219375
-1.29659e-005,0.217666
-8.46572e-006,0.21553
-7.17118e-007,0.213226
3.99165e-006,0.211014
8.01496e-006,0.209099
1.3737e-005,0.207764
1.47428e-005,0.207287
1.40686e-005,0.207607
1.15503e-005,0.208805
7.05011e-006,0.210926
8.81031e-007,0.213856
-6.45034e-006,0.217319
-1.4795e-005,0.221287
-2.32588e-005,0.225315
-2.87723e-005,0.229282
-3.65805e-005,0.23299
-4.31668e-005,0.236103
-4.81736e-005,0.238483
-5.11091e-005,0.239872
-5.2264e-005,0.240421
-4.86281e-005,0.24007
-4.65419e-005,0.239086
-4.37256e-005,0.237751
-4.07007e-005,0.236317
-3.78247e-005,0.234958
-3.53809e-005,0.233799
-3.37418e-005,0.233021
-3.31309e-005,0.232729
-3.10745e-005,0.233126
-3.29148e-005,0.234003
-3.55374e-005,0.235246
-3.87561e-005,0.236772
-4.20194e-005,0.238321
-4.52828e-005,0.239862
-4.48078e-005,0.241014
-4.62234e-005,0.24169
-4.63771e-005,0.241762
-4.50956e-005,0.241151
-4.27114e-005,0.24003
-3.66913e-005,0.238542
-3.33088e-005,0.236947
-2.69907e-005,0.235322
-2.38167e-005,0.233827
-1.81245e-005,0.232507
-1.59191e-005,0.231462
-1.16276e-005,0.230802
-8.05128e-006,0.23048
-8.28505e-006,0.230596
-6.19888e-006,0.23098
-7.36117e-006,0.231533
-5.69969e-006,0.232124
-3.71784e-006,0.232563
-4.09596e-006,0.232743
-8.62405e-007,0.232587
2.57976e-006,0.232329
6.20075e-006,0.231992
7.08364e-006,0.231578
1.06748e-005,0.231248
1.40425e-005,0.231027
1.67247e-005,0.231137
1.88556e-005,0.231505
2.01073e-005,0.232287
2.07517e-005,0.233355
2.05208e-005,0.23485
1.98912e-005,0.236521
1.88779e-005,0.238383
1.75741e-005,0.240382
1.66576e-005,0.24219
1.65687e-005,0.243609
2.04728e-005,0.244501
2.2708e-005,0.244833
2.58223e-005,0.244732
3.2647e-005,0.244255
3.70578e-005,0.243534
4.48064e-005,0.242626
4.96642e-005,0.241703
5.72638e-005,0.240856
6.43269e-005,0.240261
6.74115e-005,0.240172
7.27759e-005,0.240383
7.70674e-005,0.241103
7.7656e-005,0.242202
7.72071e-005,0.243797
7.91443e-005,0.245628
8.08281e-005,0.247581
8.26684e-005,0.249465
8.22754e-005,0.251037
8.53748e-005,0.252319
8.64626e-005,0.253185
9.39132e-005,0.25378
9.89498e-005,0.25414
0.000101602,0.254275
0.000107384,0.254283
0.000116265,0.254189
0.000122076,0.254204
0.000127679,0.254306
0.000129721,0.25472
0.000136575,0.255597
0.000139675,0.256887
0.000141537,0.258763
0.000142789,0.260915
0.000143527,0.263326
0.000147252,0.265691
0.000148317,0.267934
0.000149815,0.269979
0.00015208,0.271665
0.000154911,0.273084
0.000158964,0.273915
0.000163733,0.274411
0.000172375,0.274436
0.000178813,0.274155
0.000185607,0.273684
0.000195561,0.273081
0.000202386,0.272618
0.000208645,0.272407
0.000216512,0.272796
0.000220119,0.273857
0.000222145,0.275657
0.000225513,0.27819
0.000224537,0.28141
0.000224835,0.285377
0.00022438,0.289741
0.000220357,0.29441
0.000216363,0.299049
0.000212862,0.303474
0.000213219,0.307411
0.000215045,0.310691
0.000215335,0.313316
0.000217421,0.315078
0.000224157,0.316024
0.000232799,0.316065
0.000242455,0.315596
0.000252469,0.315001
0.000262244,0.314493
0.000271483,0.314256
0.000279708,0.314474
0.000283851,0.315272
0.000289394,0.316782
0.000293626,0.318903
0.000296591,0.321635
0.000298283,0.324961
0.000299363,0.328593
0.000300399,0.332224
0.000301874,0.335657
0.000301244,0.338724
0.000307652,0.341181
0.000309917,0.342875
0.000316652,0.343809
0.000324341,0.344288
0.000335547,0.344484
0.000344249,0.3445
0.000352713,0.344625
0.000360938,0.344859
0.00036815,0.345573
0.00037417,0.346847
0.000378909,0.348747
0.000381904,0.351447
0.000383521,0.35482
0.000387053,0.358649
0.000387319,0.362647
0.000387919,0.366508
0.000389245,0.370017
0.000391823,0.372916
0.000398677,0.375175
0.000403923,0.37683
0.000410211,0.377975
0.000420761,0.378497
0.000426483,0.378545
0.000438761,0.378232
0.00044806,0.377959
0.000456106,0.378278
0.000464987,0.379559
0.000468087,0.38223
0.000467914,0.386441
0.00046709,0.392331
0.000459848,0.399899
0.0004521,0.409116
0.000438629,0.419614
0.000426768,0.430722
0.000412105,0.44183
0.00039935,0.452023
0.000392525,0.460751
0.000389604,0.467648
0.000388531,0.472287
0.000398605,0.474377
0.000411062,0.473996
0.000428586,0.471219
0.000450163,0.466489
0.000473766,0.460812
0.000497966,0.454831
0.000524072,0.449338
0.000545053,0.444943
0.000560014,0.441983
0.000573723,0.440991
0.000582843,0.442166
0.000587134,0.445645
0.000583781,0.451382
0.000579847,0.458737
0.000570788,0.46716
0.000563784,0.475949
0.000557019,0.484738
0.000551893,0.492612
0.000545783,0.499692
0.000545661,0.505246
0.000548865,0.509244
0.000555541,0.511578
0.000565853,0.512208
0.000578668,0.511655
0.000593151,0.510289
0.000608053,0.508725
0.000622238,0.507519
0.000637736,0.507039
0.000645425,0.507546
0.000653591,0.509194
0.000661697,0.512215
0.000661643,0.516396
0.000662075,0.521706
0.000660808,0.52781
0.000658886,0.534249
0.00065706,0.540597
0.00065329,0.546517
0.000656479,0.551888
0.000658595,0.556405
0.000662678,0.559975
0.000668937,0.562524
0.000680083,0.564133
0.00068956,0.565133
0.000700169,0.565636
0.000713819,0.566037
0.00072425,0.566609
0.000736886,0.567517
0.000745529,0.568928
0.000755721,0.570973
0.000761056,0.573964
0.000767761,0.577672
0.00077022,0.582005
0.000772008,0.586674
0.000776329,0.591527
0.000777566,0.59644
0.000779317,0.601109
0.000781612,0.605534
0.000787662,0.609563
0.000791506,0.613255
0.000799195,0.61649
0.000804768,0.619374
0.00081353,0.622105
0.000819491,0.624791
0.000824974,0.62769
0.000832782,0.630864
0.000836463,0.634648
0.000839011,0.638951
0.000843303,0.643803
0.000843835,0.649052
0.000844022,0.654485
0.000846704,0.6601
0.000849937,0.66544
0.000850768,0.670567
0.000855685,0.675114
0.000861944,0.679051
0.000869514,0.682347
0.000878276,0.685063
0.000884981,0.687413
0.000895531,0.689282
0.000906379,0.691045
0.000914485,0.6927
0.000925035,0.694592
0.000934811,0.696835
0.000940294,0.699765
0.000949652,0.703595
0.000951552,0.708203
0.000954756,0.713574
0.000956827,0.719464
0.000958168,0.72572
0.000959122,0.732159
0.000957714,0.738354
0.000962631,0.744275
0.000965641,0.749738
0.000970052,0.754529
0.000978933,0.758557
0.000986443,0.761914
0.000995086,0.764691
0.00100754,0.767056
0.00101738,0.769284
0.00103025,0.771466
0.00103973,0.773831
0.00104861,0.776501
0.00105654,0.779645
0.00106607,0.783398
0.00107457,0.787656
0.00107907,0.792386
0.00108306,0.797391
0.00108703,0.802396
0.00109102,0.8074
0.00109856,0.81207
0.00110354,0.816617
0.00110929,0.820767
0.00111865,0.824582
0.00112601,0.828
0.00113709,0.830991
0.00114574,0.833798
0.00115772,0.836392
0.00116654,0.839078
0.00117506,0.841931
0.00118281,0.845151
0.00119259,0.848782
0.00119849,0.852872
0.00120329,0.85748
0.00120737,0.862424
0.00121318,0.867947
0.00121589,0.873563
0.00121793,0.879483
0.00121987,0.885434
0.00122488,0.891324
0.00122722,0.897122
0.00123024,0.902554
0.00123377,0.907773
0.00124104,0.912595
0.00124885,0.917142
0.0012546,0.921323
0.00126355,0.92532
0.00127249,0.929349
0.00127836,0.933469
0.00128658,0.937833
0.00129147,0.94241
0.0012957,0.947293
0.00130229,0.95242
0.00130552,0.957791
0.00131109,0.963406
0.00131376,0.969052
0.00131919,0.974728
0.00132536,0.980069
0.00133188,0.985257
0.00133898,0.99014
0.00134672,0.994717
0.00135206,0.999112
0.00135793,1.0032
0.00136663,1.00732
0.00137521,1.01153
0.00138022,1.01605
0.00138755,1.02084
0.00139152,1.02585
0.00139816,1.03097
0.0014049,1.03604
0.00141145,1.0412
0.00141804,1.04635
0.00142178,1.05145
0.00142887,1.05636
0.00143367,1.06097
0.00144178,1.0654
0.0014506,1.06949
0.00145948,1.07351
0.00146583,1.07742
0.00147495,1.08136
0.00148365,1.08548
0.00149205,1.08978
0.00149956,1.09448
0.00150678,1.09933
0.00151055,1.10443
0.00151722,1.10952
0.0015236,1.11477
0.00152986,1.12008
0.00153627,1.1253
0.00154252,1.13058
0.00154899,1.1358
0.00155552,1.14096
0.00156213,1.14608
0.0015686,1.1513
0.00157471,1.15664
0.00158076,1.16208
0.00158633,1.16769
0.00159179,1.17337
0.00159656,1.17938
0.00160118,1.18545
0.00160299,1.19146
0.00161068,1.19745
0.0016161,1.20315
0.001622,1.20862
0.00162859,1.21377
0.00163559,1.21872
0.00164295,1.22351
0.00165052,1.22818
0.00165815,1.23282
0.00166578,1.23745
0.00167284,1.2424
0.00167949,1.24749
0.00168551,1.25293
0.00169367,1.25869
0.00169556,1.26468
0.00169964,1.27099
0.00170355,1.27743
0.00170751,1.28381
0.00171183,1.29004
0.00171952,1.29602
0.001725,1.30169
0.00173418,1.30697
0.00174107,1.31198
0.00174876,1.31662
0.00175972,1.32104
0.00176795,1.32541
0.00177927,1.32971
0.0017903,1.3341
0.00179823,1.33862
0.00180806,1.34359
0.00181459,1.34875
0.0018201,1.35443
0.00182481,1.36044
0.00182887,1.36679
0.00183557,1.37326
0.00184281,1.37948
0.00184696,1.38577
0.0018514,1.39193
0.00185897,1.39798
0.00186418,1.40377
0.00187247,1.40948
0.0018784,1.41494
0.00188758,1.42025
0.00189676,1.4255
0.00190319,1.43075
0.00191213,1.43612
0.00192113,1.44153
0.00192697,1.44702
0.0019324,1.45273
0.00194051,1.45852
0.00194849,1.46435
0.00195368,1.47018
0.00196196,1.47586
0.00196748,1.48153
0.00197612,1.48709
0.00198178,1.49267
0.00199078,1.49804
0.00199677,1.50348
0.00200589,1.50879
0.00201185,1.51425
0.00202026,1.51986
0.00202842,1.52566
0.0020331,1.5317
0.00204064,1.53778
0.00204446,1.54422
0.00205104,1.55075
0.00205408,1.55758
0.00205706,1.56445
0.00206293,1.57129
0.00206907,1.578
0.00207286,1.5845
0.00208305,1.5907
0.00208809,1.59655
0.00209637,1.60226
0.00210513,1.60775
0.00211124,1.61313
0.00212048,1.61837
0.00213008,1.62347
0.00213678,1.62857
0.0021465,1.6336
0.00215574,1.63885
0.00216113,1.64459
0.00216858,1.65069
0.00217205,1.65732
0.0021779,1.66418
0.00218034,1.67129
0.00218529,1.67859
0.00219008,1.68594
0.00219479,1.69339
0.00219998,1.70056
0.00220281,1.70749
0.00220958,1.71393
0.00221706,1.72003
0.00222239,1.72574
0.00223431,1.73111
0.00224111,1.73617
0.00225434,1.7409
0.00226185,1.7456
0.00227526,1.75027
0.00228235,1.75518
0.00229183,1.76034
0.00230059,1.76584
0.0023115,1.77166
0.00231612,1.77774
0.00232291,1.78418
0.00232923,1.79083
0.0023322,1.79767
0.00233795,1.80459
0.00234074,1.81152
0.00234652,1.81842
0.00235286,1.82507
0.00235993,1.83136
0.00236768,1.83731
0.00237626,1.84289
0.00238538,1.8482
0.00239492,1.85333
0.00240204,1.85824
0.00241497,1.86313
0.00242499,1.86804
0.00243476,1.87301
0.002444,1.87826
0.00245258,1.88388
0.00246081,1.88961
0.00246826,1.89572
0.00247526,1.90204
0.00248167,1.90866
0.00248766,1.91546
0.00249338,1.92239
0.00250179,1.92941
0.00250745,1.9364
0.00251053,1.94317
0.002517,1.94976
0.00252672,1.95617
0.00253405,1.96234
0.00254204,1.9682
0.00255044,1.97384
0.00255926,1.97934
0.00256802,1.9848
0.00257708,1.99014
0.00258882,1.9956
0.00259458,2.00116
0.00260572,2.00689
0.00261341,2.01288
0.00262095,2.01895
0.0026276,2.02545
0.0026338,2.03216
0.0026422,2.03918
0.00264736,2.04638
0.00265198,2.05383
0.00265651,2.06134
0.00266107,2.06881
0.00266548,2.07635
0.00267016,2.0838
0.00267775,2.09121
0.00267999,2.09842
0.00268857,2.10537
0.00269483,2.11203
0.00270213,2.11822
0.00271274,2.1242
0.00271799,2.13
0.0027289,2.13583
0.00273682,2.14169
0.00274469,2.14764
0.0027519,2.15387
0.00275891,2.16018
0.00276549,2.16671
0.00277136,2.17355
0.00277673,2.18066
0.00278194,2.18783
0.00279005,2.195
0.00279214,2.2023
0.0028003,2.20944
0.00280543,2.21664
0.00281103,2.22363
0.00281669,2.23059
0.00282245,2.23752
0.00283133,2.24429
0.00283714,2.25122
0.00284268,2.25821
0.00285085,2.26535
0.0028532,2.27252
0.00286113,2.27975
0.0028633,2.28701
0.00287141,2.29419
0.00287683,2.30127
0.00288268,2.30813
0.00288882,2.31488
0.00289564,2.32129
0.00290613,2.32733
0.00291394,2.33325
0.00292234,2.33893
0.00293373,2.34454
0.00294243,2.35003
0.00295065,2.3558
0.00295825,2.36184
0.00296511,2.36825
0.00297387,2.37509
0.00297894,2.38235
0.00298271,2.39023
0.00298861,2.3984
0.00299102,2.40689
0.0029933,2.41549
0.00299578,2.42392
0.00300162,2.43216
0.00300555,2.43997
0.00301315,2.44742
0.0030192,2.45419
0.00302608,2.46054
0.00303687,2.46646
0.00304581,2.47186
0.00305785,2.47717
0.00306691,2.48254
0.00307842,2.4881
0.00308634,2.49398
0.00309338,2.50027
0.00310238,2.50705
0.00310768,2.51419
0.00311513,2.52166
0.00311943,2.52926
0.00312646,2.53695
0.0031309,2.54449
0.00313889,2.55172
0.00314455,2.55868
0.00315087,2.56534
0.00316094,2.57156
0.00317179,2.57745
0.00318013,2.58316
0.00318872,2.58871
0.00320034,2.59424
0.0032088,2.59985
0.00321989,2.60562
0.00322469,2.6116
0.00323494,2.61776
0.00324495,2.62405
0.00325154,2.63055
0.0032606,2.63726
0.00326644,2.64416
0.00327478,2.65121
0.00328301,2.65835
0.00328817,2.66555
0.00329374,2.67254
0.0033031,2.6791
0.00331263,2.68564
0.00331886,2.69232
0.0033278,2.69909
0.00333356,2.70602
0.00334178,2.71313
0.00334679,2.72043
0.00335138,2.72787
0.00335865,2.73544
0.00336532,2.74331
0.00337128,2.75149
0.00337404,2.75985
0.00337748,2.76785
0.00338422,2.77566
0.00339164,2.78317
0.00339992,2.79028
0.00340887,2.79706
0.00341569,2.80346
0.00342558,2.80978
0.00343265,2.81607
0.0034423,2.82254
0.0034488,2.8291
0.0034572,2.83612
0.00346474,2.84356
0.00346874,2.85132
0.00347488,2.85943
0.00347772,2.86773
0.00348,2.87628
0.00348516,2.88482
0.0034904,2.89337
0.00349292,2.90185
0.00349608,2.90997
0.003503,2.91772
0.00351069,2.92511
0.00351927,2.93206
0.00352562,2.93869
0.00353244,2.9451
0.00354251,2.95135
0.00355265,2.95755
0.00356284,2.96374
0.00357273,2.97006
0.00358221,2.97659
0.00358805,2.98349
0.0035964,2.99054
0.00360391,2.99801
0.00360814,3.00564
0.0036149,3.01346
0.00362161,3.02127
0.00362864,3.02899
0.0036358,3.03662
0.00364372,3.04388
0.00365195,3.05099
0.00366113,3.05764
0.00366762,3.06424
0.00367788,3.0704
0.00368825,3.07647
0.00369868,3.08255
0.00370893,3.08874
0.00371835,3.09527
0.00372741,3.10199
0.00373563,3.1091
0.00374031,3.11657
0.0037472,3.12433
0.0037534,3.13238
0.00375924,3.14062
0.00376478,3.14904
0.00377044,3.15735
0.00377649,3.16552
0.00378308,3.1734
0.00379023,3.18106
0.00379798,3.18841
0.00380656,3.19534
0.00381521,3.20227
0.00382462,3.20883
0.00383386,3.21548
0.0038459,3.22216
0.00385207,3.22888
0.00386334,3.23593
0.00387103,3.24331
0.00387782,3.25113
0.00388676,3.25924
0.00389204,3.26779
0.00389692,3.27646
0.0038988,3.28524
0.00390622,3.29409
0.00390829,3.30276
0.00391622,3.31143
0.00392185,3.31973
0.00392784,3.32791
0.00393431,3.3359
0.00394128,3.34362
0.00394873,3.3511
0.0039597,3.3583
0.00397061,3.36554
0.00397597,3.37265
0.00398712,3.37973
0.00399517,3.38696
0.00400297,3.39425
0.00401358,3.40164
0.00402145,3.40893
0.00402938,3.4162
0.00403755,3.42334
0.00404589,3.43042
0.00405441,3.43741
0.0040661,3.44424
0.00407492,3.45111
0.00408392,3.45785
0.0040928,3.46466
0.00410156,3.47149
0.00411032,3.47839
0.00411849,3.48553
0.00412642,3.49279
0.00413372,3.50036
0.00414057,3.50811
0.00414969,3.51617
0.00415234,3.52459
0.00416027,3.5332
0.00416507,3.54193
0.00417288,3.55066
0.00417455,3.55951
0.00418224,3.56823
0.00418434,3.5769
0.00419251,3.58539
0.00419808,3.59381
0.00420395,3.60205
0.00420753,3.60998
0.00421433,3.61779
0.00422142,3.62545
0.00422836,3.63318
0.00423507,3.64099
0.00424177,3.64886
0.004248,3.65692
0.00425718,3.66497
0.00426332,3.67309
0.00426943,3.68121
0.00427566,3.68927
0.00428189,3.69732
0.00428847,3.70526
0.00429557,3.71292
0.0043032,3.7203
0.00431387,3.72766
0.00432185,3.73489
0.00432978,3.74212
0.00434093,3.74926
0.00434939,3.75628
0.00435773,3.76333
0.00436614,3.77035
0.00437419,3.77758
0.00438474,3.78497
0.00438947,3.79236
0.00439949,3.80002
0.00440667,3.80764
0.00441615,3.81552
0.00442539,3.82357
0.00443161,3.83163
0.00443743,3.83987
0.00444613,3.84811
0.00445176,3.85647
0.00445751,3.86477
0.00446309,3.8732
0.00447173,3.8815
0.00447733,3.88986
0.00448296,3.89822
0.00449155,3.90652
0.00449649,3.91519
0.00450424,3.92392
0.00450833,3.93301
0.00451509,3.94217
0.00451855,3.95157
0.0045218,3.96103
0.00452823,3.97043
0.00453491,3.97964
0.00453917,3.98861
0.00454385,3.9974
0.00454939,4.00583
0.00455864,4.01387
0.00456853,4.02156
0.00457616,4.02898
0.00458671,4.03633
0.00459458,4.04363
0.00460218,4.05107
0.00461219,4.0587
0.00461884,4.06658
0.00462766,4.07482
0.00462996,4.08336
0.00463756,4.09215
0.00464206,4.101
0.00464945,4.10991
0.00465448,4.11858
0.00466003,4.12694
0.00466602,4.13512
0.00467561,4.14293
0.00468274,4.15062
0.00469329,4.15801
0.00470139,4.16518
0.0047123,4.17241
0.00472047,4.17958
0.00473102,4.18697
0.00473823,4.19457
0.00474452,4.20263
0.00475298,4.21099
0.00475781,4.21972
0.00476216,4.22869
0.00476889,4.2379
0.00477252,4.24718
0.00477934,4.25634
0.00478619,4.26549
0.00479031,4.27459
0.00479466,4.2835
0.00480229,4.29229
0.00481022,4.30095
0.00481534,4.30956
0.00482315,4.31823
0.00483078,4.32701
0.00483519,4.33593
0.00484207,4.34508
0.00484854,4.35442
0.00485462,4.36394
0.00485756,4.37352
0.00486325,4.38323
0.00486621,4.39287
0.00487229,4.40239
0.00487921,4.41149
0.00488645,4.42046
0.00489444,4.42907
0.00490254,4.43761
0.00491113,4.44591
0.00492019,4.45403
0.00492937,4.46209
0.00493589,4.47002
0.00494525,4.47802
0.00495461,4.48595
0.00496671,4.49395
0.00497314,4.50194
0.00498226,4.51006
0.0049912,4.51818
0.00500026,4.52629
0.00500938,4.53435
0.005016,4.54229
0.00502554,4.55016
0.00503549,4.55782
0.00504291,4.56533
0.00505322,4.57283
0.00506401,4.58013
0.00507456,4.58751
0.00508547,4.59475
0.00509596,4.60216
0.00510633,4.60964
0.00511342,4.6173
0.0051232,4.62508
0.00513244,4.63308
0.00514084,4.6415
0.00514585,4.65017
0.00515315,4.65908
0.00515747,4.66805
0.00516483,4.67696
0.00517243,4.68575
0.00518048,4.69436
0.00518865,4.70284
0.00519461,4.71108
0.00520367,4.71914
0.00521344,4.72692
0.00522071,4.73452
0.00523085,4.74208
0.0052411,4.74965
0.00525123,4.75722
0.00526089,4.76503
0.00526691,4.77321
0.00527501,4.78176
0.00527933,4.79073
0.00528577,4.80007
0.00529188,4.80959
0.00529505,4.81911
0.00530161,4.82839
0.00530557,4.83754
0.00531282,4.84652
0.0053208,4.85506
0.00532664,4.86336
0.00533618,4.87123
0.0053462,4.87889
0.00535686,4.88622
0.00536783,4.89342
0.00537576,4.90068
0.00538643,4.90804
0.00539373,4.91561
0.00540327,4.92348
0.0054092,4.93166
0.00541778,4.94002
0.00542601,4.94851
0.00543116,4.95705
0.00543933,4.9656
0.00544451,4.97414
0.00545286,4.98262
0.00545837,4.99099
0.00546695,4.99935
0.00547584,5.00753
0.0054818,5.01571
0.00549056,5.02394
0.00549908,5.03231
0.00550465,5.04073
0.00551538,5.0494
0.00551982,5.05831
0.0055237,5.06746
0.00552948,5.07717
0.00553206,5.08693
0.00553425,5.09694
0.00553976,5.10671
0.00554828,5.11641
0.00555159,5.12587
0.00555818,5.13515
0.00556563,5.14406
0.0055709,5.15255
0.00558259,5.16079
0.00558941,5.1686
0.00559954,5.17617
0.00561027,5.18349
0.005621,5.19078
0.00562905,5.19802
0.00563954,5.20543
0.00564937,5.21318
0.00565843,5.22124
0.00566684,5.22966
0.00567459,5.23839
0.00568216,5.24718
0.00568916,5.25628
0.00569601,5.26543
0.00570263,5.27471
0.00570898,5.28411
0.00571568,5.29332
0.0057226,5.30242
0.00572993,5.31133
0.00573756,5.32012
0.00574596,5.32854
0.00575169,5.33684
0.00576361,5.34496
0.00577273,5.35302
0.00578185,5.36113
0.00578801,5.36919
0.0057966,5.37755
0.00580512,5.38591
0.00581329,5.39446
0.00582086,5.40325
0.0058278,5.41234
0.00583111,5.4218
0.0058368,5.43151
0.00584157,5.44164
0.00584595,5.45195
0.00584735,5.46233
0.00584901,5.47252
0.00585386,5.48265
0.00585938,5.49242
0.00586602,5.50164
0.00587359,5.51049
0.00588212,5.51885
0.00589118,5.52691
0.00589818,5.53466
0.00590867,5.54207
0.00591916,5.54949
0.00592977,5.55687
0.0059399,5.56447
0.00594944,5.57235
0.00595802,5.58065
0.00596583,5.58937
0.00597286,5.59841
0.00597969,5.60756
0.00598663,5.61666
0.0059937,5.62575
0.00599885,5.6343
0.0060072,5.64272
0.0060162,5.6509
0.00602543,5.65889
0.00603795,5.66677
0.00604803,5.67437
0.00605846,5.68184
0.00606913,5.68917
0.00607956,5.69661
0.00608957,5.70427
0.00609875,5.71233
0.00610989,5.72075
0.00611794,5.72936
0.00612542,5.73821
0.00613317,5.74694
0.00614086,5.75573
0.00614867,5.76439
0.00615654,5.77306
0.00616434,5.78173
0.00617263,5.79021
0.00618085,5.79876
0.00618938,5.80706
0.00619784,5.81548
0.00620613,5.82396
0.00621709,5.83251
0.00622463,5.84136
0.00623191,5.85033
0.00624174,5.85942
0.00624865,5.86852
0.0062525,5.87774
0.00625932,5.88689
0.00626674,5.8958
0.00627461,5.90447
0.00628337,5.91271
0.00629237,5.92083
0.00630191,5.9287
0.00631443,5.93657
0.00632408,5.94436
0.00633368,5.95217
0.0063428,5.96029
0.00635138,5.96859
0.00635892,5.97744
0.00636822,5.98684
0.00637341,5.99672
0.00637788,6.00704
0.00638205,6.01748
0.00638604,6.02797
0.00639051,6.03823
0.0063954,6.0483
0.0064013,6.05788
0.00640822,6.06704
0.00641918,6.07558
0.00643128,6.08364
0.0064413,6.0913
0.00645203,6.09862
0.00646269,6.10598
0.00647593,6.11345
0.00648546,6.12133
0.00649363,6.12987
0.00650045,6.13903
0.00650558,6.14898
0.00650942,6.15953
0.00651206,6.1707
0.00651422,6.18206
0.00651609,6.19359
0.00651846,6.20488
0.00652183,6.21569
0.00652612,6.226
0.00653199,6.23565
0.00653628,6.24462
0.00654779,6.25292
0.00655768,6.26067
0.00657115,6.26802
0.00658194,6.27532
0.00659225,6.28286
0.00660173,6.29073
0.00661001,6.29921
0.00661732,6.30812
0.00662334,6.31771
0.00662816,6.32778
0.00662943,6.33821
0.00663289,6.34896
0.00663657,6.35964
0.00664098,6.36995
0.00664646,6.37972
0.00665326,6.38887
0.00666393,6.3976
0.00667293,6.40572
0.00668276,6.4135
0.00669313,6.42098
0.00670386,6.4283
0.00671471,6.43554
0.00672538,6.44289
0.0067351,6.4507
0.00674398,6.45888
0.00675447,6.46767
0.00675837,6.47683
0.00676725,6.48641
0.00677306,6.49605
0.00677905,6.50557
0.0067857,6.51485
0.00679303,6.52376
0.00680102,6.53237
0.0068102,6.54042
0.00682313,6.54808
0.00683392,6.55535
0.00684524,6.56237
0.00685669,6.56939
0.00686813,6.57634
0.0068822,6.58345
0.0068898,6.59087
0.00690249,6.59862
0.00691155,6.60674
0.0069196,6.61528
0.00692661,6.62438
0.0069331,6.63372
0.00693903,6.6433
0.00694487,6.65288
0.00695045,6.66265
0.00695599,6.67241
0.00696487,6.682
0.00697101,6.69152
0.00697781,6.70067
0.00698517,6.70958
0.00699315,6.71819
0.00700162,6.72655
0.00701044,6.73479
0.0070195,6.74285
0.00702856,6.75097
0.0070403,6.7592
0.00704555,6.76775
0.0070561,6.77648
0.00706334,6.78545
0.00706995,6.79473
0.00707335,6.80413
0.00708217,6.81371
0.00708822,6.82329
0.00709442,6.83269
0.00710086,6.84209
0.00710789,6.85112
0.00711227,6.8601
0.00712312,6.8687
0.00713111,6.87731
0.00713963,6.88567
0.00714839,6.89391
0.00715722,6.90215
0.00716568,6.91051
0.00717379,6.91906
0.00718171,6.92772
0.00718925,6.93651
0.00719658,6.94548
0.00720365,6.95452
0.00721047,6.96367
0.00721748,6.97277
0.00722406,6.98204
0.00723068,6.99126
0.00723691,7.00072
0.00724305,7.01024
0.00725181,7.01982
0.00725753,7.02953
0.00726307,7.0393
0.00726802,7.04937
0.00727279,7.0595
0.00727988,7.06987
0.00728402,7.08031
0.00728823,7.09075
0.00729565,7.101
0.00729763,7.11107
0.00730556,7.12108
0.00731101,7.13091
0.00731688,7.14049
0.00732624,7.14983
0.0073356,7.15917
0.00734203,7.16851
0.00734865,7.17778
0.00735789,7.18718
0.00736142,7.19652
0.00737036,7.20604
0.00737632,7.21563
0.00738228,7.22521
0.00739098,7.23485
0.00739981,7.24443
0.00740624,7.25383
0.00741274,7.26311
0.00742216,7.27245
0.00743175,7.28167
0.00743858,7.29082
0.00744829,7.29998
0.00745533,7.30907
0.00746486,7.31829
0.00747097,7.32781
0.0074795,7.33757
0.00748406,7.34777
0.00749127,7.35814
0.00749499,7.36876
0.00750143,7.37951
0.00750471,7.39037
0.00751088,7.40117
0.00751446,7.41191
0.00752116,7.42247
0.00752572,7.43273
0.00753353,7.4428
0.0075394,7.45238
0.00754572,7.46178
0.00755579,7.47081
0.00756628,7.4796
0.00757403,7.48833
0.00758172,7.49706
0.00758893,7.50609
0.00759883,7.51513
0.00760523,7.52452
0.00761113,7.53411
0.00761629,7.54406
0.00762076,7.55437
0.00762472,7.56487
0.00763131,7.57549
0.00763519,7.58605
0.00764195,7.59667
0.00764609,7.60704
0.00765319,7.61748
0.00765789,7.62767
0.00766594,7.63762
0.00767435,7.64739
0.00768034,7.65697
0.00768606,7.66668
0.00769452,7.67644
0.00769956,7.68645
0.0077071,7.69664
0.00771121,7.70708
0.00771744,7.71788
0.00772024,7.72899
0.00772277,7.74016
0.00772823,7.75133
0.00773392,7.76244
0.00773703,7.77337
0.00774365,7.78399
0.00775107,7.79424
0.00775667,7.804
0.00776579,7.8134
0.00777575,7.8225
0.0077832,7.83135
0.00779363,7.8402
0.00780412,7.84899
0.00781413,7.85802
0.00782126,7.86705
0.00783061,7.87639
0.00783619,7.88616
0.00784382,7.89629
0.00785082,7.90673
0.00785463,7.91735
0.00786155,7.92785
0.00786825,7.9384
0.00787505,7.94896
0.00787919,7.9594
0.00788619,7.96984
0.00789359,7.98015
0.00790133,7.99022
0.00790938,8.00017
0.00791773,8.01
0.00792607,8.01982
0.00793376,8.02996
0.00794151,8.04009
0.00794893,8.05034
0.00795608,8.06072
0.00796303,8.07122
0.00796665,8.0819
0.0079729,8.0927
0.00797884,8.10363
0.00798474,8.11461
0.00799046,8.12572
0.00799657,8.13659
0.00800016,8.14727
0.00800725,8.15764
0.00801479,8.1679
0.00802254,8.17797
0.00803071,8.18785
0.00803917,8.19762
0.00804501,8.20726
0.00805371,8.21691
0.00806265,8.22643
0.00807165,8.23595
0.00808071,8.24547
0.00808656,8.25505
0.00809484,8.26488
0.00810277,8.27495
0.00810703,8.28533
0.00811385,8.29589
0.00811779,8.30639
0.00812455,8.31694
0.00813129,8.32756
0.00813785,8.33818
0.00814437,8.34887
0.00815054,8.35973
0.00815683,8.37053
0.00816613,8.38128
0.00817277,8.3919
0.0081793,8.40258
0.0081855,8.41344
0.00819155,8.4243
0.00819712,8.43547
0.00820225,8.44683
0.00820663,8.45848
0.00821056,8.47045
0.00821706,8.48247
0.0082204,8.49468
0.0082236,8.50695
0.00822688,8.51915
0.00823049,8.53124
0.00823472,8.54296
0.00823979,8.5544
0.00824613,8.56514
0.00825907,8.57551
0.008267,8.58552
0.00827486,8.59559
0.00828553,8.60567
0.00829561,8.61604
0.00830496,8.62678
0.00831379,8.63777
0.00831867,8.64918
0.00832544,8.66115
0.00833044,8.6739
0.00833316,8.68782
0.00833424,8.70241
0.00833138,8.71754
0.0083342,8.73274
0.00833158,8.74776
0.00833314,8.76216
0.00833606,8.77595
0.00834074,8.78889
0.00834715,8.80098
0.00835531,8.81227
0.00836592,8.8224
0.00837779,8.83192
0.00839042,8.84108
0.00840306,8.85023
0.00841563,8.85945
0.0084275,8.86897
0.00843787,8.87922
0.00844597,8.89052
0.00845044,8.90358
0.00844869,8.91817
0.00844726,8.93391
0.00844449,8.95039
0.00843865,8.96699
0.00843583,8.98347
0.00843083,8.99959
0.00842972,9.01533
0.00843037,9.03016
0.00843362,9.04378
0.00844071,9.05556
0.00845162,9.0655
0.00846563,9.07405
0.00848172,9.08156
0.00849865,9.08873
0.00851558,9.09581
0.00853525,9.10304
0.0085511,9.11067
0.00856582,9.11885
0.00857834,9.12807
0.00858841,9.13844
0.00859572,9.15016
0.00860054,9.16298
0.00860115,9.17647
0.00860453,9.19002
0.00860861,9.20326
0.00861368,9.21602
0.00861991,9.22822
0.00862712,9.23994
0.00863576,9.25099
0.00864595,9.2613
0.00865472,9.27095
0.00867045,9.27998
0.00868333,9.28901
0.00869537,9.29848
0.00870616,9.30855
0.00871849,9.31923
0.00872571,9.33095
0.00872937,9.34437
0.00872666,9.35945
0.00872666,9.37593
0.00872213,9.39326
0.0087171,9.41072
0.00871322,9.42781
0.00871108,9.44392
0.00871059,9.45936
0.00871177,9.47395
0.00871776,9.48762
0.00872396,9.49983
0.00873623,9.51051
0.00874833,9.51997
0.00876526,9.52846
0.00878016,9.53657
0.00879721,9.545
0.00880943,9.55433
0.00881926,9.56483
0.00882689,9.57637
0.00883619,9.58851
0.00884167,9.60109
0.00884677,9.61378
0.00885518,9.62636
0.00886084,9.63881
0.00886334,9.65138
0.0088718,9.66389
0.00887809,9.6761
0.00888548,9.68776
0.00889359,9.69905
0.00890521,9.71004
0.00891403,9.72102
0.00892292,9.73195
0.00893019,9.74367
0.00893519,9.75648
0.00893844,9.77009
0.00894025,9.78438
0.0089443,9.79896
0.00894239,9.81367
0.0089465,9.82826
0.00894835,9.84254
0.00895118,9.85634
0.00895848,9.8694
0.00896504,9.88142
0.00897404,9.89235
0.00898781,9.9023
0.00900027,9.91157
0.00901672,9.9203
0.00903067,9.92885
0.00904783,9.93727
0.00906428,9.94594
0.00907728,9.95497
0.00909111,9.96492
0.00909981,9.97597
0.0091094,9.98793
0.00911426,10.0008
0.00911831,10.0141
0.00912428,10.0277
0.00912723,10.0415
0.00913325,10.0552
0.00913697,10.0686
0.00914141,10.0816
0.00914988,10.0941
0.00915706,10.1058
0.00917142,10.117
0.00918144,10.1274
0.00919467,10.1376
0.00920534,10.1477
0.00921803,10.1582
0.00922608,10.1696
0.00923496,10.1818
0.00923881,10.1952
0.00924372,10.2094
0.00924478,10.2241
0.00924854,10.2388
0.00925013,10.2532
0.0092529,10.267
0.00925988,10.2803
0.0092684,10.2927
0.00927865,10.3045
0.00928735,10.3154
0.00929767,10.3257
0.00931203,10.3355
0.00932693,10.3449
0.00933909,10.3543
0.00935346,10.364
0.00936389,10.3742
0.0093733,10.3849
0.00938189,10.396
0.00939268,10.4074
0.00939983,10.4192
0.00940647,10.4312
0.00941535,10.4435
0.00942111,10.4559
0.00942662,10.4685
0.00943526,10.4809
0.00944146,10.4931
0.00944766,10.5053
0.00945732,10.5172
0.00946128,10.5292
0.00947159,10.5408
0.00948208,10.5524
0.00949001,10.5637
0.00950098,10.5751
0.00950878,10.5866
0.0095191,10.5982
0.00952294,10.6101
0.00953218,10.6223
0.00953799,10.6347
0.00954645,10.6472
0.00955185,10.6598
0.00955966,10.6726
0.00956723,10.6856
0.00957173,10.6986
0.00957638,10.7116
0.00958407,10.7244
0.00958931,10.7371
0.00959807,10.7495
0.00960743,10.7615
0.00961721,10.7735
0.00962442,10.7852
0.00963467,10.7968
0.00964215,10.8085
0.00964921,10.8203
0.00965887,10.8322
0.00966516,10.8444
0.00967374,10.8568
0.0096789,10.8696
0.00968659,10.8825
0.00969416,10.8954
0.00969886,10.9083
0.00970628,10.9213
0.00971126,10.9341
0.00971943,10.9467
0.00972551,10.9591
0.00973209,10.9711
0.00974229,10.9827
0.00975009,10.9942
0.00976094,11.0056
0.00977167,11.017
0.0097824,11.0285
0.00979033,11.0399
0.00980076,11.0515
0.00980824,11.0631
0.00981518,11.075
0.00982192,11.0869
0.0098311,11.0991
0.00984022,11.1113
0.00984647,11.1235
0.0098527,11.1357
0.00985899,11.1478
0.00986519,11.16
0.00987148,11.1723
0.00987759,11.1845
0.00988385,11.1967
0.00989338,11.2087
0.0099003,11.2205
0.00991013,11.2324
0.00991955,11.2445
0.0099264,11.2564
0.00993299,11.2684
0.00993988,11.2803
0.00995007,11.292
0.00996074,11.3035
0.00996884,11.3148
0.00998011,11.3259
0.00998863,11.3371
0.0100002,11.3482
0.0100121,11.359
0.0100209,11.37
0.0100329,11.3809
0.0100447,11.3918
0.0100534,11.4028
0.0100649,11.4139
0.0100732,11.4251
0.0100808,11.4367
0.010091,11.4483
0.0101006,11.4603
0.0101099,11.4724
0.0101188,11.4848
0.0101272,11.4973
0.0101325,11.51
0.0101377,11.5227
0.0101458,11.5354
0.0101539,11.548
0.0101626,11.5604
0.0101689,11.5726
0.0101785,11.5845
0.0101856,11.5964
0.0101959,11.608
0.0102065,11.6195
0.0102142,11.631
0.010225,11.6425
0.0102323,11.6541
0.0102394,11.6659
0.0102521,11.6778
0.0102588,11.6898
0.0102681,11.7019
0.0102745,11.714
0.0102841,11.726
0.0102938,11.7379
0.0103007,11.7498
0.0103076,11.7617
0.0103179,11.7733
0.0103255,11.7849
0.0103327,11.7966
0.0103428,11.8084
0.0103498,11.8202
0.0103565,11.8322
0.0103658,11.8443
0.010375,11.8565
0.0103811,11.8687
0.0103871,11.8811
0.0103928,11.8935
0.0104016,11.9058
0.0104074,11.9182
0.0104164,11.9305
0.0104227,11.9426
0.0104294,11.9547
0.0104391,11.9666
0.0104463,11.9783
0.0104535,11.99
0.0104611,12.0016
0.0104689,12.0131
0.0104794,12.0246
0.0104872,12.036
0.010495,12.0475
0.0105057,12.059
0.0105133,12.0705
0.0105207,12.0822
0.0105277,12.094
0.0105343,12.106
0.0105434,12.1182
0.0105491,12.1308
0.0105548,12.1432
0.0105629,12.1558
0.0105707,12.1687
0.0105756,12.1815
0.0105832,12.1944
0.0105881,12.2072
0.0105961,12.22
0.0106021,12.2323
0.0106114,12.2445
0.0106187,12.2561
0.0106296,12.2675
0.0106409,12.2786
0.0106533,12.2893
0.010663,12.2999
0.0106761,12.3102
0.0106867,12.3203
0.0107003,12.3304
0.0107138,12.3405
0.0107271,12.3507
0.0107376,12.3609
0.0107505,12.3714
0.01076,12.382
0.0107717,12.393
0.0107798,12.4042
0.0107873,12.4159
0.010797,12.4278
0.0108035,12.4399
0.0108094,12.4522
0.0108179,12.4647
0.0108231,12.4774
0.0108314,12.49
0.0108373,12.5024
0.0108436,12.5145
0.0108537,12.5263
0.0108614,12.5378
0.0108696,12.549
0.0108783,12.5601
0.0108873,12.571
0.0108996,12.5817
0.0109089,12.5924
0.010918,12.6032
0.0109297,12.6143
0.0109381,12.6254
0.0109464,12.6366
0.0109543,12.648
0.0109651,12.6594
0.0109757,12.6709
0.0109837,12.6823
0.0109945,12.6937
0.0110024,12.7051
0.0110104,12.7165
0.0110215,12.7277
0.0110297,12.739
0.0110408,12.7503
0.0110491,12.7615
0.0110573,12.7728
0.0110679,12.7843
0.011078,12.796
0.0110877,12.8079
0.0110941,12.8201
0.0111029,12.8324
0.0111085,12.8449
0.0111166,12.8576
0.011122,12.8702
0.0111273,12.8828
0.0111327,12.8954
0.0111418,12.9077
0.0111487,12.9195
0.0111594,12.931
0.0111704,12.9423
0.011179,12.9534
0.0111911,12.9642
0.0112004,12.9749
0.0112154,12.9857
0.0112247,12.9965
0.0112337,13.0073
0.0112452,13.0184
0.0112526,13.03
0.0112625,13.0419
0.0112691,13.0539
0.0112756,13.066
0.0112846,13.0783
0.0112937,13.0905
0.0112971,13.1026
0.0113065,13.1147
0.0113105,13.1266
0.0113207,13.1383
0.0113288,13.1496
0.0113372,13.1608
0.0113462,13.1716
0.0113586,13.1823
0.0113684,13.1928
0.0113785,13.2032
0.0113914,13.2136
0.0114011,13.2242
0.0114105,13.2349
0.0114196,13.2457
0.0114282,13.2568
0.0114364,13.2681
0.011444,13.2796
0.0114542,13.2913
0.0114611,13.3031
0.011468,13.315
0.0114748,13.327
0.0114788,13.3389
0.0114858,13.3507
0.011493,13.3624
0.0114975,13.374
0.0115051,13.3856
0.0115129,13.397
0.0115207,13.4085
0.0115314,13.4199
0.011539,13.4315
0.0115437,13.4431
0.0115512,13.4547
0.011559,13.4661
0.0115667,13.4777
0.0115748,13.4889
0.0115861,13.5001
0.0115948,13.5111
0.011604,13.5219
0.0116136,13.5325
0.0116265,13.5429
0.0116369,13.5532
0.0116477,13.5632
0.0116586,13.5732
0.0116694,13.5832
0.0116801,13.5933
0.0116904,13.6035
0.0117,13.6142
0.011709,13.6251
0.0117173,13.6362
0.0117281,13.6477
0.011735,13.6596
0.0117413,13.6717
0.011747,13.6842
0.0117526,13.6967
0.0117582,13.7092
0.011764,13.7216
0.0117707,13.7336
0.0117777,13.7454
0.0117886,13.7567
0.0118004,13.7677
0.0118075,13.7781
0.0118211,13.7882
0.0118324,13.798
0.0118442,13.8076
0.0118562,13.817
0.0118654,13.8264
0.011877,13.8361
0.0118883,13.8458
0.011899,13.8559
0.0119091,13.8663
0.0119186,13.877
0.0119277,13.8878
0.0119364,13.8988
0.0119421,13.9099
0.0119535,13.921
0.0119594,13.932
0.0119686,13.9428
0.0119782,13.9534
0.0119878,13.964
0.0119978,13.9744
0.0120053,13.9846
0.0120187,13.9948
0.0120265,14.0049
0.0120374,14.0148
0.0120483,14.0249
0.0120589,14.035
0.0120694,14.0452
0.012077,14.0553
0.0120877,14.0654
0.0120985,14.0755
0.0121095,14.0853
0.012121,14.0951
0.0121324,14.1048
0.0121439,14.1146
0.0121524,14.1243
0.0121665,14.1341
0.0121748,14.144
0.0121858,14.1539
0.0121966,14.164
0.0122068,14.1743
0.0122164,14.1849
0.0122225,14.1958
0.012231,14.2069
0.0122389,14.2183
0.0122466,14.2297
0.0122542,14.2413
0.0122616,14.2529
0.0122691,14.2646
0.0122767,14.2761
0.0122847,14.2874
0.0122936,14.2985
0.0123026,14.3093
0.0123123,14.3198
0.0123225,14.3302
0.0123333,14.3402
0.0123445,14.35
0.0123558,14.3598
0.0123674,14.3695
0.0123786,14.3793
0.0123896,14.3893
0.0124002,14.3994
0.0124109,14.4095
0.0124183,14.4197
0.0124312,14.4301
0.0124438,14.4407
0.0124504,14.4514
0.0124625,14.4621
0.0124688,14.4729
0.0124781,14.4837
0.0124875,14.4944
0.0124969,14.5051
0.0125035,14.5157
0.0125129,14.5264
0.0125228,14.5369
0.0125298,14.5473
0.0125401,14.5577
0.0125507,14.5678
0.0125614,14.5779
0.0125693,14.5879
0.0125804,14.5978
0.012589,14.6075
0.0126008,14.617
0.0126102,14.6263
0.01262,14.6355
0.0126331,14.6444
0.0126464,14.6533
0.0126572,14.6619
0.0126682,14.6704
0.0126796,14.6788
0.0126907,14.6874
0.0127048,14.6958
0.0127156,14.7044
0.0127291,14.7133
0.012739,14.7223
0.0127487,14.7315
0.012758,14.7409
0.012767,14.7504
0.0127759,14.7599
0.0127845,14.7696
0.0127966,14.779
0.0128057,14.7885
0.0128152,14.7978
0.0128251,14.8068
0.0128354,14.8157
0.0128462,14.8244
0.0128598,14.8331
0.012868,14.8416
0.0128791,14.8501
0.0128933,14.8586
0.0129044,14.8671
0.0129151,14.8758
0.0129255,14.8846
0.0129356,14.8936
0.0129454,14.9027
0.0129577,14.9121
0.0129669,14.9215
0.0129755,14.9311
0.012984,14.9409
0.0129921,14.9508
0.0130029,14.9608
0.0130108,14.9709
0.0130186,14.981
0.0130262,14.9912
0.0130335,15.0014
0.0130407,15.0118
0.0130484,15.022
0.0130558,15.0322
0.0130664,15.0423
0.0130743,15.0524
0.0130825,15.0622
0.0130912,15.0719
0.0131003,15.0814
0.0131102,15.0905
0.0131207,15.0993
0.0131319,15.1078
0.0131403,15.1161
0.013155,15.1244
0.0131639,15.1325
0.0131756,15.1407
0.0131901,15.149
0.0131984,15.1575
0.013209,15.1662
0.013219,15.1753
0.0132308,15.1848
0.0132357,15.1949
0.0132454,15.2055
0.0132491,15.2161
0.0132552,15.227
0.013261,15.238
0.0132669,15.249
0.0132727,15.26
0.0132788,15.2709
0.0132853,15.2816
0.0132925,15.292
0.0133004,15.302
0.0133089,15.3117
0.0133179,15.3213
0.013327,15.3307
0.0133368,15.3398
0.0133435,15.349
0.0133531,15.3582
0.0133625,15.3676
0.0133718,15.377
0.0133811,15.3863
0.0133934,15.3957
0.0134029,15.4049
0.013412,15.4144
0.013421,15.4239
0.01343,15.4334
0.0134391,15.4428
0.0134483,15.4522
0.0134575,15.4617
0.0134666,15.4712
0.0134755,15.4807
0.0134843,15.4903
0.0134927,15.5001
0.0135011,15.5099
0.0135092,15.5198
0.013517,15.5299
0.0135248,15.54
0.0135323,15.5502
0.01354,15.5603
0.0135478,15.5704
0.0135555,15.5805
0.0135635,15.5905
0.0135714,15.6006
0.0135799,15.6103
0.0135885,15.62
0.0135974,15.6296
0.0136063,15.6391
0.0136184,15.6485
0.0136306,15.6579
0.0136401,15.6671
0.0136495,15.6765
0.0136586,15.6859
0.0136677,15.6954
0.0136766,15.705
0.0136853,15.7146
0.0136939,15.7243
0.0137025,15.734
0.0137113,15.7436
0.0137197,15.7534
0.0137284,15.763
0.0137379,15.7724
0.0137475,15.7815
0.0137574,15.7907
0.0137672,15.7997
0.0137775,15.8086
0.0137849,15.8175
0.0137925,15.8263
0.0138026,15.8354
0.0138129,15.8442
0.0138202,15.8532
0.0138304,15.8621
0.0138377,15.871
0.0138482,15.8798
0.0138559,15.8886
0.0138665,15.8973
0.0138744,15.906
0.0138853,15.9146
0.0138933,15.9233
0.013904,15.9319
0.0139144,15.9408
0.0139241,15.9499
0.0139335,15.9593
0.0139394,15.9688
0.0139477,15.9787
0.0139552,15.9889
0.0139624,15.9992
0.0139667,16.0096
0.0139714,16.0198
0.0139822,16.0299
0.0139878,16.0396
0.0139968,16.049
0.0140032,16.0584
0.0140137,16.0672
0.0140249,16.0757
0.014034,16.0838
0.0140463,16.0917
0.014056,16.0995
0.0140687,16.1073
0.0140782,16.1152
0.0140904,16.1232
0.0141024,16.1312
0.0141142,16.1395
0.0141223,16.148
0.014133,16.1567
0.0141408,16.1654
0.0141515,16.1741
0.0141624,16.1827
0.0141732,16.1914
0.0141844,16.1998
0.0141959,16.2082
0.0142044,16.2165
0.0142134,16.2246
0.0142252,16.2329
0.0142342,16.241
0.0142461,16.2491
0.0142552,16.2572
0.0142669,16.2654
0.0142784,16.2737
0.0142868,16.2822
0.0142978,16.2907
0.0143065,16.299
0.0143179,16.3073
0.01433,16.3154
0.0143392,16.3234
0.0143513,16.3315
0.0143606,16.3395
0.014373,16.3474
0.014386,16.355
0.0143988,16.3627
0.0144087,16.3704
0.0144182,16.3783
0.0144278,16.3861
0.0144373,16.394
0.0144497,16.4019
0.0144588,16.41
0.0144674,16.4183
0.0144786,16.4268
0.0144866,16.4354
0.0144945,16.444
0.0145022,16.4528
0.01451,16.4615
0.0145209,16.4701
0.0145291,16.4786
0.0145379,16.4868
0.0145474,16.4948
0.0145602,16.5025
0.0145708,16.5099
0.0145817,16.517
0.0145934,16.5239
0.0146056,16.5305
0.014621,16.537
0.0146336,16.5434
0.0146489,16.55
0.0146613,16.5565
0.0146737,16.563
0.0146888,16.5696
0.014698,16.5763
0.0147128,16.583
0.0147246,16.5898
0.0147361,16.5968
0.0147506,16.6037
0.0147618,16.6108
0.0147728,16.6179
0.0147834,16.6253
0.0147938,16.6328
0.0148038,16.6404
0.0148135,16.6482
0.0148259,16.6562
0.0148352,16.6641
0.0148445,16.6721
0.0148545,16.6798
0.0148654,16.687
0.0148775,16.6937
0.0148907,16.6998
0.0149052,16.7054
0.0149241,16.7101
0.0149418,16.7142
0.0149637,16.7176
0.0149807,16.7205
0.0150043,16.7231
0.0150278,16.7257
0.0150455,16.7284
0.0150685,16.7313
0.0150874,16.7347
0.0151056,16.7385
0.0151219,16.7431
0.0151373,16.7482
0.015149,16.7537
0.0151632,16.7594
0.0151768,16.7654
0.0151902,16.7714
0.0152008,16.7774
0.0152147,16.7832
0.0152298,16.7884
0.0152456,16.7933
0.01526,16.7975
0.015278,16.8013
0.0152971,16.8047
0.0153138,16.8078
0.0153342,16.8106
0.0153549,16.8132
0.0153727,16.8158
0.0153899,16.8187
0.0154093,16.8218
0.0154225,16.8252
0.015438,16.8289
0.0154559,16.8328
0.0154703,16.837
0.0154842,16.8414
0.0154978,16.846
0.0155112,16.8507
0.0155246,16.8553
0.0155383,16.8599
0.015552,16.8644
0.0155631,16.8688
0.015577,16.8732
0.015588,16.8776
0.0156017,16.8822
0.0156152,16.8868
0.0156254,16.8916
0.0156382,16.8966
0.0156482,16.9014
0.0156611,16.9064
0.0156712,16.9112
0.0156843,16.916
0.0156979,16.9206
0.015709,16.9249
0.0157207,16.9291
0.0157354,16.9331
0.0157505,16.937
0.01576,16.9407
0.0157755,16.9444
0.0157909,16.9481
0.0158033,16.9519
0.0158152,16.9559
0.0158294,16.9601
0.0158398,16.9649
0.0158494,16.97
0.0158615,16.9753
0.0158702,16.9808
0.0158786,16.9865
0.0158867,16.9923
0.0158952,16.9979
0.0159069,17.0034
0.0159163,17.0085
0.0159262,17.0135
0.0159369,17.018
0.0159484,17.0223
0.0159634,17.0262
0.0159763,17.0297
0.0159895,17.0331
0.0160028,17.0364
0.0160189,17.0398
0.0160317,17.0434
0.0160443,17.0471
0.0160564,17.0509
0.0160651,17.0551
0.016076,17.0596
0.0160864,17.0643
0.0160992,17.0692
0.016106,17.0743
0.0161189,17.0792
0.0161259,17.0841
0.0161388,17.089
0.0161494,17.0937
0.0161608,17.0979
0.0161757,17.1018
0.0161854,17.1055
0.0162014,17.109
0.0162123,17.1121
0.0162297,17.1148
0.0162446,17.1174
0.0162596,17.12
0.0162746,17.1225
0.0162896,17.125
0.0163043,17.1277
0.0163195,17.1301
0.0163321,17.1324
0.016348,17.1346
0.0163636,17.1368
0.016379,17.1391
0.0163946,17.1414
0.0164078,17.1434
0.0164238,17.1454
0.0164399,17.1474
0.0164528,17.1496
0.0164682,17.1519
0.0164802,17.1545
0.0164947,17.1573
0.0165056,17.1604
0.0165158,17.1638
0.0165279,17.1677
0.0165362,17.1721
0.0165439,17.1767
0.0165542,17.1814
0.0165617,17.1862
0.0165724,17.1907
0.016581,17.1949
0.0165937,17.1985
0.0166052,17.2013
0.0166179,17.2036
0.0166319,17.2052
0.0166499,17.2063
0.0166661,17.2069
0.0166862,17.2071
0.0167037,17.207
0.0167213,17.2069
0.0167386,17.207
0.0167548,17.2076
0.0167699,17.2087
0.0167839,17.2103
0.0167972,17.2123
0.0168096,17.2147
0.0168213,17.2174
0.0168321,17.2206
0.0168425,17.2238
0.0168526,17.2274
0.0168627,17.2308
0.0168727,17.2344
0.0168769,17.2379
0.0168874,17.2411
0.0168983,17.2442
0.0169098,17.2471
0.0169217,17.2497
0.016934,17.2522
0.0169435,17.2545
0.0169559,17.2569
0.0169682,17.2594
0.0169772,17.262
0.0169891,17.2646
0.0170007,17.2673
0.0170095,17.2701
0.0170214,17.2727
0.0170306,17.2753
0.0170428,17.2777
0.0170552,17.2801
0.0170624,17.2822
0.0170757,17.2841
0.0170894,17.2859
0.0171033,17.2876
0.0171141,17.2894
0.0171276,17.2913
0.0171376,17.2934
0.0171498,17.2959
0.0171607,17.299
0.0171647,17.3026
0.0171734,17.3067
0.017178,17.3114
0.0171824,17.3162
0.0171895,17.3211
0.0171966,17.326
0.0171983,17.3307
0.0172062,17.3352
0.0172125,17.3392
0.017223,17.3425
0.0172318,17.3452
0.0172448,17.3473
0.0172591,17.3487
0.0172739,17.35
0.0172857,17.3513
0.0172976,17.3525
0.0173117,17.3541
0.0173251,17.356
0.0173341,17.3586
0.0173451,17.3617
0.0173524,17.3652
0.0173586,17.3691
0.017367,17.3734
0.0173719,17.3779
0.0173769,17.3824
0.0173851,17.3868
0.0173908,17.391
0.0173998,17.395
0.0174067,17.3987
0.0174171,17.4019
0.0174251,17.4051
0.0174368,17.4078
0.0174458,17.4104
0.0174554,17.4127
0.0174681,17.415
0.0174778,17.4173
0.0174875,17.4196
0.0174998,17.422
0.0175118,17.4246
0.0175206,17.4273
0.0175292,17.4301
0.0175406,17.433
0.0175491,17.4358
0.0175603,17.4388
0.0175685,17.4418
0.0175769,17.4447
0.0175852,17.4476
0.017594,17.4504
0.0176059,17.453
0.017615,17.4556
0.0176242,17.4581
0.0176332,17.4607
0.0176453,17.4632
0.0176545,17.4658
0.0176637,17.4683
0.0176727,17.4709
0.0176815,17.4736
0.0176902,17.4764
0.0177016,17.4792
0.0177104,17.482
0.0177223,17.4846
0.0177285,17.4872
0.0177407,17.4897
0.0177505,17.4919
0.0177608,17.4939
0.0177714,17.4958
0.0177826,17.4973
0.0177971,17.4987
0.0178091,17.4999
0.0178242,17.501
0.0178363,17.5022
0.0178484,17.5034
0.01786,17.5047
0.017871,17.5064
0.0178813,17.5084
0.0178912,17.5106
0.0179005,17.5131
0.0179093,17.5158
0.0179175,17.5188
0.0179253,17.522
0.0179333,17.5251
0.0179387,17.5281
0.0179506,17.5307
0.0179576,17.5329
0.0179681,17.5348
0.0179795,17.5363
0.0179919,17.5373
0.0180052,17.5379
0.0180191,17.5382
0.0180306,17.5382
0.0180454,17.5381
0.0180632,17.5379
0.0180749,17.5379
0.018089,17.5381
0.0180994,17.5387
0.0181119,17.5396
0.0181238,17.5409
0.0181322,17.5424
0.0181434,17.544
0.0181548,17.5455
0.0181632,17.547
0.0181718,17.5484
0.018184,17.5496
0.018194,17.5503
0.0182052,17.5505
0.0182231,17.5502
0.0182363,17.5496
0.01825,17.5486
0.0182702,17.5473
0.0182849,17.5458
0.0183002,17.5441
0.018319,17.5421
0.0183354,17.5398
0.018355,17.5373
0.0183722,17.5347
0.0183909,17.5314
0.0184114,17.5272
0.0184363,17.5222
0.0184597,17.5167
0.0184864,17.5109
0.018511,17.5048
0.0185354,17.4987
0.0185594,17.4929
0.01858,17.4873
0.0186026,17.482
0.0186236,17.4776
0.0186422,17.4743
0.0186587,17.472
0.0186699,17.4708
0.0186823,17.4704
0.0186928,17.471
0.0186989,17.4722
0.0187038,17.474
0.0187106,17.4763
0.018717,17.4788
0.0187202,17.4814
0.0187234,17.484
0.0187297,17.4865
0.0187336,17.4888
0.0187411,17.4908
0.0187462,17.4925
0.0187517,17.494
0.0187605,17.4953
0.0187693,17.4967
0.0187748,17.4982
0.0187796,17.5001
0.0187867,17.5022
0.0187902,17.5047
0.0187959,17.5075
0.018801,17.5106
0.0188026,17.514
0.0188069,17.5174
0.018808,17.521
0.0188122,17.5245
0.0188166,17.528
0.0188215,17.5312
0.0188236,17.5343
0.018832,17.5372
0.018835,17.5399
0.0188381,17.5426
0.0188444,17.5451
0.0188505,17.5478
0.0188565,17.5504
0.0188622,17.5532
0.0188649,17.5561
0.0188731,17.5591
0.0188753,17.5621
0.0188802,17.5654
0.018882,17.5686
0.0188896,17.5719
0.0188941,17.5753
0.0188958,17.5786
0.0189004,17.5819
0.018905,17.5852
0.0189096,17.5886
0.018914,17.592
0.0189184,17.5954
0.0189227,17.5989
0.0189295,17.6026
0.0189332,17.6063
0.0189368,17.6102
0.0189402,17.614
0.0189437,17.6179
0.0189498,17.6219
0.0189528,17.626
0.0189556,17.6301
0.0189583,17.6344
0.0189606,17.6388
0.0189629,17.6432
0.0189647,17.6479
0.0189722,17.6526
0.0189738,17.6574
0.0189749,17.6623
0.0189762,17.6672
0.0189776,17.672
0.0189822,17.6768
0.0189843,17.6813
0.0189899,17.6855
0.0189927,17.6897
0.0189992,17.6935
0.0190032,17.6971
0.0190099,17.7008
0.0190141,17.7044
0.0190181,17.708
0.0190249,17.7116
0.0190314,17.7154
0.0190345,17.7195
0.0190402,17.7237
0.0190426,17.728
0.0190475,17.7326
0.0190523,17.7372
0.0190543,17.7418
0.0190593,17.7463
0.0190643,17.7508
0.0190693,17.7553
0.0190713,17.7599
0.0190764,17.7644
0.0190814,17.7689
0.0190864,17.7734
0.0190915,17.7779
0.0190963,17.7825
0.0191011,17.7871
0.0191058,17.7918
0.0191104,17.7965
0.0191121,17.8012
0.0191196,17.8059
0.0191208,17.8108
0.0191245,17.8159
0.0191281,17.8211
0.0191284,17.8265
0.0191344,17.8319
0.0191404,17.8373
0.0191404,17.8429
0.0191433,17.8484
0.0191491,17.8539
0.0191519,17.8594
0.0191549,17.8649
0.0191584,17.8701
0.0191618,17.8754
0.0191658,17.8805
0.0191727,17.8856
0.0191791,17.8909
0.0191826,17.8962
0.0191857,17.9018
0.0191914,17.9074
0.0191939,17.9132
0.0191964,17.9191
0.0192015,17.925
0.0192035,17.931
0.0192055,17.9371
0.0192074,17.9432
0.0192097,17.9491
0.0192152,17.9549
0.019218,17.9605
0.0192241,17.966
0.0192272,17.9715
0.0192333,17.977
0.0192365,17.9825
0.0192424,17.9881
0.0192452,17.9937
0.0192505,17.9996
0.0192523,18.0058
0.0192561,18.0123
0.0192567,18.019
0.0192596,18.0261
0.0192624,18.0331
0.0192621,18.0403
0.0192647,18.0475
0.0192675,18.0545
0.0192704,18.0615
0.0192709,18.0683
0.0192746,18.075
0.019279,18.0812
0.0192837,18.0874
0.0192888,18.0934
0.0192939,18.0993
0.0193021,18.1052
0.0193072,18.1112
0.0193117,18.1174
0.0193157,18.1239
0.0193193,18.1306
0.019322,18.1377
0.019324,18.1451
0.0193284,18.1529
0.0193296,18.1607
0.0193302,18.1688
0.0193304,18.1771
0.0193337,18.1854
0.0193343,18.1935
0.019338,18.2016
0.0193394,18.2093
0.0193442,18.2168
0.0193497,18.224
0.0193526,18.231
0.0193591,18.2377
0.0193657,18.2443
0.0193699,18.2507
0.0193767,18.2573
0.0193805,18.2638
0.0193871,18.2705
0.0193934,18.2772
0.0193996,18.2841
0.0194026,18.2911
0.0194084,18.2981
0.0194138,18.3053
0.0194164,18.3125
0.0194217,18.3198
0.0194273,18.3269
0.0194358,18.334
0.0194386,18.3411
0.019444,18.3483
0.0194466,18.3555
0.019452,18.3627
0.0194571,18.37
0.0194622,18.3774
0.0194698,18.3849
0.0194714,18.3926
0.0194785,18.4004
0.0194824,18.4083
0.0194863,18.4163
0.0194901,18.4242
0.0194939,18.4322
0.0194975,18.4403
0.0195012,18.4484
0.019508,18.4563
0.0195121,18.4642
0.0195163,18.472
0.0195207,18.4797
0.0195252,18.4873
0.0195298,18.4949
0.0195342,18.5026
0.0195415,18.5103
0.0195459,18.5181
0.0195499,18.5259
0.0195539,18.5338
0.0195578,18.5417
0.0195643,18.5499
0.0195677,18.558
0.0195738,18.5663
0.0195768,18.5746
0.0195799,18.583
0.019583,18.5914
0.0195889,18.5997
0.0195921,18.608
0.0195981,18.6163
0.019601,18.6247
0.019604,18.6331
0.01961,18.6415
0.0196132,18.6498
0.019619,18.6582
0.0196222,18.6664
0.0196282,18.6747
0.0196313,18.6831
0.0196371,18.6916
0.0196397,18.7001
0.0196453,18.7086
0.0196479,18.7172
0.0196531,18.7259
0.0196581,18.7347
0.0196604,18.7435
0.0196652,18.7524
0.0196697,18.7614
0.019674,18.7706
0.0196752,18.7798
0.0196792,18.7891
0.0196829,18.7986
0.0196865,18.808
0.0196901,18.8176
0.019691,18.827
0.0196948,18.8364
0.0196957,18.8457
0.0196996,18.855
0.0197036,18.8643
0.0197049,18.8735
0.0197092,18.8827
0.0197133,18.892
0.0197176,18.9011
0.0197217,18.9104
0.0197254,18.9198
0.0197288,18.9294
0.0197316,18.9393
0.019731,18.9494
0.0197358,18.9597
0.0197373,18.9702
0.0197385,18.9808
0.0197398,18.9914
0.0197441,19.002
0.0197429,19.0124
0.0197479,19.0226
0.0197503,19.0327
0.0197534,19.0425
0.019757,19.0519
0.019764,19.0612
0.0197714,19.0702
0.0197762,19.0792
0.0197839,19.0881
0.0197886,19.097
0.0197961,19.106
0.0198002,19.1153
0.0198072,19.1245
0.019811,19.1339
0.0198145,19.1434
0.019821,19.1529
0.0198245,19.1625
0.0198308,19.172
0.0198341,19.1817
0.0198376,19.1913
0.0198437,19.2009
0.0198472,19.2105
0.0198535,19.2201
0.0198597,19.2297
0.0198658,19.2394
0.0198687,19.2492
0.0198743,19.2591
0.0198799,19.2691
0.019885,19.2792
0.0198868,19.2896
0.0198911,19.3002
0.0198951,19.3108
0.0198958,19.3218
0.019902,19.3328
0.0199053,19.3439
0.0199084,19.355
0.0199117,19.366
0.0199149,19.3771
0.0199187,19.3879
0.019923,19.3984
0.0199306,19.4087
0.0199329,19.4189
0.0199384,19.4289
0.0199442,19.4387
0.0199471,19.4486
0.0199528,19.4584
0.0199585,19.4683
0.019964,19.4783
0.0199692,19.4885
0.0199767,19.4988
0.0199782,19.5093
0.0199847,19.5203
0.0199881,19.5312
0.0199912,19.5423
0.0199914,19.5535
0.0199974,19.5646
0.0200005,19.5758
0.0200007,19.5869
0.0200068,19.598
0.0200129,19.6091
0.0200163,19.62
0.0200203,19.6308
0.0200245,19.6414
0.0200314,19.6521
0.0200358,19.6626
0.0200398,19.6733
0.0200436,19.6841
0.0200472,19.695
0.0200535,19.706
0.0200595,19.7171
0.0200653,19.7284
0.0200679,19.7397
0.0200702,19.7513
0.0200755,19.7627
0.0200806,19.7743
0.0200859,19.7858
0.0200887,19.797
0.0200917,19.8082
0.0200977,19.8194
0.0201036,19.8306
0.0201092,19.8419
0.0201146,19.8533
0.0201197,19.8649
0.0201244,19.8767
0.0201284,19.8888
0.0201318,19.9012
0.0201346,19.9139
0.020137,19.9267
0.0201392,19.9397
0.0201414,19.9527
0.020141,19.9655
0.0201441,19.9781
0.0201477,19.9903
0.0201519,20.0024
0.020157,20.0139
0.020163,20.0251
0.0201694,20.036
0.0201763,20.0467
0.0201863,20.0573
0.0201936,20.0679
0.0202007,20.0785
0.0202073,20.0893
0.0202165,20.1003
0.0202222,20.1116
0.0202274,20.1231
0.0202319,20.135
0.0202392,20.1469
0.0202405,20.1589
0.0202474,20.171
0.0202513,20.1831
0.0202554,20.1952
0.0202596,20.2072
0.0202639,20.2192
0.0202685,20.231
0.0202732,20.2427
0.0202811,20.2544
0.0202862,20.266
0.0202913,20.2775
0.0202968,20.2889
0.0202995,20.3002
0.0203053,20.3115
0.0203139,20.3227
0.0203195,20.3341
0.0203279,20.3454
0.0203333,20.3569
0.0203387,20.3683
0.0203441,20.3798
0.0203495,20.3912
0.0203547,20.4027
0.0203595,20.4144
0.0203642,20.4262
0.0203718,20.438
0.0203766,20.4497
0.0203814,20.4614
0.0203892,20.4731
0.0203941,20.4847
0.0203988,20.4965
0.0204032,20.5084
0.0204105,20.5203
0.0204147,20.5323
0.0204186,20.5445
0.0204253,20.5567
0.0204317,20.569
0.0204351,20.5815
0.0204385,20.5938
0.0204418,20.6063
0.0204454,20.6186
0.0204521,20.6308
0.020456,20.6429
0.0204631,20.655
0.0204675,20.6669
0.0204747,20.6788
0.0204791,20.6907
0.0204862,20.7027
0.02049,20.715
0.0204962,20.7274
0.0204986,20.7403
0.0205031,20.7535
0.0205072,20.767
0.0205078,20.7808
0.0205136,20.7948
0.0205139,20.8087
0.0205168,20.8227
0.02052,20.8366
0.0205207,20.8503
0.0205251,20.8636
0.0205303,20.8765
0.0205365,20.889
0.0205433,20.9012
0.0205507,20.913
0.0205587,20.9246
0.0205666,20.9361
0.0205747,20.9477
0.020582,20.9596
0.0205888,20.9719
0.0205945,20.9845
0.0205996,20.9975
0.0206038,21.0109
0.0206075,21.0246
0.0206108,21.0384
0.020614,21.0523
0.0206146,21.066
0.0206186,21.0795
0.0206234,21.0926
0.0206291,21.1054
0.0206353,21.1178
0.0206423,21.1299
0.0206469,21.1417
0.020655,21.1532
0.0206663,21.1646
0.0206716,21.1761
0.0206797,21.1876
0.020687,21.1995
0.0206908,21.2117
0.0206998,21.2242
0.0207055,21.2369
0.0207108,21.2497
0.020716,21.2627
0.0207208,21.2758
0.0207257,21.2889
0.0207307,21.3019
0.0207356,21.315
0.0207408,21.3279
0.020749,21.3408
0.0207572,21.3537
0.0207624,21.3666
0.0207704,21.3795
0.0207755,21.3926
0.0207834,21.4055
0.0207914,21.4185
0.0207934,21.4317
0.0208008,21.4449
0.0208051,21.4583
0.0208118,21.4719
0.0208154,21.4856
0.020819,21.4993
0.0208255,21.513
0.0208318,21.5268
0.0208352,21.5406
0.0208414,21.5545
0.0208476,21.5683
0.0208542,21.5819
0.0208612,21.5954
0.0208656,21.6087
0.0208734,21.6218
0.0208782,21.6349
0.0208862,21.6479
0.0208941,21.6609
0.0209018,21.674
0.0209093,21.6873
0.0209164,21.7007
0.020923,21.7144
0.0209293,21.7281
0.0209325,21.742
0.020938,21.7562
0.0209435,21.7704
0.0209488,21.7847
0.020954,21.799
0.0209567,21.8132
0.0209651,21.8274
0.0209682,21.8413
0.0209743,21.8552
0.0209779,21.8689
0.0209847,21.8825
0.0209918,21.8958
0.0209963,21.9091
0.0210038,21.9224
0.0210112,21.9356
0.0210186,21.9489
0.021026,21.9622
0.0210304,21.9755
0.0210379,21.9887
0.0210451,22.002
0.0210496,22.0153
0.0210568,22.0287
0.0210644,22.0419
0.0210689,22.0551
0.0210765,22.0683
0.0210839,22.0816
0.0210883,22.0949
0.0210956,22.1082
0.0211026,22.1217
0.0211067,22.1352
0.0211105,22.1488
0.0211166,22.1626
0.0211221,22.1768
0.0211244,22.1912
0.0211292,22.2057
0.0211336,22.2204
0.0211348,22.2353
0.0211386,22.2503
0.0211424,22.2653
0.0211463,22.2802
0.0211506,22.295
0.0211554,22.3095
0.0211606,22.3239
0.0211691,22.338
0.0211751,22.352
0.0211816,22.3657
0.0211914,22.3792
0.0211986,22.3925
0.0212059,22.4059
0.0212128,22.4194
0.0212224,22.433
0.0212287,22.4468
0.0212349,22.4607
0.0212436,22.4747
0.0212492,22.4889
0.0212571,22.5032
0.021262,22.5177
0.0212666,22.5323
0.0212712,22.547
0.0212759,22.5616
0.0212806,22.5761
0.0212855,22.5906
0.0212934,22.6051
0.0212985,22.6194
0.0213037,22.6338
0.0213119,22.648
0.0213145,22.6622
0.021326,22.6763
0.0213318,22.6904
0.021338,22.7042
0.0213442,22.718
0.0213534,22.7318
0.0213568,22.7456
0.0213631,22.7594
0.0213723,22.7733
0.0213786,22.7871
0.021385,22.8008
0.0213913,22.8146
0.0214005,22.8284
0.0214065,22.8424
0.0214125,22.8563
0.0214185,22.8703
0.0214271,22.8844
0.0214326,22.8985
0.021438,22.9127
0.0214434,22.927
0.0214512,22.9415
0.0214561,22.956
0.0214606,22.9707
0.0214649,22.9854
0.0214718,23.0003
0.0214787,23.0152
0.0214827,23.0301
0.0214865,23.0451
0.0214935,23.06
0.0215005,23.0749
0.0215046,23.0898
0.0215119,23.1045
0.0215165,23.1191
0.0215212,23.1337
0.0215289,23.1482
0.0215338,23.1627
0.0215448,23.177
0.0215503,23.1912
0.0215585,23.2055
0.0215638,23.2198
0.0215717,23.2342
0.0215792,23.2488
0.0215835,23.2636
0.0215899,23.2788
0.0215958,23.2942
0.0216014,23.3097
0.0216061,23.3257
0.0216073,23.3419
0.0216141,23.3582
0.021615,23.3747
0.0216191,23.391
0.0216234,23.4071
0.0216286,23.4228
0.0216317,23.4383
0.0216385,23.4532
0.0216458,23.4679
0.021651,23.4822
0.0216598,23.4962
0.021669,23.51
0.0216783,23.5238
0.0216876,23.5376
0.0216937,23.5515
0.021702,23.5657
0.021707,23.5802
0.0217142,23.5949
0.021721,23.6099
0.0217273,23.6251
0.0217334,23.6403
0.0217364,23.6557
0.0217424,23.6711
0.0217455,23.6864
0.0217519,23.7016
0.0217586,23.7166
0.0217659,23.7314
0.0217705,23.746
0.0217782,23.7605
0.0217863,23.7749
0.0217943,23.7892
0.0217997,23.8035
0.0218051,23.8177
0.0218134,23.8319
0.0218215,23.8463
0.0218294,23.8607
0.0218368,23.8753
0.021844,23.8902
0.0218509,23.9051
0.0218575,23.9201
0.0218638,23.9353
0.0218695,23.9508
0.0218747,23.9666
0.0218796,23.9823
0.0218843,23.9984
0.0218889,24.0144
0.0218936,24.0304
0.0218985,24.0463
0.0219039,24.0619
0.0219123,24.0775
0.0219151,24.093
0.0219241,24.1084
0.0219277,24.1234
0.0219342,24.1385
0.0219412,24.1534
0.0219509,24.1684
0.0219579,24.1833
0.0219645,24.1983
0.0219709,24.2135
0.0219772,24.2287
0.0219863,24.2439
0.0219895,24.2592
0.0219957,24.2745
0.0220048,24.2897
0.0220108,24.3051
0.022014,24.3203
0.0220201,24.3357
0.0220264,24.3509
0.0220325,24.3662
0.0220386,24.3815
0.0220418,24.3968
0.0220509,24.412
0.022054,24.4273
0.0220627,24.4428
0.0220714,24.4583
0.0220767,24.4739
0.0220818,24.4898
0.0220865,24.5056
0.022094,24.5218
0.0220982,24.538
0.0221022,24.5542
0.0221058,24.5708
0.022112,24.5874
0.0221153,24.6042
0.0221213,24.6208
0.0221246,24.6375
0.022128,24.6541
0.0221316,24.6706
0.0221383,24.687
0.0221453,24.7033
0.0221556,24.7194
0.0221602,24.7354
0.0221678,24.7514
0.0221753,24.7674
0.0221828,24.7835
0.0221871,24.7996
0.0221969,24.8159
0.0222006,24.8324
0.0222069,24.8489
0.0222162,24.8655
0.0222193,24.8824
0.0222251,24.8992
0.0222337,24.916
0.0222395,24.9329
0.0222449,24.95
0.0222505,24.9669
0.0222561,24.9839
0.0222617,25.0008
0.0222674,25.0177
0.0222729,25.0347
0.0222786,25.0515
0.0222846,25.0684
0.0222905,25.0851
0.0222936,25.1018
0.0222995,25.1187
0.0223056,25.1354
0.0223116,25.1521
0.0223178,25.1689
0.022324,25.1855
0.0223303,25.2021
0.0223337,25.2187
0.0223401,25.2353
0.0223469,25.2516
0.0223541,25.2677
0.0223614,25.2838
0.0223717,25.3
0.0223761,25.3161
0.0223862,25.3323
0.0223933,25.3485
0.0224001,25.3648
0.022407,25.3813
0.0224135,25.3977
0.0224226,25.4143
0.0224255,25.4312
0.0224339,25.4481
0.0224395,25.4651
0.0224424,25.482
0.0224517,25.4986
0.0224586,25.5148
0.0224689,25.5309
0.0224766,25.5469
0.0224847,25.5627
0.022493,25.5783
0.0225044,25.5938
0.0225132,25.6092
0.0225223,25.6245
0.0225344,25.6397
0.0225433,25.6551
0.0225551,25.6704
0.0225635,25.686
0.0225717,25.7016
0.0225825,25.7175
0.0225901,25.7335
0.0225975,25.7496
0.0226075,25.7658
0.0226144,25.7821
0.0226211,25.7986
0.0226277,25.815
0.0226342,25.8315
0.0226408,25.848
0.0226501,25.8645
0.0226566,25.8811
0.0226632,25.8974
0.02267,25.9139
0.0226799,25.9301
0.0226869,25.9464
0.0226938,25.9627
0.0227007,25.9791
0.0227073,25.9956
0.022714,26.0119
0.0227207,26.0283
0.0227305,26.0446
0.0227376,26.0609
0.0227444,26.0772
0.0227513,26.0936
0.022761,26.11
0.022768,26.1262
0.0227751,26.1424
0.0227824,26.1585
0.0227898,26.1747
0.0227999,26.1908
0.0228071,26.207
0.022814,26.2232
0.0228237,26.2397
0.0228305,26.2561
0.0228402,26.2724
0.0228469,26.2888
0.0228564,26.3053
0.0228628,26.3219
0.0228721,26.3385
0.0228811,26.3551
0.022887,26.3719
0.0228926,26.3889
0.022901,26.4059
0.0229091,26.4231
0.022914,26.4403
0.0229217,26.4576
0.0229291,26.4751
0.0229366,26.4925
0.022944,26.5101
0.0229486,26.5274
0.0229593,26.5448
0.022967,26.5621
0.0229722,26.5792
0.0229803,26.5963
0.0229857,26.6134
0.0229937,26.6306
0.0230018,26.6478
0.0230068,26.665
0.0230145,26.6823
0.0230193,26.6997
0.0230237,26.7171
0.0230312,26.7346
0.0230358,26.752
0.0230407,26.7693
0.0230458,26.7866
0.0230539,26.8037
0.0230623,26.8206
0.023068,26.8376
0.0230768,26.8543
0.0230827,26.8712
0.0230917,26.8879
0.0231008,26.9045
0.02311,26.9211
0.0231162,26.9378
0.0231252,26.9544
0.0231342,26.9712
0.0231401,26.988
0.0231485,27.005
0.0231539,27.0221
0.0231619,27.0393
0.0231672,27.0564
0.0231752,27.0736
0.0231831,27.0908
0.0231882,27.108
0.023196,27.1252
0.0232041,27.1423
0.0232096,27.1594
0.0232155,27.1761
0.0232275,27.1928
0.0232337,27.2094
0.0232428,27.2262
0.0232518,27.2429
0.0232578,27.2596
0.0232693,27.2765
0.023275,27.2934
0.0232831,27.3105
0.023291,27.3277
0.0232958,27.3451
0.0233032,27.3626
0.0233109,27.38
0.0233157,27.3973
0.0233238,27.4144
0.0233294,27.4314
0.0233383,27.4481
0.0233445,27.4648
0.0233511,27.4813
0.023361,27.4975
0.0233679,27.5139
0.0233779,27.53
0.0233851,27.5462
0.0233923,27.5625
0.0234023,27.5787
0.023409,27.5951
0.0234153,27.6117
0.0234214,27.6284
0.0234277,27.645
0.0234366,27.6617
0.0234457,27.6784
0.0234518,27.6952
0.0234579,27.7119
0.0234669,27.7285
0.0234759,27.7452
0.0234852,27.7618
0.0234945,27.7783
0.0235042,27.7948
0.0235135,27.8112
0.0235232,27.8276
0.02353,27.844
0.0235396,27.8604
0.023549,27.8769
0.0235582,27.8935
0.0235671,27.9104
0.0235756,27.9272
0.0235839,27.9443
0.023592,27.9614
0.0235999,27.9787
0.0236074,27.9962
0.0236147,28.0136
0.0236218,28.0312
0.023629,28.0488
0.0236362,28.0665
0.0236436,28.084
0.0236512,28.1013
0.0236592,28.1185
0.0236673,28.1356
0.0236753,28.1528
0.0236834,28.1699
0.0236914,28.1872
0.0236964,28.2043
0.0237045,28.2215
0.0237124,28.2387
0.02372,28.2561
0.0237276,28.2735
0.023735,28.291
0.0237395,28.3084
0.023747,28.3259
0.0237546,28.3432
0.0237625,28.3606
0.0237677,28.3777
0.0237759,28.3947
0.0237844,28.4117
0.0237933,28.4284
0.0237995,28.4452
0.0238085,28.4619
0.0238176,28.4785
0.0238266,28.4952
0.0238327,28.5119
0.0238415,28.5288
0.02385,28.5456
0.0238555,28.5627
0.0238637,28.5798
0.0238691,28.5969
0.0238775,28.6139
0.023886,28.6307
0.0238947,28.6477
0.0239005,28.6645
0.0239094,28.6812
0.0239183,28.698
0.0239273,28.7147
0.0239363,28.7314
0.0239457,28.7479
0.0239549,28.7645
0.0239638,28.7812
0.023975,28.7983
0.0239826,28.8158
0.0239895,28.8335
0.0239956,28.8515
0.024001,28.87
0.0240058,28.8888
0.0240102,28.9077
0.0240144,28.9266
0.0240191,28.9454
0.024024,28.9641
0.0240273,28.9823
0.0240372,28.9999
0.0240421,29.0172
0.0240511,29.0339
0.0240608,29.0503
0.0240711,29.0664
0.0240821,29.0821
0.02409,29.0979
0.0241006,29.1139
0.0241107,29.13
0.0241198,29.1467
0.0241282,29.1637
0.0241363,29.1808
0.0241437,29.1982
0.024151,29.2158
0.0241583,29.2334
0.0241656,29.2508
0.0241729,29.2684
0.02418,29.286
0.0241874,29.3036
0.0241951,29.3209
0.0242032,29.338
0.0242115,29.3551
0.0242228,29.3721
0.0242315,29.3889
0.0242403,29.4057
0.0242519,29.4226
0.0242636,29.4393
0.0242722,29.4563
0.0242805,29.4733
0.0242887,29.4903
0.0242967,29.5076
0.0243044,29.5249
0.0243121,29.5422
0.0243198,29.5596
0.0243301,29.5771
0.0243373,29.5947
0.0243443,29.6124
0.0243515,29.6299
0.0243589,29.6474
0.0243664,29.6649
0.0243799,29.6822
0.0243849,29.6994
0.0243959,29.7165
0.0244009,29.7337
0.0244087,29.7511
0.0244163,29.7684
0.0244239,29.7859
0.0244313,29.8033
0.0244357,29.8209
0.0244428,29.8385
0.0244527,29.8562
0.0244599,29.8738
0.0244671,29.8913
0.0244747,29.9087
0.0244823,29.926
0.0244905,29.9432
0.0244988,29.9602
0.0245077,29.977
0.0245137,29.9938
0.0245228,30.0104
0.024532,30.027
0.0245438,30.0437
0.0245499,30.0605
0.0245583,30.0775
0.0245667,30.0945
0.0245779,30.1116
0.0245831,30.1286
0.0245909,30.1459
0.0245985,30.1633
0.0246061,30.1806
0.0246138,30.198
0.0246185,30.2154
0.0246291,30.2328
0.0246338,30.2501
0.0246415,30.2674
0.0246493,30.2848
0.0246601,30.302
0.0246679,30.3193
0.0246756,30.3367
0.0246832,30.354
0.0246903,30.3716
0.0246975,30.3893
0.0247041,30.4071
0.0247134,30.425
0.0247195,30.4431
0.0247253,30.4614
0.0247339,30.4797
0.0247367,30.498
0.0247427,30.5162
0.0247491,30.5342
0.0247534,30.5517
0.0247608,30.5692
0.0247718,30.5863
0.0247774,30.6033
0.0247864,30.62
0.0247988,30.6365
0.0248082,30.6529
0.0248181,30.6693
0.0248278,30.6857
0.0248373,30.7021
0.0248436,30.7187
0.0248524,30.7355
0.0248611,30.7523
0.0248668,30.7693
0.0248782,30.7862
0.0248866,30.8032
0.0248954,30.8199
0.0249043,30.8368
0.0249135,30.8534
0.0249258,30.8699
0.0249354,30.8863
0.0249452,30.9027
0.0249551,30.9189
0.0249651,30.9352
0.0249751,30.9514
0.0249878,30.9676
0.0249976,30.984
0.0250069,31.0006
0.0250189,31.0172
0.0250279,31.0339
0.0250362,31.051
0.0250446,31.068
0.025056,31.0849
0.0250644,31.1019
0.0250732,31.1188
0.0250853,31.1354
0.0250946,31.152
0.0251043,31.1683
0.025114,31.1847
0.0251241,31.2008
0.0251374,31.2168
0.0251481,31.2328
0.0251587,31.2486
0.0251695,31.2645
0.0251799,31.2805
0.0251929,31.2967
0.0252027,31.3131
0.0252121,31.3296
0.0252184,31.3462
0.0252304,31.3628
0.0252397,31.3794
0.025246,31.396
0.0252558,31.4123
0.0252685,31.4287
0.0252758,31.4448
0.0252865,31.4607
0.0252948,31.4763
0.0253063,31.4919
0.0253185,31.507
0.025331,31.522
0.0253406,31.537
0.0253533,31.552
0.0253627,31.5671
0.0253749,31.5823
0.0253838,31.5976
0.0253952,31.6131
0.0254066,31.6287
0.025415,31.6443
0.0254232,31.66
0.0254315,31.6756
0.0254431,31.6911
0.0254519,31.7065
0.0254641,31.7217
0.0254734,31.7367
0.025483,31.7518
0.025496,31.7666
0.025509,31.7814
0.0255221,31.7961
0.0255325,31.8107
0.0255458,31.8254
0.0255557,31.8402
0.0255683,31.8551
0.0255802,31.8705
0.0255885,31.8862
0.0255991,31.902
0.0256061,31.9184
0.0256122,31.935
0.0256205,31.9521
0.0256252,31.9694
0.0256296,31.987
0.0256341,32.0044
0.0256388,32.0219
0.0256472,32.0389
0.0256535,32.0555
0.0256608,32.0716
0.0256719,32.0872
0.0256812,32.1025
0.0256943,32.1172
0.0257021,32.1316
0.0257133,32.1459
0.0257271,32.1603
0.0257381,32.1746
0.0257487,32.1891
0.0257589,32.2039
0.0257686,32.2189
0.025778,32.234
0.0257899,32.2493
0.0257957,32.2648
0.0258042,32.2802
0.0258128,32.2957
0.0258216,32.3111
0.0258333,32.3266
0.025842,32.342
0.0258506,32.3575
0.0258591,32.373
0.0258706,32.3885
0.0258793,32.404
0.025891,32.4194
0.0258996,32.4349
0.0259108,32.4505
0.0259189,32.4663
0.0259267,32.4822
0.0259343,32.4982
0.0259418,32.5141
0.0259492,32.5303
0.0259566,32.5464
0.0259669,32.5624
0.0259744,32.5785
0.0259849,32.5943
0.0259927,32.6102
0.0260005,32.6262
0.0260112,32.6421
0.0260195,32.6577
0.0260277,32.6733
0.0260391,32.6889
0.0260477,32.7045
0.026056,32.7201
0.0260672,32.7357
0.0260723,32.7516
0.0260802,32.7673
0.0260883,32.7831
0.0260994,32.7988
0.0261076,32.8144
0.0261131,32.8301
0.0261215,32.8456
0.0261302,32.8611
0.026139,32.8765
0.0261453,32.8918
0.0261574,32.9069
0.0261641,32.922
0.0261765,32.937
0.0261862,32.952
0.0261934,32.9668
0.0262067,32.9814
0.026214,32.9961
0.0262241,33.0108
0.026234,33.0257
0.0262436,33.0408
0.0262534,33.0557
0.0262598,33.0708
0.0262691,33.086
0.0262809,33.1014
0.0262868,33.1168
0.0262951,33.1324
0.0263006,33.148
0.0263093,33.1634
0.0263184,33.1787
0.026328,33.1937
0.0263378,33.2086
0.0263482,33.2233
0.0263587,33.2378
0.0263667,33.2522
0.0263778,33.2665
0.0263889,33.2808
0.0264028,33.2951
0.0264133,33.3097
0.0264232,33.3246
0.0264324,33.3398
0.0264378,33.3555
0.0264456,33.3713
0.0264531,33.3873
0.0264601,33.4035
0.0264699,33.4199
0.026474,33.4361
0.0264815,33.4523
0.0264892,33.4681
0.0264978,33.4837
0.0265071,33.4988
0.0265143,33.5136
0.026525,33.5281
0.0265364,33.5422
0.0265481,33.5562
0.026557,33.5702
0.026566,33.5841
0.0265774,33.5982
0.0265891,33.6122
0.0266005,33.6264
0.0266115,33.6407
0.0266195,33.6551
0.0266303,33.6695
0.0266382,33.6839
0.0266491,33.6983
0.026657,33.7128
0.0266681,33.7271
0.026679,33.7415
0.026687,33.7558
0.0266979,33.7702
0.0267091,33.7845
0.0267199,33.7989
0.0267307,33.8133
0.0267383,33.8279
0.0267485,33.8426
0.0267556,33.8574
0.0267654,33.8724
0.0267751,33.8873
0.0267846,33.9024
0.026794,33.9175
0.0268032,33.9327
0.0268124,33.9479
0.0268245,33.9631
0.0268307,33.9784
0.0268426,33.9937
0.0268518,34.0089
0.026861,34.0241
0.026873,34.0394
0.0268822,34.0546
0.026891,34.07
0.0269028,34.0853
0.0269116,34.1008
0.0269201,34.1163
0.0269286,34.1318
0.0269369,34.1474
0.026945,34.1632
0.0269561,34.1788
0.0269616,34.1944
0.0269699,34.2101
0.0269815,34.2256
0.0269873,34.241
0.0269966,34.2562
0.0270062,34.2712
0.027016,34.2861
0.0270231,34.3009
0.0270334,34.3156
0.027044,34.3302
0.0270547,34.3447
0.0270626,34.3591
0.0270735,34.3735
0.0270814,34.3879
0.027092,34.4025
0.0270969,34.4169
0.0271074,34.4314
0.027118,34.446
0.0271285,34.4606
0.0271389,34.4752
0.0271496,34.4897
0.0271602,34.5042
0.0271706,34.5188
0.027181,34.5335
0.0271914,34.5481
0.0272015,34.5629
0.0272118,34.5776
0.0272218,34.5923
0.0272319,34.6072
0.0272387,34.6222
0.0272483,34.6372
0.0272578,34.6523
0.0272643,34.6673
0.0272734,34.6826
0.0272825,34.6979
0.0272914,34.7132
0.0273004,34.7285
0.0273064,34.7438
0.0273122,34.7593
0.0273209,34.7748
0.0273298,34.7901
0.0273389,34.8053
0.0273485,34.8204
0.0273584,34.8353
0.0273686,34.85
0.0273762,34.8645
0.02739,34.8789
0.0273985,34.8931
0.0274105,34.907
0.0274225,34.9208
0.0274317,34.9346
0.027444,34.9483
0.0274532,34.9621
0.0274654,34.9759
0.0274775,34.9896
0.0274896,35.0035
0.0274988,35.0173
0.0275109,35.0311
0.0275202,35.0448
0.0275325,35.0585
0.0275452,35.0721
0.0275545,35.0858
0.0275639,35.0995
0.0275734,35.1131
0.027586,35.1268
0.0275988,35.1402
0.0276057,35.1537
0.0276184,35.1673
0.027628,35.1808
0.0276404,35.1945
0.0276499,35.2082
0.0276596,35.2217
0.027672,35.2355
0.0276814,35.2491
0.0276932,35.263
0.0277021,35.277
0.0277111,35.2909
0.0277232,35.3047
0.0277352,35.3186
0.0277447,35.3323
0.0277567,35.3461
0.0277661,35.3598
0.0277785,35.3735
0.0277909,35.3871
0.0278006,35.4007
0.0278104,35.4142
0.0278227,35.4279
0.0278319,35.4417
0.0278441,35.4554
0.0278561,35.4693
0.0278647,35.4834
0.027876,35.4976
0.0278871,35.5119
0.0278981,35.5262
0.0279093,35.5405
0.0279179,35.5546
0.0279264,35.5687
0.027938,35.5827
0.0279467,35.5968
0.0279588,35.6106
0.0279683,35.6243
0.0279809,35.6379
0.0279879,35.6513
0.028001,35.6646
0.0280113,35.6779
0.0280216,35.6912
0.0280322,35.7043
0.0280429,35.7174
0.0280563,35.7306
0.0280666,35.7438
0.0280771,35.757
0.0280877,35.7701
0.0280986,35.7831
0.0281124,35.7961
0.0281206,35.809
0.0281318,35.8218
0.0281434,35.8345
0.0281554,35.8469
0.0281681,35.859
0.0281815,35.8708
0.0281953,35.8824
0.0282066,35.8938
0.028224,35.905
0.0282392,35.9159
0.0282547,35.9267
0.0282704,35.9374
0.0282831,35.9481
0.0282986,35.9588
0.0283138,35.9698
0.0283257,35.9808
0.0283404,35.992
0.0283549,36.0032
0.0283691,36.0146
0.0283803,36.026
0.0283946,36.0374
0.028409,36.0487
0.0284238,36.0598
0.0284363,36.0706
0.0284527,36.0809
0.0284672,36.0908
0.0284856,36.1001
0.0285057,36.1086
0.0285258,36.1158
0.0285568,36.1177
0.0318985,34.5239
