"Maximum force",38.5636,"N"
"Gage length ",0.930284,"mm"
"Strain energy",0.237247,"mJ"
"Deformation at maximum force",0.0162855,"mm"
"Standard travel","Standard force"
"mm","N"
0,0.172195
3.93018e-007,0.173385
3.24566e-007,0.174797
3.0431e-007,0.176178
3.17348e-007,0.177551
6.26547e-007,0.178779
1.2524e-006,0.179863
2.09059e-006,0.180847
3.09641e-006,0.181747
4.37791e-006,0.182514
6.07665e-006,0.183086
5.1267e-006,0.183542
7.60029e-006,0.183746
7.18865e-006,0.183941
9.93046e-006,0.184012
1.30299e-005,0.183927
1.32814e-005,0.183809
1.64255e-005,0.183692
1.65838e-005,0.183621
1.95194e-005,0.183605
1.9145e-005,0.183784
2.16186e-005,0.183988
2.08772e-005,0.184341
2.29634e-005,0.184725
2.20023e-005,0.185186
2.07133e-005,0.185797
1.92754e-005,0.186479
2.06537e-005,0.1872
1.89028e-005,0.188032
1.99236e-005,0.188925
1.81727e-005,0.189752
1.6541e-005,0.190531
1.5185e-005,0.191171
1.41046e-005,0.191683
1.3069e-005,0.192175
1.50211e-005,0.192623
1.42164e-005,0.193006
1.36874e-005,0.193258
1.36045e-005,0.193297
1.39175e-005,0.193149
1.44949e-005,0.192876
1.52735e-005,0.192508
1.90435e-005,0.192092
2.00418e-005,0.191621
2.07236e-005,0.1913
2.14351e-005,0.190963
2.16688e-005,0.190853
2.18346e-005,0.190774
2.18182e-005,0.190782
2.43216e-005,0.19097
2.38001e-005,0.19122
2.27272e-005,0.191727
2.13563e-005,0.19238
1.97171e-005,0.193154
1.82792e-005,0.193837
1.68412e-005,0.19452
1.56193e-005,0.1951
1.46433e-005,0.195561
1.36002e-005,0.196053
1.28887e-005,0.196391
1.22591e-005,0.196688
1.46731e-005,0.196917
1.43546e-005,0.197074
1.40417e-005,0.197222
1.40569e-005,0.197215
1.43531e-005,0.197075
1.50125e-005,0.196762
1.56085e-005,0.19648
1.632e-005,0.196142
1.69645e-005,0.195837
1.74451e-005,0.195609
1.8138e-005,0.195281
1.8734e-005,0.194999
1.92481e-005,0.194756
1.95443e-005,0.194615
1.9579e-005,0.194598
1.94476e-005,0.194661
1.87547e-005,0.194989
1.7734e-005,0.195475
1.64227e-005,0.196093
1.49177e-005,0.196806
1.61694e-005,0.197588
1.47016e-005,0.198287
1.34797e-005,0.198866
1.22727e-005,0.199439
1.4113e-005,0.199938
1.30252e-005,0.200457
1.23472e-005,0.200779
1.20008e-005,0.200944
1.47873e-005,0.200999
1.51859e-005,0.200813
1.86579e-005,0.200538
2.24279e-005,0.200132
2.3199e-005,0.199771
2.67753e-005,0.199449
2.72782e-005,0.199213
3.05267e-005,0.199049
3.37304e-005,0.198908
3.68149e-005,0.198822
3.99591e-005,0.198712
4.27754e-005,0.198751
4.51894e-005,0.198985
4.434e-005,0.199392
4.9019e-005,0.199926
4.80057e-005,0.200412
4.94362e-005,0.201106
5.37874e-005,0.201797
5.51285e-005,0.202541
5.63802e-005,0.203326
5.79001e-005,0.203983
5.92188e-005,0.204734
6.3719e-005,0.205356
6.52538e-005,0.206004
6.68408e-005,0.20663
6.84576e-005,0.207244
7.34644e-005,0.20762
7.60125e-005,0.207793
7.86351e-005,0.207926
8.45061e-005,0.207903
8.71883e-005,0.208004
9.28806e-005,0.208059
9.57863e-005,0.208067
0.000101479,0.208122
0.000107201,0.208161
0.000109853,0.208286
0.000112401,0.208459
0.000117557,0.208764
0.000122504,0.20917
0.000127004,0.209796
0.000128181,0.21062
0.000131937,0.211593
0.000132488,0.212706
0.000135796,0.213897
0.000139313,0.21498
0.000142665,0.216147
0.000146063,0.217292
0.000149118,0.218604
0.0001525,0.219756
0.000155853,0.220916
0.000159519,0.22193
0.000163542,0.222781
0.000167863,0.223494
0.000172363,0.224105
0.000174137,0.224654
0.000181945,0.225078
0.000186713,0.22557
0.000191601,0.22601
0.000196339,0.226525
0.000201138,0.227004
0.000208827,0.227483
0.000213416,0.228078
0.000220718,0.228742
0.000224741,0.229596
0.000228273,0.230679
0.000231387,0.231954
0.000234203,0.233373
0.000239776,0.23486
0.000242265,0.236432
0.000247629,0.238026
0.000249998,0.239667
0.000252427,0.241261
0.000254722,0.242932
0.000259818,0.244649
0.000262098,0.246327
0.000264616,0.247884
0.000270398,0.249272
0.000276508,0.250508
0.000279741,0.251737
0.000286,0.252896
0.000289486,0.254002
0.000293301,0.254945
0.000297146,0.255879
0.000307159,0.256646
0.000314222,0.257436
0.000321137,0.258283
0.000325309,0.259065
0.000329302,0.259927
0.000338958,0.260861
0.000342594,0.261891
0.000345723,0.263165
0.000351356,0.264623
0.000356601,0.266271
0.000361698,0.267987
0.00036362,0.269841
0.000368358,0.271718
0.000369834,0.273778
0.000374125,0.275868
0.000378417,0.277959
0.0003825,0.280156
0.000383863,0.282277
0.000388155,0.284383
0.000392863,0.286275
0.000397959,0.287991
0.000403443,0.289533
0.000409195,0.290929
0.000415096,0.292264
0.0004183,0.293507
0.000424558,0.294675
0.000434154,0.295636
0.000438088,0.296521
0.000444943,0.297406
0.000451589,0.298383
0.000457817,0.299565
0.000463927,0.300809
0.000469381,0.302358
0.000474656,0.30399
0.000479514,0.305821
0.000483984,0.30782
0.000488246,0.309941
0.000492239,0.312184
0.000499064,0.314443
0.000502879,0.316777
0.000506649,0.319127
0.00051027,0.321538
0.000514084,0.323872
0.000520849,0.326161
0.000524873,0.328389
0.000529164,0.330495
0.000536466,0.332539
0.00054192,0.334096
0.000549162,0.33479
0.000559831,0.335229
0.000567937,0.335526
0.000576282,0.335699
0.000587845,0.335754
0.000596845,0.335614
0.000608826,0.335441
0.000618065,0.335191
0.000629687,0.335206
0.000637496,0.335627
0.000643218,0.337046
0.000651324,0.338709
0.000656182,0.340548
0.000660637,0.342579
0.000667611,0.344776
0.000671053,0.347278
0.000674242,0.349903
0.000677237,0.352604
0.000680545,0.355167
0.000686565,0.357822
0.000689769,0.360447
0.000699008,0.362934
0.000702495,0.365421
0.000706369,0.367725
0.000713492,0.369861
0.000718081,0.371815
0.00072577,0.373676
0.000730986,0.375339
0.00073945,0.37685
0.000748152,0.378216
0.000757331,0.379375
0.000763649,0.380527
0.000773067,0.381565
0.000779653,0.38258
0.000789011,0.383663
0.000798011,0.384891
0.000803793,0.386295
0.000808889,0.388004
0.000816429,0.389942
0.000823641,0.392032
0.000827575,0.394306
0.000831181,0.396732
0.00083741,0.39928
0.000843162,0.402073
0.000845859,0.404926
0.000848556,0.40778
0.000854367,0.410541
0.000857541,0.413166
0.000863859,0.415684
0.000867704,0.417972
0.000874648,0.4202
0.000882009,0.42223
0.000886688,0.424152
0.000894675,0.425861
0.00090302,0.427402
0.000908801,0.428814
0.000917802,0.430042
0.000926981,0.431217
0.000936398,0.432247
0.000942657,0.433437
0.000948677,0.434704
0.00095732,0.436115
0.000965664,0.437672
0.00097377,0.439342
0.000978569,0.441196
0.000985781,0.443302
0.000992486,0.445621
0.000998864,0.448109
0.0010019,0.450809
0.00100754,0.453647
0.00101299,0.456562
0.00101821,0.459598
0.00102068,0.462574
0.00102616,0.465473
0.00103177,0.468326
0.00103773,0.471012
0.00104395,0.473575
0.00104771,0.475925
0.00105489,0.478031
0.00106258,0.479908
0.00107045,0.48167
0.00107873,0.48325
0.00108744,0.484653
0.00109632,0.48595
0.00110544,0.487148
0.00111438,0.488407
0.00112326,0.489712
0.0011316,0.491253
0.00113935,0.493091
0.00114671,0.495121
0.00115086,0.497303
0.00115457,0.499668
0.00116345,0.502323
0.00116896,0.505237
0.001174,0.508366
0.00117592,0.511585
0.00118045,0.514942
0.0011851,0.518253
0.00118966,0.52161
0.00119437,0.524891
0.00119911,0.528141
0.00120438,0.531147
0.00120998,0.534016
0.00121597,0.536686
0.00122217,0.539249
0.00122903,0.541508
0.00123916,0.543583
0.00124691,0.545437
0.00125507,0.547062
0.0012664,0.548588
0.0012751,0.549969
0.00128073,0.551456
0.00129182,0.553066
0.00129975,0.554836
0.00130726,0.556782
0.0013145,0.558857
0.001321,0.561283
0.00132726,0.563831
0.00133277,0.566715
0.0013379,0.569813
0.00134257,0.573109
0.00134684,0.576588
0.00135104,0.580097
0.00135801,0.583683
0.00136209,0.587253
0.00136913,0.590824
0.00137351,0.594257
0.00137801,0.597629
0.00138561,0.60091
0.00139091,0.603916
0.00139658,0.606739
0.00140272,0.609333
0.00141219,0.611729
0.00141908,0.613987
0.00142632,0.616047
0.00143651,0.618091
0.00144688,0.620075
0.00145395,0.622257
0.00146101,0.624409
0.00147043,0.626819
0.00147654,0.629444
0.00148524,0.632206
0.00149051,0.635227
0.0014954,0.638416
0.00150285,0.641773
0.00150699,0.645313
0.00151385,0.64896
0.00151762,0.652683
0.00152417,0.656467
0.00152753,0.660374
0.00153113,0.664173
0.00153745,0.668064
0.00154127,0.671772
0.00154517,0.675434
0.00154922,0.67902
0.00155661,0.682407
0.00156162,0.685535
0.00156997,0.688465
0.00157575,0.691242
0.00158195,0.693821
0.00158841,0.696262
0.00159795,0.698612
0.00160755,0.700947
0.00161407,0.703373
0.00162325,0.705921
0.00162915,0.708622
0.00163768,0.71146
0.00164319,0.714374
0.00165124,0.717441
0.00165598,0.720722
0.00166307,0.724232
0.00166682,0.72797
0.0016732,0.73183
0.00167649,0.735767
0.00168296,0.739612
0.0016891,0.74358
0.00169235,0.747547
0.00169852,0.751514
0.00170202,0.75536
0.00170867,0.759098
0.0017154,0.762806
0.00171954,0.766346
0.00172655,0.769916
0.00173397,0.773289
0.00173844,0.776676
0.00174643,0.779774
0.00175185,0.782719
0.00175996,0.785755
0.001768,0.788822
0.00177593,0.791965
0.00178398,0.795032
0.00179184,0.798191
0.00179971,0.80135
0.00180439,0.804645
0.00181175,0.808048
0.00181882,0.811588
0.00182208,0.815555
0.0018281,0.819584
0.00183094,0.823734
0.00183643,0.828007
0.00183889,0.832371
0.00184392,0.836857
0.00184902,0.841343
0.00185409,0.845829
0.00185921,0.850284
0.00186419,0.854801
0.00186632,0.859318
0.00187168,0.863651
0.00187434,0.867924
0.00188033,0.871952
0.00188673,0.875828
0.00189368,0.879413
0.00190065,0.882999
0.00190783,0.886478
0.0019149,0.890018
0.00192253,0.893284
0.00193045,0.896412
0.0019382,0.899616
0.00194875,0.902897
0.00195597,0.906361
0.00195993,0.910007
0.00196643,0.913807
0.00197549,0.917774
0.00197851,0.921833
0.00198703,0.926044
0.00198921,0.930561
0.00199681,0.9352
0.00199849,0.93993
0.00200606,0.944599
0.00201079,0.949238
0.00201538,0.953968
0.00202003,0.958637
0.00202489,0.963215
0.00202993,0.967731
0.00203833,0.972004
0.00204447,0.975971
0.00205106,0.979755
0.00205776,0.983478
0.00206724,0.987232
0.00207091,0.991016
0.00208056,0.994694
0.00208718,0.998447
0.00209385,1.00217
0.00210047,1.00592
0.00210682,1.00982
0.00210968,1.01397
0.00211784,1.01836
0.00212303,1.02279
0.0021281,1.02727
0.00213307,1.03179
0.00213769,1.03649
0.00214517,1.04122
0.00214673,1.04598
0.0021509,1.05089
0.00215803,1.05577
0.00216193,1.06081
0.00216586,1.06585
0.00217033,1.07061
0.00217784,1.07531
0.00218553,1.07991
0.00219051,1.08446
0.00219573,1.08889
0.00220377,1.09331
0.00220932,1.09758
0.00221504,1.10176
0.00222445,1.10556
0.00223125,1.10924
0.00223751,1.11315
0.00224657,1.11711
0.00225253,1.12117
0.00226129,1.12529
0.00226683,1.12954
0.00227518,1.13387
0.00228322,1.13829
0.00228784,1.14302
0.00229443,1.14815
0.0022978,1.15346
0.00230367,1.15892
0.00230939,1.16448
0.00231209,1.17009
0.00231769,1.17571
0.00232036,1.18132
0.0023259,1.18694
0.00233162,1.19252
0.0023346,1.19799
0.00233809,1.20324
0.00234745,1.20842
0.00235159,1.21337
0.00235889,1.21816
0.00236664,1.22277
0.00237457,1.22725
0.00238273,1.23165
0.00238819,1.23595
0.00239641,1.24031
0.00240464,1.24468
0.00240974,1.24916
0.0024176,1.25368
0.00242231,1.25835
0.00242935,1.26326
0.00243617,1.2683
0.00244255,1.27355
0.00244857,1.27895
0.00245438,1.28447
0.00246004,1.29006
0.0024628,1.29564
0.00246813,1.30138
0.00247344,1.30712
0.00247856,1.31298
0.00248369,1.31881
0.00248891,1.32457
0.00249433,1.33028
0.00250014,1.33577
0.00250628,1.34114
0.00251266,1.34639
0.00251921,1.35155
0.00252613,1.35653
0.00253313,1.36147
0.00254037,1.36632
0.00255104,1.3709
0.00255614,1.37535
0.00256448,1.37969
0.00257593,1.38387
0.00258475,1.38796
0.00259715,1.39037
0.00261074,1.39221
0.00262421,1.39406
0.00263756,1.396
0.00265079,1.398
0.00266063,1.40021
0.00267296,1.40264
0.00268471,1.40534
0.00269579,1.40834
0.00270622,1.41169
0.00271275,1.41684
0.00271499,1.42267
0.00271715,1.42853
0.00272239,1.43433
0.00272764,1.4401
0.00273321,1.44571
0.0027389,1.45127
0.00274489,1.4567
0.00274848,1.46189
0.00275522,1.46695
0.00276231,1.47187
0.00276955,1.47669
0.00277689,1.48151
0.00278425,1.48627
0.00279158,1.49106
0.00279873,1.49591
0.00280564,1.50092
0.00280964,1.50592
0.00281614,1.51111
0.00282242,1.51639
0.00282829,1.52188
0.00283387,1.5275
0.00283914,1.53327
0.00284415,1.53913
0.00284901,1.54511
0.00285384,1.55109
0.00285851,1.55713
0.00286301,1.56327
0.0028676,1.56934
0.00287219,1.57544
0.00287705,1.58139
0.00288218,1.58722
0.00289064,1.59287
0.0028934,1.59845
0.00290222,1.60392
0.0029083,1.60929
0.00291748,1.61457
0.00292394,1.61979
0.00293062,1.62488
0.00294046,1.62986
0.00294728,1.63489
0.00295694,1.63996
0.00296331,1.64521
0.00296954,1.65052
0.0029783,1.65601
0.00298695,1.66153
0.00299252,1.66718
0.00299774,1.67298
0.00300554,1.6789
0.00301016,1.685
0.00301463,1.69114
0.00302179,1.69739
0.00302614,1.70359
0.0030304,1.70984
0.00303776,1.71598
0.00304509,1.72214
0.0030498,1.72818
0.00305478,1.7341
0.00305996,1.7399
0.00306807,1.74567
0.00307653,1.75135
0.0030824,1.75681
0.00309117,1.7623
0.00310017,1.76764
0.00310642,1.77295
0.00311548,1.77829
0.00312437,1.78376
0.00313313,1.78925
0.00314159,1.79486
0.0031471,1.80054
0.00315825,1.80625
0.00316302,1.81226
0.0031725,1.81742
0.00318221,1.82245
0.00318898,1.82752
0.00319851,1.83265
0.00320787,1.83783
0.00321404,1.84317
0.00322316,1.84851
0.00323204,1.85392
0.00324092,1.85938
0.00325064,1.86441
0.00325657,1.86985
0.00326205,1.87552
0.00327356,1.88108
0.00327931,1.88663
0.00328825,1.89203
0.00329725,1.8974
0.00330345,1.90274
0.00331561,1.90799
0.00332195,1.91324
0.00333042,1.91886
0.00333805,1.9249
0.00334532,1.9311
0.00335217,1.9375
0.00335586,1.94403
0.00336503,1.95069
0.00337129,1.95737
0.00337444,1.96415
0.00338019,1.97104
0.00338579,1.97803
0.00338832,1.98511
0.00339357,1.99225
0.00339879,1.99942
0.00340391,2.00666
0.00340916,2.0138
0.00341455,2.02088
0.00342,2.02793
0.0034254,2.03504
0.003431,2.04203
0.0034366,2.04898
0.00343945,2.05591
0.00344547,2.06272
0.00345161,2.06943
0.00346103,2.07599
0.0034648,2.08246
0.00347144,2.08896
0.00347848,2.09528
0.00348572,2.10147
0.00349302,2.10767
0.00350017,2.11393
0.00350724,2.12021
0.00351126,2.12656
0.00351805,2.13297
0.00352479,2.13944
0.00353144,2.14594
0.00353781,2.15256
0.00354377,2.15937
0.00354941,2.16632
0.00355206,2.17334
0.00355763,2.18036
0.00356341,2.18726
0.00356617,2.19422
0.00357493,2.20105
0.00358077,2.20795
0.00358667,2.21479
0.00359269,2.22159
0.0035988,2.22834
0.00360521,2.23493
0.00361153,2.24158
0.00361809,2.24811
0.00362473,2.25461
0.00363433,2.26108
0.00364109,2.26752
0.00364477,2.27405
0.00365413,2.28061
0.00366072,2.28714
0.00366719,2.2937
0.0036735,2.30036
0.00367961,2.3071
0.00368566,2.31388
0.0036913,2.32087
0.00369684,2.32788
0.00370489,2.33506
0.00370995,2.34232
0.00371478,2.34967
0.0037194,2.35712
0.00372411,2.36454
0.00372873,2.37198
0.00373355,2.37934
0.00373838,2.38669
0.0037433,2.39402
0.00374813,2.40134
0.00375319,2.4086
0.00376166,2.41559
0.00376756,2.42246
0.00377418,2.42896
0.00378419,2.43521
0.00379545,2.44092
0.00380121,2.44645
0.00381259,2.45206
0.00382105,2.45771
0.0038325,2.46329
0.00384102,2.46888
0.00384901,2.47477
0.00386004,2.48053
0.00386874,2.48606
0.00387696,2.49182
0.00388418,2.49805
0.003891,2.50446
0.00390072,2.51084
0.00390762,2.51726
0.00391703,2.52379
0.00392077,2.53029
0.00393025,2.53679
0.00393666,2.54341
0.00394178,2.55064
0.00394953,2.55797
0.00395433,2.56535
0.00396202,2.57271
0.00396691,2.58006
0.00397472,2.58736
0.00398017,2.59441
0.00398547,2.60155
0.003994,2.60854
0.00399942,2.61562
0.00400473,2.62273
0.00401307,2.62978
0.00401844,2.63689
0.00402365,2.64406
0.00403164,2.65129
0.00403667,2.65855
0.00404141,2.66594
0.00404895,2.67339
0.00405304,2.68111
0.00405691,2.68892
0.00406397,2.69658
0.00406892,2.70387
0.00407691,2.71111
0.00408191,2.71837
0.00408978,2.72566
0.00409771,2.73293
0.00410257,2.74025
0.00411049,2.74751
0.0041158,2.75465
0.0041242,2.7617
0.00413249,2.76878
0.00413421,2.77623
0.00414178,2.78368
0.00414646,2.79109
0.00415111,2.79854
0.00416148,2.80601
0.00416607,2.81349
0.00417349,2.82097
0.00417802,2.82848
0.0041852,2.83611
0.00419223,2.8438
0.00419924,2.85149
0.00420317,2.85924
0.00420988,2.86711
0.00421362,2.87498
0.00422009,2.88292
0.00422357,2.89091
0.00422989,2.89891
0.00423633,2.90691
0.00424271,2.9149
0.00424887,2.92296
0.00425486,2.93114
0.00425801,2.93932
0.00426412,2.94743
0.004273,2.95561
0.00427929,2.96367
0.00428575,2.9716
0.00428945,2.97954
0.00429905,2.98735
0.00430274,2.99522
0.00430951,3.00304
0.00431916,3.01091
0.00432284,3.01878
0.00432958,3.0266
0.00433316,3.03453
0.00433959,3.04253
0.00434567,3.05064
0.0043516,3.05888
0.00435995,3.06731
0.0043626,3.07573
0.00436787,3.08421
0.00437288,3.09288
0.00438081,3.10149
0.00438549,3.11028
0.00439047,3.11894
0.00439526,3.12773
0.00440295,3.13646
0.0044047,3.14525
0.00441233,3.15404
0.00441734,3.1627
0.00442244,3.17131
0.00442777,3.17979
0.00443319,3.18822
0.00443886,3.19658
0.00444461,3.20488
0.00445042,3.21312
0.00445936,3.2213
0.00446818,3.22948
0.00447429,3.23766
0.00448028,3.24583
0.00448627,3.25401
0.00449509,3.26219
0.0045038,3.27049
0.0045094,3.27885
0.00451476,3.28734
0.00452293,3.29588
0.00452782,3.30455
0.00453551,3.31328
0.00454033,3.32207
0.00454495,3.33086
0.00454969,3.33965
0.00455717,3.3485
0.00456164,3.35741
0.00456593,3.36638
0.00457324,3.37529
0.00457762,3.38426
0.004582,3.39317
0.00458683,3.40196
0.00459431,3.41081
0.00459913,3.41954
0.0046039,3.42827
0.00460873,3.437
0.0046166,3.44566
0.00462172,3.45427
0.00462682,3.46288
0.00463224,3.4713
0.00464053,3.47978
0.00464589,3.48827
0.00465114,3.49681
0.00465913,3.50542
0.00466392,3.51414
0.00466851,3.52299
0.00467581,3.53191
0.00468297,3.54094
0.00468693,3.55009
0.00469355,3.55937
0.00469727,3.56859
0.00470064,3.57805
0.00470714,3.58733
0.00471369,3.5966
0.00472061,3.60576
0.00472478,3.61479
0.00472916,3.62376
0.00473652,3.63261
0.00474096,3.64153
0.00474841,3.65044
0.00475604,3.65923
0.00476367,3.66795
0.00477115,3.6768
0.00477559,3.68578
0.00478254,3.69487
0.00478656,3.70396
0.00479622,3.71318
0.00479993,3.72246
0.00480648,3.73173
0.00481,3.74107
0.00481605,3.75059
0.00481927,3.76012
0.00482797,3.76976
0.00483071,3.77946
0.00483626,3.78923
0.00484177,3.799
0.00484719,3.80882
0.00484962,3.81871
0.00485505,3.82854
0.00486023,3.83849
0.00486554,3.84837
0.00487066,3.85832
0.00487597,3.86821
0.0048813,3.8781
0.0048867,3.88792
0.00489209,3.89775
0.0048974,3.90764
0.00490258,3.91759
0.00490762,3.9276
0.00490975,3.93761
0.00491774,3.94756
0.00492554,3.95763
0.00493067,3.96764
0.00493574,3.97765
0.00494331,3.98778
0.00494787,3.99803
0.00495237,4.00829
0.00495701,4.01848
0.0049616,4.02873
0.00496891,4.03905
0.00497035,4.04936
0.00497461,4.05974
0.00497879,4.07017
0.0049857,4.08067
0.00498993,4.09105
0.00499699,4.10149
0.00500129,4.11186
0.00500546,4.12224
0.00500984,4.13255
0.00501726,4.14287
0.00502173,4.15312
0.00502647,4.16325
0.00503416,4.17339
0.00503615,4.18346
0.00504396,4.19353
0.005049,4.20354
0.00505413,4.21355
0.00506241,4.22337
0.00506792,4.23314
0.00507362,4.24284
0.00507922,4.25261
0.00508744,4.26244
0.00509245,4.27251
0.00509746,4.28252
0.00510527,4.29259
0.00510998,4.30278
0.00511734,4.31303
0.00512434,4.32347
0.00512821,4.33403
0.00513453,4.34483
0.00514091,4.35558
0.00514443,4.36632
0.00515113,4.37694
0.00515463,4.38768
0.00516119,4.3983
0.00516506,4.40886
0.00517174,4.41948
0.00517854,4.43004
0.00518506,4.44072
0.00518906,4.45122
0.005196,4.46172
0.00520294,4.47221
0.00520974,4.48277
0.00521394,4.49315
0.00522383,4.50359
0.00522783,4.51414
0.00523453,4.5247
0.00524118,4.53532
0.00524771,4.546
0.005257,4.55675
0.00526311,4.56767
0.00526905,4.5786
0.00527775,4.58964
0.00528021,4.60088
0.00528539,4.61217
0.00529314,4.62364
0.00529797,4.63512
0.00530271,4.64665
0.00531034,4.65819
0.00531496,4.66978
0.00532253,4.68138
0.00532723,4.69292
0.00533552,4.70415
0.00534139,4.71513
0.00534732,4.72606
0.0053565,4.73686
0.00536329,4.74742
0.00536991,4.7581
0.00537957,4.76866
0.00538928,4.77916
0.00539632,4.78966
0.00540344,4.80003
0.00540991,4.81078
0.00541593,4.82164
0.00542481,4.83263
0.00543074,4.84355
0.00543628,4.85472
0.00544474,4.86583
0.00545038,4.877
0.00545586,4.88811
0.00546128,4.89934
0.00546641,4.91069
0.0054744,4.92204
0.00547955,4.93339
0.0054851,4.94456
0.00549082,4.95561
0.00549964,4.9666
0.00550557,4.97752
0.00551159,4.98845
0.00551755,4.99937
0.00552357,5.0103
0.0055298,5.02116
0.00553898,5.03197
0.00554533,5.04271
0.00555427,5.05363
0.00555996,5.06468
0.00556568,5.07579
0.00557409,5.0869
0.00557972,5.09807
0.00558508,5.1093
0.00559331,5.12053
0.00559852,5.13182
0.00560645,5.14323
0.00561134,5.15465
0.00561596,5.16624
0.0056235,5.17784
0.00562785,5.18956
0.00563503,5.20128
0.00564216,5.21306
0.00564612,5.22496
0.00564989,5.23698
0.00565677,5.24882
0.0056608,5.26073
0.00566768,5.27263
0.00567465,5.28447
0.00568166,5.29625
0.00568574,5.30809
0.00569307,5.31981
0.00570008,5.33165
0.00570455,5.34331
0.00571203,5.3549
0.00571921,5.36662
0.00572365,5.37828
0.00573366,5.39006
0.00573766,5.40196
0.00574737,5.41392
0.00575441,5.4257
0.00576132,5.43761
0.00576859,5.44933
0.00577607,5.46092
0.00578057,5.47252
0.00578787,5.48424
0.0057947,5.49614
0.00579893,5.50792
0.00580617,5.51964
0.00581338,5.53136
0.00582316,5.54326
0.00582703,5.55522
0.00583359,5.56725
0.00583994,5.57939
0.00584334,5.59154
0.00585257,5.60368
0.00585626,5.61577
0.00586281,5.62779
0.00586934,5.63982
0.00587306,5.65184
0.00588248,5.66392
0.00588925,5.67583
0.00589574,5.68791
0.00589908,5.70012
0.00590537,5.71226
0.00591157,5.72453
0.00591789,5.73668
0.00592411,5.74889
0.00593011,5.76115
0.00593616,5.77348
0.00594203,5.78581
0.00594781,5.79826
0.0059535,5.81071
0.00595922,5.82317
0.00596207,5.83556
0.00597077,5.84795
0.00597634,5.86046
0.00598168,5.87309
0.00598737,5.88554
0.00599279,5.89812
0.00599843,5.91063
0.00600397,5.92314
0.00601249,5.93559
0.00601822,5.94804
0.00602376,5.96056
0.00603252,5.97295
0.00603833,5.9854
0.00604414,5.99773
0.00605279,6.01018
0.0060586,6.02257
0.00606444,6.03496
0.00607314,6.04741
0.00607907,6.05974
0.006085,6.07207
0.00609388,6.0844
0.00609955,6.09685
0.00610527,6.1093
0.00611397,6.12169
0.00611975,6.13408
0.00612839,6.14653
0.00613412,6.15898
0.00614276,6.17143
0.00614839,6.18388
0.00615674,6.19646
0.00616222,6.20903
0.00617039,6.22166
0.00617873,6.23424
0.00618418,6.24681
0.00619253,6.25938
0.00619795,6.27196
0.0062063,6.28453
0.00621181,6.2971
0.00622028,6.30962
0.00622603,6.32201
0.00623461,6.33452
0.00624337,6.34685
0.00624616,6.3593
0.00625468,6.37181
0.00626315,6.38432
0.00626869,6.39683
0.0062739,6.40953
0.00628165,6.42235
0.00628618,6.43541
0.00629351,6.44847
0.00629772,6.46159
0.00630475,6.47478
0.00630874,6.48808
0.00631268,6.50133
0.00631953,6.51463
0.00632621,6.528
0.00633014,6.54131
0.00633706,6.55455
0.00634421,6.56767
0.00634829,6.58092
0.00635267,6.59398
0.00635717,6.60698
0.00636462,6.61998
0.00637222,6.63292
0.00637982,6.64586
0.00638453,6.65874
0.00638921,6.67168
0.00639675,6.68462
0.00640134,6.69762
0.00640861,6.71068
0.00641561,6.72392
0.00641938,6.73729
0.006426,6.75066
0.00643247,6.76414
0.00643894,6.77763
0.00644534,6.79106
0.00645172,6.80461
0.00645519,6.8181
0.00646151,6.83165
0.00646816,6.84502
0.00647465,6.85844
0.00648142,6.87181
0.00648812,6.88512
0.00649174,6.8986
0.0064983,6.91197
0.00650465,6.92552
0.00651094,6.93907
0.00651729,6.95256
0.00652363,6.96611
0.00652965,6.97978
0.00653567,6.99345
0.00654178,7.00713
0.00654751,7.02092
0.00655347,7.03459
0.00655922,7.04839
0.00656512,7.06218
0.00657105,7.07585
0.00657686,7.08964
0.00658544,7.10344
0.00659143,7.11717
0.00659727,7.1309
0.00660023,7.1447
0.00660636,7.15831
0.00661235,7.17198
0.00661835,7.18565
0.0066244,7.19933
0.00663042,7.213
0.00663641,7.22673
0.00663955,7.2404
0.00664557,7.25407
0.00665174,7.26762
0.00665502,7.28123
0.00666134,7.29478
0.00666804,7.30815
0.00667469,7.32152
0.00668136,7.33488
0.00668801,7.34825
0.00669486,7.36156
0.0067016,7.37486
0.00670809,7.38835
0.00671453,7.40178
0.00672085,7.41533
0.00672961,7.42906
0.00673766,7.44316
0.00674278,7.45726
0.00674743,7.4716
0.0067548,7.48601
0.00676195,7.50053
0.00676609,7.51512
0.00677309,7.52971
0.00677683,7.54448
0.00678043,7.55931
0.00678689,7.57414
0.00679062,7.58891
0.00679705,7.60374
0.00680355,7.61858
0.00680714,7.63341
0.00681346,7.6483
0.00681669,7.66331
0.0068226,7.67839
0.0068285,7.69353
0.00683446,7.7086
0.0068375,7.72368
0.00684638,7.73875
0.00684931,7.75389
0.00685524,7.76897
0.00686106,7.78416
0.00686684,7.7993
0.00687003,7.81432
0.00687605,7.82939
0.00688219,7.84441
0.00688812,7.85948
0.00689111,7.87462
0.0068968,7.88982
0.00690267,7.90489
0.00690858,7.92003
0.00691135,7.93523
0.00691701,7.95048
0.00691954,7.9658
0.00692813,7.981
0.00693356,7.99638
0.00693614,8.01164
0.00694165,8.02696
0.00694729,8.04216
0.00695283,8.05748
0.00695535,8.07279
0.00696089,8.08805
0.00696346,8.10337
0.00696888,8.11869
0.00697424,8.13407
0.00697678,8.14939
0.00698226,8.16471
0.00698748,8.18016
0.00699245,8.19572
0.00699432,8.21134
0.00699905,8.22697
0.00700373,8.24272
0.00700847,8.25834
0.00701378,8.27372
0.00701959,8.28892
0.0070254,8.30406
0.00703106,8.31925
0.00703681,8.33445
0.00704283,8.34953
0.00705183,8.36454
0.00705794,8.37956
0.00706417,8.39451
0.00707043,8.40946
0.00707609,8.42466
0.00708116,8.44017
0.00708623,8.45567
0.0070912,8.47123
0.00709636,8.48667
0.00710116,8.5023
0.00710598,8.51792
0.00711355,8.53355
0.00711805,8.54942
0.00712542,8.56517
0.00712977,8.58103
0.00713427,8.59678
0.00714145,8.61265
0.00714863,8.62852
0.00715277,8.64451
0.00715686,8.6605
0.00716115,8.67637
0.00716544,8.69224
0.0071697,8.70811
0.00717682,8.72398
0.00718112,8.73985
0.00718824,8.75572
0.00718964,8.77159
0.00719676,8.78758
0.00720093,8.80345
0.0072052,8.81932
0.00720937,8.83531
0.00721345,8.8513
0.00722057,8.86717
0.00722463,8.88316
0.00722865,8.89915
0.00723539,8.91526
0.00723641,8.93125
0.0072432,8.94737
0.00725,8.96336
0.00725375,8.97959
0.00726058,8.99559
0.00726439,9.0117
0.0072711,9.02781
0.00727774,9.04393
0.0072843,9.06016
0.00728782,9.0764
0.00729399,9.09275
0.00729713,9.10911
0.00730309,9.12559
0.00730893,9.14207
0.00731438,9.15879
0.00732261,9.17552
0.00732783,9.19236
0.00733575,9.20933
0.00733778,9.22618
0.00734288,9.24314
0.00734785,9.25999
0.0073531,9.27684
0.00735808,9.29368
0.00736606,9.31065
0.00736828,9.32749
0.00737377,9.3441
0.00737958,9.3607
0.00738527,9.3773
0.00739102,9.39378
0.00739668,9.41038
0.00740539,9.42698
0.00741102,9.44358
0.0074196,9.46019
0.00742592,9.47642
0.00743334,9.49217
0.00744055,9.50804
0.00744756,9.52403
0.00745489,9.5399
0.00746225,9.55564
0.0074697,9.57139
0.00748007,9.58714
0.00748472,9.60289
0.00749229,9.61851
0.00749935,9.6345
0.00750534,9.65098
0.00751121,9.66746
0.00751403,9.68406
0.00752249,9.70066
0.00752489,9.71739
0.00753008,9.73423
0.00753521,9.75108
0.00754331,9.76792
0.00754565,9.78477
0.00755081,9.80162
0.00755873,9.81846
0.00756098,9.83531
0.00756921,9.85203
0.00757171,9.86875
0.00758018,9.88548
0.00758566,9.90208
0.00759102,9.9188
0.0075963,9.93565
0.0076014,9.95249
0.00760625,9.96946
0.00761108,9.98655
0.00761862,10.0036
0.00762566,10.021
0.00762971,10.0383
0.00763653,10.0558
0.00764027,10.0732
0.00764698,10.0907
0.00765348,10.1083
0.00765722,10.1258
0.00766102,10.1433
0.00766775,10.1607
0.00767443,10.1782
0.00767839,10.1957
0.00768501,10.2131
0.00768897,10.2306
0.00769585,10.248
0.00769988,10.2654
0.00770781,10.2822
0.00771681,10.2973
0.00773028,10.3116
0.00774142,10.3255
0.00775322,10.3393
0.00776801,10.3529
0.00778046,10.3663
0.00779572,10.3797
0.00780836,10.393
0.00782105,10.4063
0.00783339,10.4197
0.0078449,10.4349
0.00785211,10.4508
0.00785893,10.4668
0.00786561,10.4829
0.00787228,10.4991
0.00787863,10.5154
0.00788781,10.5316
0.00789404,10.548
0.00790003,10.5644
0.00790575,10.581
0.00791428,10.5976
0.00792256,10.6144
0.00793085,10.6311
0.00793594,10.6479
0.00794435,10.6647
0.00794998,10.6813
0.00795561,10.6979
0.00796437,10.7143
0.00797325,10.7308
0.00798184,10.7474
0.0079875,10.764
0.00799596,10.7806
0.00800437,10.7973
0.00800964,10.8142
0.00801712,10.8313
0.00802162,10.8484
0.00802887,10.8656
0.00803578,10.883
0.0080426,10.9005
0.00804943,10.9178
0.00805317,10.9354
0.0080599,10.9529
0.00806631,10.9704
0.00807272,10.9881
0.00807922,11.0057
0.00808571,11.0233
0.00809218,11.0409
0.00809856,11.0585
0.00810497,11.0762
0.00810853,11.0937
0.00811499,11.1113
0.00812149,11.1289
0.00812808,11.1465
0.00813195,11.1639
0.00813878,11.1813
0.00814274,11.1987
0.00814965,11.216
0.00815383,11.2334
0.00816083,11.2507
0.00816491,11.268
0.00817204,11.2854
0.00817606,11.3027
0.00818321,11.32
0.00818729,11.3374
0.00819141,11.3547
0.00819835,11.3721
0.00820538,11.3894
0.00820953,11.4067
0.00821647,11.4241
0.00822055,11.4414
0.00822449,11.4588
0.00823137,11.4763
0.00823531,11.4936
0.00824225,11.5111
0.00824913,11.5284
0.00825593,11.5459
0.0082597,11.5633
0.00826635,11.5809
0.00827335,11.5982
0.00828032,11.6156
0.00828461,11.6328
0.00829192,11.65
0.00829913,11.6673
0.00830622,11.6846
0.00831346,11.7019
0.0083179,11.719
0.00832804,11.7362
0.00833525,11.7535
0.00834225,11.7709
0.00834616,11.7883
0.00835295,11.8056
0.00835954,11.8232
0.00836621,11.8407
0.00837277,11.8583
0.00837909,11.876
0.00838538,11.8937
0.00839172,11.9112
0.00839828,11.9288
0.00840466,11.9465
0.00841118,11.9641
0.00841768,11.9817
0.00842412,11.9992
0.00842762,12.0168
0.00843109,12.0345
0.00843762,12.0521
0.00844409,12.0697
0.00845061,12.0873
0.0084569,12.105
0.00846034,12.1225
0.00846651,12.1404
0.00847265,12.1581
0.008479,12.1758
0.0084852,12.1935
0.00849164,12.211
0.00849819,12.2286
0.00850472,12.2462
0.00851134,12.2637
0.00851786,12.2812
0.00852433,12.2988
0.00853077,12.3165
0.00853711,12.3341
0.00854325,12.3519
0.0085493,12.3696
0.00855517,12.3876
0.00856352,12.4056
0.00856906,12.4237
0.00857431,12.4419
0.00858235,12.4601
0.00858754,12.4783
0.00859246,12.4966
0.00859997,12.5151
0.00860453,12.5335
0.00860912,12.5521
0.00861645,12.5707
0.0086208,12.5892
0.00862783,12.6079
0.00863195,12.6267
0.00863898,12.6454
0.00864303,12.664
0.00864735,12.6827
0.00865185,12.7013
0.00865945,12.7197
0.00866422,12.738
0.00866905,12.7564
0.00867692,12.7748
0.00868198,12.7929
0.00868711,12.8113
0.00869516,12.8294
0.00870031,12.8476
0.00870547,12.8659
0.00871056,12.8841
0.00871563,12.9024
0.00872043,12.9208
0.0087252,12.9392
0.00873289,12.9576
0.00873481,12.9759
0.00874244,12.9944
0.00874721,13.0128
0.00875203,13.0311
0.0087568,13.0495
0.00876133,13.0681
0.00876884,13.0865
0.00877337,13.1051
0.0087779,13.1235
0.00878517,13.1422
0.00878938,13.1609
0.00879331,13.1797
0.00879721,13.1985
0.0088038,13.2174
0.00881024,13.2363
0.00881668,13.2554
0.00882004,13.2744
0.00882627,13.2934
0.00883241,13.3126
0.00883551,13.3318
0.00884156,13.3509
0.00884472,13.3701
0.00885047,13.3895
0.00885613,13.4088
0.00886168,13.4282
0.00886725,13.4476
0.0088725,13.4671
0.00887488,13.4867
0.00888012,13.5062
0.00888255,13.5257
0.00888768,13.5454
0.00889272,13.565
0.00889784,13.5846
0.00890018,13.6042
0.00890252,13.6238
0.00891069,13.6433
0.00891332,13.6627
0.0089189,13.6821
0.00892152,13.7015
0.00892697,13.7209
0.00892954,13.7405
0.00893511,13.7597
0.00894074,13.7792
0.00894626,13.7986
0.00894885,13.8181
0.00895695,13.8376
0.0089594,13.8572
0.00896449,13.8767
0.00896959,13.8963
0.0089746,13.916
0.00897957,13.9356
0.00898732,13.9554
0.00898935,13.9752
0.00899427,13.9949
0.00900175,14.0148
0.0090064,14.0345
0.00901364,14.0545
0.00902091,14.0746
0.00902806,14.0946
0.00903221,14.1146
0.00903915,14.1347
0.00904317,14.1549
0.0090497,14.1752
0.00905617,14.1955
0.00905974,14.2159
0.00906904,14.2363
0.00907238,14.2567
0.0090756,14.2772
0.00908153,14.2978
0.00908776,14.3183
0.00909419,14.3387
0.00910048,14.3591
0.00910412,14.3794
0.00911062,14.3998
0.00911729,14.42
0.00912126,14.4402
0.00912823,14.4603
0.00913517,14.4804
0.00913929,14.5005
0.00914316,14.5207
0.00914963,14.5411
0.00915329,14.5614
0.00915964,14.5818
0.00916605,14.6022
0.00916939,14.6227
0.00917529,14.6432
0.00918122,14.6638
0.00918402,14.6846
0.00918983,14.7052
0.00919588,14.7257
0.00920208,14.7462
0.00920831,14.7667
0.00921466,14.7871
0.00921801,14.8076
0.00922436,14.828
0.00923076,14.8484
0.0092372,14.8688
0.00924388,14.8889
0.00925043,14.9093
0.00925955,14.9297
0.00926605,14.9501
0.00927261,14.9703
0.00927961,14.9905
0.00928709,15.0104
0.00929472,15.0301
0.00930551,15.0498
0.00931326,15.0696
0.00932089,15.0893
0.00933156,15.1091
0.00933647,15.1288
0.00934389,15.1487
0.00935391,15.1688
0.00936073,15.1889
0.0093672,15.2093
0.00937346,15.2297
0.00937966,15.2502
0.00938594,15.2706
0.00939247,15.291
0.00939941,15.3111
0.00940687,15.331
0.00941449,15.3508
0.00942224,15.3705
0.00942993,15.3904
0.0094375,15.4101
0.00944519,15.4299
0.00945276,15.4497
0.00946018,15.4696
0.00946745,15.4896
0.00947419,15.5099
0.00948024,15.5304
0.00948763,15.5503
0.00949961,15.5694
0.00950861,15.5886
0.00952077,15.6075
0.00952995,15.6267
0.00953895,15.6459
0.00955087,15.6649
0.00955981,15.6841
0.00957161,15.7033
0.00958353,15.7225
0.00959379,15.7424
0.00959939,15.7632
0.00960744,15.7842
0.00961223,15.8053
0.00961971,15.8265
0.0096243,15.8478
0.00963175,15.869
0.00963622,15.8904
0.00964338,15.9117
0.00964764,15.9331
0.00965163,15.9547
0.00965875,15.9761
0.00966314,15.9974
0.00966764,16.0187
0.009675,16.04
0.00968257,16.0613
0.00968441,16.0824
0.00968906,16.1036
0.00969382,16.1247
0.00970142,16.146
0.00970625,16.1671
0.00971081,16.1883
0.00971823,16.2096
0.00972255,16.2309
0.00972699,16.2523
0.0097343,16.2737
0.00973856,16.295
0.00974285,16.3164
0.00974997,16.3377
0.00975411,16.3592
0.00975835,16.3806
0.00976565,16.402
0.00976967,16.4234
0.0097767,16.4449
0.00978356,16.4665
0.00979038,16.488
0.00979423,16.5096
0.00979813,16.5312
0.00980499,16.5527
0.00981163,16.5744
0.00981527,16.5961
0.00981877,16.6179
0.00982843,16.6394
0.00983236,16.661
0.00983907,16.6826
0.00984269,16.7043
0.00984909,16.7261
0.00985532,16.7479
0.00986152,16.7698
0.00986805,16.7915
0.00987458,16.8132
0.00988098,16.8349
0.00988447,16.8567
0.00989079,16.8785
0.00989422,16.9002
0.00990053,16.9221
0.00990405,16.9438
0.00990764,16.9656
0.0099142,16.9873
0.00992058,17.009
0.00992402,17.0307
0.00993048,17.0525
0.00993378,17.0743
0.00993968,17.0964
0.00994547,17.1185
0.00994806,17.1406
0.00995629,17.1629
0.0099615,17.1853
0.00996663,17.2076
0.00997143,17.2301
0.00997602,17.2526
0.00998025,17.2755
0.00998442,17.2983
0.00998842,17.3212
0.00999524,17.3442
0.00999917,17.367
0.0100031,17.39
0.0100096,17.413
0.0100159,17.4362
0.0100191,17.4595
0.0100251,17.4829
0.0100312,17.5062
0.0100344,17.5295
0.0100411,17.5524
0.0100451,17.5754
0.0100521,17.5982
0.0100589,17.6212
0.0100662,17.6439
0.0100707,17.6666
0.0100781,17.6892
0.0100829,17.7116
0.0100878,17.7342
0.0100955,17.7567
0.0100999,17.7794
0.0101044,17.8021
0.0101092,17.8245
0.010117,17.847
0.0101217,17.8696
0.0101272,17.8922
0.0101329,17.9146
0.0101383,17.9373
0.0101438,17.9599
0.0101496,17.9824
0.0101583,18.0048
0.0101667,18.0274
0.0101749,18.0501
0.01018,18.073
0.0101852,18.0958
0.0101931,18.1186
0.010201,18.1414
0.0102062,18.1641
0.010214,18.1871
0.0102185,18.2102
0.0102257,18.2334
0.0102299,18.2565
0.010237,18.2799
0.010244,18.3032
0.0102507,18.3266
0.0102575,18.3499
0.0102613,18.3734
0.0102679,18.3968
0.0102747,18.4202
0.0102819,18.4434
0.0102892,18.4666
0.0102967,18.4896
0.0103019,18.5124
0.0103102,18.535
0.0103188,18.5576
0.0103247,18.58
0.0103307,18.6024
0.0103397,18.6247
0.0103459,18.6469
0.0103546,18.6694
0.0103603,18.6918
0.0103688,18.7144
0.0103768,18.7373
0.0103847,18.7602
0.0103894,18.7832
0.0103968,18.8062
0.0104041,18.8294
0.0104111,18.8526
0.0104152,18.8759
0.0104221,18.8992
0.0104288,18.9227
0.0104355,18.9461
0.0104419,18.9698
0.0104509,18.9935
0.0104571,19.0172
0.0104631,19.041
0.0104687,19.0649
0.0104743,19.0888
0.0104796,19.113
0.0104848,19.1372
0.010493,19.1612
0.0104981,19.1855
0.0105062,19.2095
0.0105113,19.2338
0.0105164,19.258
0.0105216,19.2822
0.01053,19.3061
0.0105357,19.3302
0.0105414,19.3541
0.0105475,19.3778
0.0105536,19.4014
0.0105597,19.4251
0.0105631,19.4488
0.0105694,19.4724
0.0105787,19.496
0.0105821,19.5196
0.0105884,19.5433
0.0105946,19.5668
0.0106036,19.5907
0.0106067,19.6145
0.0106127,19.6381
0.0106187,19.6619
0.0106245,19.6859
0.0106304,19.7097
0.0106363,19.7335
0.010642,19.7574
0.0106477,19.7813
0.0106534,19.8053
0.0106592,19.8291
0.0106649,19.853
0.0106704,19.877
0.0106759,19.9011
0.0106813,19.9251
0.0106865,19.9493
0.0106943,19.9736
0.0106993,19.9979
0.0107068,20.0223
0.0107114,20.0467
0.0107189,20.0711
0.0107265,20.0955
0.0107314,20.1198
0.0107393,20.1441
0.0107446,20.1682
0.01075,20.1922
0.0107587,20.2161
0.0107645,20.2401
0.0107706,20.2637
0.0107795,20.2876
0.0107828,20.3112
0.0107889,20.3349
0.0107978,20.3587
0.0108038,20.3825
0.0108097,20.4063
0.0108154,20.4303
0.0108211,20.4542
0.0108295,20.4781
0.010832,20.5022
0.0108402,20.5263
0.0108483,20.5505
0.0108562,20.5747
0.0108613,20.599
0.0108691,20.6232
0.0108771,20.6474
0.0108851,20.6717
0.010893,20.6959
0.0108981,20.7202
0.010906,20.7443
0.0109141,20.7685
0.0109192,20.7927
0.0109302,20.817
0.010935,20.8413
0.0109428,20.8656
0.0109503,20.89
0.0109576,20.9145
0.0109648,20.9392
0.010972,20.9637
0.0109793,20.9882
0.0109868,21.0128
0.0109943,21.0372
0.0110017,21.0617
0.0110092,21.0861
0.011014,21.1105
0.0110218,21.1348
0.01103,21.1589
0.0110356,21.1829
0.0110469,21.2069
0.0110524,21.2309
0.0110579,21.255
0.0110635,21.2789
0.0110723,21.3027
0.0110782,21.3265
0.0110872,21.3503
0.0110933,21.374
0.0110995,21.3977
0.0111086,21.4213
0.0111148,21.445
0.0111239,21.4687
0.01113,21.4924
0.011136,21.5162
0.0111419,21.54
0.0111505,21.5639
0.0111591,21.5878
0.0111643,21.612
0.0111695,21.6362
0.0111772,21.6605
0.0111851,21.6848
0.0111928,21.7091
0.0111977,21.7335
0.0112055,21.7578
0.0112104,21.7821
0.0112183,21.8062
0.0112233,21.8305
0.0112313,21.8547
0.0112363,21.879
0.0112442,21.9033
0.0112492,21.9276
0.0112571,21.9517
0.0112622,21.976
0.0112701,22.0002
0.011275,22.0245
0.0112799,22.0488
0.011285,22.0731
0.0112931,22.0971
0.0112984,22.1213
0.0113037,22.1455
0.0113117,22.1696
0.0113166,22.1939
0.0113246,22.2181
0.0113297,22.2424
0.0113377,22.2666
0.0113426,22.2908
0.0113503,22.3151
0.0113579,22.3397
0.0113625,22.3641
0.0113701,22.3885
0.0113775,22.4129
0.0113851,22.4373
0.0113895,22.462
0.0113966,22.4865
0.0114003,22.5114
0.011407,22.5363
0.0114136,22.5612
0.01142,22.5861
0.0114262,22.6113
0.0114322,22.6364
0.0114385,22.6615
0.0114446,22.6866
0.0114508,22.7116
0.0114571,22.7366
0.0114636,22.7617
0.0114675,22.7863
0.0114749,22.8109
0.0114799,22.8352
0.011488,22.8593
0.0114935,22.8834
0.0115019,22.9073
0.0115075,22.9314
0.0115161,22.9552
0.0115218,22.9791
0.0115335,23.003
0.0115422,23.0268
0.0115474,23.051
0.0115557,23.075
0.0115612,23.0991
0.0115695,23.1231
0.0115749,23.1472
0.011583,23.1713
0.0115911,23.1955
0.0115991,23.2197
0.0116043,23.2439
0.0116121,23.2683
0.01162,23.2924
0.0116274,23.317
0.0116317,23.3415
0.0116416,23.3662
0.0116455,23.3909
0.0116525,23.4157
0.0116593,23.4405
0.0116659,23.4654
0.0116754,23.4902
0.0116822,23.5151
0.0116858,23.54
0.0116925,23.5649
0.0116991,23.5897
0.0117059,23.6145
0.0117127,23.6394
0.0117165,23.6641
0.0117235,23.6888
0.0117277,23.7135
0.0117379,23.738
0.0117422,23.7626
0.0117493,23.7872
0.0117564,23.8118
0.0117606,23.8365
0.0117676,23.8612
0.0117747,23.8858
0.0117817,23.9106
0.0117886,23.9353
0.0117952,23.9602
0.0118017,23.9851
0.0118108,24.0102
0.0118169,24.0354
0.011823,24.0604
0.0118288,24.0856
0.0118374,24.111
0.0118427,24.1366
0.0118509,24.1621
0.0118588,24.1877
0.0118635,24.2136
0.0118711,24.2393
0.0118785,24.2652
0.0118859,24.2911
0.0118932,24.3171
0.0119006,24.343
0.0119049,24.369
0.0119123,24.3949
0.0119198,24.4207
0.0119272,24.4466
0.0119319,24.4725
0.0119395,24.4982
0.0119475,24.5239
0.0119503,24.5491
0.011959,24.5744
0.0119648,24.5998
0.0119736,24.625
0.0119795,24.6502
0.0119856,24.6754
0.0119946,24.7004
0.0120008,24.7255
0.0120097,24.7507
0.0120153,24.7761
0.0120234,24.8016
0.0120285,24.8272
0.0120364,24.8529
0.0120412,24.8786
0.0120489,24.9044
0.0120564,24.9303
0.0120639,24.9561
0.0120685,24.982
0.0120759,25.0079
0.0120805,25.0338
0.0120877,25.0598
0.0120947,25.0859
0.0121017,25.1119
0.0121088,25.138
0.0121156,25.1641
0.0121198,25.1903
0.0121271,25.2161
0.0121344,25.2421
0.0121419,25.268
0.0121493,25.2939
0.0121569,25.3197
0.0121619,25.3453
0.0121699,25.3709
0.012178,25.3964
0.0121835,25.422
0.0121916,25.4475
0.0121968,25.4731
0.0122049,25.4986
0.012213,25.5241
0.0122212,25.5496
0.0122264,25.5753
0.0122315,25.6009
0.0122393,25.6265
0.0122467,25.6524
0.0122544,25.6783
0.0122617,25.7042
0.0122688,25.7303
0.0122756,25.7564
0.0122823,25.7827
0.0122887,25.809
0.0122952,25.8354
0.0123015,25.8618
0.0123105,25.8883
0.0123195,25.9149
0.0123255,25.9415
0.012331,25.9682
0.0123396,25.9951
0.012345,26.0218
0.0123535,26.0487
0.012359,26.0755
0.0123676,26.1022
0.0123734,26.1289
0.0123823,26.1555
0.0123887,26.1818
0.0123948,26.2083
0.0124016,26.2346
0.0124084,26.2607
0.0124158,26.2867
0.0124234,26.3125
0.0124312,26.3381
0.0124392,26.3637
0.012447,26.3895
0.012455,26.4151
0.0124629,26.4408
0.0124714,26.4661
0.0124798,26.4915
0.0124883,26.5169
0.0124965,26.5424
0.0125045,26.5681
0.0125125,26.5937
0.0125203,26.6193
0.0125282,26.645
0.0125389,26.6707
0.0125465,26.6965
0.0125541,26.7224
0.0125614,26.7482
0.0125688,26.7742
0.0125791,26.8001
0.0125867,26.8259
0.0125973,26.8516
0.012605,26.8774
0.0126128,26.9032
0.0126206,26.9289
0.0126317,26.9544
0.0126403,26.9797
0.0126489,27.0051
0.0126576,27.0302
0.0126664,27.0555
0.0126723,27.0808
0.0126809,27.106
0.0126898,27.1313
0.0126959,27.1564
0.0127046,27.1817
0.0127131,27.207
0.0127182,27.2326
0.0127258,27.2585
0.0127333,27.2843
0.0127435,27.3103
0.0127507,27.3363
0.0127577,27.3624
0.0127644,27.3886
0.0127737,27.415
0.0127801,27.4414
0.0127863,27.4678
0.0127923,27.4945
0.0128013,27.521
0.0128073,27.5476
0.012813,27.5743
0.0128214,27.601
0.0128271,27.6278
0.0128323,27.6547
0.0128405,27.6817
0.0128486,27.7087
0.0128566,27.7357
0.012862,27.7625
0.0128706,27.7893
0.0128765,27.8159
0.0128824,27.8425
0.0128884,27.8691
0.0128973,27.8957
0.0129036,27.9221
0.0129099,27.9486
0.0129192,27.9749
0.012923,28.0012
0.0129327,28.0274
0.0129392,28.0537
0.0129428,28.08
0.0129494,28.1064
0.0129588,28.1326
0.0129625,28.1589
0.0129692,28.1853
0.0129757,28.2115
0.0129823,28.2379
0.0129887,28.2642
0.012995,28.2907
0.0130011,28.3172
0.0130099,28.3438
0.0130129,28.3704
0.0130216,28.3972
0.0130271,28.4239
0.0130353,28.4509
0.0130406,28.4777
0.0130489,28.5046
0.0130537,28.5318
0.0130617,28.5588
0.0130666,28.5859
0.0130744,28.613
0.0130796,28.64
0.0130879,28.6669
0.0130936,28.6936
0.0130996,28.7202
0.0131087,28.7467
0.013115,28.773
0.0131217,28.7994
0.0131283,28.8256
0.013135,28.8519
0.0131418,28.878
0.0131514,28.9043
0.013158,28.9306
0.0131671,28.9571
0.0131731,28.9836
0.013182,29.0102
0.0131877,29.0369
0.0131965,29.0636
0.0132052,29.0903
0.0132111,29.1169
0.0132197,29.1436
0.013231,29.1705
0.0132365,29.1972
0.0132447,29.2242
0.0132498,29.2512
0.0132605,29.2783
0.0132685,29.3054
0.013276,29.3326
0.0132833,29.3599
0.0132906,29.3873
0.0132975,29.4149
0.0133046,29.4423
0.0133122,29.4696
0.0133199,29.4967
0.0133278,29.5238
0.013336,29.5507
0.0133411,29.5777
0.0133493,29.6045
0.013358,29.6313
0.013367,29.6578
0.0133734,29.6841
0.013383,29.7104
0.0133923,29.7367
0.0133991,29.763
0.0134094,29.7889
0.013417,29.8147
0.0134249,29.8404
0.0134361,29.8659
0.0134441,29.8914
0.0134579,29.917
0.0134659,29.9427
0.0134767,29.9684
0.0134845,29.9941
0.0134951,30.0198
0.013505,30.0459
0.0135117,30.0722
0.013521,30.0986
0.0135299,30.1252
0.0135358,30.1518
0.0135443,30.1785
0.0135526,30.2054
0.0135608,30.2324
0.0135687,30.2595
0.0135734,30.2866
0.0135809,30.3139
0.0135855,30.3411
0.0135932,30.3682
0.0136008,30.3954
0.0136055,30.4227
0.0136131,30.4499
0.0136179,30.477
0.0136257,30.5042
0.0136337,30.5312
0.0136388,30.5582
0.0136469,30.5851
0.013652,30.6122
0.0136569,30.6393
0.0136619,30.6663
0.0136728,30.6934
0.0136776,30.7205
0.0136853,30.7477
0.0136927,30.775
0.0137001,30.8023
0.0137075,30.8296
0.0137148,30.857
0.013725,30.8843
0.0137323,30.9117
0.0137393,30.9391
0.0137464,30.9666
0.0137537,30.9939
0.0137609,31.0214
0.0137682,31.0488
0.013778,31.0762
0.0137848,31.1039
0.0137948,31.1314
0.0138019,31.1589
0.0138118,31.1863
0.0138162,31.2137
0.0138264,31.241
0.0138339,31.2682
0.0138389,31.2953
0.0138469,31.3223
0.0138557,31.3489
0.0138589,31.3755
0.0138708,31.402
0.0138771,31.4284
0.0138866,31.4548
0.0138933,31.481
0.0139028,31.5073
0.0139094,31.5335
0.0139188,31.5599
0.0139253,31.5862
0.0139344,31.6127
0.0139407,31.6392
0.0139499,31.6656
0.0139531,31.6921
0.0139648,31.7188
0.0139707,31.7454
0.0139797,31.7719
0.0139858,31.7985
0.0139945,31.8251
0.0140032,31.8517
0.0140121,31.8785
0.0140208,31.9051
0.0140298,31.9316
0.0140389,31.9581
0.0140454,31.9844
0.014055,32.0107
0.0140619,32.0368
0.0140716,32.063
0.0140788,32.089
0.014089,32.115
0.0140964,32.1409
0.0141041,32.1667
0.0141119,32.1923
0.0141224,32.2182
0.01413,32.2439
0.0141403,32.2698
0.0141505,32.2958
0.0141576,32.3218
0.0141647,32.3479
0.0141745,32.3741
0.0141813,32.4003
0.0141905,32.4267
0.0141994,32.4533
0.0142056,32.4798
0.0142145,32.5063
0.0142232,32.533
0.0142319,32.5597
0.0142378,32.5864
0.0142493,32.6131
0.014255,32.6398
0.0142636,32.6666
0.014272,32.6933
0.0142806,32.72
0.014289,32.7469
0.0142975,32.7736
0.0143059,32.8005
0.0143116,32.8272
0.0143201,32.8539
0.0143317,32.8807
0.0143376,32.9073
0.0143437,32.9338
0.014353,32.9603
0.0143597,32.9865
0.0143663,33.0127
0.0143732,33.0389
0.0143802,33.065
0.0143871,33.0911
0.014394,33.1172
0.0144014,33.1431
0.0144086,33.1691
0.0144157,33.1952
0.0144257,33.2212
0.0144328,33.2472
0.0144399,33.2734
0.0144499,33.2994
0.0144571,33.3254
0.014464,33.3515
0.0144711,33.3776
0.0144778,33.4039
0.0144872,33.4301
0.0144938,33.4565
0.0145,33.483
0.0145091,33.5094
0.0145181,33.5359
0.0145242,33.5625
0.0145298,33.5893
0.0145384,33.616
0.0145441,33.6427
0.0145495,33.6696
0.014558,33.6963
0.0145666,33.7231
0.0145723,33.7498
0.0145806,33.7767
0.0145862,33.8035
0.0145921,33.83
0.0145985,33.8565
0.014605,33.8829
0.0146113,33.9092
0.0146176,33.9356
0.0146241,33.962
0.0146334,33.9883
0.0146398,34.0148
0.014649,34.0412
0.0146551,34.0678
0.0146634,34.0947
0.0146686,34.1215
0.0146764,34.1487
0.0146812,34.1758
0.014689,34.2029
0.0146963,34.2303
0.0147004,34.2579
0.01471,34.2854
0.0147164,34.3132
0.0147231,34.3409
0.0147293,34.3688
0.0147353,34.3968
0.0147443,34.4246
0.0147504,34.4527
0.0147562,34.4808
0.0147651,34.5087
0.0147711,34.5367
0.0147775,34.5645
0.0147844,34.592
0.0147943,34.6196
0.0148018,34.6468
0.0148066,34.6739
0.0148144,34.701
0.0148225,34.728
0.0148278,34.7549
0.0148361,34.7818
0.0148443,34.8088
0.0148523,34.8357
0.0148602,34.8627
0.014868,34.8899
0.0148756,34.917
0.0148832,34.9444
0.0148907,34.9716
0.0148982,34.9988
0.0149056,35.0262
0.0149132,35.0534
0.0149208,35.0806
0.0149284,35.1077
0.0149361,35.1349
0.0149441,35.1619
0.0149546,35.1891
0.014962,35.2165
0.0149694,35.2438
0.0149798,35.271
0.0149874,35.2983
0.0149979,35.3255
0.0150056,35.3526
0.0150133,35.3798
0.0150209,35.4069
0.0150284,35.4343
0.0150362,35.4614
0.0150444,35.4883
0.0150497,35.5152
0.0150582,35.542
0.0150664,35.5689
0.0150745,35.5959
0.0150826,35.6229
0.0150906,35.6498
0.0150984,35.6769
0.0151063,35.704
0.0151142,35.7311
0.0151248,35.7582
0.0151293,35.7856
0.0151364,35.813
0.0151463,35.8405
0.0151535,35.868
0.0151635,35.8954
0.0151705,35.9229
0.0151775,35.9504
0.0151871,35.978
0.0151938,36.0057
0.0152005,36.0334
0.0152099,36.061
0.0152194,36.0888
0.0152261,36.1164
0.0152354,36.1442
0.0152446,36.172
0.0152513,36.1996
0.015258,36.2273
0.0152653,36.2547
0.0152756,36.2819
0.0152833,36.3091
0.0152913,36.3361
0.0152996,36.363
0.0153051,36.3898
0.0153137,36.4166
0.0153259,36.4429
0.0153352,36.4694
0.0153416,36.4958
0.0153539,36.5221
0.015363,36.5485
0.0153723,36.5749
0.0153788,36.6012
0.0153881,36.6277
0.015398,36.6537
0.0154082,36.6797
0.0154181,36.7059
0.015431,36.7319
0.0154411,36.7579
0.0154512,36.7839
0.0154612,36.81
0.0154711,36.836
0.0154809,36.8621
0.0154908,36.8882
0.0155028,36.9147
0.0155116,36.9415
0.015523,36.9682
0.0155316,36.9949
0.0155402,37.0217
0.0155487,37.0484
0.0155607,37.0749
0.0155699,37.1014
0.0155765,37.1276
0.0155862,37.1539
0.0155934,37.1799
0.0156037,37.2057
0.0156142,37.2315
0.015622,37.2573
0.0156326,37.283
0.0156434,37.3086
0.015651,37.3344
0.0156614,37.3603
0.0156717,37.3863
0.0156792,37.412
0.0156897,37.4379
0.0157003,37.4637
0.015714,37.4893
0.0157244,37.5152
0.0157349,37.5411
0.0157451,37.5669
0.0157551,37.5931
0.0157681,37.6189
0.0157782,37.6451
0.0157909,37.6712
0.0158003,37.6974
0.0158097,37.7238
0.0158189,37.7503
0.0158282,37.7767
0.0158406,37.8029
0.0158501,37.8293
0.0158598,37.8554
0.0158695,37.8816
0.0158792,37.9078
0.015889,37.934
0.0158959,37.9601
0.0159087,37.9863
0.0159158,38.0123
0.015926,38.0383
0.0159336,38.064
0.0159439,38.0899
0.0159517,38.1157
0.0159624,38.1414
0.0159704,38.1669
0.0159816,38.1924
0.0159933,38.2177
0.0160029,38.2425
0.016016,38.267
0.0160297,38.2913
0.016044,38.3152
0.0160564,38.3388
0.0160726,38.3619
0.01609,38.3843
0.0161084,38.4063
0.0161247,38.4279
0.0161448,38.449
0.0161658,38.4698
0.0161882,38.4899
0.0162087,38.5094
0.0162335,38.5284
0.0162571,38.5464
0.0162855,38.5636
0.0185285,37.509
