"Maximum force",35.5364,"N"
"Gage length ",0.929962,"mm"
"Strain energy",0.268154,"mJ"
"Deformation at maximum force",0.0166592,"mm"
"Standard travel","Standard force"
"mm","N"
0,0.176182
1.8999e-006,0.176659
3.78489e-006,0.177145
2.86475e-006,0.177584
5.04032e-006,0.177929
7.18608e-006,0.178289
6.29574e-006,0.178711
8.23289e-006,0.179167
6.97374e-006,0.17977
8.58307e-006,0.18038
7.41333e-006,0.180937
6.28829e-006,0.181467
8.16584e-006,0.181955
1.00285e-005,0.182447
8.96305e-006,0.182959
7.91997e-006,0.183451
7.19354e-006,0.183798
9.08598e-006,0.184275
8.24779e-006,0.184675
7.38725e-006,0.185081
9.63733e-006,0.185389
9.31695e-006,0.185545
9.11765e-006,0.185639
9.11753e-006,0.185639
1.19637e-005,0.185663
1.16619e-005,0.185812
1.13136e-005,0.185976
1.1247e-005,0.186008
1.11478e-005,0.186055
1.10982e-005,0.186078
1.38251e-005,0.186156
1.38392e-005,0.186156
1.37567e-005,0.186196
1.35751e-005,0.186281
1.30797e-005,0.186516
1.27649e-005,0.186666
1.50746e-005,0.186946
1.45642e-005,0.18719
1.42326e-005,0.187347
1.40184e-005,0.187449
1.38862e-005,0.187512
1.33423e-005,0.187769
1.27798e-005,0.188036
1.22024e-005,0.188311
1.18689e-005,0.188467
1.15542e-005,0.188616
1.14387e-005,0.188672
1.14383e-005,0.188672
1.15864e-005,0.188602
1.18845e-005,0.18846
1.50435e-005,0.188335
1.54179e-005,0.188163
1.55846e-005,0.188084
1.57001e-005,0.188029
1.59152e-005,0.187927
1.63436e-005,0.187724
1.69061e-005,0.187459
1.72209e-005,0.187308
1.73532e-005,0.187246
1.71073e-005,0.187363
1.66603e-005,0.187574
1.61164e-005,0.187832
1.56526e-005,0.188052
1.52875e-005,0.188225
1.49075e-005,0.188405
1.45778e-005,0.188562
1.41308e-005,0.188773
1.37341e-005,0.188961
1.31902e-005,0.189219
1.547e-005,0.189509
1.49224e-005,0.189776
1.45909e-005,0.189933
1.73327e-005,0.190003
2.00149e-005,0.190113
1.9956e-005,0.190145
2.26084e-005,0.190262
2.22508e-005,0.190435
2.47244e-005,0.190638
2.72427e-005,0.190818
2.70722e-005,0.190905
2.97693e-005,0.190999
3.25112e-005,0.191077
3.53573e-005,0.191108
3.81587e-005,0.191155
4.05876e-005,0.191382
4.27333e-005,0.191743
4.48344e-005,0.192126
4.68312e-005,0.192557
4.89024e-005,0.192948
5.08843e-005,0.193387
5.29555e-005,0.193787
5.48554e-005,0.194266
5.94152e-005,0.194854
6.10618e-005,0.195456
6.26562e-005,0.196074
6.4273e-005,0.196685
6.60239e-005,0.197234
7.08518e-005,0.197697
7.28188e-005,0.198144
7.80938e-005,0.198403
8.04333e-005,0.198668
8.54103e-005,0.199061
8.73623e-005,0.199515
9.22201e-005,0.199969
9.43063e-005,0.200362
9.94025e-005,0.200698
0.000104409,0.201073
0.000106391,0.201522
0.000111159,0.202014
0.000115719,0.202609
0.000117068,0.203345
0.00012124,0.204112
0.000125383,0.204913
0.000129317,0.205806
0.00013331,0.206668
0.000134435,0.207515
0.000138578,0.208297
0.000142661,0.209113
0.000146445,0.210086
0.000149962,0.211169
0.000153389,0.212298
0.000157085,0.213305
0.00016087,0.214267
0.000167605,0.215209
0.000171226,0.216239
0.000174877,0.217269
0.000178528,0.218291
0.000182193,0.219313
0.000185904,0.220305
0.000189644,0.221289
0.00019629,0.222274
0.000200164,0.223193
0.000204158,0.224047
0.000208419,0.224784
0.000212592,0.225558
0.000216436,0.2265
0.000219834,0.227645
0.000226003,0.22885
0.000229266,0.230063
0.000232425,0.231314
0.000235778,0.232482
0.000238937,0.233741
0.000241962,0.235061
0.000247624,0.23651
0.000250426,0.237937
0.000253242,0.239356
0.000256252,0.240691
0.000259262,0.242011
0.000265282,0.243293
0.000268739,0.244407
0.000275087,0.245528
0.00027841,0.246711
0.000284549,0.247924
0.000287872,0.249122
0.000294041,0.250327
0.00030036,0.251464
0.000303697,0.252639
0.000309837,0.253852
0.00031316,0.255042
0.000319239,0.256278
0.000325289,0.257552
0.000331101,0.258933
0.000333664,0.260474
0.000339028,0.262053
0.000344243,0.263717
0.000349369,0.265418
0.000354615,0.267066
0.000357014,0.268691
0.000365001,0.270415
0.000366819,0.272315
0.000368644,0.274199
0.000376393,0.27603
0.000381399,0.277785
0.00038356,0.279525
0.000388537,0.281295
0.000393663,0.282996
0.000398819,0.28469
0.000404094,0.286322
0.000409399,0.28794
0.000414704,0.289557
0.000419681,0.291327
0.000424807,0.293036
0.000430022,0.2947
0.000435237,0.296347
0.000440661,0.297919
0.000445817,0.299605
0.000450854,0.301352
0.000458602,0.303191
0.000460383,0.305106
0.000467863,0.307059
0.000472602,0.308944
0.000476953,0.311019
0.000481334,0.313063
0.000488606,0.315123
0.000492868,0.317244
0.000496951,0.319442
0.000503567,0.321807
0.000507232,0.324218
0.000513997,0.326506
0.00051811,0.328704
0.000522223,0.33087
0.000529465,0.332961
0.000533607,0.335128
0.000537511,0.337416
0.000544426,0.339644
0.000548568,0.341811
0.000555751,0.343917
0.000559953,0.346068
0.000566867,0.348296
0.000573751,0.350539
0.000577745,0.352782
0.000584569,0.355056
0.000588414,0.35736
0.00059506,0.359725
0.000598636,0.362166
0.000602197,0.364608
0.000605744,0.367064
0.000609186,0.369567
0.000615504,0.372069
0.000621733,0.374633
0.000624907,0.377257
0.000628066,0.379897
0.000634056,0.382567
0.000640106,0.385207
0.000643042,0.387954
0.000648942,0.39067
0.000652087,0.393309
0.000658494,0.395766
0.000661877,0.398314
0.000665229,0.400863
0.000671309,0.403487
0.000674438,0.406127
0.000680697,0.408675
0.000687104,0.411147
0.00069071,0.413573
0.000697088,0.416045
0.000703466,0.418547
0.000709396,0.421233
0.000715387,0.423903
0.000721228,0.42665
0.00072701,0.429427
0.000732881,0.432143
0.000738543,0.434981
0.00074133,0.437789
0.000747022,0.440612
0.000752595,0.443465
0.000755098,0.446425
0.000760612,0.449309
0.000765916,0.4523
0.000771341,0.455245
0.000776914,0.458114
0.000782159,0.46115
0.000784677,0.46408
0.000790041,0.467055
0.000798327,0.47
0.00080378,0.47293
0.000806373,0.475829
0.000811767,0.478789
0.000820172,0.481673
0.000825625,0.484603
0.000831198,0.487487
0.000837129,0.490187
0.000842821,0.492995
0.000848454,0.495833
0.000853729,0.498839
0.000861895,0.50186
0.0008672,0.504851
0.000872266,0.507964
0.000877303,0.511092
0.000882339,0.514205
0.000887048,0.517485
0.000891459,0.520903
0.00089578,0.524367
0.000902694,0.527983
0.000906777,0.531554
0.000910949,0.535094
0.000918072,0.538604
0.000922423,0.542052
0.000929785,0.54544
0.000931752,0.548644
0.000939679,0.551757
0.000944805,0.554854
0.00095002,0.557891
0.000958365,0.56082
0.000963819,0.56375
0.000972044,0.566726
0.000977409,0.569701
0.000985694,0.572646
0.000994038,0.575591
0.000998837,0.578826
0.00100331,0.582228
0.00101055,0.585677
0.00101755,0.589248
0.00102161,0.592833
0.00102855,0.596434
0.0010326,0.60002
0.0010363,0.603789
0.00104277,0.607604
0.00104613,0.61151
0.00105236,0.615447
0.00105862,0.619353
0.00106184,0.623351
0.00106798,0.627318
0.00107421,0.631255
0.00107766,0.635146
0.00108696,0.638991
0.00109052,0.642821
0.00109687,0.646697
0.0011031,0.650634
0.00110657,0.654494
0.00111319,0.658248
0.00112019,0.661818
0.00112714,0.665419
0.0011339,0.669097
0.00114061,0.672805
0.00114725,0.676543
0.00115396,0.680251
0.00115756,0.68405
0.00116415,0.687819
0.00116796,0.691512
0.00117458,0.695281
0.00118096,0.699126
0.0011844,0.703017
0.0011906,0.706954
0.00119665,0.710982
0.00119966,0.715071
0.00120553,0.719161
0.00121176,0.723098
0.00121793,0.727065
0.00122404,0.731063
0.00122721,0.735061
0.00123036,0.739089
0.00123647,0.743056
0.00124266,0.747023
0.00124877,0.751021
0.00125488,0.754988
0.00126102,0.758986
0.00126713,0.762984
0.00127327,0.766951
0.00127932,0.77098
0.00128513,0.7751
0.00129088,0.77925
0.00129658,0.783461
0.00129945,0.787612
0.00130556,0.79161
0.00131462,0.795546
0.00131783,0.799544
0.00132659,0.803664
0.00132948,0.807814
0.00133511,0.812026
0.0013408,0.816207
0.00134927,0.820479
0.00135484,0.824732
0.00136038,0.828973
0.0013659,0.833246
0.00137111,0.83764
0.00137922,0.842096
0.00138425,0.846582
0.00138929,0.851068
0.0013943,0.855585
0.00140217,0.860132
0.00140714,0.864649
0.0014123,0.869104
0.00141728,0.873621
0.00142198,0.87829
0.00142684,0.882868
0.00143188,0.887354
0.00143736,0.891657
0.00144595,0.895868
0.00145176,0.899988
0.00146076,0.903986
0.00146708,0.907892
0.00147336,0.911798
0.00147974,0.915659
0.00148904,0.919519
0.00149254,0.92338
0.00150142,0.927408
0.00150714,0.931589
0.00151257,0.935892
0.00152085,0.940256
0.0015261,0.94465
0.00153108,0.949197
0.00153894,0.953714
0.00154365,0.958383
0.00154824,0.963083
0.00155536,0.967966
0.00155978,0.972757
0.00156699,0.977609
0.00157137,0.982431
0.00157858,0.987253
0.00158278,0.992166
0.00158678,0.997171
0.00159342,1.00227
0.00160019,1.00733
0.00160409,1.01237
0.00160812,1.01734
0.00161503,1.02235
0.00162173,1.02741
0.00162537,1.0326
0.00163178,1.03782
0.00163513,1.0431
0.00164151,1.04835
0.00164774,1.05366
0.00165115,1.05894
0.00165747,1.06422
0.00166084,1.0695
0.00166709,1.07481
0.00167332,1.08012
0.00167669,1.0854
0.00168286,1.09074
0.00168629,1.09602
0.00169249,1.10133
0.00169581,1.10664
0.00170204,1.11195
0.0017053,1.11729
0.00171153,1.1226
0.00171764,1.12797
0.00172375,1.13334
0.00172974,1.13877
0.0017357,1.1442
0.0017416,1.1497
0.00174443,1.15522
0.00175027,1.16071
0.00175599,1.16627
0.00176187,1.17176
0.00176762,1.17729
0.00177328,1.18287
0.00177624,1.18836
0.001782,1.19389
0.00178778,1.19941
0.00179353,1.20497
0.00179925,1.21052
0.00180486,1.21613
0.00181046,1.22172
0.00181874,1.22743
0.00182414,1.23316
0.00182977,1.23875
0.00183817,1.24439
0.00184399,1.24992
0.00184989,1.25538
0.00185585,1.26081
0.00186202,1.26615
0.00186819,1.27152
0.00187435,1.27683
0.00188037,1.28227
0.00188645,1.28764
0.00189528,1.2931
0.00190118,1.29856
0.00190982,1.30412
0.00191545,1.3097
0.00192096,1.31538
0.00192615,1.32118
0.00193128,1.32701
0.00193625,1.33289
0.00194117,1.33885
0.00194898,1.34477
0.00195375,1.35078
0.00195849,1.35682
0.00196302,1.36292
0.00197047,1.36903
0.00197491,1.37519
0.00198236,1.3813
0.00198707,1.38734
0.00199216,1.3932
0.00200033,1.39897
0.00200554,1.40476
0.00201079,1.41053
0.00201872,1.41642
0.0020267,1.42225
0.00203174,1.42814
0.00203669,1.43406
0.00204461,1.43995
0.0020523,1.44593
0.00205961,1.45213
0.00206378,1.45841
0.00207057,1.46485
0.00207755,1.47117
0.00208166,1.47749
0.00208866,1.48383
0.00209269,1.49018
0.00209981,1.49644
0.00210404,1.50269
0.00211122,1.50892
0.00211557,1.51515
0.00211987,1.52137
0.00212708,1.5276
0.00213405,1.53391
0.00213816,1.54023
0.00214514,1.54658
0.00215196,1.55299
0.00215569,1.55949
0.00216207,1.56611
0.00216276,1.57267
0.00216902,1.57935
0.00217531,1.58601
0.00217884,1.5926
0.00218234,1.59919
0.00219152,1.60584
0.00219508,1.61244
0.00219887,1.61891
0.00220575,1.62528
0.00221252,1.63172
0.00221919,1.63822
0.00222587,1.64469
0.00222962,1.65116
0.00223618,1.65769
0.0022428,1.66419
0.00224938,1.67072
0.00225576,1.67735
0.00226199,1.68406
0.00226786,1.6909
0.00227106,1.69764
0.00227714,1.70442
0.00228316,1.71119
0.00228912,1.71803
0.00229494,1.72492
0.00229775,1.73185
0.00230628,1.73881
0.00230912,1.74574
0.00231776,1.75266
0.00232352,1.75956
0.00232912,1.76655
0.00233454,1.77363
0.00234006,1.78065
0.00234259,1.78773
0.00235081,1.79481
0.00235639,1.80183
0.00236214,1.80876
0.00236765,1.81577
0.00237308,1.82285
0.00238118,1.83003
0.0023864,1.8372
0.00239161,1.84437
0.00239674,1.85157
0.00240181,1.85883
0.00240973,1.86607
0.00241748,1.87345
0.00241915,1.8809
0.00242657,1.88841
0.00243116,1.89588
0.00243876,1.9033
0.00244332,1.91078
0.00244776,1.91831
0.00245223,1.92582
0.00245667,1.93336
0.002464,1.94093
0.0024683,1.94853
0.00247536,1.95622
0.00247953,1.96385
0.00248349,1.97163
0.00249044,1.97935
0.00250015,1.98713
0.00250409,1.99491
0.00251094,2.00269
0.0025178,2.01048
0.00252182,2.0182
0.00252865,2.02598
0.00253258,2.03376
0.00253937,2.04154
0.00254334,2.04933
0.00254995,2.0572
0.00255365,2.06507
0.00256018,2.07301
0.00256646,2.08106
0.00257251,2.08918
0.00257862,2.09736
0.00258455,2.10554
0.0025904,2.11378
0.00259609,2.12214
0.00259887,2.13044
0.00260454,2.13874
0.00261306,2.1471
0.00261595,2.1554
0.00262143,2.16383
0.00262722,2.17207
0.00263285,2.18043
0.00263884,2.18861
0.00264471,2.19685
0.00265052,2.20515
0.00265624,2.21345
0.00266185,2.22181
0.00266754,2.23011
0.00267326,2.23841
0.0026822,2.24659
0.00268539,2.25471
0.00269141,2.26289
0.00270023,2.27113
0.00270339,2.27925
0.00270953,2.28736
0.00271279,2.29542
0.00272197,2.30348
0.00272817,2.31159
0.0027344,2.31965
0.00274048,2.32777
0.00274665,2.33589
0.00275261,2.34406
0.00275848,2.3523
0.00276429,2.36061
0.00276733,2.36878
0.00277344,2.3769
0.00277949,2.38502
0.0027856,2.3932
0.0027915,2.40138
0.00279752,2.40956
0.00280324,2.41786
0.00280903,2.42616
0.0028149,2.4344
0.00282074,2.44264
0.00282634,2.451
0.00283179,2.45942
0.00283731,2.46784
0.00284267,2.47633
0.0028481,2.48475
0.0028534,2.4933
0.00285874,2.50178
0.00286398,2.51026
0.00286914,2.51887
0.00287438,2.52741
0.00287966,2.5359
0.0028849,2.54444
0.00289009,2.55299
0.00289518,2.56159
0.00290037,2.5702
0.00290824,2.57881
0.00291318,2.58753
0.00291828,2.59614
0.00292326,2.60481
0.00292821,2.61347
0.00293595,2.6222
0.00294066,2.63099
0.00294519,2.63984
0.00294981,2.64869
0.00295708,2.6576
0.00296143,2.66657
0.00296561,2.67561
0.0029724,2.68482
0.00297628,2.69398
0.00298277,2.70332
0.00298633,2.71266
0.00299259,2.72206
0.00299611,2.73139
0.00300499,2.74098
0.00300819,2.7505
0.00301424,2.76002
0.00301755,2.76948
0.00302372,2.77894
0.00302986,2.7884
0.00303588,2.79798
0.00303917,2.80744
0.00304277,2.81678
0.00304893,2.82624
0.00305528,2.83558
0.0030616,2.84504
0.00306822,2.85426
0.00307483,2.86353
0.00308157,2.87275
0.00308522,2.88203
0.00309192,2.89124
0.00309836,2.90058
0.00310471,2.90998
0.00311118,2.91932
0.0031149,2.9286
0.00312426,2.93794
0.00312746,2.9474
0.00313056,2.95698
0.0031364,2.96656
0.00314257,2.97608
0.00314564,2.98561
0.0031516,2.99519
0.00316037,3.00483
0.00316348,3.01435
0.00316944,3.02394
0.0031754,3.03352
0.00318133,3.0431
0.00318735,3.05262
0.0031937,3.06202
0.00319987,3.07148
0.00320346,3.08082
0.00320987,3.09016
0.00321337,3.09956
0.00322249,3.10896
0.00322584,3.11842
0.00323502,3.12782
0.00324113,3.13734
0.00324715,3.14686
0.00325272,3.15663
0.00325841,3.16633
0.00326101,3.17616
0.00326935,3.18592
0.00327184,3.19581
0.00327983,3.20576
0.00328492,3.21577
0.00328984,3.22584
0.00329512,3.23573
0.00330358,3.24549
0.00330954,3.25508
0.00331559,3.2646
0.00332224,3.27381
0.00333249,3.28272
0.00333696,3.29164
0.00334459,3.30042
0.00335496,3.30927
0.00336265,3.31806
0.00337302,3.32685
0.00338032,3.33582
0.00338712,3.34498
0.00339647,3.35438
0.00339929,3.36402
0.00340722,3.37403
0.00341214,3.3841
0.00341702,3.39417
0.00342182,3.40431
0.00342632,3.41456
0.00343347,3.42494
0.00343765,3.43537
0.0034448,3.44575
0.00345198,3.45613
0.00345654,3.46638
0.00346107,3.47663
0.00346852,3.48689
0.00347302,3.49714
0.00347743,3.50746
0.00348187,3.51771
0.00349201,3.52809
0.00349627,3.53846
0.00350318,3.54896
0.00350698,3.55958
0.00351342,3.57026
0.00351971,3.58106
0.00352296,3.59193
0.00352906,3.60279
0.00353541,3.6136
0.00354155,3.62446
0.00354492,3.63526
0.00354829,3.64607
0.00355472,3.65675
0.00355842,3.66743
0.00356212,3.67805
0.00356867,3.68873
0.00357547,3.69929
0.00357906,3.70997
0.00358561,3.72065
0.00358938,3.73127
0.00359606,3.74183
0.00360271,3.75245
0.00360363,3.76307
0.00361031,3.77369
0.00361686,3.78431
0.00362041,3.79505
0.00362393,3.8058
0.0036306,3.81642
0.00363409,3.82716
0.00364053,3.83784
0.00364696,3.84858
0.00365043,3.85932
0.00365657,3.87019
0.00366268,3.88111
0.00366595,3.89192
0.00367215,3.90278
0.00367817,3.91371
0.00368419,3.92463
0.0036873,3.93556
0.00369314,3.94654
0.00369883,3.95759
0.00370447,3.9687
0.00370728,3.97981
0.00371286,3.99092
0.00371825,4.00215
0.00372355,4.01338
0.0037261,4.02455
0.00373433,4.03584
0.00373975,4.04701
0.00374234,4.05818
0.0037478,4.06941
0.00375307,4.08064
0.00375856,4.09187
0.00376115,4.10304
0.00376955,4.11414
0.00377498,4.12538
0.00378034,4.13661
0.0037827,4.1479
0.00378776,4.15925
0.00379569,4.17066
0.00380058,4.18214
0.0038057,4.19343
0.00381056,4.2049
0.00381551,4.21638
0.00382055,4.22773
0.00382576,4.23908
0.00383363,4.25044
0.00383564,4.26191
0.00384121,4.27308
0.00384956,4.28425
0.00385522,4.29536
0.00386363,4.30653
0.00386893,4.31776
0.00387692,4.32911
0.00388183,4.34059
0.00388958,4.35206
0.00389438,4.36353
0.00389912,4.37507
0.00390305,4.38697
0.00390699,4.39887
0.00391381,4.41084
0.00391749,4.42286
0.0039242,4.43482
0.00392526,4.44673
0.00393224,4.45857
0.00393903,4.47047
0.00394294,4.48243
0.00394982,4.49427
0.0039537,4.50623
0.00395766,4.51814
0.00396177,4.52998
0.00396889,4.54176
0.00397304,4.55354
0.00397989,4.56544
0.00398369,4.5774
0.00399043,4.58936
0.00399146,4.60127
0.00400111,4.61323
0.00400502,4.62519
0.00400877,4.63716
0.004015,4.64936
0.00402114,4.66163
0.00402454,4.67378
0.00403377,4.68592
0.00403741,4.69795
0.00404403,4.70997
0.00405076,4.72193
0.00405479,4.73383
0.00406197,4.74555
0.00406912,4.75733
0.00407338,4.76905
0.00407746,4.78089
0.00408724,4.79279
0.00409409,4.8047
0.00410071,4.81672
0.00410712,4.82887
0.00411329,4.84107
0.00411643,4.85334
0.00412215,4.86579
0.00412791,4.87824
0.00413372,4.89063
0.0041395,4.90302
0.00414802,4.91548
0.00415365,4.92799
0.00415905,4.94062
0.0041642,4.95332
0.00417213,4.96607
0.00417681,4.97901
0.00418122,4.99207
0.00418852,5.00514
0.00419261,5.01839
0.00419946,5.03164
0.00420351,5.04488
0.00421025,5.05819
0.00421401,5.07155
0.00422071,5.08492
0.0042273,5.09835
0.00423394,5.11171
0.00423761,5.12514
0.00424411,5.13857
0.00424786,5.15194
0.00425466,5.16524
0.00426109,5.17873
0.00426483,5.1921
0.00427148,5.20546
0.00427525,5.21889
0.00428178,5.23232
0.00428848,5.24563
0.0042923,5.25899
0.00429888,5.27236
0.00430559,5.28573
0.0043094,5.29909
0.00431635,5.31234
0.00432016,5.3257
0.00432708,5.33895
0.00433411,5.35213
0.00433834,5.36525
0.0043454,5.37844
0.00435062,5.39113
0.00435646,5.40352
0.0043651,5.41591
0.00437386,5.4283
0.00438251,5.44076
0.0043882,5.45321
0.00439643,5.46584
0.00440471,5.47841
0.00441305,5.49099
0.00441839,5.50362
0.00442563,5.51674
0.00443234,5.53011
0.00443868,5.5436
0.00444494,5.55715
0.00445123,5.5707
0.00445865,5.5837
0.00446369,5.59646
0.00447156,5.60927
0.00447653,5.62209
0.0044844,5.63491
0.00449221,5.64773
0.00449996,5.66054
0.00450488,5.67342
0.00451531,5.68636
0.00452267,5.69936
0.00452601,5.71297
0.00453459,5.72677
0.00453733,5.74068
0.00454272,5.75466
0.00454818,5.76858
0.00455351,5.78255
0.00455882,5.79659
0.00456403,5.81063
0.00456937,5.82467
0.00457753,5.83864
0.00458299,5.85262
0.00458838,5.8666
0.0045936,5.88064
0.00460176,5.89467
0.00460686,5.90877
0.00461196,5.92293
0.00461699,5.93703
0.00462254,5.95095
0.004631,5.96486
0.00463376,5.97872
0.00464198,5.9927
0.00464459,6.00661
0.00465305,6.02053
0.0046586,6.03444
0.00466426,6.0483
0.00466983,6.06215
0.00467555,6.07595
0.00468092,6.08999
0.00468622,6.10396
0.00469138,6.11806
0.00469948,6.1321
0.00470521,6.14596
0.00471126,6.15963
0.00471775,6.17306
0.00472705,6.18654
0.00473373,6.19991
0.00474028,6.21334
0.0047469,6.22671
0.00475337,6.24019
0.00476007,6.25356
0.00476955,6.26699
0.00477548,6.28066
0.00477815,6.29458
0.00478631,6.30855
0.00479162,6.32259
0.00479937,6.33681
0.00480411,6.35116
0.00481156,6.3655
0.00481895,6.3799
0.00482327,6.39437
0.00482771,6.40883
0.00483489,6.4233
0.00484216,6.43776
0.0048464,6.45229
0.00485352,6.46682
0.00486064,6.48134
0.00486496,6.49587
0.00487206,6.5104
0.00487927,6.52486
0.0048835,6.53939
0.00489041,6.55404
0.00489751,6.56856
0.00490424,6.58327
0.00490795,6.59804
0.00491439,6.61294
0.00492071,6.62783
0.0049272,6.64266
0.00493346,6.65761
0.00493966,6.67257
0.0049458,6.68758
0.00495203,6.70254
0.00495817,6.71749
0.00496425,6.7325
0.00496747,6.74752
0.00497376,6.76247
0.00498022,6.7773
0.00498669,6.79213
0.00499046,6.80691
0.00499708,6.82168
0.00500366,6.83645
0.00500734,6.85122
0.0050139,6.86605
0.0050178,6.8807
0.00502746,6.89541
0.00503126,6.91012
0.00503793,6.92489
0.00504449,6.93972
0.00505114,6.95443
0.00505778,6.9692
0.0050616,6.98391
0.00506833,6.99862
0.00507501,7.01339
0.00508145,7.02822
0.00508514,7.04299
0.00509167,7.05782
0.00509814,7.07265
0.00510466,7.08748
0.00511107,7.10232
0.0051173,7.11733
0.00512062,7.13228
0.00512673,7.14724
0.00513293,7.16225
0.00513931,7.17714
0.00514539,7.19216
0.00515147,7.20717
0.00515746,7.22225
0.00516032,7.23739
0.00516884,7.25265
0.0051776,7.26778
0.00518051,7.28292
0.00518951,7.29793
0.00519276,7.31295
0.00519869,7.32802
0.00520775,7.34298
0.0052138,7.35805
0.00521688,7.37313
0.00522624,7.38796
0.00523584,7.40267
0.00524257,7.41744
0.00524937,7.43209
0.00525896,7.44686
0.00526561,7.46163
0.00526942,7.47634
0.00527896,7.49111
0.00528564,7.50582
0.00529535,7.52053
0.00529879,7.53542
0.00530785,7.55037
0.00531402,7.56539
0.00532022,7.58034
0.00532627,7.59542
0.0053325,7.61037
0.00534138,7.62539
0.00534473,7.64034
0.00535108,7.65523
0.00535764,7.67006
0.00536432,7.68477
0.00537108,7.69948
0.00537482,7.71425
0.0053815,7.72902
0.00538808,7.74379
0.00539452,7.75863
0.00540084,7.77358
0.00540972,7.78859
0.00541271,7.80373
0.00542112,7.81905
0.00542648,7.83437
0.0054317,7.84981
0.00543969,7.86532
0.00544448,7.88094
0.00545196,7.89669
0.00545956,7.91231
0.00546436,7.92794
0.00547211,7.94356
0.00547694,7.95919
0.00548469,7.97481
0.00548937,7.99056
0.00549705,8.00618
0.00550182,8.02181
0.00550689,8.03731
0.00551488,8.05282
0.00552268,8.06844
0.00553061,8.08394
0.00553529,8.09957
0.00554277,8.11532
0.00555007,8.13118
0.0055546,8.14693
0.0055648,8.1628
0.00556924,8.17855
0.00557621,8.19454
0.00558336,8.21041
0.00559034,8.2264
0.00559436,8.24239
0.00560178,8.25814
0.00560995,8.27358
0.00561841,8.2889
0.00562404,8.30416
0.00563251,8.31942
0.00564109,8.33461
0.00564699,8.34975
0.0056528,8.36489
0.00566186,8.37984
0.00567092,8.39486
0.00567992,8.40987
0.00568815,8.42525
0.00569336,8.44069
0.00570129,8.4562
0.00570633,8.47176
0.00571437,8.4872
0.00572224,8.50277
0.00572722,8.51833
0.00573482,8.53396
0.00574236,8.5497
0.0057468,8.56545
0.00575139,8.5812
0.00575595,8.59694
0.00576334,8.61269
0.00576781,8.62856
0.00577496,8.64443
0.00577913,8.6603
0.00578915,8.67629
0.00579335,8.69216
0.00580056,8.70803
0.00580759,8.72402
0.00581445,8.74001
0.00581838,8.75612
0.00582542,8.77199
0.00583251,8.78798
0.00583954,8.80385
0.00584363,8.81984
0.00584786,8.83571
0.0058554,8.85146
0.0058627,8.86733
0.00586732,8.88308
0.00587781,8.8987
0.00588538,8.91445
0.00589003,8.93007
0.0059004,8.94582
0.00590785,8.96157
0.00591262,8.97719
0.00591998,8.99306
0.00592975,9.00905
0.00593381,9.02504
0.00594358,9.04104
0.00595041,9.05715
0.00595431,9.07314
0.00596373,9.08938
0.0059702,9.10561
0.00597388,9.12172
0.00598031,9.13796
0.00598675,9.15419
0.00599316,9.17043
0.00599957,9.18667
0.00600319,9.2029
0.00600965,9.21914
0.00601591,9.23549
0.00601937,9.25173
0.00602566,9.26796
0.00603171,9.28444
0.0060377,9.30092
0.00604366,9.3174
0.00604947,9.33388
0.00605507,9.35048
0.00606348,9.36721
0.00606887,9.38393
0.00607148,9.40053
0.0060828,9.41726
0.00608553,9.43386
0.00609405,9.45046
0.00609972,9.46706
0.00610535,9.48366
0.00611104,9.50026
0.0061167,9.51687
0.00612511,9.53359
0.00613062,9.55019
0.00613909,9.56691
0.00614445,9.58364
0.00615274,9.60036
0.00615798,9.61721
0.00616615,9.63393
0.00617145,9.65078
0.00617682,9.6675
0.00618516,9.6841
0.00619356,9.70083
0.00619884,9.71767
0.00620695,9.7344
0.00621222,9.75124
0.00622015,9.76809
0.00622808,9.78505
0.00623278,9.80214
0.00624018,9.81923
0.00624465,9.83645
0.00625228,9.85341
0.0062599,9.8705
0.00626503,9.88735
0.0062732,9.90419
0.00627841,9.92092
0.00628676,9.93764
0.00629251,9.95424
0.00629844,9.97072
0.00630467,9.98708
0.00631373,10.0034
0.00631975,10.0198
0.00632565,10.0363
0.00633459,10.0528
0.00634031,10.0694
0.00634621,10.0858
0.00635485,10.1023
0.00636058,10.1189
0.00636651,10.1354
0.00637223,10.152
0.00638081,10.1686
0.00638639,10.1852
0.00639497,10.2018
0.00640042,10.2185
0.00640889,10.2351
0.00641431,10.2519
0.00642277,10.2686
0.00642838,10.2852
0.00643672,10.3018
0.00644238,10.3185
0.00644811,10.335
0.00645681,10.3516
0.00646286,10.3679
0.00647192,10.3843
0.00647809,10.4007
0.00648452,10.4169
0.00649376,10.4332
0.00650294,10.4495
0.00650908,10.466
0.00651814,10.4823
0.00652407,10.4988
0.00653,10.5152
0.00653865,10.5318
0.00654717,10.5484
0.00655575,10.565
0.00656404,10.5817
0.00656937,10.5985
0.00657748,10.6153
0.00658588,10.632
0.00659125,10.6487
0.00659947,10.6654
0.00660484,10.6823
0.00661306,10.699
0.00661861,10.7156
0.00662689,10.7323
0.00663535,10.749
0.00664117,10.7655
0.00664981,10.7821
0.00665541,10.7987
0.00666399,10.8153
0.00666993,10.8318
0.00667586,10.8483
0.00668456,10.8649
0.00669016,10.8815
0.00669582,10.8981
0.00670423,10.9147
0.00671245,10.9315
0.00671791,10.9481
0.00672327,10.965
0.00673138,10.9817
0.00673942,10.9986
0.00674729,11.0155
0.00675233,11.0325
0.00676008,11.0495
0.00676771,11.0664
0.00677525,11.0835
0.00678267,11.1007
0.00678991,11.1179
0.00679423,11.1352
0.00680448,11.1524
0.00681178,11.1696
0.00681929,11.1867
0.00682657,11.2039
0.00683402,11.221
0.00684132,11.2382
0.00684856,11.2554
0.00685586,11.2726
0.00686313,11.2898
0.00687014,11.3071
0.00687991,11.3246
0.00688668,11.3421
0.00689633,11.3595
0.00690304,11.377
0.00690977,11.3944
0.00691973,11.4118
0.00692712,11.429
0.00693454,11.4461
0.00694503,11.4632
0.00695302,11.48
0.00695835,11.4968
0.00696688,11.5134
0.00697558,11.5299
0.00698452,11.5464
0.00699346,11.5628
0.00700228,11.5792
0.00700842,11.5956
0.00701724,11.6121
0.00702618,11.6286
0.00703208,11.645
0.00704096,11.6615
0.00704681,11.678
0.00705569,11.6945
0.00706174,11.7108
0.00707092,11.7272
0.00708021,11.7434
0.00708653,11.7598
0.00709309,11.7759
0.00710257,11.792
0.00710918,11.8082
0.00711571,11.8244
0.00712501,11.8407
0.00713413,11.857
0.00714012,11.8734
0.0071487,11.89
0.00715421,11.9068
0.00716238,11.9235
0.00717043,11.9403
0.00717823,11.9573
0.00718604,11.9743
0.00719072,11.9914
0.0071982,12.0084
0.00720553,12.0257
0.00721295,12.0427
0.00722017,12.0601
0.00722747,12.0773
0.00723203,12.0944
0.00723927,12.1116
0.00724657,12.1288
0.00725387,12.146
0.00725822,12.1632
0.00726552,12.1804
0.00727265,12.1977
0.00727703,12.2149
0.00728439,12.2321
0.00729169,12.2493
0.00729869,12.2666
0.0073057,12.284
0.0073127,12.3013
0.00731675,12.3186
0.00732379,12.336
0.00733115,12.3532
0.0073383,12.3704
0.00734551,12.3877
0.00734978,12.4049
0.00735448,12.422
0.00736211,12.439
0.0073701,12.456
0.00737827,12.4727
0.00738351,12.4895
0.00739144,12.5064
0.00739913,12.5235
0.00740408,12.5403
0.0074117,12.5574
0.00741933,12.5745
0.00742646,12.5917
0.00743352,12.609
0.00744032,12.6265
0.00744678,12.6441
0.00745322,12.6616
0.00745963,12.6793
0.00746317,12.6969
0.00747253,12.7145
0.00747627,12.7321
0.00748557,12.7497
0.00749195,12.7674
0.00750113,12.7849
0.0075073,12.8028
0.0075136,12.8205
0.0075198,12.8382
0.00752603,12.8559
0.00753205,12.8737
0.00753801,12.8915
0.00754382,12.9093
0.00755246,12.9273
0.00755824,12.9452
0.00756396,12.9632
0.00756984,12.9811
0.00757571,12.9989
0.00758158,13.0169
0.00758745,13.0347
0.00759651,13.0524
0.0076025,13.0702
0.00761162,13.0881
0.00761788,13.1058
0.00762434,13.1233
0.00763081,13.1409
0.0076374,13.1584
0.00764407,13.1759
0.00765206,13.1928
0.00766064,13.2094
0.00766929,13.226
0.00767805,13.2425
0.00768416,13.2588
0.00769357,13.2751
0.00770603,13.2912
0.00771277,13.3073
0.00772242,13.3234
0.00773184,13.3395
0.0077403,13.3562
0.00774829,13.3731
0.00775592,13.3902
0.00776373,13.4071
0.00777127,13.4242
0.00777562,13.4414
0.00778265,13.4588
0.00778963,13.4761
0.00779627,13.4936
0.00780009,13.511
0.00780655,13.5286
0.00781579,13.5463
0.0078222,13.564
0.0078284,13.5817
0.00783454,13.5994
0.00784065,13.6172
0.00784667,13.6351
0.00785272,13.6528
0.00786172,13.6706
0.00787072,13.6884
0.00787686,13.7061
0.00788294,13.7239
0.00788905,13.7416
0.00789519,13.7594
0.00790419,13.7771
0.00791012,13.795
0.00791629,13.8128
0.00792246,13.8305
0.00792851,13.8483
0.00793456,13.8661
0.00794049,13.884
0.00794651,13.9018
0.00795235,13.9196
0.00795831,13.9374
0.00796719,13.9552
0.00797348,13.9729
0.00797956,13.9908
0.00798573,14.0085
0.00798896,14.0263
0.0079948,14.0441
0.00800073,14.0619
0.00800651,14.0799
0.00801528,14.0978
0.00802103,14.1158
0.00802648,14.1338
0.00803465,14.152
0.00803983,14.1702
0.00804764,14.1885
0.0080528,14.2067
0.00805795,14.225
0.00806606,14.2432
0.00807124,14.2614
0.00807637,14.2796
0.0080843,14.2979
0.00809222,14.3162
0.00809714,14.3345
0.00810477,14.3529
0.00811234,14.3714
0.0081197,14.3899
0.008127,14.4085
0.00813094,14.4273
0.00813767,14.4461
0.00814441,14.465
0.00815096,14.4839
0.00815734,14.503
0.0081636,14.522
0.00816989,14.5411
0.00817612,14.5601
0.00818232,14.5793
0.00818849,14.5983
0.00819483,14.6174
0.008201,14.6365
0.00820705,14.6557
0.00821331,14.6747
0.00821672,14.6938
0.00822325,14.7127
0.00822975,14.7317
0.00823642,14.7505
0.00824316,14.7695
0.00824685,14.7884
0.00825362,14.8072
0.00826041,14.826
0.00826438,14.8448
0.0082712,14.8636
0.00827815,14.8822
0.008285,14.901
0.00828891,14.9198
0.00829862,14.9386
0.00830542,14.9576
0.0083126,14.9761
0.00831984,14.9948
0.00832425,15.0133
0.00833438,15.0319
0.0083416,15.0506
0.00834586,15.0693
0.00835283,15.0879
0.00835983,15.1067
0.00836675,15.1254
0.00837372,15.1442
0.00838064,15.1629
0.0083874,15.1818
0.00839429,15.2005
0.00840406,15.2193
0.00841098,15.2381
0.00841491,15.2569
0.00842486,15.2756
0.00843199,15.2942
0.00844182,15.313
0.00844879,15.3317
0.00845568,15.3505
0.00846232,15.3694
0.00846894,15.3883
0.00847544,15.4073
0.00848199,15.4262
0.00848867,15.4451
0.00849535,15.4639
0.00850476,15.4828
0.00851138,15.5017
0.0085185,15.5204
0.0085261,15.5389
0.00853403,15.5572
0.00854202,15.5754
0.0085503,15.5935
0.00855871,15.6116
0.00856717,15.6296
0.00857551,15.6477
0.00858392,15.6657
0.00859518,15.6838
0.00860287,15.7022
0.00860725,15.7207
0.00861727,15.7394
0.00862433,15.7582
0.00863124,15.7769
0.00863789,15.7958
0.00864463,15.8146
0.0086513,15.8335
0.00866066,15.8526
0.00866713,15.8715
0.00867648,15.8904
0.00868566,15.9096
0.00869174,15.9288
0.00870045,15.948
0.00870623,15.9673
0.00871469,15.9867
0.00872292,16.0061
0.00872822,16.0258
0.00873645,16.0452
0.0087419,16.0647
0.00874721,16.0843
0.00875543,16.1038
0.00876091,16.1232
0.00876968,16.1425
0.00877856,16.1617
0.00878479,16.1807
0.00879391,16.1999
0.00880326,16.2188
0.00880994,16.2377
0.00881965,16.2565
0.00882681,16.2752
0.00883676,16.2939
0.00884123,16.3124
0.00885101,16.3312
0.00885801,16.3499
0.00886489,16.3687
0.00887166,16.3875
0.0088812,16.4064
0.00888757,16.4255
0.00889371,16.4445
0.0088997,16.4638
0.00890864,16.483
0.00891449,16.5022
0.00892337,16.5214
0.00892897,16.5408
0.00893731,16.5602
0.00894265,16.5798
0.00894819,16.5992
0.00895388,16.6186
0.00896253,16.6379
0.00897117,16.6571
0.00897698,16.6764
0.00898261,16.6958
0.0089884,16.7151
0.00899734,16.7343
0.00900356,16.7533
0.00901286,16.7724
0.00901906,16.7914
0.00902508,16.8107
0.00903101,16.8299
0.00903971,16.8492
0.0090483,16.8686
0.00905402,16.8879
0.00905959,16.9073
0.00906746,16.9269
0.00907232,16.9467
0.00907995,16.9665
0.00908776,16.9861
0.00909264,17.0059
0.00910027,17.0257
0.00910516,17.0455
0.00910999,17.0652
0.00911768,17.085
0.00912242,17.1048
0.0091304,17.1243
0.00913565,17.144
0.0091406,17.1636
0.00914542,17.1834
0.00915031,17.203
0.00915806,17.2228
0.00916277,17.2426
0.00917034,17.2625
0.00917487,17.2824
0.00917943,17.3023
0.0091836,17.3223
0.00919051,17.3424
0.00919746,17.3626
0.00920407,17.3829
0.00921042,17.4032
0.00921386,17.4236
0.00922304,17.4441
0.00922625,17.4646
0.00923221,17.4853
0.0092382,17.5058
0.00924127,17.5264
0.00925027,17.5469
0.00925629,17.5674
0.00926225,17.5881
0.00926827,17.6086
0.00927402,17.6293
0.00927971,17.6501
0.00928818,17.6708
0.0092939,17.6916
0.00929926,17.7124
0.00930463,17.7333
0.00930969,17.7543
0.00931768,17.7753
0.00932284,17.7963
0.00932808,17.8172
0.00933643,17.8381
0.00934197,17.8588
0.00934772,17.8797
0.00935401,17.9004
0.00936343,17.9212
0.00937019,17.9418
0.00937404,17.9623
0.00938092,17.983
0.00939082,18.0033
0.00939493,18.0238
0.0094019,18.0444
0.00940888,18.0649
0.00941606,18.0852
0.00942327,18.1056
0.00943033,18.126
0.00943746,18.1465
0.00944458,18.1669
0.00944878,18.1873
0.00945567,18.2079
0.00946234,18.2286
0.00946911,18.2491
0.00947581,18.2697
0.00948231,18.2904
0.00949149,18.3113
0.00949775,18.3321
0.00950371,18.3531
0.00951259,18.3741
0.00951843,18.3952
0.0095243,18.4162
0.00953008,18.4372
0.0095356,18.4584
0.00954412,18.4795
0.00954969,18.5008
0.00955509,18.522
0.00956343,18.5433
0.0095719,18.5644
0.00957729,18.5856
0.00958575,18.6069
0.00959127,18.6281
0.00959696,18.6492
0.0096056,18.6702
0.00961114,18.6914
0.00961684,18.7126
0.0096228,18.7336
0.00963168,18.7544
0.0096377,18.7754
0.00964381,18.7964
0.00965257,18.8174
0.00965856,18.8384
0.00966144,18.8594
0.00966728,18.8805
0.00967586,18.9015
0.00968438,18.9228
0.00969261,18.944
0.00969794,18.9654
0.00970599,18.9867
0.009711,19.0082
0.00971887,19.0296
0.00972378,19.0511
0.00973165,19.0725
0.00973639,19.0942
0.0097411,19.1158
0.00975171,19.1372
0.00975928,19.1589
0.00976378,19.1806
0.00977117,19.2023
0.00977862,19.2239
0.00978279,19.2458
0.00978994,19.2676
0.00979698,19.2895
0.00980377,19.3114
0.00981051,19.3334
0.00981998,19.3555
0.00982678,19.3775
0.00983343,19.3996
0.00984013,19.4217
0.00984967,19.4436
0.00985369,19.4656
0.00986353,19.4876
0.00986782,19.5093
0.00987533,19.5309
0.00988296,19.5525
0.00988778,19.574
0.00989565,19.5955
0.00990376,19.6169
0.00990894,19.6382
0.00991711,19.6596
0.00992247,19.6808
0.00993076,19.7021
0.00993893,19.7234
0.00994709,19.7447
0.00995246,19.766
0.00995782,19.7873
0.00996605,19.8085
0.00997415,19.8299
0.00997961,19.8511
0.00998807,19.8724
0.00999352,19.8936
0.0100019,19.9147
0.0100111,19.9356
0.0100178,19.9562
0.0100244,19.9768
0.010034,19.9975
0.0100436,20.0181
0.0100531,20.0389
0.0100624,20.0596
0.0100716,20.0804
0.010081,20.1011
0.0100902,20.122
0.0100959,20.1431
0.0101068,20.1645
0.0101119,20.1858
0.0101197,20.2073
0.0101275,20.2289
0.0101355,20.2503
0.0101435,20.2716
0.0101517,20.293
0.010157,20.3142
0.0101654,20.3355
0.010171,20.3566
0.0101767,20.3777
0.0101855,20.3988
0.0101945,20.4197
0.0102036,20.4406
0.0102096,20.4615
0.0102185,20.4825
0.0102246,20.5035
0.0102335,20.5245
0.0102421,20.5455
0.0102506,20.5667
0.010256,20.5879
0.010264,20.6093
0.0102718,20.6308
0.0102825,20.6524
0.0102901,20.6739
0.0102977,20.6955
0.010305,20.7172
0.0103123,20.7391
0.0103193,20.7609
0.0103233,20.7828
0.0103303,20.8047
0.0103375,20.8265
0.0103475,20.8483
0.0103517,20.8702
0.0103618,20.892
0.0103661,20.9137
0.0103763,20.9355
0.0103835,20.9573
0.010391,20.9789
0.0103986,21.0005
0.010409,21.0221
0.0104167,21.0436
0.0104247,21.0651
0.0104356,21.0865
0.0104436,21.108
0.0104516,21.1293
0.0104595,21.1507
0.0104676,21.172
0.0104787,21.1934
0.0104838,21.2148
0.0104948,21.2361
0.0105028,21.2576
0.0105107,21.279
0.0105188,21.3003
0.0105241,21.3217
0.0105323,21.3429
0.0105407,21.3642
0.0105464,21.3853
0.0105578,21.4064
0.0105637,21.4274
0.0105696,21.4485
0.0105786,21.4694
0.0105874,21.4904
0.0105933,21.5114
0.0106021,21.5325
0.0106082,21.5534
0.0106168,21.5745
0.0106225,21.5956
0.0106308,21.6169
0.0106363,21.6381
0.0106444,21.6593
0.0106521,21.6809
0.0106541,21.7024
0.0106646,21.724
0.0106721,21.7456
0.0106793,21.7675
0.0106864,21.7893
0.0106935,21.8112
0.0107005,21.833
0.0107102,21.855
0.0107142,21.877
0.010724,21.8988
0.010731,21.9208
0.0107382,21.9425
0.010745,21.9645
0.0107519,21.9865
0.010756,22.0083
0.010763,22.0302
0.01077,22.0522
0.01078,22.074
0.0107844,22.0957
0.0107918,22.1173
0.0107963,22.1391
0.0108038,22.1607
0.0108087,22.1822
0.0108165,22.2038
0.0108243,22.2253
0.0108292,22.2467
0.0108342,22.2681
0.0108418,22.2897
0.0108494,22.3113
0.010854,22.333
0.0108642,22.3547
0.0108714,22.3765
0.0108787,22.3982
0.0108859,22.4201
0.010893,22.4419
0.0109,22.4638
0.0109072,22.4855
0.0109146,22.5072
0.0109217,22.5291
0.0109289,22.5508
0.010936,22.5727
0.0109458,22.5946
0.0109524,22.6167
0.0109589,22.6388
0.0109656,22.6609
0.0109749,22.683
0.0109814,22.7052
0.0109876,22.7275
0.0109942,22.7496
0.0110036,22.7716
0.0110102,22.7937
0.0110172,22.8157
0.0110244,22.8374
0.0110288,22.8591
0.0110362,22.8809
0.0110439,22.9024
0.0110491,22.9237
0.0110572,22.9451
0.0110626,22.9663
0.011071,22.9876
0.0110792,23.0088
0.0110875,23.0302
0.0110927,23.0514
0.011101,23.0728
0.0111092,23.094
0.0111172,23.1154
0.011125,23.1368
0.0111328,23.1585
0.0111407,23.1798
0.0111488,23.2012
0.011158,23.2221
0.0111674,23.2428
0.0111771,23.2634
0.0111868,23.2839
0.0111965,23.3045
0.0112063,23.3251
0.0112161,23.3456
0.0112258,23.3662
0.0112354,23.3867
0.0112449,23.4075
0.0112534,23.4286
0.0112617,23.4498
0.0112699,23.4712
0.0112779,23.4926
0.0112829,23.514
0.0112907,23.5355
0.0112986,23.557
0.0113065,23.5784
0.0113143,23.5999
0.0113224,23.6212
0.0113275,23.6427
0.0113355,23.6641
0.0113435,23.6854
0.0113537,23.7058
0.0113617,23.7258
0.0113731,23.7456
0.0113846,23.7653
0.0113933,23.7849
0.0114052,23.8045
0.011417,23.824
0.0114289,23.8435
0.0114409,23.863
0.0114499,23.8826
0.0114598,23.9031
0.0114688,23.924
0.0114749,23.9448
0.0114839,23.9658
0.0114926,23.9868
0.0115009,24.0082
0.0115091,24.0294
0.0115171,24.0508
0.0115246,24.0724
0.011535,24.0941
0.0115424,24.1159
0.0115526,24.1376
0.0115594,24.1596
0.0115686,24.1818
0.0115748,24.204
0.0115838,24.2263
0.0115899,24.2487
0.011599,24.271
0.0116081,24.2932
0.0116172,24.3154
0.0116233,24.3378
0.0116295,24.3601
0.0116388,24.3822
0.0116484,24.4043
0.0116581,24.4263
0.0116649,24.4482
0.0116718,24.4702
0.0116787,24.4921
0.0116858,24.5139
0.011693,24.5358
0.0117001,24.5576
0.0117074,24.5794
0.0117148,24.6011
0.011722,24.6228
0.0117291,24.6447
0.0117365,24.6663
0.0117439,24.688
0.0117518,24.7095
0.0117597,24.7308
0.011768,24.7522
0.0117793,24.7733
0.0117878,24.7946
0.0117992,24.8157
0.011808,24.8367
0.0118165,24.8579
0.0118251,24.879
0.0118336,24.9002
0.0118418,24.9215
0.0118497,24.9429
0.0118573,24.9645
0.0118677,24.9861
0.011875,25.0078
0.011882,25.0298
0.0118889,25.0518
0.0118988,25.0736
0.0119057,25.0956
0.0119153,25.1176
0.0119219,25.1397
0.0119314,25.1618
0.0119381,25.1837
0.0119448,25.2058
0.0119518,25.2277
0.0119621,25.2494
0.0119696,25.271
0.0119771,25.2926
0.011985,25.3141
0.0119931,25.3355
0.0119983,25.3568
0.0120066,25.3781
0.012018,25.3993
0.0120264,25.4204
0.0120346,25.4418
0.0120427,25.4631
0.0120507,25.4845
0.0120587,25.5059
0.0120664,25.5275
0.0120738,25.5492
0.012084,25.5709
0.012091,25.5928
0.0120978,25.6148
0.0121045,25.6367
0.0121141,25.6588
0.0121233,25.681
0.0121299,25.7031
0.0121391,25.7253
0.0121452,25.7477
0.0121543,25.7699
0.0121605,25.7922
0.0121665,25.8146
0.0121785,25.8368
0.0121847,25.8591
0.0121938,25.8815
0.0122027,25.9038
0.0122083,25.9263
0.0122171,25.9487
0.0122259,25.9711
0.0122348,25.9935
0.0122436,26.016
0.01225,26.0381
0.0122591,26.0604
0.0122654,26.0826
0.0122747,26.1047
0.0122814,26.1268
0.0122886,26.1486
0.0122987,26.1704
0.0123096,26.1918
0.0123177,26.2131
0.0123259,26.2345
0.0123342,26.2557
0.0123457,26.2769
0.0123544,26.2979
0.0123661,26.3189
0.0123751,26.3399
0.0123841,26.3608
0.0123928,26.3818
0.0124011,26.4031
0.0124122,26.4243
0.0124205,26.4457
0.0124287,26.4669
0.0124395,26.4884
0.0124475,26.5098
0.0124555,26.5313
0.0124664,26.5526
0.0124744,26.574
0.0124826,26.5953
0.0124934,26.6167
0.0125013,26.6382
0.0125092,26.6597
0.0125171,26.6812
0.0125306,26.7026
0.0125384,26.7241
0.0125489,26.7457
0.0125563,26.7675
0.0125638,26.7891
0.0125771,26.8108
0.0125847,26.8324
0.0125924,26.8539
0.0126002,26.8754
0.0126081,26.8969
0.0126194,26.9181
0.0126248,26.9393
0.0126334,26.9605
0.0126419,26.9816
0.0126506,27.0027
0.0126563,27.0238
0.0126649,27.0449
0.0126735,27.066
0.0126819,27.0872
0.0126899,27.1087
0.0126977,27.1301
0.0127083,27.1516
0.0127155,27.1735
0.0127255,27.1952
0.0127324,27.2173
0.0127421,27.2391
0.0127489,27.2612
0.0127554,27.2833
0.0127648,27.3054
0.0127712,27.3276
0.0127804,27.3497
0.0127865,27.3722
0.0127956,27.3944
0.0128047,27.4166
0.0128111,27.4389
0.0128204,27.4611
0.0128297,27.4832
0.0128389,27.5054
0.0128482,27.5276
0.0128546,27.5498
0.012864,27.5719
0.0128736,27.594
0.0128805,27.616
0.0128901,27.6379
0.0128967,27.66
0.0129033,27.6821
0.012913,27.7041
0.0129198,27.7261
0.0129264,27.7482
0.012936,27.7701
0.0129429,27.7921
0.0129502,27.8139
0.0129604,27.8356
0.0129678,27.8573
0.0129752,27.8789
0.0129826,27.9006
0.0129897,27.9225
0.0129968,27.9443
0.0130043,27.966
0.0130145,27.9877
0.0130246,28.0095
0.0130286,28.0314
0.0130353,28.0535
0.013042,28.0756
0.0130513,28.0977
0.013058,28.1198
0.0130646,28.1417
0.0130712,28.1638
0.0130805,28.186
0.0130839,28.2083
0.013093,28.2306
0.0130991,28.2528
0.013105,28.2753
0.0131136,28.2977
0.0131193,28.3203
0.0131277,28.3429
0.0131332,28.3655
0.0131415,28.3882
0.0131498,28.4109
0.0131554,28.4334
0.0131638,28.4561
0.013169,28.4788
0.0131774,28.5014
0.0131832,28.5238
0.013189,28.5463
0.0131949,28.5687
0.0132039,28.5911
0.0132101,28.6133
0.0132192,28.6356
0.0132223,28.658
0.0132312,28.6803
0.0132373,28.7026
0.0132464,28.7249
0.0132524,28.7473
0.0132613,28.7697
0.0132701,28.7921
0.0132757,28.8146
0.0132843,28.8372
0.0132899,28.8597
0.0132955,28.8823
0.013307,28.9048
0.0133156,28.9273
0.0133241,28.95
0.0133323,28.9725
0.0133378,28.9952
0.0133462,29.0178
0.0133544,29.0405
0.0133626,29.0632
0.013371,29.0858
0.0133764,29.1085
0.0133875,29.1312
0.0133958,29.1538
0.0134042,29.1765
0.0134128,29.199
0.0134213,29.2216
0.0134272,29.244
0.0134365,29.2661
0.0134461,29.2882
0.0134562,29.3099
0.0134638,29.3316
0.0134745,29.353
0.0134853,29.3745
0.0134936,29.3958
0.0135019,29.4171
0.0135131,29.4382
0.0135244,29.4595
0.0135325,29.4808
0.0135433,29.5023
0.013551,29.5238
0.0135584,29.5455
0.013566,29.5671
0.013576,29.589
0.0135832,29.6108
0.0135904,29.6326
0.0136004,29.6544
0.0136074,29.6763
0.0136171,29.6982
0.013624,29.7202
0.0136334,29.7423
0.01364,29.7644
0.0136492,29.7866
0.0136557,29.8088
0.0136649,29.8311
0.013671,29.8533
0.0136798,29.8757
0.0136858,29.8981
0.0136974,29.9205
0.0137033,29.943
0.0137122,29.9653
0.0137178,29.9879
0.0137264,30.0105
0.013735,30.033
0.0137436,30.0554
0.0137493,30.078
0.0137549,30.1006
0.0137607,30.1231
0.0137695,30.1454
0.0137781,30.168
0.0137839,30.1904
0.0137899,30.2128
0.0137986,30.2352
0.0138071,30.2578
0.013813,30.2803
0.0138218,30.3026
0.013828,30.325
0.0138369,30.3473
0.0138434,30.3694
0.01385,30.3915
0.0138594,30.4136
0.013869,30.4357
0.0138759,30.4575
0.0138856,30.4796
0.0138953,30.5016
0.0139048,30.5236
0.0139113,30.5458
0.0139206,30.568
0.0139295,30.5903
0.0139383,30.6128
0.0139469,30.6353
0.0139552,30.658
0.0139634,30.6805
0.0139746,30.7033
0.0139825,30.7261
0.0139903,30.749
0.0139982,30.7719
0.0140059,30.7948
0.0140135,30.8179
0.014024,30.8408
0.0140316,30.8638
0.0140395,30.8867
0.0140472,30.9097
0.0140553,30.9324
0.0140636,30.9551
0.0140722,30.9775
0.0140782,30.9999
0.0140876,31.0221
0.0140943,31.0441
0.0141039,31.0662
0.0141139,31.0879
0.0141212,31.1097
0.0141288,31.1312
0.0141366,31.1528
0.0141476,31.1742
0.0141583,31.1957
0.0141663,31.217
0.0141743,31.2385
0.014185,31.2599
0.0141932,31.2813
0.0142042,31.3026
0.0142123,31.324
0.0142203,31.3453
0.0142311,31.3668
0.0142388,31.3883
0.0142469,31.4098
0.0142578,31.4312
0.014266,31.4524
0.0142773,31.4736
0.0142857,31.4949
0.0142941,31.5161
0.0143026,31.5372
0.0143141,31.5584
0.0143259,31.5794
0.0143346,31.6003
0.0143434,31.6215
0.014355,31.6425
0.014364,31.6633
0.0143758,31.6843
0.0143848,31.7053
0.0143938,31.7262
0.0144058,31.7471
0.0144119,31.768
0.0144209,31.7889
0.0144302,31.8097
0.0144424,31.8305
0.0144517,31.8512
0.0144608,31.8721
0.01447,31.893
0.0144793,31.9137
0.0144886,31.9345
0.0144982,31.9551
0.0145106,31.9757
0.0145201,31.9965
0.0145293,32.0172
0.0145387,32.038
0.0145482,32.0587
0.0145576,32.0795
0.0145667,32.1002
0.014576,32.1211
0.014588,32.142
0.0145971,32.1627
0.0146062,32.1836
0.0146154,32.2045
0.0146276,32.2252
0.0146367,32.2461
0.0146456,32.2671
0.0146546,32.288
0.0146637,32.3088
0.0146725,32.33
0.0146842,32.351
0.014693,32.372
0.0147048,32.393
0.0147163,32.4141
0.014725,32.4351
0.0147339,32.4561
0.0147427,32.4771
0.0147517,32.4981
0.0147638,32.5188
0.0147705,32.5394
0.0147801,32.5601
0.0147897,32.5807
0.0147965,32.6013
0.0148067,32.6216
0.0148165,32.6421
0.0148266,32.6625
0.014834,32.6829
0.0148443,32.7031
0.0148544,32.7235
0.0148643,32.744
0.0148715,32.7644
0.0148818,32.7847
0.0148919,32.8051
0.0148992,32.8254
0.0149101,32.8453
0.0149183,32.8652
0.0149294,32.8851
0.0149375,32.9052
0.0149486,32.9251
0.0149569,32.945
0.0149651,32.9647
0.0149762,32.9846
0.0149846,33.0045
0.0149986,33.0244
0.0150093,33.0446
0.0150196,33.0648
0.015027,33.0851
0.0150345,33.1054
0.0150447,33.1256
0.0150519,33.1461
0.0150619,33.1665
0.0150722,33.1868
0.0150823,33.2072
0.0150924,33.2275
0.0150995,33.2481
0.0151095,33.2684
0.0151195,33.2888
0.0151267,33.3092
0.0151371,33.3295
0.0151447,33.3497
0.0151523,33.3699
0.0151629,33.39
0.0151707,33.4102
0.0151787,33.4301
0.0151897,33.4501
0.0151978,33.47
0.0152088,33.49
0.0152172,33.5098
0.0152282,33.5298
0.0152363,33.5497
0.0152474,33.5696
0.0152556,33.5895
0.0152665,33.6096
0.0152743,33.6296
0.0152823,33.6496
0.0152935,33.6695
0.0153045,33.6894
0.0153125,33.7094
0.0153234,33.7293
0.0153314,33.7495
0.015342,33.7696
0.0153523,33.7899
0.015363,33.81
0.0153737,33.83
0.0153842,33.8502
0.0153943,33.8707
0.0154077,33.8908
0.0154179,33.9111
0.0154283,33.9313
0.0154416,33.9516
0.0154494,33.9717
0.0154634,33.9916
0.015472,34.0113
0.0154863,34.0311
0.0154953,34.0506
0.0155076,34.0699
0.01552,34.0892
0.0155326,34.1085
0.0155428,34.1274
0.0155562,34.1462
0.0155669,34.1649
0.0155804,34.1835
0.0155909,34.2023
0.0156018,34.221
0.0156159,34.2394
0.015627,34.2579
0.0156411,34.2764
0.0156523,34.2949
0.0156635,34.3133
0.0156747,34.3317
0.0156857,34.3503
0.0156998,34.3687
0.015711,34.3872
0.0157221,34.4057
0.0157359,34.4243
0.0157498,34.4428
0.0157609,34.4614
0.0157722,34.4798
0.0157835,34.4982
0.0157977,34.5165
0.0158092,34.5349
0.0158238,34.5532
0.0158351,34.5715
0.0158464,34.5899
0.0158608,34.6082
0.0158723,34.6265
0.0158869,34.6447
0.0158983,34.663
0.0159128,34.6813
0.0159247,34.6994
0.0159367,34.7175
0.0159517,34.7355
0.0159613,34.7534
0.0159742,34.7711
0.0159872,34.7886
0.0160004,34.8061
0.0160133,34.8237
0.0160236,34.8413
0.0160368,34.8587
0.0160501,34.8762
0.0160601,34.8937
0.0160762,34.9112
0.0160867,34.9287
0.0160998,34.9461
0.0161131,34.9636
0.0161235,34.981
0.0161372,34.9982
0.0161483,35.0153
0.0161624,35.0324
0.0161768,35.0494
0.0161914,35.0661
0.016203,35.083
0.0162175,35.0998
0.0162321,35.1166
0.0162465,35.1336
0.0162609,35.1505
0.0162722,35.1675
0.0162865,35.1844
0.016301,35.2014
0.0163123,35.2183
0.0163268,35.2352
0.0163414,35.252
0.0163562,35.2687
0.0163683,35.2853
0.0163836,35.3018
0.0163989,35.3182
0.0164117,35.3345
0.0164274,35.3508
0.0164432,35.367
0.0164591,35.3831
0.0164725,35.3992
0.0164889,35.4151
0.0165028,35.4309
0.01652,35.4464
0.0165347,35.4619
0.0165501,35.4768
0.0165664,35.4914
0.0165841,35.5054
0.0166036,35.5184
0.0166272,35.5294
0.0166592,35.5364
