"Maximum force",36.0778,"N"
"Gage length ",0.944029,"mm"
"Strain energy",0.353374,"mJ"
"Deformation at maximum force",0.0213907,"mm"
"Standard travel","Standard force"
"mm","N"
0,0.200401
-1.12504e-006,0.202316
7.59959e-007,0.20417
-4.84288e-008,0.20594
-6.96629e-007,0.207618
1.65775e-006,0.209259
1.45845e-006,0.210731
1.75089e-006,0.211967
2.39164e-006,0.213043
6.25849e-007,0.213882
2.12342e-006,0.21455
4.03076e-006,0.215021
6.35535e-006,0.215295
9.20147e-006,0.215327
9.22428e-006,0.215319
1.22045e-005,0.21528
1.50357e-005,0.215319
1.48886e-005,0.215389
1.76453e-005,0.21546
1.74982e-005,0.21553
1.69356e-005,0.215796
1.90665e-005,0.216156
2.07429e-005,0.216744
1.90516e-005,0.217548
1.73603e-005,0.21835
1.53636e-005,0.219296
1.62129e-005,0.220268
1.39182e-005,0.221359
1.16234e-005,0.222443
1.20257e-005,0.223625
9.87994e-006,0.224648
7.89808e-006,0.22559
8.89646e-006,0.22649
7.16792e-006,0.227314
5.74486e-006,0.227985
4.78374e-006,0.228443
4.35347e-006,0.228646
4.45126e-006,0.2286
7.65501e-006,0.228459
8.28085e-006,0.228161
9.18983e-006,0.22773
1.01808e-005,0.227261
1.12089e-005,0.226775
1.22967e-005,0.22626
1.61114e-005,0.225827
1.67931e-005,0.225506
1.71917e-005,0.225318
1.71921e-005,0.225317
1.68791e-005,0.225466
1.60186e-005,0.225872
1.47669e-005,0.226467
1.31278e-005,0.227241
1.1578e-005,0.227978
1.27031e-005,0.228817
1.06467e-005,0.229793
8.70957e-006,0.230713
6.87673e-006,0.231583
5.07369e-006,0.232437
3.55377e-006,0.233158
5.2078e-006,0.233746
4.09766e-006,0.23428
3.53142e-006,0.234547
3.31442e-006,0.234649
6.42877e-006,0.234547
9.96034e-006,0.23425
1.06942e-005,0.233906
1.4345e-005,0.233553
1.51571e-005,0.233168
1.88228e-005,0.232808
2.24736e-005,0.232457
2.60946e-005,0.232111
2.64392e-005,0.231954
2.93151e-005,0.231961
3.1893e-005,0.232118
3.42325e-005,0.23239
3.3357e-005,0.232806
3.49216e-005,0.23344
3.61212e-005,0.234248
3.70004e-005,0.23521
3.49291e-005,0.236194
3.85799e-005,0.237216
3.92691e-005,0.238261
3.98949e-005,0.239345
4.05841e-005,0.240398
4.12919e-005,0.241435
4.23424e-005,0.242316
4.36165e-005,0.243095
4.5345e-005,0.243651
5.03816e-005,0.244012
5.27211e-005,0.244285
5.55374e-005,0.244333
5.85772e-005,0.244271
6.19449e-005,0.244052
6.80842e-005,0.243895
7.12879e-005,0.243754
7.72782e-005,0.243668
8.03031e-005,0.243613
8.60848e-005,0.243628
8.85584e-005,0.243831
9.36248e-005,0.244177
9.50031e-005,0.244913
9.9086e-005,0.245725
9.96411e-005,0.246847
0.000102949,0.248029
0.000106019,0.249326
0.000108805,0.250761
0.000111517,0.252233
0.000111284,0.253721
0.000113966,0.255209
0.000116663,0.256681
0.00011939,0.258146
0.000122221,0.259557
0.00012538,0.260816
0.000128897,0.261907
0.000132741,0.26283
0.000136854,0.263639
0.000141146,0.264368
0.000145437,0.265089
0.000153037,0.265611
0.000157805,0.266107
0.000162782,0.266498
0.000170531,0.266954
0.000175329,0.267446
0.000179769,0.268087
0.00018415,0.268778
0.000190975,0.26967
0.000194298,0.270853
0.000197248,0.272211
0.000199558,0.273866
0.00020154,0.27569
0.000206219,0.27759
0.000207739,0.279634
0.000212001,0.281725
0.000213312,0.283876
0.000214444,0.286089
0.000218646,0.288225
0.000220524,0.290102
0.000225292,0.291971
0.000227274,0.293794
0.000229703,0.295397
0.000235395,0.296823
0.000238525,0.298105
0.000241713,0.299341
0.000247912,0.300539
0.00025128,0.301698
0.000257568,0.30285
0.000264006,0.303926
0.000267716,0.304926
0.000271426,0.305925
0.000277625,0.307115
0.000283496,0.308473
0.00028895,0.310014
0.00029126,0.311678
0.000296207,0.313463
0.000300737,0.315447
0.000302138,0.317537
0.000302991,0.319887
0.000306493,0.322359
0.000310009,0.324831
0.000313466,0.327318
0.000316745,0.329897
0.000319933,0.332521
0.00032351,0.334963
0.000324102,0.337435
0.000327976,0.339723
0.000332029,0.341936
0.000339391,0.343965
0.000344189,0.345819
0.000349106,0.347627
0.000354262,0.349306
0.000359567,0.350923
0.00036514,0.352419
0.000370355,0.354082
0.000375898,0.355585
0.000381352,0.357126
0.000386627,0.358766
0.000394316,0.360613
0.000398727,0.362673
0.00040272,0.3649
0.000406312,0.367342
0.00040956,0.369936
0.000415461,0.372652
0.000418292,0.375429
0.000423835,0.378313
0.000426041,0.38141
0.000428112,0.384554
0.000433059,0.387727
0.000435116,0.390886
0.000440301,0.393938
0.000445636,0.396898
0.000448393,0.399736
0.000451596,0.402345
0.000457855,0.404894
0.000464232,0.407381
0.000468002,0.409731
0.000472056,0.411943
0.000479357,0.413988
0.000483887,0.415971
0.000491308,0.41797
0.000498609,0.420015
0.000505851,0.42209
0.000509875,0.424318
0.00051661,0.426637
0.000520112,0.429109
0.000526072,0.431795
0.000531794,0.434587
0.000534193,0.437593
0.000539169,0.440751
0.000543848,0.444032
0.000545554,0.447358
0.000549935,0.450776
0.000551201,0.454316
0.000555284,0.457902
0.000559397,0.461457
0.000561066,0.464799
0.000565775,0.46808
0.000570632,0.471284
0.000572927,0.47432
0.00057853,0.477174
0.000584431,0.47989
0.000590421,0.482575
0.00059662,0.485124
0.000603206,0.487534
0.000609763,0.489915
0.000616319,0.492326
0.000622757,0.494782
0.000629462,0.497117
0.000635751,0.499635
0.00064183,0.502274
0.000647552,0.505067
0.000653215,0.507905
0.00065849,0.510911
0.000660591,0.514054
0.00066524,0.517365
0.000669651,0.520768
0.000673823,0.524308
0.00068038,0.528077
0.000681072,0.531892
0.00068447,0.535783
0.000687852,0.539689
0.000691354,0.543549
0.000695229,0.547212
0.000702381,0.550706
0.000706971,0.554048
0.000708871,0.557282
0.000716798,0.560395
0.000722222,0.56334
0.000727944,0.566148
0.000734173,0.568711
0.00074055,0.571183
0.000746958,0.57367
0.000756018,0.576264
0.000762038,0.578919
0.00076773,0.581727
0.000773333,0.58458
0.00078132,0.587678
0.000786267,0.590852
0.000790976,0.594132
0.000795267,0.597611
0.000799112,0.601289
0.000802539,0.60518
0.000805803,0.609147
0.000808708,0.613267
0.000814639,0.617356
0.000817381,0.621568
0.000823252,0.625657
0.000826202,0.629777
0.000832103,0.633866
0.000835277,0.637864
0.000841834,0.641648
0.000845827,0.645265
0.000852831,0.648835
0.000857122,0.652314
0.000864632,0.655641
0.00087256,0.658753
0.000880666,0.661805
0.000885941,0.664826
0.000893988,0.667893
0.000901855,0.671037
0.000906594,0.674317
0.000914223,0.677598
0.000921555,0.681001
0.000925638,0.684586
0.000932254,0.68834
0.000938483,0.692246
0.000941478,0.696336
0.000946961,0.700639
0.000952415,0.704942
0.00095474,0.709336
0.000959776,0.713853
0.000964545,0.718461
0.000966705,0.722947
0.000974812,0.727372
0.000980236,0.731706
0.000985779,0.735948
0.000991501,0.740128
0.000997461,0.744187
0.00100381,0.748078
0.00101043,0.751832
0.00101448,0.755418
0.00102166,0.758912
0.00102887,0.762376
0.00103343,0.765717
0.0010438,0.769074
0.00104833,0.772431
0.00105555,0.775895
0.00106267,0.77942
0.00107238,0.783067
0.00107611,0.78682
0.00108517,0.790788
0.00108813,0.794877
0.0010935,0.799241
0.00109827,0.803849
0.00110581,0.808549
0.00110709,0.813462
0.001114,0.818437
0.00111803,0.823411
0.00112196,0.828446
0.00112601,0.833421
0.00113025,0.838304
0.00113478,0.843034
0.0011424,0.847672
0.00114765,0.852067
0.00115588,0.856431
0.00116178,0.86052
0.00116806,0.864457
0.00117736,0.868302
0.00118401,0.872041
0.00119063,0.875794
0.00119736,0.879487
0.0012069,0.883241
0.00121342,0.887025
0.0012226,0.890931
0.00122564,0.89502
0.00123411,0.899262
0.00124239,0.903565
0.00124758,0.908021
0.00125217,0.912751
0.00125944,0.917573
0.00126337,0.922578
0.00126695,0.927766
0.00127342,0.932984
0.00127991,0.938172
0.00128352,0.94333
0.00128715,0.948487
0.00129365,0.953675
0.00130042,0.958741
0.00130465,0.963624
0.00130912,0.968385
0.00131681,0.972993
0.00132214,0.977387
0.00133049,0.98169
0.00133901,0.985902
0.00134515,0.9899
0.00135427,0.993806
0.00136357,0.997697
0.00136965,1.00169
0.00137573,1.00569
0.00138145,1.00987
0.00139003,1.01408
0.00139832,1.01839
0.00140356,1.02281
0.00140854,1.02733
0.00141572,1.03221
0.00142246,1.03728
0.00142596,1.0425
0.00143204,1.04787
0.001438,1.05333
0.0014439,1.05879
0.00144685,1.06429
0.00145561,1.06975
0.0014587,1.07518
0.00146469,1.08061
0.0014681,1.08589
0.00147492,1.0909
0.0014822,1.09572
0.00148983,1.10039
0.00149504,1.10478
0.00150345,1.10909
0.00151227,1.11314
0.00152121,1.1172
0.00153009,1.12123
0.00153596,1.12535
0.00154466,1.1295
0.00155319,1.13371
0.00156129,1.13814
0.00156639,1.14262
0.00157095,1.14732
0.00157801,1.15224
0.00158445,1.15746
0.00159056,1.16283
0.00159643,1.16832
0.00159921,1.17387
0.00160461,1.17958
0.00160982,1.18538
0.00161516,1.19112
0.00161766,1.19682
0.00162595,1.20253
0.00163158,1.20815
0.00163745,1.21361
0.00164356,1.21898
0.00165292,1.2242
0.00165682,1.22923
0.00166421,1.23399
0.00167178,1.23866
0.00167941,1.2433
0.00168996,1.24797
0.00169759,1.25258
0.00170516,1.25728
0.00171547,1.26201
0.00171977,1.26689
0.00172966,1.27184
0.0017366,1.27681
0.0017434,1.28188
0.00175001,1.287
0.00175621,1.29231
0.00176492,1.29781
0.00177058,1.30342
0.00177603,1.3091
0.00178134,1.31484
0.00178652,1.32066
0.00179156,1.32652
0.00179937,1.33247
0.00180396,1.33855
0.00180873,1.34456
0.00181653,1.35048
0.00182214,1.35613
0.0018278,1.36171
0.00183388,1.36708
0.00184035,1.3723
0.00184723,1.37727
0.0018542,1.38225
0.0018641,1.38719
0.00187405,1.39211
0.00188377,1.39714
0.00189354,1.40218
0.00189992,1.4074
0.00190886,1.4128
0.00191744,1.41838
0.00192245,1.42427
0.00193005,1.43031
0.00193437,1.43654
0.00194135,1.44286
0.00194491,1.44945
0.00195128,1.45607
0.00195733,1.46285
0.0019635,1.46956
0.00196973,1.47624
0.00197301,1.48296
0.00197933,1.48961
0.00198556,1.49629
0.00199217,1.50279
0.001999,1.5092
0.00200326,1.51546
0.00201071,1.52156
0.00201831,1.5276
0.00202904,1.53352
0.00203419,1.53935
0.00204248,1.54506
0.00205082,1.55077
0.00205634,1.55641
0.0020645,1.56218
0.00207267,1.56798
0.00207783,1.57378
0.00208867,1.57967
0.00209353,1.58562
0.00210086,1.59178
0.00210781,1.59813
0.00211436,1.60466
0.00212071,1.61131
0.00212673,1.61809
0.00213269,1.62489
0.00213567,1.63176
0.00214136,1.63872
0.00214685,1.64574
0.00215254,1.6527
0.00215826,1.65962
0.00216154,1.66634
0.00216804,1.6729
0.00217498,1.67925
0.00218231,1.68541
0.00218696,1.69148
0.00219453,1.69753
0.00220222,1.70354
0.00220997,1.70949
0.00221784,1.71541
0.00222553,1.72139
0.00223301,1.72752
0.00224007,1.73381
0.00224695,1.74019
0.00225363,1.74666
0.00226016,1.75319
0.00226641,1.75987
0.00227243,1.76668
0.00227828,1.77355
0.00228114,1.78047
0.00228701,1.78731
0.00229559,1.79427
0.00230116,1.80129
0.00230347,1.80846
0.00230851,1.81569
0.00231361,1.82292
0.00232159,1.83012
0.00232401,1.83727
0.00232928,1.84441
0.00233751,1.85152
0.00234299,1.85857
0.00234871,1.86549
0.00235485,1.87224
0.00236415,1.87886
0.00237047,1.88548
0.00237694,1.89208
0.00238358,1.89858
0.00239053,1.90492
0.00240036,1.91127
0.00240716,1.91771
0.00241362,1.92427
0.00241994,1.93092
0.00242593,1.93773
0.00243165,1.94466
0.00243738,1.95158
0.00244554,1.95876
0.00245049,1.96605
0.00245502,1.97353
0.00245952,1.98103
0.0024639,1.9886
0.00246831,1.99617
0.00247251,2.0038
0.00247972,2.0114
0.00248443,2.01882
0.00248947,2.02608
0.00249457,2.03331
0.00250279,2.04042
0.00250819,2.0475
0.00251671,2.05446
0.00252252,2.06139
0.00253122,2.06825
0.00253718,2.07509
0.00254612,2.08186
0.00255188,2.08879
0.00256028,2.09581
0.00256588,2.1028
0.00257417,2.10988
0.00257929,2.11711
0.00258689,2.12453
0.00259139,2.13204
0.00259849,2.1397
0.00260546,2.14742
0.00260936,2.1552
0.00261291,2.16313
0.00261899,2.17131
0.00262519,2.17937
0.00263145,2.18742
0.00263495,2.19542
0.00264127,2.20342
0.00264776,2.21135
0.0026517,2.21916
0.00265879,2.22682
0.0026632,2.23436
0.00267083,2.24178
0.0026787,2.24907
0.00268338,2.25649
0.00269095,2.26393
0.00269849,2.27138
0.00270618,2.27873
0.00271378,2.28618
0.00272108,2.29372
0.00272814,2.30138
0.00273494,2.30919
0.00273868,2.31706
0.00274222,2.325
0.00274866,2.33299
0.00275495,2.34099
0.002761,2.34917
0.00276693,2.35735
0.00277271,2.36565
0.00277852,2.37395
0.00278135,2.38225
0.00278693,2.39061
0.00279262,2.39891
0.0027955,2.40721
0.00280152,2.41533
0.00280751,2.42357
0.00281388,2.43157
0.00282023,2.43956
0.00282664,2.44756
0.00283322,2.45543
0.00283987,2.4633
0.00284664,2.47112
0.00285346,2.47893
0.00286046,2.48662
0.00286738,2.49434
0.00287444,2.50203
0.00288124,2.50981
0.00288773,2.51775
0.0028942,2.52568
0.00290025,2.53386
0.0029063,2.54204
0.0029122,2.55022
0.00291777,2.55858
0.00292293,2.56719
0.002928,2.57579
0.0029327,2.58458
0.00293741,2.59337
0.00294233,2.6021
0.00294728,2.61076
0.00295229,2.61937
0.00295732,2.62804
0.00296537,2.63658
0.00297067,2.64513
0.00297902,2.65355
0.00298441,2.66203
0.00298996,2.6704
0.00299559,2.67876
0.00300417,2.68706
0.00301275,2.69542
0.00301857,2.70366
0.00302417,2.71202
0.00303275,2.72038
0.00303818,2.72881
0.00304646,2.73729
0.00305174,2.74584
0.00305674,2.75444
0.00306437,2.76323
0.00306899,2.77208
0.00307626,2.78099
0.00308041,2.79009
0.00308732,2.79918
0.003091,2.80846
0.00309771,2.81767
0.00310143,2.82695
0.00310501,2.83629
0.00311442,2.84557
0.00311824,2.85478
0.00312232,2.86388
0.00312933,2.87297
0.00313636,2.882
0.00314342,2.89104
0.00315066,2.90001
0.0031551,2.90892
0.00316256,2.91777
0.00317004,2.92668
0.00317772,2.93541
0.00318512,2.94432
0.00318941,2.95329
0.00319668,2.96227
0.00320398,2.97118
0.00321137,2.98009
0.0032184,2.98912
0.00322237,2.99828
0.00322904,3.00749
0.00323298,3.01665
0.00323953,3.02593
0.00324624,3.0352
0.00324977,3.04454
0.00325606,3.05394
0.00325937,3.0634
0.00326548,3.07286
0.00327177,3.08232
0.00327811,3.09166
0.00328464,3.101
0.00328814,3.11034
0.00329476,3.11961
0.00330161,3.12877
0.00330582,3.1378
0.00331309,3.14671
0.00332045,3.15563
0.00332501,3.16454
0.00333264,3.17326
0.00334033,3.18205
0.00334787,3.19084
0.00335538,3.19969
0.00335979,3.20866
0.00336697,3.21764
0.00337379,3.22679
0.00338044,3.23601
0.00338391,3.24541
0.00339291,3.25493
0.00339863,3.26463
0.00340115,3.2744
0.0034095,3.28423
0.00341199,3.29411
0.00342009,3.304
0.00342225,3.31401
0.00342744,3.32396
0.00343286,3.33379
0.00343832,3.34361
0.00344386,3.35338
0.00344958,3.36302
0.00345548,3.37267
0.00346135,3.38225
0.00346734,3.39183
0.00347622,3.40135
0.00348219,3.41094
0.00348818,3.42052
0.0034939,3.43022
0.00350254,3.43987
0.00350817,3.44963
0.00351664,3.45934
0.00352206,3.46922
0.00352722,3.47917
0.00353508,3.48918
0.00354012,3.49919
0.0035451,3.5092
0.00354969,3.51946
0.00355714,3.52971
0.00356149,3.54002
0.00356581,3.5504
0.00356999,3.56084
0.00357428,3.57115
0.00358138,3.58159
0.00358564,3.59196
0.00359273,3.60234
0.00359702,3.61272
0.00360164,3.62291
0.00360915,3.63316
0.00361672,3.64336
0.00362164,3.65343
0.00362969,3.66337
0.00363475,3.67332
0.00364298,3.68321
0.00364804,3.69322
0.0036532,3.70317
0.00366101,3.71324
0.00366578,3.72337
0.00367347,3.7335
0.00367829,3.74364
0.00368559,3.75395
0.00368977,3.76439
0.00369376,3.77489
0.00370038,3.78551
0.00370702,3.79613
0.00371082,3.80675
0.00371464,3.81731
0.00372158,3.8278
0.00372554,3.8383
0.0037296,3.8488
0.00373654,3.8593
0.00374062,3.86973
0.00374769,3.88017
0.00375213,3.89043
0.00375964,3.90068
0.00376414,3.91093
0.00377183,3.92107
0.00377931,3.93126
0.00378405,3.94145
0.0037887,3.95164
0.00379329,3.96184
0.00380083,3.97203
0.00380851,3.98222
0.00381594,3.99248
0.00382321,4.00279
0.0038275,4.01311
0.00383429,4.02366
0.00383797,4.03435
0.0038442,4.04515
0.0038504,4.05601
0.00385657,4.06688
0.00386244,4.07786
0.00386804,4.08897
0.00387365,4.10008
0.00387904,4.11131
0.00388447,4.12248
0.00388998,4.13365
0.00389561,4.14476
0.00390133,4.15581
0.00390712,4.16685
0.00391314,4.17778
0.00391927,4.18864
0.00392544,4.19951
0.00393167,4.21031
0.00393814,4.22105
0.00394443,4.23186
0.00395072,4.2426
0.00395697,4.2534
0.00396311,4.26433
0.00396901,4.27525
0.00397748,4.28642
0.00398314,4.29753
0.00398859,4.3087
0.00399375,4.31999
0.00399879,4.3314
0.00400654,4.34288
0.00401124,4.35441
0.00401583,4.36601
0.00402069,4.37749
0.00402537,4.38908
0.00402999,4.40062
0.00403446,4.41228
0.00404179,4.42399
0.0040493,4.43559
0.00405392,4.44713
0.00405586,4.4586
0.00406355,4.47014
0.00406846,4.48155
0.00407344,4.49303
0.00408143,4.50432
0.0040867,4.51561
0.00409195,4.5269
0.00409722,4.53819
0.00410557,4.54936
0.0041109,4.56065
0.00411633,4.57182
0.00412157,4.58311
0.00412661,4.59453
0.00413141,4.606
0.00413597,4.61766
0.00414327,4.62932
0.00414759,4.64104
0.00415465,4.65288
0.00415853,4.66478
0.00416529,4.67674
0.00417179,4.68883
0.00417279,4.70073
0.00417967,4.71263
0.00418361,4.72453
0.00419091,4.73619
0.00419547,4.74785
0.00420038,4.75926
0.00420542,4.77067
0.00421377,4.78184
0.00421907,4.79314
0.00422452,4.8043
0.00423275,4.81554
0.00423803,4.82683
0.00424625,4.83806
0.00425153,4.84935
0.00425945,4.86076
0.00426443,4.87218
0.00427206,4.88371
0.0042765,4.89537
0.00428374,4.90709
0.00428791,4.91887
0.00429486,4.93077
0.00430195,4.94255
0.00430594,4.95445
0.0043125,4.96648
0.00431605,4.97856
0.00431936,4.99077
0.00432277,5.00291
0.00432903,5.01512
0.00433555,5.0272
0.00434193,5.03929
0.0043454,5.05144
0.00435166,5.06364
0.00435789,5.07579
0.00436427,5.08793
0.00437068,5.10008
0.0043772,5.1121
0.00438373,5.12419
0.00439034,5.13621
0.00439684,5.14824
0.00440343,5.16026
0.00440705,5.17235
0.00441635,5.18449
0.00441991,5.19658
0.00442632,5.20866
0.00443252,5.22087
0.00443851,5.2332
0.00444438,5.24559
0.00444992,5.2581
0.00445537,5.27067
0.00446077,5.28325
0.00446622,5.29582
0.00447445,5.30845
0.00447682,5.32109
0.00448486,5.33378
0.00449038,5.34636
0.0044931,5.35881
0.0044988,5.37126
0.0045047,5.38365
0.00451072,5.39592
0.00451686,5.40819
0.00452329,5.42027
0.0045297,5.43242
0.00453605,5.44456
0.00454258,5.45659
0.00454883,5.46879
0.00455807,5.48094
0.00456439,5.49309
0.00457065,5.50529
0.00457682,5.5175
0.00458299,5.52977
0.00459157,5.54216
0.00459732,5.55461
0.00460307,5.56706
0.00460835,5.5797
0.0046164,5.59239
0.00461854,5.60515
0.00462614,5.61809
0.00463085,5.63103
0.00463833,5.64403
0.00464563,5.65709
0.00465007,5.67015
0.00465448,5.68315
0.00466164,5.69633
0.00466926,5.70921
0.00467686,5.72215
0.00468169,5.73503
0.00468664,5.74785
0.00469141,5.76073
0.00469934,5.77348
0.0047044,5.78624
0.00471233,5.79899
0.00472032,5.81175
0.00472836,5.82445
0.00473042,5.83726
0.00473841,5.85002
0.0047461,5.8629
0.0047508,5.87584
0.00475861,5.88866
0.00476302,5.90172
0.00477038,5.91478
0.00477772,5.92778
0.00478192,5.94096
0.00478606,5.95415
0.00479297,5.96739
0.00479968,5.98076
0.00480367,5.994
0.00481071,6.00719
0.00481485,6.02043
0.00482215,6.03349
0.00482939,6.04655
0.0048369,6.05955
0.00484179,6.07237
0.0048496,6.08519
0.00485467,6.09794
0.00485985,6.11064
0.0048651,6.12334
0.0048732,6.13603
0.00488125,6.14873
0.00488635,6.16142
0.00489132,6.17424
0.00489886,6.18718
0.00490628,6.20018
0.00491376,6.21318
0.00491829,6.22618
0.00492554,6.2393
0.00492974,6.25242
0.00493379,6.26567
0.00494056,6.27898
0.00494452,6.29228
0.0049514,6.30553
0.00495826,6.31883
0.00496222,6.33208
0.00496878,6.3455
0.00497244,6.35893
0.00497909,6.3723
0.00498289,6.38566
0.00498965,6.39897
0.0049966,6.41221
0.00500345,6.42552
0.00501034,6.43877
0.00501743,6.45195
0.00502455,6.46507
0.005032,6.47807
0.00503954,6.49107
0.00504407,6.50407
0.00505149,6.51707
0.00505623,6.52995
0.00506377,6.54289
0.00507128,6.55589
0.0050787,6.56889
0.0050858,6.58208
0.00509274,6.59532
0.00509662,6.60863
0.00510317,6.62205
0.00511271,6.63542
0.00511924,6.64885
0.00512546,6.66246
0.00513145,6.67613
0.00513451,6.68986
0.00514047,6.70354
0.00514652,6.71721
0.00515564,6.73082
0.00515904,6.74431
0.00516538,6.75786
0.00517194,6.77128
0.00517853,6.78465
0.00518538,6.79796
0.00519241,6.81114
0.00519659,6.82432
0.00520374,6.83745
0.00520794,6.85063
0.0052179,6.86381
0.00522487,6.87706
0.00523181,6.8903
0.00523837,6.90373
0.0052449,6.91716
0.00524838,6.93065
0.00525452,6.94426
0.0052606,6.95793
0.00526665,6.97154
0.00527234,6.9854
0.00527795,6.99925
0.00528361,7.01311
0.005289,7.02708
0.00529449,7.041
0.00530271,7.05504
0.00530799,7.06908
0.00531633,7.08299
0.00532191,7.09691
0.00532739,7.11082
0.00533329,7.12456
0.00534217,7.13823
0.00534816,7.15196
0.0053543,7.16557
0.00536336,7.17918
0.00536968,7.19273
0.00537591,7.20628
0.00538491,7.21989
0.00539087,7.23363
0.00539981,7.2473
0.00540257,7.26115
0.00541103,7.27501
0.00541943,7.28898
0.00542796,7.30284
0.0054363,7.31676
0.00544152,7.33085
0.0054495,7.34495
0.00545731,7.35918
0.00546491,7.37346
0.00547239,7.38786
0.00547978,7.40227
0.00548437,7.41661
0.00549167,7.43101
0.00549874,7.4456
0.00550586,7.46013
0.00551298,7.47465
0.00551725,7.48918
0.00552467,7.50352
0.00553236,7.51781
0.00554022,7.53197
0.00554833,7.54606
0.00555644,7.5601
0.00556189,7.57408
0.00556722,7.58806
0.00557551,7.60203
0.00558123,7.61583
0.00558975,7.62974
0.00559551,7.64354
0.00560427,7.65727
0.00560996,7.67113
0.00561565,7.68492
0.00562117,7.69884
0.00562656,7.71281
0.00563216,7.72673
0.0056378,7.74058
0.0056462,7.7545
0.00565189,7.76829
0.00566036,7.78221
0.0056656,7.79625
0.00567383,7.81029
0.00568223,7.8242
0.00568786,7.83806
0.00569362,7.85185
0.00570232,7.86564
0.00570822,7.87938
0.00571421,7.89305
0.00572309,7.90672
0.00572914,7.92039
0.00573826,7.934
0.00574443,7.94762
0.00575048,7.96129
0.00575647,7.97496
0.00576809,7.98875
0.00577082,8.00261
0.00577934,8.01646
0.00578757,8.03044
0.00579272,8.04454
0.00580053,8.05876
0.00580527,8.07304
0.00581278,8.08739
0.00581719,8.10185
0.00582434,8.11632
0.00583442,8.13084
0.00584157,8.14537
0.00584571,8.15996
0.00585584,8.17442
0.00586037,8.18877
0.00586785,8.20317
0.00587265,8.21739
0.00588046,8.23161
0.00588863,8.24565
0.00589697,8.25963
0.00590555,8.27342
0.00591438,8.28715
0.00592046,8.30083
0.00592648,8.3145
0.00593524,8.32823
0.00594424,8.3419
0.00595035,8.35551
0.00595917,8.36925
0.00596781,8.38304
0.00597362,8.39683
0.00598221,8.41063
0.00599067,8.42454
0.005996,8.43858
0.00600405,8.45268
0.00600915,8.46678
0.00601702,8.48094
0.00602488,8.4951
0.00602998,8.50926
0.00603803,8.5233
0.006043,8.53752
0.00605081,8.55174
0.00605928,8.5656
0.00606509,8.57939
0.00607397,8.59306
0.00608303,8.60667
0.0060925,8.6201
0.00609885,8.63365
0.00610815,8.64714
0.00611733,8.66069
0.00612657,8.67418
0.00613292,8.68773
0.0061415,8.70158
0.00614978,8.71556
0.00615783,8.72966
0.0061626,8.74394
0.00616978,8.75841
0.00617685,8.77299
0.00618379,8.78758
0.00619061,8.80229
0.00619732,8.817
0.0062037,8.83189
0.00621004,8.84679
0.00621645,8.86162
0.00622289,8.87651
0.00622948,8.89128
0.006236,8.90611
0.00624274,8.92082
0.00624932,8.93559
0.00625898,8.9503
0.00626572,8.96501
0.00627257,8.97966
0.00627963,8.99425
0.00628655,9.00889
0.0062937,9.02336
0.006301,9.03783
0.0063086,9.05211
0.00631623,9.06639
0.00632404,9.08061
0.00632884,9.09489
0.00633676,9.10905
0.00634186,9.12315
0.00634684,9.13731
0.00635745,9.15153
0.00636207,9.16588
0.00636967,9.18022
0.00637703,9.19462
0.00638433,9.20909
0.00638847,9.22362
0.00639258,9.2382
0.00639929,9.25291
0.00640608,9.26762
0.00641297,9.28227
0.00642009,9.2968
0.00642733,9.31126
0.00643168,9.32573
0.00643899,9.34019
0.00644653,9.35454
0.00645153,9.3687
0.00645946,9.3828
0.00646751,9.3969
0.00647269,9.41099
0.00648062,9.42515
0.00648861,9.43925
0.00649653,9.45341
0.00650434,9.46764
0.00650908,9.48192
0.0065165,9.49626
0.00652365,9.51085
0.00653072,9.52537
0.00653757,9.54002
0.00654434,9.55473
0.00655092,9.5695
0.00655745,9.58433
0.00656389,9.59917
0.0065705,9.61394
0.00657694,9.62883
0.00658335,9.64366
0.00658994,9.65849
0.00659652,9.67326
0.00660317,9.68803
0.00660987,9.70274
0.00661667,9.71739
0.00662337,9.73216
0.00663011,9.74687
0.00663684,9.76158
0.00664367,9.77623
0.00665338,9.79094
0.0066572,9.80565
0.0066639,9.82036
0.00667374,9.83501
0.00668053,9.84965
0.00668474,9.86424
0.00669168,9.87883
0.0067014,9.89348
0.00670505,9.90831
0.00671163,9.92308
0.00671807,9.93797
0.00672466,9.95274
0.00673395,9.96764
0.0067403,9.98253
0.00674671,9.99736
0.00675008,10.0123
0.00675908,10.0273
0.00676245,10.0423
0.00676887,10.0572
0.00677817,10.072
0.00678463,10.0868
0.00679125,10.1016
0.00679804,10.1163
0.00680466,10.1311
0.00681414,10.1459
0.00682061,10.1607
0.00682457,10.1753
0.00683411,10.1901
0.0068437,10.2049
0.00685053,10.2195
0.00685744,10.2342
0.00686692,10.2489
0.00687327,10.2638
0.00687955,10.2788
0.00688861,10.2937
0.00689457,10.3089
0.00690304,10.3241
0.00690852,10.3394
0.00691657,10.3549
0.00692432,10.3705
0.00692882,10.3863
0.00693603,10.4021
0.00694324,10.418
0.00695036,10.4339
0.00695749,10.4497
0.00696476,10.4656
0.006972,10.4815
0.00697951,10.4972
0.00699006,10.5129
0.00699489,10.5285
0.00700264,10.5441
0.00701057,10.5597
0.00701879,10.5751
0.00702702,10.5904
0.00703524,10.6058
0.00704347,10.6212
0.00705193,10.6365
0.00706039,10.6517
0.00706892,10.667
0.0070744,10.6823
0.00708298,10.6975
0.00708856,10.7128
0.00709702,10.7281
0.00710543,10.7433
0.00711395,10.7586
0.00711961,10.7738
0.00712516,10.7891
0.00713642,10.8044
0.00714494,10.8197
0.00715055,10.8349
0.00715901,10.8502
0.00716461,10.8655
0.0071732,10.8807
0.00717904,10.8958
0.00719066,10.9109
0.00719653,10.9261
0.00720541,10.9411
0.00721727,10.9562
0.00722329,10.9712
0.00723235,10.9862
0.00724124,11.0013
0.00724726,11.0163
0.00725614,11.0314
0.00726484,11.0466
0.00727348,11.0618
0.00728189,11.0771
0.00729029,11.0924
0.0072984,11.1078
0.0073065,11.1233
0.00731455,11.1387
0.00732266,11.1542
0.00733082,11.1696
0.00733881,11.1851
0.00734679,11.2006
0.0073549,11.216
0.00736319,11.2314
0.00737153,11.2467
0.00738005,11.2619
0.00738882,11.2771
0.00739782,11.2921
0.00740688,11.3071
0.00741308,11.3221
0.00742243,11.3369
0.00743185,11.3517
0.00744133,11.3666
0.00744791,11.3813
0.00745745,11.3961
0.00746687,11.4109
0.00747611,11.4258
0.00748535,11.4407
0.00749441,11.4557
0.00750049,11.4707
0.00750931,11.4858
0.00751825,11.5009
0.00752415,11.516
0.00753279,11.5312
0.00754143,11.5464
0.00755085,11.5612
0.00755747,11.576
0.007567,11.5907
0.00757672,11.6054
0.00758384,11.6199
0.00759374,11.6345
0.00760387,11.649
0.00761406,11.6634
0.00762443,11.6778
0.00763469,11.6922
0.00764136,11.707
0.00765096,11.7217
0.00766049,11.7365
0.00767289,11.7513
0.00767927,11.7662
0.00769161,11.781
0.00770079,11.7959
0.00770973,11.811
0.00771855,11.826
0.00772731,11.8412
0.00773899,11.8563
0.00774472,11.8715
0.00775318,11.8868
0.00776444,11.9021
0.0077699,11.9174
0.00777824,11.9327
0.00778641,11.9482
0.00779475,11.9635
0.00780298,11.9789
0.00781407,11.9942
0.00781949,12.0096
0.00782772,12.025
0.00783606,12.0403
0.00784464,12.0555
0.00785335,12.0707
0.00786199,12.0859
0.00787093,12.1009
0.00787993,12.1159
0.00788905,12.1309
0.00789829,12.1458
0.00790741,12.1608
0.00791372,12.1757
0.00792284,12.1907
0.00792904,12.2056
0.00793822,12.2206
0.00794734,12.2355
0.00795646,12.2505
0.00796269,12.2654
0.00797157,12.2805
0.00798039,12.2956
0.00798927,12.3107
0.00799821,12.3257
0.00800721,12.3407
0.00801329,12.3558
0.008022,12.3709
0.00803088,12.386
0.00803687,12.4011
0.00804593,12.4161
0.00805239,12.4309
0.00806157,12.4458
0.00807075,12.4608
0.00807999,12.4757
0.00808643,12.4905
0.00809924,12.5051
0.00810699,12.5193
0.00811814,12.5334
0.00813,12.547
0.00814192,12.5606
0.00815384,12.5743
0.0081663,12.5877
0.0081759,12.601
0.00818835,12.6144
0.00819777,12.6278
0.00820969,12.6415
0.00821816,12.6554
0.00822888,12.6696
0.00823896,12.6841
0.00824879,12.6987
0.00825851,12.7134
0.00826533,12.7281
0.00827517,12.7427
0.00828223,12.7572
0.00829212,12.7718
0.0083019,12.7865
0.00831197,12.801
0.00832205,12.8155
0.00832962,12.8298
0.0083404,12.844
0.00835125,12.8581
0.008359,12.8724
0.00836681,12.8866
0.0083776,12.9008
0.0083857,12.9148
0.00839387,12.9289
0.00840204,12.9429
0.00841336,12.9568
0.00842165,12.9708
0.00842987,12.9848
0.00843822,12.9988
0.0084465,13.0127
0.00845473,13.0267
0.00846581,13.0407
0.00847374,13.0549
0.00848465,13.069
0.00849246,13.0832
0.00849988,13.0976
0.00850709,13.1121
0.0085171,13.1266
0.008527,13.1412
0.00853689,13.1559
0.00854384,13.1704
0.00855373,13.185
0.00856374,13.1996
0.00857093,13.2141
0.00858112,13.2286
0.0085886,13.2429
0.00859897,13.2572
0.00860654,13.2716
0.00861703,13.2859
0.0086277,13.3001
0.00863551,13.3144
0.008646,13.3287
0.00865643,13.343
0.00866674,13.3574
0.00867687,13.3719
0.00868411,13.3863
0.00869407,13.4009
0.00870083,13.4156
0.00871043,13.4303
0.00871684,13.4452
0.00872614,13.4601
0.00873543,13.475
0.00874157,13.49
0.00875069,13.5049
0.00875674,13.52
0.0087658,13.535
0.00877197,13.55
0.00878103,13.5649
0.00879015,13.5799
0.00879644,13.5948
0.00880562,13.6097
0.00881504,13.6245
0.00882445,13.6394
0.00883098,13.6542
0.00884034,13.669
0.00884681,13.6839
0.00885628,13.6987
0.0088632,13.7133
0.00887291,13.728
0.00887977,13.7427
0.00888659,13.7573
0.00889318,13.7721
0.00889991,13.7868
0.00890662,13.8016
0.00891335,13.8163
0.00892301,13.831
0.00892966,13.8457
0.00893588,13.8607
0.00894506,13.8756
0.00895436,13.8905
0.00896059,13.9054
0.00896977,13.9204
0.00897609,13.9353
0.00898238,13.9502
0.00899161,13.9651
0.00899793,13.98
0.00900437,13.9949
0.0090112,14.0096
0.00902097,14.0242
0.00903075,14.0389
0.00903471,14.0535
0.00904472,14.068
0.00905468,14.0826
0.00906174,14.0972
0.00906901,14.1117
0.0090798,14.1258
0.00908487,14.1399
0.00909565,14.1541
0.00910644,14.1683
0.00911431,14.1825
0.00912212,14.1966
0.00913267,14.211
0.00914316,14.2253
0.00915359,14.2396
0.00916104,14.2539
0.00917088,14.2686
0.00917779,14.2832
0.00918169,14.2979
0.00919147,14.3125
0.00919832,14.3272
0.00920828,14.3418
0.00921555,14.3562
0.00922276,14.3707
0.00923003,14.3852
0.00924023,14.3996
0.00924762,14.414
0.00925504,14.4284
0.00926535,14.4428
0.0092756,14.4573
0.00927995,14.4717
0.00928722,14.4862
0.00929724,14.5007
0.00930472,14.5151
0.00931193,14.5296
0.0093248,14.5441
0.00932877,14.5588
0.00933836,14.5735
0.00934501,14.5883
0.00935455,14.603
0.00936119,14.6178
0.00937049,14.6327
0.00937669,14.6476
0.00938551,14.6628
0.00939445,14.6778
0.00940047,14.6928
0.00940941,14.7079
0.00941829,14.7229
0.00942724,14.738
0.0094363,14.753
0.00944246,14.768
0.00944878,14.7829
0.00945814,14.7978
0.0094675,14.8126
0.00947704,14.8274
0.00948651,14.8421
0.00949301,14.857
0.00950249,14.8717
0.00950904,14.8866
0.00951828,14.9015
0.00952776,14.9162
0.00953399,14.9312
0.00954311,14.9462
0.00954928,14.9612
0.00955828,14.9762
0.00956751,14.9911
0.00957431,15.0058
0.00958379,15.0205
0.00959055,15.0353
0.00960027,15.05
0.00960703,15.0646
0.00961705,15.0792
0.00962432,15.0937
0.00963481,15.1079
0.00964268,15.1221
0.00965096,15.1361
0.00966217,15.1501
0.00967087,15.1639
0.00968237,15.1777
0.00969137,15.1913
0.00970055,15.2049
0.00971265,15.2184
0.00972201,15.2319
0.00973143,15.2453
0.00974049,15.2589
0.00974895,15.2729
0.00976051,15.2867
0.00976886,15.3006
0.00978024,15.3145
0.00978841,15.3285
0.00979652,15.3426
0.00980456,15.3567
0.00981249,15.3708
0.00982328,15.385
0.00983138,15.3991
0.00983949,15.4131
0.00985034,15.4273
0.0098585,15.4413
0.00986959,15.4554
0.00987794,15.4693
0.00988926,15.4833
0.00989471,15.4972
0.00990598,15.5111
0.00991432,15.5251
0.00992541,15.5391
0.00993739,15.5527
0.00994699,15.5661
0.00995986,15.5793
0.00997005,15.5923
0.0099837,15.6051
0.00999497,15.6177
0.0100095,15.6301
0.0100217,15.6422
0.010034,15.6543
0.0100495,15.6662
0.0100617,15.6784
0.0100737,15.6906
0.0100852,15.703
0.010096,15.7158
0.0101065,15.7287
0.0101164,15.742
0.0101257,15.7555
0.0101354,15.7688
0.0101448,15.7822
0.0101511,15.7958
0.0101607,15.8091
0.0101694,15.8229
0.0101784,15.8365
0.010189,15.8495
0.0101987,15.8627
0.0102093,15.8756
0.0102172,15.8884
0.0102266,15.9018
0.0102371,15.9148
0.0102472,15.9279
0.0102571,15.9411
0.0102679,15.9539
0.0102782,15.9669
0.0102875,15.9804
0.010297,15.9939
0.0103094,16.0072
0.0103194,16.0204
0.0103324,16.0335
0.0103396,16.0467
0.0103538,16.0592
0.0103652,16.0717
0.0103768,16.0841
0.0103917,16.0964
0.0104012,16.1084
0.0104171,16.1201
0.0104298,16.132
0.0104456,16.1438
0.010456,16.1554
0.0104687,16.1673
0.0104808,16.1795
0.0104923,16.1919
0.0105038,16.2044
0.0105153,16.2168
0.0105267,16.2293
0.0105381,16.2419
0.0105518,16.2547
0.0105597,16.2674
0.0105735,16.2801
0.0105843,16.2929
0.0105956,16.3055
0.0106066,16.3182
0.0106177,16.3308
0.0106288,16.3435
0.0106396,16.3562
0.0106509,16.3688
0.0106593,16.3814
0.0106702,16.3941
0.0106788,16.4066
0.0106877,16.4189
0.0106996,16.4311
0.0107116,16.4433
0.0107207,16.4556
0.01073,16.4677
0.0107427,16.4796
0.010752,16.4917
0.0107618,16.5036
0.0107748,16.5153
0.0107848,16.5271
0.0107947,16.539
0.0108044,16.5509
0.0108175,16.5626
0.0108279,16.5742
0.0108381,16.5859
0.0108487,16.5974
0.0108625,16.6087
0.0108733,16.6202
0.0108835,16.6319
0.0108933,16.6438
0.0109024,16.656
0.0109117,16.6681
0.0109204,16.6805
0.0109283,16.6932
0.0109364,16.706
0.010943,16.7194
0.0109486,16.7333
0.010955,16.7467
0.0109616,16.7601
0.0109692,16.773
0.0109775,16.7856
0.0109878,16.7987
0.0109958,16.8114
0.0110062,16.8244
0.0110116,16.837
0.0110215,16.8489
0.0110314,16.8606
0.0110441,16.8726
0.0110536,16.8846
0.011063,16.8966
0.0110732,16.9084
0.0110865,16.92
0.0110972,16.9314
0.0111087,16.9425
0.0111197,16.9538
0.0111303,16.9653
0.0111443,16.9766
0.0111553,16.9879
0.0111695,16.9991
0.01118,17.0106
0.0111873,17.0223
0.0111978,17.0339
0.0112079,17.0456
0.0112182,17.0572
0.011228,17.0691
0.0112351,17.0809
0.0112454,17.0926
0.0112555,17.1043
0.0112654,17.1161
0.0112754,17.1279
0.0112824,17.1398
0.0112951,17.1517
0.0113023,17.1634
0.0113128,17.175
0.0113234,17.1865
0.0113339,17.198
0.0113416,17.2095
0.0113524,17.2209
0.0113608,17.2321
0.0113723,17.2432
0.011384,17.2541
0.0113957,17.2651
0.0114042,17.2762
0.0114159,17.2873
0.0114276,17.2982
0.0114365,17.3091
0.011451,17.3202
0.0114595,17.3313
0.0114681,17.3424
0.0114796,17.3535
0.011488,17.3646
0.0114995,17.3757
0.0115109,17.3868
0.0115164,17.3981
0.0115307,17.4092
0.0115396,17.4201
0.0115513,17.4311
0.01156,17.4421
0.0115716,17.4531
0.0115834,17.464
0.0115924,17.475
0.0116044,17.4858
0.0116135,17.4966
0.0116254,17.5075
0.011634,17.5186
0.0116451,17.5298
0.0116563,17.5411
0.0116649,17.5522
0.0116758,17.5635
0.0116838,17.5749
0.0116949,17.5862
0.0117031,17.5974
0.0117143,17.6086
0.0117228,17.6197
0.0117341,17.631
0.0117422,17.6423
0.0117534,17.6535
0.0117618,17.6646
0.0117734,17.6757
0.0117818,17.6869
0.0117897,17.6983
0.0118003,17.7098
0.0118081,17.7212
0.011819,17.7325
0.0118271,17.7439
0.011835,17.7553
0.0118455,17.7668
0.0118531,17.7784
0.0118638,17.7898
0.0118744,17.8013
0.0118822,17.8129
0.0118899,17.8243
0.0119003,17.8359
0.0119078,17.8475
0.0119154,17.8591
0.011923,17.8706
0.011931,17.8821
0.0119388,17.8938
0.0119466,17.9054
0.0119575,17.917
0.0119654,17.9286
0.0119733,17.9403
0.0119814,17.9518
0.0119922,17.9635
0.0120005,17.9749
0.0120118,17.9863
0.0120174,17.9976
0.0120286,18.0091
0.012037,18.0204
0.0120455,18.0317
0.0120546,18.0428
0.0120639,18.0538
0.012076,18.0648
0.0120823,18.0758
0.0120944,18.0868
0.0121015,18.0974
0.0121116,18.1079
0.0121219,18.1183
0.0121321,18.1289
0.0121423,18.1394
0.012152,18.1501
0.0121614,18.1611
0.0121735,18.1721
0.0121795,18.1832
0.0121908,18.1946
0.0121985,18.2064
0.0122062,18.2181
0.0122166,18.2299
0.0122242,18.2416
0.0122315,18.2535
0.0122388,18.2654
0.0122495,18.2772
0.0122575,18.2887
0.0122687,18.3002
0.0122742,18.3116
0.0122854,18.323
0.0122938,18.3343
0.0123024,18.3456
0.0123112,18.3569
0.0123198,18.3682
0.0123312,18.3794
0.0123393,18.391
0.0123473,18.4026
0.0123555,18.414
0.0123636,18.4256
0.0123716,18.4371
0.0123794,18.4488
0.0123873,18.4604
0.0123953,18.472
0.0124035,18.4835
0.0124118,18.4949
0.0124232,18.5063
0.0124291,18.5174
0.0124377,18.5287
0.0124469,18.5397
0.012459,18.5507
0.0124654,18.5617
0.0124748,18.5726
0.0124842,18.5835
0.0124908,18.5944
0.0125035,18.605
0.0125135,18.6156
0.0125203,18.6264
0.0125301,18.6371
0.0125398,18.6479
0.0125495,18.6586
0.0125622,18.6693
0.0125723,18.6799
0.0125825,18.6904
0.012593,18.7008
0.0126035,18.7111
0.0126137,18.7217
0.012624,18.7321
0.012631,18.7428
0.0126408,18.7535
0.0126506,18.7642
0.0126633,18.7749
0.0126727,18.7858
0.012682,18.7967
0.0126876,18.8081
0.0126958,18.8196
0.0127043,18.8309
0.0127155,18.8423
0.0127239,18.8537
0.0127322,18.8652
0.0127431,18.8767
0.0127511,18.8883
0.0127618,18.9
0.0127694,18.9117
0.0127798,18.9236
0.0127873,18.9354
0.0127944,18.9474
0.0128043,18.9595
0.0128143,18.9715
0.0128213,18.9836
0.0128281,18.9957
0.0128348,19.0079
0.0128442,19.0202
0.0128536,19.0325
0.0128603,19.0447
0.0128666,19.0571
0.0128758,19.0695
0.0128822,19.0819
0.0128913,19.0943
0.0128977,19.1066
0.0129041,19.119
0.012913,19.1316
0.0129192,19.144
0.0129256,19.1564
0.0129322,19.1686
0.0129392,19.1807
0.012949,19.1927
0.012956,19.2048
0.0129627,19.217
0.0129697,19.2291
0.0129768,19.2411
0.0129844,19.2529
0.0129946,19.2648
0.013002,19.2767
0.0130121,19.2886
0.0130165,19.3005
0.013024,19.3123
0.0130316,19.3242
0.013039,19.336
0.0130464,19.3479
0.0130538,19.3597
0.013061,19.3717
0.0130712,19.3836
0.0130783,19.3956
0.0130884,19.4076
0.0130953,19.4197
0.013102,19.4319
0.0131085,19.4442
0.0131181,19.4564
0.0131246,19.4687
0.0131309,19.4811
0.0131403,19.4934
0.0131468,19.5057
0.0131534,19.518
0.0131625,19.5304
0.0131686,19.5429
0.0131778,19.5553
0.0131843,19.5676
0.0131906,19.58
0.0131997,19.5924
0.0132057,19.605
0.0132144,19.6176
0.0132231,19.6302
0.0132289,19.6429
0.0132382,19.6553
0.0132438,19.668
0.0132522,19.6807
0.0132609,19.6934
0.0132666,19.7061
0.0132753,19.7187
0.0132815,19.7312
0.0132902,19.7438
0.013299,19.7564
0.0133051,19.769
0.0133108,19.7816
0.0133202,19.7939
0.0133297,19.8062
0.0133361,19.8185
0.0133426,19.8308
0.013352,19.8431
0.0133585,19.8555
0.013365,19.8677
0.0133746,19.8799
0.013381,19.8923
0.0133877,19.9045
0.0133972,19.9167
0.0134068,19.9289
0.0134134,19.9412
0.0134196,19.9537
0.013429,19.9659
0.0134355,19.9783
0.013442,19.9905
0.0134514,20.0029
0.0134608,20.0151
0.0134669,20.0276
0.013473,20.0402
0.0134823,20.0525
0.0134886,20.0649
0.013498,20.0772
0.0135071,20.0897
0.0135132,20.1022
0.0135195,20.1146
0.0135287,20.1269
0.0135352,20.1393
0.0135446,20.1515
0.013551,20.1639
0.0135573,20.1763
0.0135665,20.1887
0.0135755,20.2012
0.0135847,20.2136
0.0135937,20.2261
0.0136027,20.2386
0.0136114,20.2512
0.0136171,20.2639
0.0136256,20.2767
0.0136311,20.2895
0.013639,20.3024
0.013647,20.3154
0.013655,20.3284
0.0136626,20.3416
0.0136702,20.3548
0.0136776,20.368
0.013685,20.3813
0.0136924,20.3946
0.0136999,20.4078
0.0137074,20.4211
0.0137149,20.4343
0.0137225,20.4474
0.0137301,20.4606
0.0137349,20.4737
0.0137425,20.4869
0.0137503,20.5
0.0137578,20.5132
0.0137684,20.5263
0.013776,20.5395
0.0137809,20.5526
0.0137885,20.5657
0.013796,20.579
0.0138035,20.5922
0.0138111,20.6053
0.0138191,20.6183
0.0138267,20.6315
0.0138344,20.6446
0.0138419,20.6578
0.0138495,20.671
0.0138569,20.6843
0.0138646,20.6974
0.0138696,20.7104
0.0138774,20.7236
0.0138855,20.7364
0.0138932,20.7496
0.0138986,20.7624
0.0139042,20.7751
0.0139126,20.7879
0.0139209,20.8008
0.0139293,20.8136
0.0139346,20.8265
0.0139428,20.8393
0.013954,20.8522
0.0139619,20.8652
0.0139701,20.8781
0.013978,20.8911
0.0139831,20.904
0.0139911,20.917
0.0139991,20.93
0.0140042,20.943
0.014012,20.9561
0.0140196,20.9692
0.0140272,20.9824
0.0140378,20.9956
0.0140421,21.009
0.0140492,21.0223
0.0140564,21.0358
0.0140638,21.0489
0.0140714,21.0622
0.014079,21.0753
0.0140868,21.0884
0.0140947,21.1014
0.0141026,21.1145
0.0141076,21.1275
0.0141187,21.1404
0.0141269,21.1533
0.0141348,21.1663
0.0141396,21.1794
0.0141504,21.1924
0.0141582,21.2055
0.0141659,21.2186
0.0141737,21.2317
0.0141814,21.2449
0.0141921,21.2579
0.014197,21.271
0.0142045,21.2842
0.014215,21.2974
0.0142225,21.3106
0.0142299,21.3239
0.0142374,21.3371
0.014245,21.3503
0.0142524,21.3636
0.0142568,21.3768
0.014267,21.3902
0.0142714,21.4035
0.0142762,21.4166
0.0142841,21.4297
0.0142919,21.4427
0.0142997,21.4558
0.0143074,21.4689
0.0143123,21.482
0.0143201,21.4951
0.014325,21.5082
0.0143327,21.5213
0.0143405,21.5344
0.0143483,21.5474
0.0143561,21.5605
0.0143611,21.5735
0.0143687,21.5867
0.0143762,21.5999
0.0143837,21.6132
0.0143912,21.6264
0.0144017,21.6395
0.0144093,21.6527
0.0144164,21.6661
0.0144233,21.6796
0.014433,21.6932
0.0144397,21.7068
0.0144465,21.7204
0.0144531,21.7341
0.0144595,21.7478
0.0144686,21.7616
0.0144748,21.7755
0.0144839,21.7894
0.0144901,21.8032
0.0144963,21.8171
0.0145053,21.831
0.0145113,21.8449
0.0145174,21.8588
0.0145264,21.8727
0.0145327,21.8865
0.0145388,21.9004
0.0145478,21.9143
0.0145568,21.9282
0.0145632,21.9419
0.0145697,21.9557
0.014579,21.9694
0.0145886,21.983
0.0145952,21.9967
0.014602,22.0102
0.0146116,22.0239
0.0146184,22.0374
0.014628,22.051
0.0146348,22.0646
0.0146414,22.0782
0.014651,22.0919
0.0146577,22.1054
0.0146642,22.1192
0.0146735,22.1329
0.0146799,22.1467
0.0146864,22.1603
0.0146931,22.1739
0.0147027,22.1876
0.0147064,22.2012
0.0147133,22.2147
0.0147229,22.2283
0.0147297,22.2419
0.0147395,22.2554
0.0147464,22.2689
0.0147561,22.2825
0.0147631,22.296
0.0147674,22.3093
0.0147776,22.3226
0.0147852,22.3359
0.014796,22.3489
0.0148043,22.3617
0.0148126,22.3745
0.0148212,22.3872
0.0148297,22.4
0.0148381,22.4128
0.0148493,22.4256
0.0148575,22.4385
0.0148655,22.4514
0.0148733,22.4645
0.0148806,22.4778
0.0148876,22.4913
0.0148973,22.5049
0.0149039,22.5185
0.0149134,22.5322
0.0149201,22.5458
0.0149294,22.5596
0.0149356,22.5734
0.0149419,22.5872
0.0149482,22.6009
0.0149575,22.6147
0.014964,22.6284
0.0149732,22.6423
0.0149794,22.6561
0.0149885,22.67
0.0149978,22.6837
0.0150042,22.6975
0.0150134,22.7112
0.0150197,22.7251
0.0150286,22.739
0.0150374,22.753
0.0150432,22.7671
0.0150521,22.781
0.0150577,22.7952
0.0150664,22.8092
0.0150748,22.8234
0.0150806,22.8375
0.0150892,22.8515
0.0150951,22.8655
0.015098,22.8796
0.0151067,22.8936
0.0151128,22.9075
0.0151218,22.9214
0.0151281,22.9352
0.0151344,22.949
0.0151405,22.9629
0.0151467,22.9767
0.0151558,22.9906
0.0151621,23.0044
0.0151683,23.0182
0.0151771,23.0322
0.0151829,23.0463
0.0151884,23.0605
0.0151941,23.0746
0.0152025,23.0887
0.0152108,23.103
0.0152159,23.1174
0.0152238,23.1318
0.0152316,23.1463
0.0152394,23.1608
0.0152444,23.1752
0.0152521,23.1898
0.0152568,23.2043
0.0152643,23.2189
0.0152718,23.2336
0.0152792,23.2482
0.0152835,23.263
0.0152905,23.2779
0.0152976,23.2927
0.0153047,23.3075
0.015312,23.3223
0.0153164,23.337
0.0153237,23.3517
0.0153307,23.3665
0.0153379,23.3813
0.0153422,23.396
0.0153496,23.4108
0.0153568,23.4255
0.0153638,23.4404
0.0153708,23.4552
0.0153749,23.4701
0.0153849,23.4849
0.0153919,23.4998
0.0153989,23.5147
0.0154059,23.5296
0.0154127,23.5445
0.0154198,23.5593
0.0154271,23.574
0.0154345,23.5887
0.0154417,23.6035
0.0154458,23.6184
0.0154531,23.6331
0.0154605,23.6478
0.0154653,23.6622
0.0154728,23.6769
0.0154808,23.6912
0.0154891,23.7055
0.0154948,23.7196
0.0155037,23.7335
0.01551,23.7474
0.0155219,23.7612
0.0155282,23.775
0.0155346,23.7888
0.015547,23.8024
0.015554,23.8159
0.0155633,23.8297
0.0155695,23.8435
0.0155785,23.8574
0.0155845,23.8713
0.0155934,23.8853
0.0155995,23.8992
0.0156082,23.9133
0.0156138,23.9274
0.0156223,23.9415
0.0156305,23.9558
0.015636,23.97
0.0156443,23.9843
0.0156522,23.9987
0.0156571,24.0132
0.0156649,24.0276
0.01567,24.042
0.0156778,24.0565
0.0156825,24.0711
0.0156899,24.0858
0.0156973,24.1005
0.0157048,24.1151
0.0157121,24.1298
0.0157194,24.1445
0.0157264,24.1594
0.0157331,24.1744
0.0157396,24.1895
0.0157462,24.2045
0.0157528,24.2196
0.0157593,24.2347
0.0157656,24.25
0.0157717,24.2653
0.0157777,24.2806
0.0157866,24.2959
0.0157898,24.3112
0.0157986,24.3266
0.0158018,24.3419
0.0158078,24.3573
0.0158141,24.3725
0.0158203,24.3877
0.0158267,24.4029
0.0158302,24.418
0.0158366,24.4332
0.0158432,24.4483
0.01585,24.4632
0.0158569,24.4782
0.0158637,24.4931
0.0158675,24.5081
0.0158744,24.523
0.0158843,24.5379
0.0158883,24.5528
0.0158952,24.5677
0.0158993,24.5826
0.015909,24.5975
0.0159159,24.6124
0.01592,24.6273
0.0159266,24.6424
0.0159332,24.6574
0.0159394,24.6727
0.0159455,24.688
0.0159517,24.7033
0.0159576,24.7186
0.0159661,24.7341
0.0159717,24.7498
0.0159772,24.7653
0.0159856,24.7809
0.0159912,24.7965
0.0159965,24.8121
0.0160048,24.8277
0.0160102,24.8435
0.0160155,24.8591
0.016021,24.8747
0.0160294,24.8903
0.0160378,24.9059
0.0160431,24.9215
0.0160485,24.9371
0.0160571,24.9527
0.0160656,24.9683
0.0160713,24.9838
0.0160797,24.9993
0.0160823,25.015
0.0160907,25.0305
0.0160992,25.0461
0.0161047,25.0617
0.0161129,25.0773
0.016121,25.0931
0.016126,25.109
0.0161338,25.1248
0.0161418,25.1406
0.0161468,25.1564
0.0161546,25.1723
0.0161594,25.1882
0.0161672,25.2042
0.0161721,25.22
0.01618,25.2358
0.016188,25.2517
0.0161933,25.2673
0.0162016,25.2829
0.0162071,25.2985
0.0162157,25.3141
0.0162243,25.3295
0.0162301,25.345
0.0162387,25.3605
0.0162447,25.3759
0.0162509,25.3911
0.0162571,25.4064
0.0162631,25.4217
0.0162719,25.4371
0.0162778,25.4525
0.0162866,25.4679
0.0162928,25.4832
0.0162989,25.4985
0.0163049,25.5139
0.0163106,25.5293
0.0163194,25.5448
0.0163252,25.5602
0.0163311,25.5756
0.0163371,25.5909
0.0163429,25.6063
0.0163517,25.6218
0.0163573,25.6373
0.0163661,25.6527
0.016372,25.6681
0.0163779,25.6835
0.0163864,25.699
0.0163921,25.7145
0.0163978,25.73
0.0164064,25.7455
0.016415,25.761
0.0164205,25.7766
0.0164288,25.7922
0.0164371,25.8079
0.0164425,25.8235
0.0164508,25.8391
0.016459,25.8549
0.016464,25.8706
0.0164721,25.8864
0.0164774,25.9021
0.0164857,25.9177
0.0164938,25.9335
0.0164963,25.9491
0.0165042,25.965
0.0165124,25.9807
0.0165177,25.9963
0.0165258,26.0121
0.016531,26.0278
0.0165387,26.0437
0.0165436,26.0597
0.0165542,26.0756
0.0165593,26.0913
0.0165671,26.1072
0.0165721,26.1231
0.0165798,26.1389
0.0165848,26.1548
0.0165901,26.1705
0.0165983,26.1862
0.0166067,26.2018
0.0166122,26.2174
0.0166177,26.233
0.0166261,26.2486
0.0166346,26.2642
0.0166399,26.2798
0.0166452,26.2955
0.0166531,26.3113
0.0166581,26.3272
0.0166631,26.343
0.0166709,26.3589
0.0166783,26.375
0.0166857,26.391
0.0166901,26.4071
0.0166976,26.4232
0.016705,26.4392
0.0167096,26.4552
0.0167172,26.4713
0.0167246,26.4873
0.0167321,26.5034
0.0167368,26.5193
0.0167445,26.5353
0.0167524,26.5512
0.0167602,26.567
0.0167651,26.5829
0.0167729,26.5988
0.0167808,26.6146
0.0167887,26.6304
0.0167964,26.6464
0.016804,26.6624
0.0168089,26.6782
0.016817,26.694
0.0168278,26.7099
0.0168328,26.7257
0.0168406,26.7416
0.0168456,26.7573
0.0168535,26.7732
0.0168615,26.789
0.0168697,26.8047
0.0168779,26.8203
0.0168829,26.8362
0.0168908,26.8521
0.0168958,26.8678
0.0169039,26.8836
0.0169089,26.8994
0.0169166,26.9153
0.0169217,26.9312
0.0169298,26.9469
0.0169407,26.9627
0.0169458,26.9784
0.016951,26.9943
0.0169588,27.01
0.0169667,27.0259
0.0169747,27.0418
0.0169798,27.0575
0.0169878,27.0733
0.0169956,27.0891
0.0170032,27.1051
0.0170109,27.1211
0.0170188,27.137
0.0170234,27.153
0.017031,27.169
0.0170383,27.1851
0.0170427,27.2012
0.01705,27.2173
0.0170574,27.2334
0.0170618,27.2495
0.0170688,27.2658
0.0170758,27.282
0.0170827,27.2984
0.0170898,27.3146
0.0170968,27.3308
0.0171036,27.3472
0.0171074,27.3637
0.017114,27.3801
0.0171236,27.3965
0.0171272,27.413
0.0171366,27.4296
0.0171429,27.4462
0.0171519,27.4628
0.0171582,27.4795
0.0171646,27.496
0.017171,27.5126
0.0171744,27.5292
0.0171836,27.5458
0.0171868,27.5625
0.017196,27.5791
0.0171995,27.5956
0.0172059,27.6122
0.0172151,27.6288
0.0172215,27.6454
0.0172249,27.662
0.0172314,27.6785
0.0172378,27.6951
0.0172413,27.7116
0.0172479,27.728
0.0172546,27.7445
0.0172612,27.761
0.017268,27.7774
0.0172747,27.7937
0.0172813,27.8102
0.0172881,27.8265
0.0172951,27.8428
0.0173023,27.859
0.0173095,27.8753
0.0173194,27.8915
0.0173233,27.9078
0.0173329,27.9242
0.0173397,27.9407
0.0173464,27.957
0.017353,27.9735
0.0173621,27.9901
0.0173679,28.007
0.0173766,28.0238
0.0173823,28.0408
0.0173879,28.0578
0.0173961,28.0747
0.0174012,28.0919
0.017409,28.1093
0.0174139,28.1266
0.0174216,28.1438
0.0174292,28.1613
0.0174364,28.1788
0.0174434,28.1965
0.0174474,28.2142
0.0174542,28.2321
0.017461,28.2498
0.017468,28.2675
0.0174777,28.2852
0.0174845,28.303
0.0174912,28.3208
0.017498,28.3386
0.0175048,28.3563
0.0175117,28.3742
0.0175184,28.3919
0.0175252,28.4097
0.0175322,28.4274
0.0175391,28.4451
0.017546,28.4628
0.0175498,28.4806
0.0175567,28.4983
0.0175609,28.516
0.017568,28.5336
0.0175753,28.551
0.0175825,28.5686
0.0175866,28.5863
0.0175905,28.6041
0.0175976,28.6217
0.0176046,28.6394
0.0176117,28.6571
0.0176185,28.6748
0.017625,28.6928
0.0176316,28.7106
0.0176382,28.7285
0.0176451,28.7462
0.017652,28.7639
0.0176589,28.7816
0.0176655,28.7994
0.0176724,28.8173
0.0176793,28.835
0.0176861,28.8527
0.0176931,28.8704
0.0177,28.8881
0.0177068,28.9059
0.0177135,28.9237
0.0177205,28.9414
0.0177272,28.9592
0.0177339,28.9771
0.0177404,28.9949
0.017744,29.0128
0.0177536,29.0307
0.0177598,29.0487
0.0177659,29.0668
0.017772,29.085
0.0177782,29.1029
0.0177872,29.1211
0.0177965,29.139
0.0178029,29.157
0.0178093,29.1751
0.0178157,29.193
0.0178221,29.2109
0.0178291,29.2286
0.0178361,29.2463
0.0178432,29.2639
0.01785,29.2816
0.0178567,29.2994
0.0178638,29.3172
0.0178735,29.3349
0.0178805,29.3526
0.0178872,29.3704
0.017894,29.3882
0.0179006,29.406
0.0179073,29.4238
0.0179138,29.4418
0.0179204,29.4596
0.0179271,29.4774
0.0179364,29.4954
0.0179432,29.5132
0.0179499,29.531
0.0179568,29.5487
0.0179634,29.5665
0.0179699,29.5845
0.0179763,29.6024
0.0179859,29.6203
0.0179927,29.6381
0.0180023,29.6559
0.018012,29.6737
0.0180184,29.6917
0.0180277,29.7096
0.018034,29.7276
0.0180434,29.7455
0.0180495,29.7637
0.0180614,29.7817
0.0180673,29.7999
0.018076,29.8182
0.0180817,29.8366
0.0180898,29.855
0.0180981,29.8735
0.0181034,29.892
0.0181121,29.9103
0.0181206,29.9286
0.0181268,29.9467
0.0181361,29.9646
0.0181427,29.9824
0.0181523,30.0003
0.0181595,30.018
0.0181697,30.0354
0.0181772,30.0529
0.0181879,30.0702
0.0181963,30.0872
0.0182073,30.1029
0.0182219,30.1183
0.018234,30.1335
0.0182464,30.1486
0.0182622,30.1635
0.0182752,30.1782
0.0182886,30.1928
0.0183021,30.2073
0.0183152,30.2221
0.0183307,30.237
0.0183407,30.2532
0.0183533,30.2696
0.0183626,30.2862
0.0183718,30.3028
0.0183804,30.3197
0.0183859,30.3367
0.018394,30.3538
0.0184022,30.3709
0.0184075,30.388
0.0184186,30.4051
0.0184269,30.4222
0.0184347,30.4394
0.0184454,30.4567
0.0184501,30.4741
0.0184606,30.4914
0.0184684,30.5087
0.0184761,30.5261
0.0184838,30.5434
0.0184915,30.5607
0.0185019,30.5782
0.0185066,30.5957
0.0185171,30.613
0.0185275,30.6304
0.0185322,30.6478
0.0185428,30.6651
0.0185503,30.6826
0.0185578,30.7
0.0185652,30.7175
0.0185724,30.7351
0.0185797,30.7526
0.018587,30.7701
0.0185943,30.7877
0.0186015,30.8052
0.0186085,30.8229
0.0186156,30.8405
0.0186228,30.8581
0.01863,30.8757
0.018637,30.8934
0.0186442,30.911
0.0186515,30.9285
0.0186559,30.946
0.0186661,30.9636
0.0186704,30.9812
0.0186803,30.9987
0.0186872,31.0164
0.0186941,31.0343
0.0187036,31.0521
0.0187103,31.0699
0.0187168,31.0878
0.0187261,31.1058
0.0187324,31.1239
0.0187414,31.1419
0.0187447,31.16
0.0187538,31.1781
0.0187601,31.1961
0.0187659,31.2143
0.0187749,31.2324
0.0187808,31.2506
0.0187867,31.2687
0.0187951,31.2872
0.0188005,31.3056
0.0188088,31.3242
0.0188143,31.3425
0.0188226,31.361
0.0188308,31.3795
0.018839,31.3979
0.0188444,31.4165
0.0188497,31.4349
0.0188581,31.4533
0.0188665,31.4718
0.0188748,31.4902
0.0188833,31.5085
0.0188888,31.5269
0.0188975,31.5451
0.0189062,31.5634
0.0189121,31.5816
0.018918,31.5998
0.0189269,31.6181
0.018933,31.6361
0.0189394,31.6541
0.0189459,31.672
0.0189522,31.69
0.0189615,31.7079
0.0189709,31.7259
0.0189773,31.7438
0.0189866,31.7617
0.018993,31.7798
0.0189994,31.7978
0.0190058,31.8157
0.0190123,31.8336
0.0190189,31.8515
0.0190286,31.8693
0.0190324,31.8871
0.0190393,31.9048
0.0190492,31.9225
0.0190534,31.9401
0.0190635,31.9577
0.0190709,31.9751
0.019081,31.9927
0.0190881,32.0104
0.0190951,32.0281
0.0191021,32.0457
0.0191091,32.0634
0.0191189,32.0811
0.0191255,32.099
0.019132,32.1168
0.0191385,32.1348
0.0191476,32.1529
0.0191567,32.1709
0.0191626,32.1891
0.0191686,32.2073
0.0191773,32.2255
0.0191858,32.2439
0.0191914,32.2622
0.0191997,32.2807
0.0192052,32.2991
0.0192134,32.3176
0.0192217,32.3361
0.0192301,32.3544
0.019236,32.3727
0.0192449,32.3908
0.0192508,32.409
0.0192569,32.4271
0.0192632,32.4451
0.0192725,32.463
0.0192819,32.481
0.0192883,32.4989
0.0192947,32.517
0.0193012,32.5348
0.0193107,32.5528
0.019317,32.5707
0.0193264,32.5886
0.0193357,32.6066
0.019342,32.6247
0.0193484,32.6426
0.0193577,32.6605
0.0193672,32.6785
0.0193763,32.6966
0.0193825,32.7146
0.0193914,32.7328
0.0193974,32.7509
0.0194061,32.7691
0.0194148,32.7874
0.0194262,32.8058
0.0194347,32.8241
0.0194433,32.8424
0.0194521,32.8606
0.0194582,32.8788
0.0194668,32.897
0.0194756,32.9152
0.0194846,32.9334
0.019491,32.9513
0.0195033,32.9693
0.0195099,32.9871
0.0195192,33.005
0.0195285,33.023
0.0195407,33.041
0.01955,33.059
0.0195567,33.0768
0.0195662,33.0946
0.0195757,33.1126
0.0195852,33.1304
0.0195917,33.1483
0.0196013,33.1662
0.0196109,33.184
0.0196207,33.2017
0.0196276,33.2194
0.0196376,33.2371
0.0196446,33.2547
0.0196576,33.2722
0.0196648,33.2899
0.0196747,33.3075
0.019682,33.3251
0.0196894,33.3426
0.0196998,33.36
0.0197072,33.3775
0.0197144,33.395
0.0197215,33.4126
0.0197318,33.4302
0.0197425,33.4474
0.0197502,33.4647
0.019761,33.4821
0.0197717,33.4993
0.0197797,33.5165
0.0197878,33.5336
0.0197963,33.5506
0.0198078,33.5675
0.0198164,33.5844
0.019825,33.6013
0.0198358,33.6186
0.0198439,33.6356
0.019852,33.6529
0.019863,33.6699
0.0198706,33.6873
0.0198781,33.7049
0.0198881,33.7224
0.0198956,33.7399
0.0199061,33.7572
0.0199162,33.7748
0.0199237,33.7923
0.0199339,33.8098
0.0199414,33.8272
0.0199524,33.8444
0.0199606,33.8615
0.0199717,33.8786
0.0199802,33.8955
0.0199885,33.9125
0.0199967,33.9296
0.0200079,33.9467
0.0200163,33.9636
0.0200244,33.9809
0.0200355,33.9979
0.0200433,34.0153
0.0200509,34.0326
0.0200584,34.0501
0.0200685,34.0676
0.0200758,34.0851
0.0200831,34.1027
0.0200905,34.1201
0.0200979,34.1377
0.0201054,34.1551
0.0201132,34.1724
0.020121,34.1896
0.020132,34.2068
0.0201404,34.2238
0.0201489,34.2407
0.0201575,34.2577
0.0201659,34.2747
0.0201772,34.2916
0.0201856,34.3086
0.0201967,34.3257
0.0202073,34.343
0.0202147,34.3605
0.020225,34.3781
0.020235,34.3957
0.0202447,34.4135
0.0202513,34.4313
0.0202605,34.4494
0.020267,34.4673
0.0202763,34.4853
0.0202857,34.5032
0.020292,34.5211
0.0203011,34.5392
0.0203102,34.5573
0.0203163,34.5753
0.0203256,34.5933
0.020335,34.6112
0.0203443,34.6292
0.0203539,34.647
0.0203634,34.6649
0.0203733,34.6826
0.0203805,34.7002
0.020388,34.7176
0.0203985,34.735
0.0204063,34.7522
0.0204143,34.7694
0.0204255,34.7865
0.0204343,34.8034
0.0204429,34.8202
0.0204516,34.8371
0.0204603,34.8539
0.0204721,34.8706
0.0204815,34.8872
0.0204908,34.9038
0.0205005,34.9202
0.0205105,34.9364
0.0205207,34.9525
0.0205308,34.9687
0.0205412,34.9848
0.0205516,35.0008
0.0205621,35.0167
0.0205725,35.0327
0.0205828,35.0489
0.0205932,35.0648
0.0206034,35.081
0.0206107,35.0971
0.020621,35.1132
0.0206314,35.1292
0.020642,35.1452
0.0206526,35.1612
0.0206662,35.177
0.0206737,35.193
0.0206841,35.209
0.0206974,35.2251
0.0207079,35.2411
0.020718,35.2572
0.020728,35.2735
0.0207378,35.2898
0.0207447,35.3062
0.0207548,35.3223
0.020765,35.3384
0.0207756,35.3544
0.0207864,35.3701
0.0207943,35.386
0.0208051,35.4019
0.0208132,35.4176
0.0208244,35.4333
0.0208355,35.449
0.0208437,35.4646
0.0208547,35.4804
0.0208656,35.4961
0.0208766,35.5119
0.0208849,35.5276
0.0208966,35.543
0.0209083,35.5584
0.0209174,35.5736
0.0209295,35.5888
0.0209422,35.6038
0.0209522,35.6186
0.0209622,35.6334
0.0209753,35.6482
0.020986,35.6626
0.0209998,35.677
0.0210105,35.6915
0.0210269,35.706
0.0210374,35.7206
0.0210478,35.7353
0.0210611,35.7499
0.0210715,35.7645
0.0210854,35.7789
0.0210991,35.7933
0.0211095,35.8079
0.0211197,35.8227
0.0211329,35.8373
0.0211437,35.8518
0.0211573,35.8662
0.0211682,35.8806
0.0211793,35.8949
0.0211932,35.9093
0.0212069,35.9237
0.0212182,35.9379
0.0212293,35.9522
0.0212433,35.9665
0.0212548,35.9806
0.0212693,35.9947
0.0212816,36.0083
0.0212983,36.0213
0.0213159,36.0338
0.0213349,36.0457
0.0213492,36.0571
0.0213703,36.068
0.0213907,36.0778
0.0238779,34.8981
