"Maximum force",51.7206,"N"
"Gage length ",1.05682,"mm"
"Strain energy",5.15625,"mJ"
"Deformation at maximum force",0.173771,"mm"
"Standard travel","Standard force"
"mm","N"
0,0.203924
4.44055e-006,0.205953
9.38773e-006,0.207746
1.45137e-005,0.20944
2.00868e-005,0.210935
2.55108e-005,0.212507
2.81781e-005,0.213995
3.09795e-005,0.215421
3.39895e-005,0.216749
3.71188e-005,0.218023
4.34071e-005,0.219175
4.40218e-005,0.220258
4.76427e-005,0.221296
4.8425e-005,0.222303
5.21503e-005,0.223295
5.3063e-005,0.224245
5.69373e-005,0.22516
5.77979e-005,0.226133
5.86696e-005,0.227094
5.98244e-005,0.227926
6.08601e-005,0.228811
6.17504e-005,0.229768
6.24582e-005,0.230806
6.34119e-005,0.231733
6.44848e-005,0.232603
6.57514e-005,0.233377
6.43432e-005,0.234052
6.61016e-005,0.234594
6.80685e-005,0.235033
6.7126e-005,0.235487
6.94208e-005,0.235769
7.19838e-005,0.235934
7.18459e-005,0.236005
7.16308e-005,0.236107
7.44024e-005,0.236169
7.42236e-005,0.236256
7.40085e-005,0.236357
7.65566e-005,0.236521
7.8762e-005,0.236859
7.78902e-005,0.237273
7.69142e-005,0.237736
7.86576e-005,0.238282
7.73761e-005,0.238896
7.5886e-005,0.239598
7.73463e-005,0.240281
7.6117e-005,0.240868
7.5059e-005,0.241372
7.7026e-005,0.24181
7.6158e-005,0.242224
7.5547e-005,0.242514
7.4951e-005,0.242797
7.77971e-005,0.242821
7.7676e-005,0.242884
7.79722e-005,0.242744
7.80718e-005,0.242696
7.80557e-005,0.242704
7.80226e-005,0.242719
8.08687e-005,0.242743
8.09619e-005,0.242704
8.10114e-005,0.24268
8.39768e-005,0.242649
8.35558e-005,0.242852
8.34059e-005,0.242923
8.29439e-005,0.243142
8.24e-005,0.2434
8.47246e-005,0.243674
8.39647e-005,0.244035
8.32382e-005,0.24438
8.23144e-005,0.244819
8.14203e-005,0.245242
8.35065e-005,0.245626
8.297e-005,0.245883
8.21616e-005,0.246268
8.1465e-005,0.246596
8.09882e-005,0.246824
8.08038e-005,0.246911
8.07213e-005,0.24695
8.35526e-005,0.246981
8.38413e-005,0.246849
8.43703e-005,0.246599
8.47335e-005,0.246425
8.50818e-005,0.246261
8.53463e-005,0.246136
8.54622e-005,0.246081
8.56606e-005,0.245987
8.55125e-005,0.246057
8.53635e-005,0.246127
8.51651e-005,0.246221
8.472e-005,0.246433
8.36843e-005,0.246925
8.56215e-005,0.247381
8.47162e-005,0.24781
8.42524e-005,0.248031
8.38073e-005,0.248242
8.32112e-005,0.248525
8.28983e-005,0.248673
8.26822e-005,0.248775
8.25663e-005,0.24883
8.23521e-005,0.248932
8.24173e-005,0.248901
8.25328e-005,0.248846
8.27311e-005,0.248752
8.29295e-005,0.248659
8.31772e-005,0.248541
8.33756e-005,0.248447
8.34916e-005,0.248392
8.33928e-005,0.248439
8.33267e-005,0.24847
8.34748e-005,0.2484
8.35577e-005,0.248361
8.36075e-005,0.248337
8.36076e-005,0.248337
8.33282e-005,0.24847
8.30637e-005,0.248595
8.27992e-005,0.24872
8.22553e-005,0.248978
8.19722e-005,0.249112
8.15922e-005,0.249293
8.12439e-005,0.249457
8.07671e-005,0.249685
8.03182e-005,0.249895
7.96923e-005,0.250193
7.89808e-005,0.25053
7.84183e-005,0.250796
7.81203e-005,0.250938
7.82344e-005,0.250883
7.82347e-005,0.250883
7.85309e-005,0.250743
7.89108e-005,0.250563
7.95404e-005,0.250265
7.99856e-005,0.250054
8.0563e-005,0.249779
8.12745e-005,0.249443
8.18519e-005,0.249169
8.22189e-005,0.248996
8.23344e-005,0.24894
8.23511e-005,0.248932
8.20382e-005,0.249081
8.13118e-005,0.249425
8.05853e-005,0.24977
7.98068e-005,0.250138
7.90319e-005,0.250506
7.83837e-005,0.250811
7.77728e-005,0.251101
7.71283e-005,0.251408
7.66812e-005,0.251619
7.64167e-005,0.251745
7.6251e-005,0.251823
7.65974e-005,0.251659
7.67958e-005,0.251565
7.7241e-005,0.251354
7.78854e-005,0.251049
7.8597e-005,0.250712
7.92415e-005,0.250406
7.96717e-005,0.250202
7.97886e-005,0.250147
7.97392e-005,0.25017
7.97721e-005,0.250155
7.96408e-005,0.250217
7.95085e-005,0.25028
7.92608e-005,0.250397
7.88473e-005,0.250593
7.83369e-005,0.250836
7.76924e-005,0.251141
7.73423e-005,0.251306
7.7061e-005,0.251439
7.67965e-005,0.251565
7.66149e-005,0.251651
7.66145e-005,0.251651
7.66807e-005,0.25162
7.66478e-005,0.251635
7.62679e-005,0.251816
7.59549e-005,0.251964
7.61179e-005,0.251886
7.63498e-005,0.251777
7.66311e-005,0.251644
7.6862e-005,0.251534
7.69943e-005,0.251471
7.70772e-005,0.251432
7.71931e-005,0.251377
7.72923e-005,0.25133
7.76052e-005,0.251181
7.79368e-005,0.251025
7.81016e-005,0.250946
7.82339e-005,0.250884
7.83335e-005,0.250836
7.83834e-005,0.250813
7.81207e-005,0.250938
7.77556e-005,0.25111
7.72453e-005,0.251353
7.69454e-005,0.251494
7.65319e-005,0.25169
7.60551e-005,0.251917
7.81412e-005,0.252301
7.71913e-005,0.252755
7.92625e-005,0.253147
8.41799e-005,0.253561
8.94549e-005,0.253821
9.74419e-005,0.254174
0.000105667,0.254408
0.000113774,0.254683
0.00012486,0.254956
0.000135649,0.255341
0.000149477,0.255677
0.000163245,0.256037
0.000176716,0.256529
0.000192809,0.257174
0.000208426,0.258036
0.000223923,0.258959
0.000241685,0.260165
0.000258732,0.261744
0.000275183,0.26356
0.000294256,0.265528
0.000312972,0.267725
0.000327874,0.270289
0.000350642,0.27328
0.000367093,0.276484
0.000382948,0.279993
0.000403571,0.283961
0.000423599,0.288264
0.000440169,0.292841
0.000458646,0.297846
0.00047915,0.303278
0.000495839,0.309107
0.000514913,0.315241
0.00053339,0.32165
0.000553775,0.328486
0.000573445,0.335718
0.000595498,0.343165
0.000613976,0.350947
0.000635076,0.35882
0.00065558,0.366999
0.000675607,0.375422
0.00070076,0.38415
0.000722695,0.393061
0.000744152,0.402155
0.000767994,0.411494
0.000791359,0.421137
0.000814128,0.430964
0.000839401,0.441096
0.000863719,0.451533
0.000887919,0.462153
0.000914622,0.472895
0.000940967,0.483881
0.000966478,0.495173
0.000991392,0.506769
0.00101607,0.518488
0.00104301,0.530512
0.00106971,0.542658
0.00109904,0.554926
0.00112491,0.567438
0.00115042,0.580195
0.00117819,0.593195
0.00120525,0.606501
0.0012347,0.620112
0.00126092,0.633845
0.00128965,0.647761
0.00132089,0.66186
0.00134556,0.676386
0.00137537,0.691218
0.00140457,0.706293
0.00143306,0.721674
0.00145845,0.737177
0.00148897,0.752924
0.00151949,0.768915
0.00154953,0.784907
0.00158196,0.801264
0.00161116,0.817622
0.00164263,0.834345
0.0016772,0.851191
0.00171082,0.868159
0.00174158,0.885371
0.00177448,0.902827
0.00180714,0.920283
0.00184243,0.938105
0.001877,0.956171
0.00191348,0.974604
0.00194662,0.993403
0.00197952,1.01232
0.00201433,1.03161
0.00205152,1.05114
0.00208538,1.07092
0.00211875,1.09094
0.00215142,1.1112
0.00218337,1.13183
0.00221818,1.15258
0.00225251,1.17346
0.0022866,1.19457
0.00232022,1.21581
0.0023536,1.23718
0.00238698,1.25854
0.00242274,1.28015
0.00245826,1.30187
0.00249331,1.32385
0.0025286,1.3457
0.00256603,1.36791
0.00260298,1.39025
0.00263946,1.41296
0.00267832,1.43591
0.00271409,1.45886
0.00275486,1.48229
0.00279253,1.50573
0.00283258,1.52941
0.00287216,1.55346
0.00290816,1.57763
0.00294654,1.60217
0.00298493,1.6267
0.00301998,1.65136
0.00305836,1.6759
0.00309866,1.70092
0.00313895,1.72582
0.0031728,1.75109
0.00321548,1.77636
0.00325482,1.80175
0.00329678,1.82739
0.00333612,1.85278
0.00337784,1.87841
0.00342267,1.90405
0.00346367,1.93005
0.0035073,1.95617
0.00355356,1.98242
0.00359695,2.00878
0.00364273,2.03539
0.00369136,2.06188
0.0037338,2.0885
0.00378244,2.11511
0.00383012,2.14208
0.00387495,2.16906
0.00392215,2.19628
0.0039665,2.22338
0.00401061,2.25073
0.00405757,2.27807
0.00410454,2.30541
0.00415103,2.33288
0.00420015,2.36059
0.00424855,2.38867
0.00429122,2.41662
0.00434225,2.44482
0.00439065,2.47277
0.00444238,2.50073
0.00449412,2.52856
0.00454276,2.55639
0.00459449,2.58422
0.00464933,2.61206
0.00469797,2.63989
0.00475352,2.66735
0.00480573,2.69494
0.00485842,2.72216
0.00491111,2.74963
0.00496333,2.77722
0.00501864,2.80468
0.00507371,2.83227
0.00512879,2.85998
0.00518339,2.88769
0.00524132,2.9154
0.00529544,2.94348
0.00535576,2.97143
0.00541251,2.99963
0.00547187,3.02795
0.00552838,3.05627
0.00558798,3.08447
0.00564497,3.11254
0.00570743,3.14074
0.00576751,3.16882
0.00582783,3.19677
0.00588791,3.2246
0.00594871,3.25244
0.00600665,3.28002
0.00606744,3.30761
0.00612848,3.3352
0.00619142,3.36315
0.00625198,3.39099
0.00631206,3.41906
0.006375,3.44689
0.00643747,3.47521
0.00649946,3.50366
0.00656145,3.53222
0.00662248,3.56103
0.00668447,3.58959
0.00674551,3.61852
0.00680702,3.64733
0.00686758,3.67639
0.00692527,3.70556
0.00698559,3.73474
0.00704591,3.76403
0.00710552,3.79357
0.00716751,3.82348
0.00722616,3.85363
0.00729291,3.88391
0.00735371,3.91442
0.00741904,3.94518
0.0074815,3.97631
0.00754302,4.00756
0.00760405,4.0393
0.00766509,4.07104
0.00772588,4.10278
0.00778692,4.13452
0.00784748,4.1665
0.0079078,4.19848
0.00796812,4.23046
0.00802796,4.26269
0.00809101,4.29505
0.00815014,4.32752
0.00820903,4.35999
0.00827054,4.39295
0.00833134,4.42615
0.00839166,4.4596
0.0084515,4.49329
0.00851396,4.52674
0.00857595,4.56092
0.00863556,4.59461
0.00869755,4.62855
0.00875691,4.66248
0.00881604,4.69642
0.00888089,4.73035
0.00894336,4.76404
0.00900582,4.79798
0.00907115,4.83167
0.00913838,4.86585
0.00920276,4.90003
0.00926999,4.93445
0.00933722,4.96863
0.00940446,5.00306
0.00947121,5.03748
0.00954131,5.07166
0.00960568,5.10584
0.00967292,5.14026
0.00973681,5.17444
0.00980405,5.20887
0.00986842,5.24305
0.00993613,5.27723
0.0100005,5.31141
0.0100706,5.34559
0.0101383,5.37977
0.0102055,5.41395
0.0102756,5.44837
0.0103457,5.48255
0.0104163,5.51649
0.010485,5.55018
0.010557,5.58362
0.0106261,5.61683
0.0106986,5.65003
0.0107687,5.68299
0.0108412,5.71595
0.0109141,5.74891
0.0109904,5.78162
0.0110662,5.81458
0.0111421,5.84754
0.0112179,5.8805
0.0112942,5.91321
0.0113728,5.94593
0.0114515,5.97889
0.011525,6.01185
0.0116012,6.04456
0.011678,6.07703
0.0117548,6.10926
0.011832,6.14173
0.0119026,6.1742
0.011976,6.20716
0.012049,6.23987
0.012122,6.27283
0.0121949,6.30579
0.0122702,6.33899
0.0123427,6.37195
0.0124181,6.40516
0.0124905,6.43836
0.0125664,6.47132
0.0126398,6.50403
0.0127137,6.5365
0.0127881,6.56873
0.0128625,6.60096
0.0129345,6.63294
0.0130127,6.66492
0.0130875,6.69666
0.0131657,6.72864
0.0132401,6.76087
0.0133174,6.7931
0.0133951,6.82532
0.0134719,6.85755
0.0135491,6.88978
0.0136264,6.922
0.0137041,6.95423
0.0137804,6.98548
0.0138553,7.01612
0.0139363,7.04517
0.0140322,7.06739
0.0141509,7.07874
0.0142854,7.08214
0.0144303,7.07985
0.0145896,7.07326
0.0147527,7.06325
0.0149215,7.05074
0.015095,7.03634
0.0152715,7.0201
0.0154469,7.00313
0.0156062,6.99087
0.0157473,6.98731
0.0158751,6.99019
0.015991,6.99721
0.0161007,7.00716
0.0162061,7.01925
0.0163086,7.03267
0.0164078,7.04775
0.0165031,7.06435
0.0166023,7.08217
0.0166929,7.10122
0.016783,7.12173
0.0168689,7.14309
0.0169561,7.16518
0.0170391,7.18789
0.0171206,7.21108
0.0172017,7.23476
0.0172799,7.25832
0.0173614,7.28152
0.0174435,7.30471
0.0175259,7.32766
0.0176089,7.35024
0.0176928,7.37234
0.0177749,7.39431
0.0178602,7.41579
0.0179489,7.43715
0.0180347,7.4584
0.0181206,7.47976
0.0182059,7.50124
0.0182908,7.52297
0.0183723,7.54506
0.0184563,7.56704
0.0185373,7.58938
0.0186203,7.61208
0.0186994,7.63515
0.018781,7.65859
0.018862,7.68191
0.0189441,7.70522
0.0190289,7.72829
0.0191114,7.75124
0.0191944,7.77395
0.0192802,7.79641
0.019367,7.81862
0.0194519,7.84048
0.0195401,7.86196
0.0196264,7.88308
0.0197122,7.90432
0.0198009,7.9258
0.019883,7.94753
0.0199678,7.96926
0.0200522,7.99123
0.0201362,8.01333
0.0202172,8.03554
0.0203002,8.05813
0.0203827,8.0812
0.0204618,8.10439
0.0205467,8.12746
0.0206263,8.15029
0.0207117,8.17324
0.0207942,8.19607
0.0208738,8.21889
0.0209573,8.24135
0.0210379,8.26369
0.0211218,8.28603
0.0212028,8.30825
0.0212872,8.33022
0.0213683,8.35244
0.0214546,8.3749
0.0215376,8.3976
0.0216225,8.42068
0.0217064,8.44411
0.0217898,8.46792
0.0218728,8.49209
0.0219558,8.51601
0.0220383,8.5403
0.0221174,8.56472
0.0221961,8.58938
0.0222781,8.61403
0.0223506,8.63881
0.0224288,8.66372
0.022507,8.68874
0.0225847,8.71389
0.0226596,8.73891
0.0227373,8.76418
0.0228179,8.78945
0.0228951,8.8146
0.0229729,8.83986
0.0230577,8.8644
0.0231378,8.88833
0.0232232,8.9114
0.0233062,8.93398
0.0233906,8.95595
0.0234754,8.9778
0.0235603,8.99953
0.0236481,9.02114
0.0237358,9.04299
0.0238202,9.06508
0.0239051,9.08803
0.0239923,9.11159
0.0240744,9.13601
0.0241578,9.16128
0.0242393,9.18728
0.0243199,9.21389
0.0243991,9.24111
0.0244773,9.26882
0.0245521,9.29653
0.0246303,9.32436
0.0247081,9.35219
0.0247829,9.38003
0.0248578,9.40798
0.0249322,9.43593
0.025007,9.46401
0.0250824,9.4916
0.0251582,9.51906
0.0252374,9.54629
0.025317,9.57339
0.0253966,9.60036
0.0254796,9.62722
0.0255564,9.6542
0.025636,9.68105
0.0257132,9.70791
0.0257929,9.73476
0.0258692,9.76211
0.0259474,9.78982
0.0260218,9.81789
0.0260976,9.84658
0.0261724,9.87575
0.0262492,9.90566
0.0263217,9.93593
0.0263966,9.9667
0.0264705,9.99782
0.0265463,10.0291
0.0266159,10.0608
0.0266879,10.0928
0.026757,10.1248
0.0268262,10.1568
0.0268958,10.1885
0.0269664,10.22
0.0270374,10.2511
0.0271085,10.2821
0.0271771,10.313
0.0272463,10.3434
0.0273192,10.3736
0.0273927,10.4036
0.0274666,10.4334
0.0275438,10.4629
0.0276177,10.4925
0.027695,10.522
0.0277698,10.5513
0.0278452,10.5803
0.0279181,10.6092
0.027994,10.638
0.0280698,10.6668
0.0281461,10.6955
0.0282219,10.7241
0.0282977,10.7528
0.028374,10.7815
0.0284508,10.81
0.0285333,10.8383
0.0286138,10.8662
0.0286949,10.8939
0.0287774,10.921
0.0288608,10.9475
0.0289462,10.9733
0.0290301,10.9981
0.0291188,11.0221
0.0292027,11.0457
0.0292905,11.0689
0.0293758,11.0918
0.029465,11.1144
0.0295546,11.1366
0.0296452,11.1585
0.0297358,11.1802
0.0298241,11.2018
0.0299156,11.2232
0.0300086,11.2438
0.030103,11.2637
0.0301988,11.283
0.0302904,11.3017
0.0303858,11.3198
0.0304816,11.3377
0.0305756,11.3551
0.0306738,11.3722
0.0307725,11.3887
0.0308721,11.4047
0.0309723,11.4207
0.0310758,11.4364
0.0311764,11.4522
0.0312827,11.4677
0.0313871,11.4832
0.0314877,11.4987
0.0315912,11.5144
0.0316942,11.5302
0.0317939,11.5463
0.0318897,11.5629
0.0319851,11.5798
0.0320828,11.5969
0.0321796,11.6142
0.032274,11.6316
0.0323708,11.649
0.0324653,11.6663
0.0325601,11.6834
0.032656,11.6999
0.0327561,11.7159
0.0328577,11.731
0.0329612,11.7453
0.0330632,11.7589
0.0331667,11.772
0.0332711,11.7844
0.0333741,11.7963
0.03348,11.8079
0.0335834,11.8197
0.0336888,11.8316
0.0337909,11.844
0.0338939,11.8571
0.0339959,11.8707
0.0340932,11.8852
0.0341924,11.9002
0.0342901,11.9158
0.0343869,11.9318
0.0344866,11.948
0.0345829,11.9643
0.0346792,11.9807
0.0347693,11.9972
0.0348623,12.0137
0.0349524,12.0303
0.0350449,12.0469
0.0351355,12.0634
0.0352281,12.0788
0.0353291,12.0913
0.0354345,12.1007
0.0355456,12.1074
0.0356601,12.1123
0.0357807,12.1157
0.0359009,12.1181
0.0360258,12.1193
0.0361507,12.1195
0.0362766,12.1187
0.0364006,12.1181
0.0365236,12.1191
0.0366362,12.1223
0.0367477,12.1272
0.0368545,12.1331
0.0369594,12.1398
0.0370629,12.1473
0.0371673,12.1557
0.0372694,12.1649
0.0373671,12.1752
0.0374649,12.1867
0.0375569,12.1995
0.0376494,12.2136
0.0377362,12.229
0.037824,12.2451
0.0379103,12.2621
0.0379923,12.2797
0.0380729,12.2981
0.0381515,12.3172
0.0382321,12.3369
0.0383051,12.3574
0.038379,12.3789
0.0384481,12.4013
0.0385173,12.4247
0.0385812,12.4497
0.0386451,12.4758
0.0387066,12.5032
0.0387659,12.5316
0.0388258,12.5611
0.038884,12.5913
0.0389374,12.6226
0.038992,12.6543
0.0390482,12.687
0.0390973,12.7202
0.0391486,12.7537
0.0391982,12.7881
0.0392468,12.823
0.039294,12.8584
0.0393403,12.8943
0.0393882,12.9307
0.039438,12.9678
0.0394836,13.0054
0.039531,13.0435
0.0395804,13.082
0.039629,13.1211
0.0396774,13.1602
0.0397251,13.1995
0.0397723,13.239
0.0398193,13.2788
0.0398684,13.3189
0.0399144,13.3591
0.0399604,13.3994
0.040006,13.4397
0.040057,13.4802
0.0401018,13.521
0.040149,13.562
0.0401955,13.6033
0.040241,13.645
0.0402859,13.6873
0.0403328,13.7298
0.0403791,13.7725
0.0404246,13.8157
0.0404725,13.8591
0.0405171,13.9028
0.0405639,13.9465
0.0406073,13.9907
0.0406499,14.0354
0.0406955,14.0798
0.0407377,14.1245
0.0407853,14.1694
0.0408357,14.2146
0.0408826,14.2598
0.0409322,14.3052
0.0409842,14.3508
0.0410331,14.3965
0.0410877,14.4422
0.0411368,14.4878
0.0411919,14.5335
0.0412412,14.5789
0.0412934,14.6243
0.0413423,14.6699
0.0413883,14.7156
0.0414341,14.7615
0.0414856,14.8074
0.0415335,14.8535
0.0415812,14.8997
0.0416284,14.9463
0.041678,14.9929
0.0417273,15.0398
0.0417765,15.0869
0.0418258,15.1338
0.0418749,15.1807
0.0419269,15.2276
0.0419758,15.2747
0.0420216,15.322
0.0420697,15.3694
0.04212,15.417
0.042167,15.4651
0.0422194,15.5132
0.0422683,15.5618
0.0423222,15.6106
0.042373,15.6597
0.0424233,15.7088
0.0424762,15.7581
0.042526,15.8074
0.0425759,15.8567
0.0426231,15.906
0.0426731,15.9553
0.0427199,16.0047
0.0427697,16.0542
0.0428222,16.1035
0.0428689,16.1531
0.0429211,16.2027
0.0429733,16.2525
0.0430251,16.3023
0.0430801,16.3518
0.0431292,16.4016
0.043181,16.4514
0.0432332,16.5012
0.043288,16.5508
0.0433371,16.6006
0.0433917,16.6504
0.0434456,16.7007
0.0434986,16.7515
0.0435505,16.8025
0.0436042,16.8543
0.04366,16.9063
0.043715,16.9588
0.0437694,17.0115
0.0438228,17.0647
0.0438726,17.1182
0.0439191,17.1719
0.0439716,17.2256
0.0440238,17.2793
0.0440734,17.333
0.0441261,17.3865
0.0441783,17.4402
0.0442305,17.4942
0.0442827,17.5479
0.0443406,17.6016
0.0443955,17.6555
0.0444506,17.7092
0.0445056,17.7632
0.0445581,17.8167
0.0446124,17.8706
0.0446697,17.9243
0.04473,17.978
0.0447901,18.0318
0.0448504,18.0855
0.0449133,18.1392
0.0449758,18.1931
0.0450383,18.2473
0.0451012,18.301
0.0451641,18.355
0.0452266,18.409
0.0452891,18.4632
0.045348,18.5173
0.0454095,18.5718
0.0454684,18.6262
0.0455294,18.6809
0.0455909,18.7356
0.0456519,18.7903
0.0457158,18.845
0.0457793,18.8999
0.0458403,18.9548
0.0459013,19.0095
0.0459624,19.0642
0.0460263,19.1189
0.046084,19.1741
0.0461472,19.2293
0.0462066,19.2847
0.0462743,19.3404
0.0463387,19.3963
0.046405,19.4527
0.0464648,19.5093
0.0465296,19.5665
0.0465876,19.6241
0.0466484,19.6819
0.0467089,19.7398
0.046769,19.7977
0.0468286,19.856
0.0468877,19.9144
0.0469462,19.9732
0.0470072,20.0323
0.0470649,20.0914
0.0471283,20.1504
0.047186,20.2095
0.047249,20.2691
0.0473052,20.3289
0.0473667,20.389
0.0474254,20.4493
0.0474857,20.5098
0.0475515,20.5709
0.0476109,20.6319
0.0476757,20.6932
0.0477401,20.7547
0.0478073,20.8165
0.0478712,20.878
0.0479351,20.9397
0.0479962,21.0015
0.0480572,21.0633
0.0481211,21.1251
0.0481821,21.1868
0.0482465,21.2486
0.0483099,21.3104
0.0483762,21.3726
0.0484387,21.4351
0.0485006,21.4976
0.0485614,21.5611
0.0486187,21.6246
0.0486785,21.688
0.0487379,21.752
0.0488027,21.816
0.0488647,21.8804
0.0489324,21.9444
0.0489973,22.0088
0.0490659,22.0723
0.0491346,22.1358
0.0492018,22.1993
0.04927,22.2618
0.0493358,22.324
0.0494026,22.3858
0.049467,22.4473
0.0495375,22.5086
0.0496052,22.5699
0.0496734,22.6312
0.0497445,22.6924
0.0498151,22.7535
0.0498828,22.815
0.04995,22.8765
0.0500139,22.9383
0.0500768,23.0008
0.0501441,23.0633
0.0502051,23.1263
0.0502747,23.1897
0.0503405,23.2532
0.0504063,23.3172
0.0504745,23.3812
0.050536,23.4451
0.050598,23.5096
0.0506595,23.574
0.0507182,23.638
0.0507797,23.7024
0.0508383,23.7669
0.0508999,23.8314
0.0509642,23.8958
0.0510286,23.9598
0.0510906,24.0237
0.0511559,24.0877
0.0512184,24.1517
0.0512785,24.2151
0.0513414,24.2791
0.0514077,24.3426
0.0514764,24.4061
0.0515388,24.47
0.0516094,24.5345
0.0516781,24.5994
0.0517429,24.6648
0.0518058,24.7313
0.0518678,24.7981
0.0519246,24.866
0.0519828,24.9349
0.0520395,25.0047
0.0520917,25.0745
0.0521487,25.1453
0.0522014,25.2166
0.0522591,25.2889
0.0523099,25.3611
0.0523626,25.4339
0.0524112,25.5071
0.0524591,25.5809
0.0525056,25.6551
0.0525569,25.7303
0.0526041,25.8055
0.0526532,25.8816
0.0527042,25.9578
0.0527574,26.035
0.052807,26.1116
0.0528535,26.1893
0.0529021,26.2664
0.0529507,26.344
0.0529963,26.4217
0.0530449,26.4993
0.0530938,26.577
0.0531462,26.6541
0.0531956,26.7313
0.0532478,26.8084
0.0532972,26.8855
0.0533458,26.9632
0.053394,27.0413
0.0534414,27.1194
0.0534912,27.1976
0.0535432,27.2767
0.0535973,27.3558
0.0536507,27.4349
0.0537037,27.5149
0.0537618,27.5945
0.0538136,27.6751
0.053862,27.7557
0.0539101,27.8362
0.0539607,27.9168
0.0540107,27.9979
0.054061,28.0789
0.0541135,28.1605
0.054166,28.242
0.0542167,28.324
0.0542637,28.4065
0.05431,28.4896
0.0543579,28.573
0.0544075,28.657
0.0544587,28.742
0.0545059,28.827
0.0545605,28.9129
0.0546085,28.9993
0.0546607,29.0862
0.0547122,29.1741
0.0547594,29.262
0.0548023,29.3509
0.0548476,29.4397
0.0548893,29.5291
0.0549396,29.6185
0.0549864,29.7083
0.0550352,29.7981
0.0550827,29.889
0.0551232,29.9803
0.0551659,30.0721
0.0552105,30.1644
0.0552574,30.2566
0.055307,30.3494
0.0553559,30.4422
0.0554045,30.535
0.0554539,30.6277
0.0557686,30.5906
0.0579964,29.6297
0.0602852,28.6375
0.062574,27.6453
0.0648628,26.6531
0.0671669,25.657
0.0694863,24.6492
0.0718056,23.6336
0.0740639,22.618
0.0762764,21.5789
0.0781761,20.6688
0.0781449,20.6734
0.0780715,20.6961
0.0780076,20.7088
0.077958,20.7145
0.077917,20.716
0.0778803,20.7156
0.0778459,20.7139
0.0778154,20.7117
0.077783,20.7092
0.0777508,20.7065
0.0777186,20.7038
0.0776888,20.7013
0.0776589,20.6989
0.0776318,20.6965
0.0776046,20.6942
0.0775772,20.692
0.0775558,20.6897
0.0775312,20.6876
0.0775093,20.6855
0.0774869,20.6837
0.077467,20.6821
0.0774467,20.6806
0.0774264,20.6792
0.0774059,20.6779
0.0773912,20.6766
0.0773763,20.6753
0.0773613,20.6742
0.0773488,20.6732
0.0773358,20.6725
0.0773225,20.6719
0.077312,20.6713
0.0773046,20.6707
0.077297,20.6701
0.0772896,20.6695
0.0772819,20.669
0.0772769,20.6686
0.0772714,20.6685
0.0772686,20.6684
0.0772657,20.6684
0.0772628,20.6684
0.077263,20.6683
0.0772629,20.6683
0.0772629,20.6683
0.0772626,20.6684
0.0772622,20.6686
0.0772615,20.669
0.0772607,20.6694
0.07726,20.6697
0.0772593,20.67
0.0772615,20.6704
0.0772666,20.6707
0.0772685,20.6712
0.0772759,20.6719
0.0772799,20.6728
0.0772865,20.6738
0.0772956,20.675
0.0773047,20.6762
0.0773136,20.6775
0.0773252,20.6789
0.0773394,20.6805
0.077353,20.6823
0.0773634,20.6843
0.0773792,20.6865
0.0773919,20.6888
0.0774104,20.6911
0.0774262,20.6933
0.0774447,20.6955
0.077463,20.698
0.0774839,20.7005
0.0775017,20.7032
0.0775219,20.706
0.077545,20.7089
0.0775648,20.712
0.0775877,20.715
0.0776103,20.7181
0.0776327,20.7213
0.0776578,20.7246
0.0776822,20.7283
0.0777091,20.7321
0.0777357,20.7361
0.0777624,20.7401
0.0777885,20.7443
0.0778144,20.7487
0.0778425,20.7533
0.0778698,20.7584
0.0778959,20.764
0.0779267,20.7702
0.0779506,20.7769
0.077976,20.7843
0.0780021,20.7927
0.0780286,20.8023
0.0780495,20.8134
0.0780702,20.8258
0.0780875,20.8399
0.0781041,20.8558
0.0781146,20.8731
0.0781278,20.892
0.0781382,20.9123
0.078146,20.9338
0.0781518,20.9563
0.0781558,20.9796
0.0781611,21.0036
0.0781678,21.0285
0.0781734,21.0539
0.0781781,21.0797
0.0781848,21.1059
0.0781879,21.1325
0.0781957,21.1596
0.0781995,21.1872
0.0782081,21.2154
0.0782125,21.2441
0.0782187,21.2734
0.0782241,21.3031
0.0782284,21.3333
0.0782379,21.3639
0.0782433,21.3949
0.0782508,21.4264
0.0782546,21.4581
0.0782603,21.4906
0.0782678,21.5233
0.0782719,21.5565
0.0782781,21.5899
0.0782805,21.6239
0.0782884,21.658
0.0782956,21.6925
0.0783019,21.7274
0.0783099,21.7628
0.0783169,21.7987
0.0783227,21.835
0.0783275,21.8722
0.0783343,21.9095
0.0783403,21.9473
0.0783454,21.9857
0.0783519,22.0245
0.07836,22.064
0.0783669,22.1043
0.0783724,22.1451
0.07838,22.1864
0.0783867,22.2281
0.0783928,22.2701
0.0783979,22.3126
0.078405,22.3553
0.0784081,22.3988
0.0784164,22.4425
0.0784209,22.4867
0.0784277,22.5311
0.078434,22.5758
0.0784394,22.6209
0.0784468,22.6666
0.0784503,22.7125
0.0784583,22.7591
0.0784651,22.8065
0.078473,22.8546
0.0784796,22.9034
0.0784877,22.9527
0.0784945,23.0028
0.0785035,23.0533
0.0785144,23.1041
0.0785211,23.1556
0.0785295,23.2076
0.078537,23.2601
0.0785437,23.3131
0.07855,23.3663
0.0785559,23.4195
0.0785642,23.473
0.0785689,23.5269
0.0785785,23.5811
0.0785871,23.6361
0.0785948,23.6912
0.0786046,23.7469
0.0786135,23.8028
0.0786218,23.8592
0.0786322,23.9161
0.0786449,23.973
0.0786542,24.0304
0.0786654,24.088
0.0786761,24.1461
0.0786859,24.2044
0.078698,24.2633
0.0787038,24.3221
0.078715,24.3814
0.0787286,24.4408
0.0787383,24.5006
0.0787528,24.5609
0.0787661,24.6219
0.078781,24.6834
0.0787918,24.7457
0.0788075,24.8082
0.07882,24.8707
0.0788373,24.9342
0.0788516,24.9976
0.0788679,25.0611
0.0788837,25.1251
0.0788956,25.1895
0.078907,25.254
0.078921,25.3189
0.0789349,25.3839
0.0789515,25.4488
0.0789676,25.5142
0.0789831,25.5797
0.0790006,25.6456
0.0790172,25.712
0.0790334,25.7784
0.0790522,25.8453
0.0790712,25.9117
0.0790899,25.9786
0.0791086,26.0455
0.0791234,26.1124
0.0791432,26.1803
0.0791623,26.2481
0.0791803,26.3165
0.0792006,26.3853
0.0792256,26.4547
0.0792475,26.524
0.0792716,26.5938
0.0792983,26.6637
0.0793217,26.734
0.0793479,26.8043
0.0793685,26.8741
0.0793918,26.9444
0.0794151,27.0147
0.0794415,27.0846
0.0794678,27.1549
0.0794939,27.2252
0.0795222,27.2955
0.0795499,27.3663
0.0795797,27.4376
0.0796092,27.5089
0.0796384,27.5806
0.0796673,27.6519
0.0796958,27.7242
0.079727,27.796
0.0797606,27.8682
0.0797935,27.9405
0.0798262,28.0133
0.0798643,28.086
0.0799032,28.1588
0.0799421,28.231
0.0799845,28.3033
0.0800248,28.3751
0.0800634,28.4464
0.0801056,28.5172
0.080149,28.5875
0.0801936,28.6568
0.0802396,28.7262
0.0802897,28.7945
0.0803388,28.8619
0.0803955,28.9288
0.0804539,28.9942
0.0805138,29.0597
0.0805717,29.1241
0.0806311,29.1881
0.0806916,29.2515
0.0807594,29.314
0.0808261,29.3763
0.0808995,29.4378
0.0809711,29.4986
0.0810493,29.5589
0.0811256,29.6192
0.0812047,29.679
0.0812791,29.7386
0.0813511,29.7979
0.0814236,29.857
0.0814961,29.9159
0.08157,29.9742
0.0816444,30.0326
0.0817183,30.0907
0.081795,30.1493
0.0818713,30.2076
0.0819452,30.2662
0.0820163,30.3245
0.0820902,30.3827
0.0821617,30.4408
0.0822328,30.4991
0.0823096,30.5575
0.0823825,30.6163
0.082455,30.6754
0.0825299,30.7347
0.0826052,30.7938
0.0826839,30.8526
0.0827549,30.911
0.0828298,30.9688
0.0828999,31.0262
0.0829771,31.0828
0.0830525,31.1392
0.0831288,31.1949
0.0832098,31.2501
0.083289,31.3043
0.0833724,31.358
0.0834578,31.411
0.0835522,31.4581
0.0836714,31.493
0.083803,31.5207
0.0839489,31.5427
0.0841063,31.5594
0.084277,31.5709
0.0844544,31.5779
0.084647,31.5805
0.0848435,31.5795
0.0850476,31.5753
0.0852421,31.5736
0.0854157,31.581
0.0855749,31.5929
0.0857275,31.6074
0.0858725,31.6245
0.0860146,31.6442
0.0861481,31.6666
0.0862749,31.6924
0.0863937,31.721
0.0865091,31.7522
0.0866202,31.7857
0.0867241,31.8208
0.0868223,31.8579
0.0869168,31.8965
0.0870078,31.9365
0.087096,31.9783
0.0871824,32.0208
0.0872734,32.0623
0.0873683,32.1021
0.0874665,32.1404
0.08757,32.1775
0.0876716,32.2141
0.0877736,32.2502
0.0878728,32.2869
0.0879739,32.3235
0.0880712,32.3606
0.0881675,32.3984
0.0882605,32.4379
0.0883449,32.4797
0.0884283,32.5236
0.088508,32.5693
0.0885843,32.6167
0.0886577,32.6655
0.0887259,32.7155
0.088795,32.7663
0.0888589,32.8181
0.0889219,32.8706
0.0889803,32.9238
0.0890451,32.9782
0.0891054,33.0334
0.0891662,33.0896
0.0892256,33.1464
0.0892866,33.2041
0.089347,33.2619
0.0894042,33.32
0.089464,33.3781
0.0895179,33.4362
0.0895747,33.4943
0.0896312,33.5527
0.0896877,33.6113
0.0897406,33.6699
0.0897992,33.7285
0.0898543,33.7876
0.089912,33.8466
0.089969,33.9062
0.0900253,33.966
0.0900834,34.0263
0.0901376,34.0874
0.0901905,34.1489
0.0902446,34.2109
0.0902949,34.2739
0.0903495,34.3369
0.0904029,34.4013
0.0904551,34.4658
0.090509,34.5307
0.0905646,34.5966
0.0906189,34.663
0.09067,34.7299
0.0907234,34.7968
0.0907708,34.8637
0.0908209,34.9306
0.0908736,34.9975
0.0909196,35.0654
0.0909704,35.1337
0.0910233,35.2021
0.0910757,35.271
0.0911272,35.3398
0.0911749,35.4096
0.0912219,35.4794
0.0912681,35.5498
0.0913134,35.6206
0.0913611,35.6914
0.0914083,35.7626
0.091461,35.8339
0.0915109,35.9057
0.0915666,35.977
0.0916212,36.0473
0.0916811,36.1152
0.0917455,36.1811
0.0918108,36.2451
0.091879,36.3076
0.0919472,36.3686
0.0920215,36.4282
0.0920978,36.4868
0.092177,36.5441
0.0922581,36.6003
0.092342,36.6567
0.0924164,36.7148
0.0924903,36.7744
0.0925585,36.8356
0.0926243,36.8979
0.0926882,36.9609
0.092753,37.0249
0.0928164,37.0898
0.0928775,37.1557
0.0929385,37.2231
0.0929983,37.291
0.0930568,37.3598
0.093114,37.4292
0.0931674,37.4985
0.0932172,37.5688
0.0932697,37.6386
0.0933185,37.7094
0.09337,37.7797
0.0934246,37.8505
0.0934764,37.9209
0.0935315,37.9912
0.0935841,38.061
0.093638,38.1303
0.09369,38.1992
0.093746,38.268
0.0938059,38.3359
0.0938645,38.4028
0.0939327,38.4682
0.0940052,38.5312
0.0940858,38.5922
0.0941692,38.6501
0.0942641,38.7038
0.0944081,38.7329
0.0949231,38.5825
0.0954762,38.4135
0.096037,38.2407
0.0966016,38.0659
0.09717,37.8881
0.0977422,37.7104
0.0983144,37.5307
0.0988713,37.3501
0.099413,37.1704
0.0998937,37.0131
0.0999952,37.0325
0.100059,37.0679
0.100123,37.1053
0.100183,37.1439
0.100244,37.1834
0.100304,37.2244
0.100358,37.2674
0.100411,37.3121
0.100458,37.3582
0.100507,37.4058
0.100552,37.4542
0.100598,37.5035
0.100637,37.5535
0.10068,37.6043
0.100719,37.6556
0.10076,37.7074
0.100797,37.7598
0.100836,37.8126
0.100871,37.866
0.100907,37.9198
0.100943,37.9742
0.100978,38.0289
0.101015,38.0841
0.101051,38.1397
0.101086,38.1956
0.10112,38.252
0.101157,38.3089
0.10119,38.3658
0.101222,38.4234
0.101257,38.481
0.10129,38.5396
0.101322,38.5985
0.101355,38.658
0.10139,38.7183
0.101427,38.7791
0.101461,38.8402
0.101496,38.9017
0.101531,38.9635
0.101565,39.0255
0.101599,39.0877
0.101632,39.1502
0.101665,39.2127
0.101697,39.2762
0.101729,39.3392
0.101763,39.4027
0.101796,39.4666
0.101832,39.5311
0.101866,39.596
0.1019,39.661
0.101936,39.7259
0.101969,39.7918
0.102002,39.8573
0.102034,39.9232
0.102069,39.9891
0.102104,40.055
0.102141,40.1214
0.102181,40.1878
0.102217,40.2542
0.102259,40.3211
0.102303,40.3885
0.102345,40.4549
0.102387,40.5218
0.102433,40.5882
0.102475,40.6546
0.102519,40.721
0.102563,40.7865
0.102609,40.8514
0.10266,40.9154
0.102713,40.9779
0.102773,41.0391
0.102836,41.0982
0.102905,41.1549
0.102979,41.2088
0.103056,41.2601
0.103137,41.3092
0.103229,41.3563
0.103321,41.4017
0.103418,41.4461
0.103515,41.4906
0.103614,41.5352
0.103708,41.5814
0.1038,41.6292
0.103885,41.6793
0.103963,41.7315
0.10404,41.786
0.104106,41.8424
0.104172,41.9005
0.104232,41.9598
0.104289,42.0203
0.104345,42.0821
0.104399,42.1444
0.104451,42.2074
0.104503,42.2708
0.104553,42.3353
0.104605,42.3997
0.104654,42.4647
0.104704,42.5301
0.104747,42.5965
0.104795,42.6634
0.104841,42.7308
0.10489,42.7987
0.104938,42.866
0.10499,42.9339
0.105038,43.0018
0.10509,43.0697
0.105132,43.138
0.105177,43.2059
0.105225,43.2738
0.10527,43.3416
0.105319,43.4095
0.105364,43.4774
0.105409,43.5457
0.10546,43.6141
0.105512,43.6824
0.105558,43.7513
0.105607,43.8206
0.105652,43.89
0.105697,43.9598
0.105745,44.0291
0.105792,44.099
0.105843,44.1683
0.105893,44.2381
0.105947,44.3074
0.106004,44.3773
0.106061,44.4466
0.106116,44.5155
0.106169,44.5838
0.106226,44.6517
0.106282,44.7186
0.106341,44.7855
0.106405,44.8514
0.106467,44.9168
0.106535,44.9813
0.106604,45.0443
0.106677,45.1063
0.106753,45.1663
0.106831,45.2242
0.106914,45.2796
0.107006,45.3321
0.107104,45.3814
0.107213,45.4259
0.107336,45.4644
0.107476,45.4954
0.107633,45.5173
0.107812,45.5311
0.107998,45.5376
0.108205,45.5358
0.108426,45.5234
0.108683,45.4944
0.109044,45.4162
0.109448,45.3152
0.109873,45.2019
0.110434,45.0241
0.111064,44.8112
0.111697,44.5964
0.112322,44.3816
0.112933,44.1696
0.113528,43.9646
0.114081,43.7722
0.114529,43.6267
0.114924,43.5027
0.115281,43.3918
0.115495,43.3491
0.115619,43.3467
0.115727,43.3522
0.115822,43.3623
0.115913,43.3757
0.115996,43.3921
0.116071,43.4118
0.11614,43.4345
0.116204,43.4599
0.116264,43.4874
0.116316,43.5169
0.116368,43.548
0.116414,43.5802
0.116458,43.6137
0.116504,43.6479
0.116548,43.6825
0.116591,43.7179
0.116635,43.7543
0.116675,43.7912
0.116716,43.829
0.116759,43.8674
0.116797,43.9062
0.116841,43.9455
0.116881,43.985
0.11692,44.0253
0.116958,44.0658
0.116998,44.1071
0.117034,44.1486
0.117072,44.1906
0.117109,44.2328
0.117146,44.2756
0.117184,44.3188
0.117225,44.3625
0.117263,44.4067
0.117301,44.4518
0.11734,44.4975
0.117376,44.5434
0.117416,44.5898
0.117456,44.6364
0.117493,44.6835
0.117528,44.7309
0.117569,44.7785
0.117604,44.8263
0.117641,44.8742
0.117675,44.9223
0.117712,44.9706
0.117748,45.0192
0.117786,45.068
0.11782,45.1174
0.117857,45.1672
0.117896,45.217
0.117931,45.2675
0.117969,45.318
0.118003,45.3691
0.118042,45.4203
0.118078,45.4718
0.118111,45.5234
0.118149,45.5749
0.118185,45.6264
0.118224,45.6777
0.118266,45.7289
0.118309,45.7797
0.118356,45.83
0.118404,45.8798
0.118454,45.9286
0.118513,45.9762
0.118569,46.0221
0.11863,46.0671
0.118691,46.1108
0.118754,46.153
0.118819,46.1945
0.118887,46.235
0.118955,46.2751
0.119023,46.3149
0.119088,46.3554
0.119153,46.3969
0.119216,46.4394
0.119278,46.4828
0.119336,46.5273
0.119396,46.5727
0.119451,46.6193
0.119503,46.6669
0.119554,46.7155
0.119603,46.7651
0.119649,46.8154
0.119698,46.8664
0.119742,46.9181
0.119788,46.9704
0.119834,47.0238
0.119876,47.0778
0.119923,47.1325
0.119965,47.1879
0.120009,47.2441
0.120049,47.3005
0.120088,47.3576
0.120126,47.415
0.120164,47.4726
0.1202,47.5307
0.120236,47.5893
0.12027,47.6484
0.120304,47.7079
0.120339,47.768
0.120373,47.8288
0.120407,47.8896
0.120443,47.9509
0.120479,48.0124
0.120511,48.0741
0.120545,48.1362
0.120575,48.1987
0.120608,48.2612
0.12064,48.3246
0.120674,48.3881
0.120707,48.4521
0.120739,48.5165
0.120776,48.5815
0.120813,48.6464
0.120849,48.7118
0.120889,48.7768
0.12093,48.8403
0.12101,48.8857
0.121385,48.7861
0.121834,48.6532
0.122305,48.5107
0.122789,48.3593
0.123293,48.2001
0.123819,48.0312
0.124361,47.8544
0.124914,47.6659
0.1257,47.3593
0.12657,47.0038
0.127176,46.7714
0.127741,46.5556
0.128313,46.3368
0.128889,46.1152
0.129469,45.8896
0.130045,45.663
0.130609,45.4345
0.131162,45.207
0.131475,45.0898
0.131664,45.0275
0.131832,44.9748
0.131991,44.9259
0.132147,44.8788
0.132296,44.8329
0.132444,44.7885
0.132588,44.7453
0.132729,44.704
0.132863,44.665
0.132991,44.6286
0.133112,44.5949
0.133227,44.5647
0.133332,44.5379
0.133429,44.5134
0.133524,44.4902
0.133621,44.4671
0.133718,44.4441
0.133812,44.4209
0.133908,44.3974
0.134005,44.3731
0.134104,44.3478
0.134204,44.3218
0.134308,44.2956
0.134407,44.2687
0.134513,44.24
0.134635,44.2037
0.134781,44.1541
0.134949,44.0955
0.135125,44.0315
0.135311,43.9642
0.135498,43.8948
0.135686,43.825
0.135874,43.7557
0.136056,43.6868
0.136229,43.6214
0.136384,43.5652
0.136506,43.523
0.136604,43.4915
0.136687,43.4664
0.136762,43.4458
0.13683,43.4281
0.136895,43.4125
0.136954,43.3981
0.137016,43.3848
0.137074,43.3721
0.137132,43.3595
0.137191,43.3464
0.137252,43.3327
0.137316,43.3185
0.137381,43.3039
0.137444,43.2888
0.137511,43.2734
0.137578,43.2578
0.137646,43.2419
0.137718,43.2256
0.137789,43.2079
0.13787,43.1855
0.137974,43.1523
0.138114,43.103
0.138276,43.0412
0.138456,42.9734
0.13864,42.9021
0.138829,42.8293
0.139016,42.7556
0.139205,42.6814
0.139391,42.6081
0.139561,42.5403
0.139706,42.4844
0.139813,42.4455
0.139889,42.4199
0.13995,42.4017
0.140002,42.3877
0.140048,42.3766
0.14009,42.3675
0.140132,42.3602
0.140167,42.3542
0.1402,42.3494
0.140231,42.3456
0.140264,42.3428
0.140294,42.3407
0.140326,42.3393
0.140354,42.3386
0.140383,42.3386
0.14041,42.3394
0.140436,42.3409
0.140461,42.343
0.140487,42.3458
0.140512,42.3493
0.140535,42.3534
0.140561,42.3579
0.140585,42.3632
0.140608,42.3688
0.14063,42.375
0.140651,42.3816
0.140675,42.3885
0.140697,42.3957
0.140723,42.4032
0.140745,42.4107
0.14077,42.4182
0.140798,42.4257
0.140827,42.433
0.140856,42.4397
0.140909,42.4354
0.141882,41.9862
0.143171,41.3885
0.144476,40.7792
0.145803,40.162
0.147146,39.537
0.148504,38.9002
0.149885,38.2557
0.151266,37.5995
0.152647,36.9315
0.153997,36.2596
0.154413,36.0204
0.154523,35.9227
0.15463,35.8231
0.154731,35.725
0.154819,35.6297
0.154897,35.5384
0.154964,35.453
0.155011,35.3753
0.155036,35.3055
0.155044,35.2455
0.155032,35.1952
0.155003,35.152
0.154967,35.1144
0.15492,35.0812
0.154866,35.0511
0.154809,35.0234
0.154747,34.9975
0.154687,34.9731
0.154624,34.9502
0.154562,34.9281
0.154501,34.9073
0.154436,34.8879
0.154375,34.8699
0.15431,34.8532
0.154247,34.8376
0.15418,34.8233
0.154114,34.8102
0.15405,34.7979
0.15398,34.7868
0.153914,34.7765
0.153847,34.7669
0.153778,34.7579
0.153712,34.7491
0.153646,34.7404
0.153582,34.7318
0.153521,34.7233
0.15346,34.7151
0.153401,34.7071
0.153344,34.6994
0.15329,34.6917
0.153233,34.6841
0.153182,34.6765
0.153128,34.6688
0.15308,34.6612
0.153035,34.6536
0.152992,34.6462
0.152952,34.6388
0.152912,34.6314
0.152873,34.6239
0.152836,34.6165
0.152804,34.6091
0.15277,34.6018
0.152741,34.5949
0.152711,34.5883
0.15268,34.582
0.152652,34.5759
0.152627,34.5699
0.152601,34.5641
0.152581,34.5584
0.152557,34.553
0.152533,34.5479
0.152514,34.543
0.152495,34.5383
0.152475,34.5338
0.152461,34.5293
0.152447,34.5248
0.15243,34.5206
0.152418,34.5164
0.152403,34.5124
0.152391,34.5086
0.152378,34.5049
0.152368,34.5014
0.15236,34.4979
0.152353,34.4945
0.152342,34.4911
0.152338,34.4878
0.152333,34.4846
0.152327,34.4815
0.152325,34.4786
0.152322,34.4758
0.152322,34.473
0.152319,34.4703
0.152318,34.4676
0.152318,34.4649
0.152321,34.4623
0.152323,34.4598
0.152325,34.4575
0.152329,34.4552
0.152334,34.453
0.152336,34.4508
0.15234,34.4486
0.152345,34.4464
0.152349,34.4443
0.152353,34.4424
0.15236,34.4405
0.152366,34.4388
0.152373,34.4372
0.152379,34.4357
0.152387,34.4342
0.152399,34.4329
0.15241,34.4317
0.152421,34.4306
0.152432,34.4297
0.152447,34.429
0.152463,34.4286
0.152476,34.4281
0.152494,34.4276
0.152512,34.4272
0.152528,34.4267
0.152549,34.4263
0.152567,34.4261
0.152584,34.4261
0.152605,34.426
0.152626,34.4258
0.15265,34.4254
0.152674,34.4249
0.152699,34.4242
0.152726,34.4235
0.152754,34.4226
0.152785,34.4217
0.152816,34.4207
0.152845,34.4196
0.15288,34.4182
0.152912,34.4168
0.152947,34.4152
0.152985,34.4138
0.15302,34.4123
0.153057,34.4111
0.153095,34.4099
0.153132,34.4086
0.15317,34.4071
0.153211,34.4057
0.153252,34.4042
0.153292,34.4027
0.153333,34.4013
0.153376,34.4001
0.153419,34.399
0.153462,34.3979
0.153506,34.3967
0.153551,34.3956
0.153594,34.3946
0.15364,34.3936
0.153685,34.3926
0.153734,34.3919
0.153778,34.3913
0.153826,34.3907
0.153874,34.3901
0.153921,34.3897
0.153968,34.3894
0.154018,34.3893
0.154067,34.3895
0.154112,34.3902
0.154159,34.3913
0.154206,34.3927
0.154252,34.3943
0.154297,34.3964
0.154341,34.3987
0.154386,34.4011
0.154433,34.4037
0.154479,34.4066
0.154522,34.4094
0.154569,34.4123
0.154615,34.4151
0.154662,34.4178
0.154712,34.4204
0.154759,34.423
0.154809,34.4255
0.154856,34.4281
0.154906,34.4307
0.154955,34.4334
0.155005,34.4362
0.155054,34.439
0.155103,34.4419
0.155156,34.4447
0.155208,34.4477
0.155256,34.4509
0.15531,34.4543
0.155358,34.4579
0.155411,34.4617
0.155461,34.4656
0.155511,34.4696
0.155564,34.4738
0.155616,34.478
0.155667,34.4826
0.155719,34.4872
0.155767,34.492
0.155824,34.4968
0.155875,34.5018
0.155928,34.5068
0.155982,34.5117
0.156035,34.5167
0.156089,34.5218
0.156142,34.5271
0.156198,34.5323
0.156253,34.5378
0.156306,34.5433
0.156361,34.5489
0.156414,34.5545
0.156469,34.5601
0.156526,34.566
0.15658,34.5722
0.156634,34.5787
0.156687,34.5855
0.156739,34.5926
0.156793,34.6001
0.156843,34.6083
0.156894,34.6173
0.156942,34.6277
0.156989,34.6402
0.15703,34.6556
0.157063,34.6744
0.157093,34.6965
0.157114,34.7215
0.157131,34.7497
0.157143,34.7805
0.157155,34.8139
0.15716,34.8496
0.157163,34.8874
0.157164,34.9265
0.157163,34.9658
0.157166,35.0051
0.157169,35.0441
0.157172,35.0837
0.157175,35.1232
0.157179,35.163
0.157186,35.2036
0.157188,35.2446
0.157192,35.2858
0.157196,35.3276
0.157199,35.3693
0.157205,35.4118
0.157209,35.4545
0.157213,35.4975
0.157219,35.5412
0.157226,35.5852
0.15723,35.6296
0.157237,35.6743
0.157242,35.7192
0.15725,35.7646
0.157257,35.8103
0.157267,35.8562
0.157276,35.9025
0.157284,35.9492
0.157294,35.996
0.157304,36.0434
0.15731,36.0908
0.157322,36.1384
0.157331,36.1862
0.157341,36.2343
0.157354,36.2829
0.157363,36.332
0.157377,36.3813
0.157387,36.4313
0.157402,36.4816
0.157413,36.5324
0.157426,36.5837
0.157444,36.6354
0.157458,36.6875
0.157474,36.7399
0.157486,36.7929
0.157501,36.8461
0.157516,36.8996
0.157533,36.9531
0.157547,37.0063
0.157564,37.06
0.157581,37.1137
0.157597,37.1677
0.157615,37.2221
0.157633,37.2768
0.15765,37.3317
0.157669,37.3872
0.15769,37.4428
0.157711,37.4987
0.157731,37.5549
0.157751,37.6113
0.157773,37.6682
0.157791,37.7253
0.157809,37.7827
0.157829,37.8403
0.157849,37.8981
0.157868,37.9565
0.157891,38.0153
0.157913,38.0747
0.157937,38.135
0.157959,38.1958
0.157977,38.2573
0.158001,38.319
0.158023,38.3811
0.158049,38.4431
0.158071,38.5051
0.158094,38.5673
0.158119,38.6296
0.158138,38.6921
0.15816,38.7543
0.158182,38.8166
0.158204,38.8789
0.158229,38.9411
0.15825,39.0036
0.158274,39.0671
0.158299,39.1306
0.158324,39.194
0.158349,39.258
0.158373,39.3225
0.158399,39.3869
0.158425,39.4514
0.158445,39.5163
0.15847,39.5812
0.158494,39.6472
0.15852,39.7131
0.158544,39.78
0.158568,39.8469
0.158597,39.9147
0.158625,39.9826
0.15865,40.0505
0.158677,40.1188
0.158703,40.1872
0.158727,40.2561
0.158753,40.3244
0.158777,40.3933
0.1588,40.4621
0.158826,40.531
0.158849,40.5998
0.158879,40.6696
0.158906,40.7395
0.158931,40.8098
0.158956,40.8806
0.158984,40.9519
0.15901,41.0231
0.159033,41.0949
0.159059,41.1667
0.159081,41.239
0.159108,41.3112
0.159134,41.3845
0.159159,41.4582
0.159189,41.5319
0.159218,41.6062
0.159247,41.6809
0.159275,41.7556
0.159306,41.8303
0.159333,41.906
0.15936,41.9812
0.159387,42.0568
0.159416,42.1325
0.159443,42.2077
0.159475,42.2834
0.159508,42.3591
0.15954,42.4348
0.159575,42.51
0.159611,42.5856
0.15964,42.6618
0.159674,42.738
0.159708,42.8137
0.159739,42.8898
0.159776,42.9665
0.159812,43.0432
0.15985,43.1203
0.15989,43.1975
0.159927,43.2751
0.159969,43.3532
0.160008,43.4309
0.160045,43.509
0.160082,43.5866
0.160119,43.6638
0.16016,43.7409
0.160202,43.8176
0.160246,43.8928
0.160295,43.968
0.160345,44.0422
0.160395,44.1149
0.160448,44.1862
0.160504,44.2556
0.160565,44.3225
0.160636,44.3874
0.160712,44.4484
0.1608,44.5058
0.1609,44.5585
0.161017,44.6035
0.161158,44.6359
0.161327,44.6566
0.161507,44.6696
0.161696,44.6782
0.16189,44.6839
0.162086,44.688
0.162278,44.6914
0.162482,44.6914
0.162809,44.6319
0.163194,44.5425
0.163587,44.4473
0.163991,44.3472
0.164395,44.2447
0.164798,44.1416
0.165204,44.0381
0.165609,43.9341
0.166005,43.8296
0.166385,43.7286
0.166635,43.6883
0.16681,43.682
0.166952,43.6907
0.167061,43.7139
0.167154,43.7445
0.167237,43.7792
0.167311,43.8161
0.167384,43.8554
0.167454,43.8961
0.167517,43.9386
0.167576,43.983
0.167635,44.0292
0.16769,44.077
0.167741,44.1266
0.167793,44.1771
0.16784,44.2291
0.167888,44.2819
0.16793,44.3358
0.167971,44.3905
0.168009,44.4462
0.168047,44.5026
0.168088,44.5597
0.168125,44.6176
0.168167,44.6762
0.168207,44.7352
0.168249,44.7948
0.168288,44.8551
0.168327,44.9157
0.168364,44.9767
0.168406,45.038
0.168441,45.0995
0.16848,45.161
0.168515,45.2223
0.168553,45.2841
0.168588,45.3458
0.168621,45.4083
0.168657,45.4708
0.168692,45.5338
0.168729,45.5973
0.168763,45.6613
0.168802,45.7252
0.168834,45.7897
0.168869,45.8541
0.168899,45.9196
0.168935,45.985
0.168967,46.0514
0.168997,46.1178
0.16903,46.1852
0.169061,46.2531
0.169093,46.3214
0.169126,46.3898
0.169157,46.4591
0.169191,46.5285
0.169221,46.5983
0.16925,46.6681
0.169277,46.7384
0.169306,46.8082
0.169339,46.8781
0.169369,46.9479
0.169399,47.0177
0.169431,47.0875
0.169466,47.1578
0.169501,47.2277
0.169536,47.298
0.169569,47.3678
0.169604,47.4376
0.169639,47.5079
0.169671,47.5783
0.169704,47.6491
0.16974,47.7203
0.169775,47.7916
0.169812,47.8639
0.16985,47.9362
0.169888,48.0094
0.169928,48.0831
0.169963,48.1569
0.169998,48.2316
0.170032,48.3063
0.170066,48.381
0.170102,48.4562
0.170138,48.5319
0.170173,48.6074
0.170209,48.6826
0.170244,48.7582
0.170285,48.8339
0.170322,48.9101
0.170356,48.9863
0.170393,49.0624
0.170429,49.1391
0.170462,49.2158
0.170503,49.2929
0.170541,49.3696
0.170583,49.4467
0.170626,49.5239
0.17067,49.601
0.170714,49.6782
0.170759,49.7548
0.1708,49.8315
0.170842,49.9081
0.170886,49.9838
0.170932,50.0595
0.170979,50.1352
0.171027,50.2104
0.171081,50.2856
0.17113,50.3603
0.171182,50.4345
0.171233,50.5082
0.171287,50.582
0.171342,50.6547
0.171399,50.727
0.171456,50.7988
0.17152,50.8706
0.171586,50.9414
0.171653,51.0112
0.171729,51.08
0.171802,51.1469
0.171875,51.2128
0.171956,51.2763
0.172034,51.3381
0.172125,51.3952
0.172229,51.4462
0.172346,51.4907
0.172477,51.53
0.172621,51.5646
0.172769,51.5956
0.172922,51.6238
0.173078,51.6497
0.17324,51.6724
0.17341,51.6914
0.173589,51.7077
0.173771,51.7206
0.174179,51.6259
0.176163,50.7705
0.178207,49.8798
0.180267,48.9853
0.182343,48.0869
0.184433,47.1728
0.186539,46.2509
0.188675,45.3095
0.190765,44.3564
0.192825,43.3876
0.194641,42.5165
0.194882,42.3886
0.195061,42.2856
0.195246,42.1767
0.19543,42.0639
0.195611,41.9526
0.195775,41.8466
0.19592,41.7485
0.196037,41.6601
0.196137,41.5805
0.196217,41.5097
0.196277,41.4457
0.196333,41.3864
0.196375,41.331
0.196413,41.279
0.196444,41.2287
0.196475,41.1801
0.196504,41.1328
0.196532,41.0869
0.196554,41.0424
0.196577,40.9992
0.196597,40.9572
0.196611,40.9165
0.196626,40.8771
0.196635,40.8388
0.196645,40.8022
0.196654,40.7668
0.196657,40.7333
0.196659,40.7011
0.196661,40.6706
0.196658,40.6412
0.196658,40.6131
0.196653,40.5863
0.196648,40.5605
0.196641,40.5358
0.196634,40.5124
0.196626,40.4899
0.196617,40.4688
0.196606,40.4487
0.196596,40.4298
0.196587,40.4119
0.196575,40.3948
0.196562,40.3787
0.19655,40.3633
0.196534,40.3487
0.196523,40.3347
0.19651,40.3214
0.196498,40.3085
0.196486,40.296
0.196477,40.2839
0.196469,40.2722
0.19646,40.2608
0.196451,40.2498
0.196441,40.2393
0.196433,40.2291
0.196427,40.2192
0.196421,40.2096
0.196415,40.2001
0.196411,40.1908
0.196406,40.1818
0.196404,40.1731
0.196401,40.1646
0.196398,40.1563
0.196397,40.1482
0.196396,40.1403
0.196395,40.1325
0.196396,40.1249
0.196397,40.1174
0.1964,40.1102
0.196403,40.1031
0.196403,40.0962
0.196408,40.0894
0.196414,40.0826
0.196419,40.076
0.196427,40.0693
0.196434,40.0628
0.196445,40.0564
0.196452,40.0501
0.196462,40.0439
0.196472,40.0378
0.196481,40.0317
0.196494,40.0257
0.196506,40.0198
0.196518,40.0141
0.196529,40.0086
0.19654,40.0032
0.196552,39.9977
0.196563,39.9924
0.196574,39.9872
0.196584,39.982
0.196598,39.977
0.196611,39.972
0.196627,39.9672
0.196642,39.9624
0.196658,39.9576
0.196676,39.953
0.196692,39.9485
0.196712,39.944
0.196733,39.9396
0.196754,39.9351
0.196778,39.9307
0.196804,39.9264
0.196827,39.9221
0.196854,39.9179
0.196877,39.9136
0.196906,39.9092
0.196933,39.905
0.196965,39.9006
0.196991,39.8965
0.197023,39.8924
0.197054,39.8884
0.197085,39.8845
0.197119,39.8807
0.19715,39.8769
0.197184,39.8732
0.197221,39.8696
0.197254,39.866
0.197288,39.8627
0.197324,39.8593
0.197363,39.856
0.197398,39.8527
0.197437,39.8496
0.197475,39.8467
0.197512,39.844
0.197549,39.8416
0.197588,39.8397
0.197626,39.8381
0.197666,39.837
0.197703,39.8362
0.197738,39.8359
0.197776,39.8359
0.19781,39.8363
0.197847,39.8369
0.19788,39.8377
0.197918,39.8388
0.197957,39.84
0.197995,39.8412
0.198033,39.8424
0.198074,39.8437
0.198109,39.8448
0.19815,39.846
0.198192,39.8471
0.198233,39.8482
0.198277,39.8493
0.198322,39.8503
0.198364,39.8512
0.198408,39.8522
0.198455,39.8533
0.198499,39.8544
0.198543,39.8557
0.19859,39.857
0.198633,39.8585
0.198679,39.8601
0.198728,39.8617
0.198774,39.8634
0.19882,39.8652
0.198865,39.867
0.198914,39.8689
0.198962,39.8708
0.19901,39.8728
0.199058,39.8749
0.199106,39.8771
0.199157,39.8794
0.199207,39.8817
0.199255,39.884
0.199308,39.8864
0.199358,39.889
0.199408,39.8916
0.199457,39.8944
0.199509,39.8972
0.199561,39.9001
0.199611,39.903
0.199662,39.9061
0.199717,39.9093
0.199768,39.9128
0.199818,39.9166
0.19987,39.9207
0.199922,39.9252
0.199973,39.9303
0.200022,39.936
0.200072,39.9429
0.200118,39.9513
0.20016,39.9618
0.200197,39.9748
0.200232,39.9905
0.200261,40.0087
0.200285,40.029
0.200305,40.0519
0.200323,40.0768
0.200335,40.1034
0.200346,40.1317
0.200358,40.1611
0.200366,40.1909
0.200377,40.2208
0.200387,40.2507
0.200398,40.2805
0.200412,40.3105
0.200428,40.3406
0.200441,40.371
0.200453,40.4016
0.20047,40.4326
0.200487,40.4639
0.200503,40.4953
0.200521,40.5271
0.20054,40.5591
0.20056,40.5913
0.20058,40.6238
0.200597,40.6565
0.200618,40.6892
0.200643,40.7224
0.200662,40.7554
0.200686,40.7886
0.200711,40.8215
0.200735,40.8547
0.20076,40.8874
0.200785,40.9202
0.200811,40.9526
0.200841,40.9846
0.200871,41.0166
0.200899,41.0481
0.20093,41.0793
0.200964,41.1105
0.200996,41.1413
0.201029,41.172
0.201064,41.2026
0.201099,41.2333
0.201135,41.2639
0.201173,41.2945
0.201209,41.3252
0.201247,41.3557
0.201288,41.3863
0.201327,41.4169
0.201368,41.4475
0.201409,41.4783
0.201447,41.5089
0.201491,41.5397
0.201532,41.5704
0.201573,41.6013
0.201613,41.6322
0.201656,41.6633
0.201696,41.6944
0.201742,41.7259
0.201787,41.7574
0.201831,41.7892
0.201873,41.8212
0.20192,41.8531
0.201964,41.8854
0.202011,41.9176
0.202057,41.9498
0.202106,41.9823
0.202152,42.0148
0.202201,42.0472
0.20225,42.0797
0.202297,42.1117
0.202347,42.1437
0.202396,42.1748
0.202446,42.2054
0.202501,42.2352
0.202558,42.264
0.202614,42.2916
0.202672,42.318
0.202737,42.3428
0.202809,42.3657
0.202882,42.3865
0.202963,42.4047
0.203048,42.4202
0.203143,42.4317
0.203247,42.4374
0.203368,42.4367
0.203499,42.4295
0.203644,42.4159
0.203799,42.3967
0.203962,42.3731
0.204135,42.3456
0.20431,42.3157
0.20449,42.2839
0.204669,42.252
0.204842,42.2219
0.205011,42.195
0.205168,42.1713
0.205317,42.1509
0.205464,42.1333
0.205606,42.1179
0.205744,42.1036
0.205878,42.0891
0.206016,42.0729
0.206163,42.0537
0.206315,42.0313
0.206472,42.0055
0.206633,41.9772
0.206794,41.9475
0.206955,41.9174
0.207116,41.8871
0.207275,41.8579
0.207431,41.8308
0.207572,41.8075
0.207703,41.7891
0.207824,41.7756
0.207934,41.7672
0.208035,41.7631
0.208127,41.7624
0.208214,41.7641
0.208296,41.7677
0.208379,41.773
0.208455,41.7796
0.208532,41.7873
0.208604,41.7959
0.208675,41.8054
0.208744,41.8156
0.208814,41.8265
0.20888,41.8382
0.208945,41.8504
0.209008,41.8634
0.20907,41.8772
0.20913,41.8914
0.20919,41.9061
0.209249,41.9213
0.209312,41.9367
0.209374,41.952
0.209437,41.9663
0.209506,41.9795
0.209577,41.9913
0.20965,42.0012
0.209731,42.0084
0.209823,42.0116
0.209927,42.0079
0.21006,41.9898
0.210229,41.9544
0.210423,41.9071
0.210637,41.8514
0.21086,41.7899
0.211091,41.7235
0.211329,41.6537
0.211569,41.5809
0.211813,41.5047
0.212059,41.4271
0.212293,41.3539
0.21251,41.2879
0.212718,41.2254
0.21292,41.1639
0.213123,41.1031
0.21332,41.0426
0.213515,40.9825
0.213708,40.9227
0.213896,40.8656
0.214072,40.8128
0.214235,40.765
0.214389,40.723
0.214525,40.6869
0.21465,40.6556
0.214769,40.628
0.214878,40.6035
0.214981,40.5818
0.215079,40.5626
0.215175,40.5457
0.215261,40.5307
0.215347,40.5176
0.215427,40.5056
0.215508,40.4945
0.215585,40.4839
0.215665,40.4733
0.215742,40.4626
0.215823,40.4514
0.215903,40.4397
0.215984,40.4273
0.216069,40.4143
0.216156,40.4005
0.216242,40.3858
0.216332,40.37
0.216422,40.3534
0.216515,40.3362
0.21661,40.3189
0.216703,40.3017
0.216793,40.2851
0.216884,40.2692
0.216973,40.2542
0.21706,40.2405
0.217143,40.2282
0.21722,40.2176
0.2173,40.2088
0.21737,40.2014
0.217441,40.1954
0.217506,40.1905
0.217572,40.1865
0.217637,40.1834
0.217699,40.1813
0.21776,40.1801
0.217822,40.1799
0.217878,40.1806
0.217933,40.1823
0.217988,40.1849
0.218039,40.1883
0.218092,40.1926
0.21814,40.1975
0.218189,40.2029
0.218238,40.2088
0.218286,40.2152
0.21833,40.222
0.218379,40.2291
0.218425,40.2365
0.218473,40.2442
0.218518,40.2522
0.218564,40.2606
0.21861,40.2694
0.218652,40.2786
0.218698,40.2883
0.218742,40.2984
0.218784,40.3087
0.218829,40.3193
0.218874,40.33
0.218919,40.3407
0.218964,40.3512
0.219012,40.3615
0.219061,40.3714
0.219112,40.3808
0.219166,40.3896
0.219222,40.3977
0.219277,40.405
0.219337,40.4109
0.2194,40.4157
0.219466,40.4187
0.219536,40.4201
0.21961,40.4193
0.219689,40.4163
0.219774,40.4104
0.219866,40.4012
0.219968,40.3884
0.220074,40.3723
0.220186,40.3531
0.22031,40.3313
0.22043,40.3069
0.220557,40.2806
0.220687,40.2528
0.220819,40.224
0.220953,40.1946
0.22109,40.1648
0.221221,40.1355
0.221353,40.1069
0.221479,40.0792
0.221603,40.053
0.221724,40.0285
0.221842,40.0054
0.221954,39.9838
0.222062,39.9638
0.222166,39.9457
0.222266,39.93
0.222357,39.9165
0.222447,39.9054
0.22253,39.8961
0.222613,39.8883
0.222691,39.8814
0.222771,39.8755
0.222844,39.8699
0.222921,39.8632
0.223007,39.8527
0.223118,39.8301
0.223288,39.7798
0.22353,39.6943
0.223825,39.583
0.224153,39.4551
0.224506,39.3164
0.224871,39.1719
0.225243,39.0215
0.225616,38.8691
0.225986,38.7168
0.226334,38.5732
0.226618,38.4551
0.226829,38.3691
0.226993,38.3052
0.227124,38.2561
0.227237,38.2144
0.227343,38.1768
0.227441,38.1423
0.227534,38.1099
0.227622,38.0786
0.227712,38.0481
0.227799,38.0182
0.227882,37.9894
0.227966,37.9617
0.228047,37.9349
0.228124,37.9094
0.228198,37.8851
0.228272,37.8617
0.228344,37.8396
0.22841,37.819
0.228476,37.7997
0.228539,37.7816
0.228601,37.7645
0.228661,37.7484
0.228716,37.7331
0.228775,37.7185
0.228827,37.7046
0.228883,37.6916
0.228934,37.6794
0.228984,37.6681
0.229031,37.6578
0.22908,37.6484
0.229127,37.6399
0.229169,37.6322
0.229212,37.6253
0.229256,37.6194
0.229296,37.6141
0.229338,37.6095
0.229375,37.6055
0.229417,37.602
0.229455,37.5992
0.229492,37.5968
0.229528,37.5948
0.229566,37.5933
0.229603,37.5921
0.22964,37.5913
0.229678,37.5909
0.229716,37.5911
0.229749,37.5917
0.229785,37.5928
0.22982,37.5941
0.229854,37.5959
0.22989,37.5981
0.229925,37.6007
0.22996,37.6038
0.229996,37.6073
0.230031,37.6115
0.230065,37.616
0.230098,37.621
0.230134,37.6265
0.230168,37.6324
0.230201,37.6388
0.230234,37.6455
0.230268,37.6526
0.230302,37.6601
0.230335,37.6679
0.230368,37.676
0.230403,37.6843
0.230438,37.6928
0.230472,37.7016
0.230505,37.7108
0.230539,37.7201
0.230574,37.7295
0.230613,37.7389
0.230648,37.7484
0.230687,37.7577
0.230726,37.7669
0.230763,37.7758
0.230803,37.7844
0.230844,37.7927
0.230889,37.8006
0.230932,37.8079
0.230979,37.8148
0.231027,37.821
0.231076,37.8266
0.231127,37.8316
0.231179,37.8359
0.231233,37.8396
0.23129,37.8427
0.231347,37.845
0.231404,37.8466
0.231466,37.8475
0.23153,37.8477
0.231595,37.8471
0.231662,37.8455
0.231734,37.8431
0.231805,37.8397
0.231878,37.8352
0.231956,37.8298
0.232034,37.8232
0.232114,37.8153
0.2322,37.8061
0.232288,37.7962
0.232376,37.7857
0.232465,37.7749
0.232552,37.7641
0.232641,37.7534
0.232729,37.743
0.232814,37.733
0.232897,37.7236
0.232982,37.7149
0.233065,37.7072
0.233143,37.7001
0.233221,37.6937
0.233299,37.6879
0.233374,37.6828
0.233445,37.678
0.233518,37.6736
0.23359,37.6696
0.233664,37.666
0.233735,37.663
0.233807,37.6604
0.233875,37.6583
0.233942,37.6568
0.234011,37.6557
0.234077,37.6548
0.234145,37.6544
0.234209,37.6545
0.234277,37.655
0.234343,37.6557
0.234407,37.6568
0.234471,37.6581
0.234538,37.6596
0.234602,37.6608
0.234669,37.6621
0.234736,37.6636
0.234803,37.6649
0.23487,37.6662
0.234937,37.6675
0.235004,37.6687
0.235072,37.6697
0.23514,37.6706
0.235208,37.6715
0.235277,37.6721
0.235345,37.6726
0.235414,37.6729
0.235484,37.6732
0.235553,37.6733
0.235623,37.6733
0.235693,37.673
0.235764,37.6725
0.235839,37.6715
0.235912,37.6699
0.235989,37.6676
0.236065,37.6648
0.236142,37.6612
0.236224,37.6567
0.236308,37.6512
0.236391,37.6445
0.23648,37.6369
0.236571,37.6281
0.236661,37.6183
0.236759,37.6073
0.236857,37.5954
0.236957,37.5823
0.237056,37.5679
0.237161,37.5523
0.237267,37.5359
0.237372,37.5192
0.237476,37.5026
0.237579,37.4865
0.237679,37.4717
0.23778,37.4583
0.237871,37.4467
0.23796,37.4372
0.238042,37.4301
0.238118,37.4254
0.238192,37.4232
0.23826,37.423
0.238323,37.4246
0.238383,37.4279
0.238444,37.4324
0.238502,37.4378
0.238562,37.4442
0.238617,37.4514
0.23867,37.4595
0.238721,37.4685
0.238774,37.478
0.238825,37.4883
0.238878,37.4991
0.238924,37.5105
0.238976,37.5223
0.239026,37.5347
0.239074,37.5477
0.239119,37.5611
0.239166,37.5751
0.239215,37.5894
0.239259,37.6041
0.239304,37.6192
0.239348,37.6346
0.239397,37.6502
0.239439,37.6662
0.239484,37.6826
0.239527,37.6994
0.23957,37.7165
0.239613,37.7338
0.239658,37.7513
0.239703,37.7691
0.239747,37.7869
0.239791,37.805
0.239834,37.8234
0.239877,37.8421
0.239923,37.8607
0.239969,37.8792
0.240015,37.8978
0.24006,37.9163
0.240106,37.9349
0.240155,37.9537
0.240203,37.9724
0.240251,37.9914
0.240299,38.0102
0.24035,38.0293
0.240398,38.0483
0.240448,38.0675
0.240495,38.0869
0.240542,38.1063
0.240592,38.1258
0.240638,38.1456
0.240689,38.1656
0.240738,38.1857
0.240785,38.2063
0.240835,38.2271
0.240885,38.248
0.240934,38.2692
0.240985,38.291
0.241036,38.3128
0.241085,38.335
0.241135,38.3576
0.241186,38.3805
0.241237,38.4035
0.241288,38.4267
0.241339,38.45
0.241389,38.4735
0.241439,38.4972
0.241485,38.5211
0.241537,38.5452
0.241585,38.5695
0.241634,38.594
0.241682,38.6184
0.241733,38.6429
0.241783,38.6678
0.24183,38.6928
0.241879,38.7181
0.241931,38.7435
0.241981,38.7688
0.242033,38.7939
0.242086,38.819
0.242139,38.8442
0.242191,38.8692
0.242247,38.8942
0.242297,38.9193
0.242353,38.944
0.242409,38.9688
0.242463,38.9935
0.24252,39.0179
0.242574,39.0421
0.242632,39.0661
0.242688,39.0898
0.242747,39.1131
0.242807,39.1363
0.242867,39.1593
0.242927,39.1821
0.242993,39.2048
0.243056,39.2277
0.243122,39.2509
0.243183,39.2744
0.243248,39.2979
0.243312,39.3219
0.243375,39.3459
0.243438,39.3702
0.243503,39.3947
0.243565,39.4195
0.243627,39.4443
0.243687,39.4692
0.243746,39.494
0.243807,39.5189
0.243868,39.5444
0.243929,39.57
0.243988,39.5959
0.244048,39.622
0.24411,39.6482
0.244168,39.6745
0.244229,39.7011
0.24429,39.728
0.24435,39.7551
0.244413,39.7822
0.244474,39.8093
0.244537,39.8363
0.244597,39.8634
0.244657,39.8906
0.244716,39.918
0.244778,39.9458
0.244836,39.9738
0.244897,40.0022
0.244957,40.0307
0.245016,40.0597
0.245078,40.0888
0.245141,40.1184
0.245202,40.148
0.245265,40.1778
0.245329,40.2075
0.245393,40.2368
0.245459,40.2656
0.245528,40.2939
0.245595,40.3216
0.245665,40.3483
0.245738,40.3746
0.245811,40.4
0.245884,40.4249
0.245959,40.4492
0.246035,40.4729
0.246111,40.4963
0.246189,40.5192
0.246267,40.5418
0.246348,40.5643
0.246427,40.5865
0.24651,40.6084
0.246593,40.6301
0.246676,40.6518
0.24676,40.6731
0.246841,40.6942
0.24692,40.715
0.247002,40.7359
0.247084,40.7565
0.247166,40.7773
0.24725,40.7984
0.247331,40.8195
0.247415,40.8407
0.2475,40.8615
0.247587,40.8825
0.247673,40.903
0.247763,40.9229
0.24785,40.9422
0.247942,40.9609
0.248033,40.9787
0.248127,40.9953
0.248223,41.0109
0.248321,41.0254
0.248417,41.039
0.248516,41.0514
0.248615,41.0629
0.248717,41.0737
0.248822,41.0837
0.248922,41.0928
0.24903,41.101
0.24914,41.1082
0.249249,41.1146
0.249359,41.1203
0.249471,41.1254
0.249583,41.13
0.249696,41.1344
0.24981,41.1386
0.249921,41.1424
0.250033,41.1459
0.250142,41.1491
0.250255,41.1523
0.250366,41.155
0.250477,41.1572
0.250594,41.1585
0.250712,41.1587
0.250831,41.1577
0.250955,41.1552
0.251077,41.1514
0.251206,41.1461
0.251337,41.1391
0.251474,41.1305
0.251611,41.1207
0.25175,41.1098
0.251887,41.0979
0.252024,41.0854
0.252161,41.0726
0.252298,41.0596
0.252433,41.0467
0.252567,41.0336
0.252705,41.0205
0.252837,41.007
0.252972,40.9929
0.253108,40.9775
0.253247,40.9606
0.253393,40.9408
0.253543,40.9174
0.253704,40.8889
0.253879,40.8535
0.254073,40.8091
0.254287,40.7549
0.254518,40.6919
0.254768,40.6191
0.255037,40.5351
0.25532,40.4438
0.255611,40.3476
0.255905,40.2495
0.256195,40.1518
0.256477,40.0571
0.256739,39.9692
0.256983,39.8892
0.25721,39.8164
0.257414,39.7529
0.257594,39.7007
0.257753,39.6575
0.257895,39.6211
0.258024,39.59
0.258146,39.5635
0.258257,39.5409
0.258361,39.5212
0.25846,39.5045
0.258553,39.4903
0.258642,39.4782
0.258728,39.4677
0.25881,39.4586
0.258894,39.4507
0.258969,39.4438
0.259046,39.4376
0.259122,39.4318
0.259197,39.4266
0.25927,39.4219
0.259346,39.4176
0.259415,39.4139
0.259485,39.4106
0.259554,39.4082
0.259619,39.4063
0.259685,39.4054
0.259746,39.4052
0.259809,39.4059
0.25987,39.4075
0.259929,39.4099
0.259987,39.4129
0.260046,39.4166
0.260101,39.421
0.260157,39.4258
0.26021,39.4312
0.260265,39.437
0.260316,39.4433
0.260369,39.45
0.260424,39.4571
0.260475,39.4646
0.260526,39.4725
0.260581,39.481
0.260632,39.4898
0.26068,39.4991
0.260735,39.5089
0.260784,39.5189
0.260835,39.5292
0.260883,39.5399
0.260934,39.5505
0.260985,39.5611
0.261032,39.5718
0.261083,39.5823
0.261134,39.5929
0.261185,39.6035
0.261235,39.614
0.261287,39.6243
0.261341,39.6345
0.261396,39.6447
0.261447,39.6549
0.261504,39.6652
0.261558,39.6756
0.261612,39.6861
0.261669,39.6967
0.261725,39.7072
0.261782,39.7177
0.261842,39.7282
0.261902,39.7387
0.261958,39.7491
0.262021,39.7596
0.262078,39.7699
0.262139,39.7799
0.262203,39.7895
0.262265,39.7988
0.262331,39.8075
0.262396,39.8158
0.262461,39.8236
0.26253,39.831
0.2626,39.8378
0.262666,39.8439
0.262736,39.8496
0.26281,39.8545
0.262883,39.8584
0.262963,39.8607
0.263046,39.8611
0.263135,39.859
0.263231,39.8531
0.26334,39.8401
0.263471,39.8171
0.263625,39.7822
0.263808,39.7346
0.264018,39.674
0.264249,39.6018
0.2645,39.5193
0.264773,39.4284
0.265057,39.3308
0.265347,39.2282
0.265639,39.1242
0.265923,39.0217
0.266192,38.9236
0.266452,38.8313
0.266694,38.7449
0.266916,38.6657
0.267125,38.593
0.26732,38.5256
0.267503,38.4626
0.267673,38.4043
0.267836,38.3503
0.267984,38.3015
0.26812,38.2575
0.26825,38.2178
0.268368,38.1821
0.26848,38.1496
0.268584,38.1199
0.268684,38.0929
0.268778,38.0683
0.268868,38.0461
0.268951,38.0257
0.269033,38.0069
0.269114,37.9892
0.269191,37.9728
0.269267,37.9573
0.26934,37.9427
0.269413,37.9288
0.269484,37.9153
0.269555,37.9022
0.269625,37.8893
0.269693,37.8764
0.269767,37.8633
0.269839,37.8495
0.269917,37.8342
0.269997,37.8166
0.270087,37.7953
0.270191,37.7663
0.270342,37.7156
0.270559,37.6325
0.270833,37.5202
0.271161,37.3855
0.271516,37.2341
0.271899,37.072
0.272292,36.9031
0.272691,36.7302
0.273088,36.5554
0.273473,36.3855
0.273813,36.2322
0.274087,36.1091
0.274299,36.0129
0.274464,35.9372
0.274598,35.8752
0.274712,35.8232
0.274809,35.7778
0.274895,35.7373
0.274975,35.7004
0.275048,35.6662
0.275117,35.6345
0.275182,35.6048
0.275243,35.5768
0.275297,35.5503
0.275352,35.5252
0.275404,35.5017
0.275453,35.4793
0.2755,35.4582
0.275541,35.4381
0.275587,35.4187
0.275629,35.4001
0.275671,35.3824
0.275709,35.3656
0.275748,35.3495
0.275785,35.3342
0.275825,35.3196
0.275859,35.3055
0.275896,35.292
0.275932,35.2789
0.275966,35.2665
0.276003,35.2544
0.276038,35.2431
0.276073,35.2321
0.276103,35.2217
0.276138,35.2116
0.27617,35.2021
0.2762,35.1929
0.276236,35.1841
0.276267,35.176
0.276297,35.1684
0.276329,35.1614
0.27636,35.1549
0.276393,35.1489
0.276419,35.1434
0.276452,35.1385
0.276479,35.134
0.27651,35.1303
0.276534,35.1272
0.276562,35.1248
0.276589,35.1228
0.276615,35.1215
0.276641,35.1206
0.276664,35.1203
0.276687,35.1205
0.276712,35.1213
0.276735,35.1226
0.276761,35.1243
0.276782,35.1265
0.276809,35.1292
0.276832,35.1321
0.276854,35.1354
0.276881,35.1391
0.276902,35.143
0.276928,35.1474
0.276953,35.152
0.276978,35.1569
0.276999,35.1622
0.277025,35.1677
0.277051,35.1734
0.27708,35.1794
0.277105,35.1855
0.277132,35.1919
0.277159,35.1984
0.277186,35.2051
0.277213,35.212
0.277239,35.219
0.277271,35.226
0.2773,35.2331
0.277328,35.2403
0.27736,35.2475
0.277391,35.2548
0.277422,35.2623
0.277453,35.2698
0.277487,35.2774
0.277521,35.2849
0.277558,35.2923
0.277592,35.2996
0.27763,35.3068
0.277668,35.3137
0.277706,35.3205
0.277744,35.3272
0.277786,35.3336
0.277826,35.3397
0.277866,35.3455
0.277913,35.3509
0.277958,35.356
0.278003,35.3609
0.278049,35.3656
0.278098,35.3699
0.278147,35.374
0.278198,35.3776
0.278249,35.3809
0.278301,35.3839
0.278359,35.3866
0.278413,35.389
0.278469,35.3913
0.278529,35.3933
0.278586,35.3953
0.278646,35.3969
0.27871,35.3983
0.278769,35.3993
0.278832,35.4
0.278898,35.4004
0.278961,35.4004
0.279029,35.4001
0.279097,35.3994
0.279163,35.3984
0.279233,35.3969
0.279304,35.395
0.279375,35.3929
0.279444,35.3905
0.279517,35.3877
0.27959,35.3845
0.279665,35.3805
0.279744,35.3747
0.279861,35.3506
