"Maximum force",36.9242,"N"
"Gage length ",0.922892,"mm"
"Strain energy",5.3826,"mJ"
"Deformation at maximum force",0.210846,"mm"
"Standard travel","Standard force"
"mm","N"
0,0.303665
-9.90927e-007,0.305519
9.46224e-007,0.30735
3.57628e-007,0.309013
2.71201e-006,0.310646
2.42889e-006,0.312164
5.28991e-006,0.313553
5.34416e-006,0.314911
8.3542e-006,0.316238
8.49203e-006,0.31755
8.47259e-006,0.318939
5.67117e-006,0.320266
5.84067e-006,0.321563
9.14873e-006,0.322746
9.50077e-006,0.323959
9.92732e-006,0.325134
7.45372e-006,0.326309
8.01997e-006,0.327415
8.79483e-006,0.328422
6.75337e-006,0.329399
7.99762e-006,0.330185
9.33127e-006,0.330928
8.06467e-006,0.331531
9.71125e-006,0.332126
8.52661e-006,0.332691
1.02328e-005,0.333255
9.0556e-006,0.333816
1.07096e-005,0.334407
9.36107e-006,0.335048
1.10747e-005,0.335613
9.674e-006,0.336277
8.38505e-006,0.336891
9.79321e-006,0.337593
1.13131e-005,0.338253
1.00465e-005,0.338855
8.69052e-006,0.3395
1.03818e-005,0.340068
9.16736e-006,0.340648
8.29191e-006,0.341066
1.01322e-005,0.341566
9.17853e-006,0.342022
1.10561e-005,0.342508
1.027e-005,0.342884
9.45793e-006,0.343267
1.14249e-005,0.343706
1.07432e-005,0.344036
9.9832e-006,0.344396
9.30519e-006,0.344717
1.15255e-005,0.345039
1.09406e-005,0.345321
1.0311e-005,0.345619
9.84722e-006,0.345838
9.2847e-006,0.346103
8.65886e-006,0.346401
8.34221e-006,0.346551
1.07711e-005,0.34677
1.03073e-005,0.346998
9.94408e-006,0.34717
9.49705e-006,0.347381
9.06677e-006,0.347585
8.68679e-006,0.347766
8.04232e-006,0.348071
7.4798e-006,0.348338
6.96944e-006,0.34858
6.37339e-006,0.348862
5.44952e-006,0.349301
4.73799e-006,0.349637
3.92587e-006,0.350022
3.23297e-006,0.35035
2.55497e-006,0.350672
2.04088e-006,0.350915
1.74285e-006,0.351056
1.3964e-006,0.351221
1.36264e-006,0.351237
1.21456e-006,0.351307
4.37361e-006,0.351183
4.56639e-006,0.351096
4.69864e-006,0.351033
4.78106e-006,0.350994
4.74846e-006,0.351009
4.5175e-006,0.351119
4.18781e-006,0.351275
3.87302e-006,0.351424
3.19502e-006,0.351745
2.56917e-006,0.352042
1.98802e-006,0.352317
1.26159e-006,0.352662
7.51228e-007,0.352905
1.36555e-007,0.353195
-2.60188e-007,0.353383
-4.5856e-007,0.353477
-6.41099e-007,0.353563
-7.56583e-007,0.353618
-7.56863e-007,0.353618
-5.42659e-007,0.353517
-5.08899e-007,0.353501
-3.60818e-007,0.35343
-5.07967e-007,0.353501
2.27855e-006,0.353556
4.90115e-006,0.353688
4.31256e-006,0.35397
9.28955e-006,0.354354
1.10628e-005,0.354903
1.55033e-005,0.355544
2.25069e-005,0.35636
2.91528e-005,0.357345
3.55901e-005,0.35842
4.49067e-005,0.359526
5.40262e-005,0.360693
6.57683e-005,0.362013
8.0133e-005,0.363463
9.13387e-005,0.365057
0.000105227,0.366743
0.000121558,0.368643
0.000134433,0.370779
0.000152553,0.373205
0.000167037,0.376013
0.000180686,0.379172
0.000196064,0.382895
0.000210608,0.387045
0.000223899,0.391745
0.00023892,0.397024
0.000252808,0.402823
0.000265503,0.409231
0.000277067,0.416128
0.000290478,0.423544
0.000299895,0.431479
0.000310863,0.440024
0.000323737,0.449118
0.00033834,0.4587
0.000349248,0.46871
0.000359202,0.479086
0.000371004,0.490072
0.000387812,0.501364
0.000398005,0.513083
0.000413204,0.525168
0.000424767,0.537558
0.000438536,0.550314
0.000448967,0.563315
0.000464583,0.576559
0.000479603,0.590109
0.000494206,0.603842
0.000511134,0.61788
0.000524664,0.632101
0.000537539,0.646689
0.000555659,0.661459
0.000570143,0.676657
0.00058421,0.692038
0.000600303,0.707785
0.0006158,0.723776
0.000633562,0.740256
0.000650371,0.757101
0.000666464,0.774313
0.000681663,0.791891
0.000699306,0.809591
0.000715995,0.827902
0.000731969,0.846457
0.00074693,0.865622
0.000764216,0.884909
0.000780547,0.904684
0.000798905,0.924948
0.000819409,0.945578
0.000839198,0.966452
0.000858391,0.987692
0.000876511,1.00942
0.000893796,1.03152
0.000913346,1.05398
0.000932181,1.07668
0.000952805,1.1
0.000972713,1.12356
0.000992024,1.14748
0.00101038,1.17177
0.00103375,1.19655
0.00105342,1.2217
0.00107249,1.24709
0.00109395,1.27273
0.00111469,1.29873
0.00113198,1.32497
0.00115188,1.35134
0.00117132,1.37795
0.00119325,1.40468
0.00121149,1.43191
0.00123211,1.45937
0.00125524,1.48696
0.00127479,1.51491
0.00129637,1.54323
0.00132021,1.5718
0.00134023,1.60097
0.00135943,1.63039
0.00138089,1.66018
0.00140139,1.69033
0.00142416,1.72097
0.00144562,1.7521
0.001466,1.78359
0.00148829,1.81582
0.00151261,1.84829
0.00153323,1.88125
0.00155565,1.91469
0.00158032,1.94839
0.00159808,1.98281
0.00162097,2.01748
0.00164028,2.05239
0.00166186,2.08755
0.00168248,2.12319
0.00170203,2.15932
0.00172361,2.19594
0.00174388,2.2333
0.00176617,2.2709
0.00178727,2.30923
0.00181004,2.34804
0.00183138,2.38735
0.00185164,2.42739
0.00186786,2.46792
0.00188896,2.50893
0.00191208,2.55019
0.00193449,2.59194
0.00195929,2.63393
0.00198063,2.67617
0.00200411,2.71865
0.0020245,2.76137
0.0020444,2.80434
0.0020667,2.84756
0.00208839,2.89077
0.00210973,2.93447
0.00213047,2.97841
0.00215658,3.0226
0.00217911,3.06679
0.00220093,3.11172
0.00222179,3.15688
0.00224468,3.20254
0.00226685,3.24843
0.00229117,3.29482
0.00231489,3.34145
0.00234112,3.38833
0.00236639,3.43545
0.00239106,3.48305
0.00241193,3.53091
0.00243505,3.57924
0.0024577,3.62758
0.00248309,3.67641
0.00250789,3.72524
0.00253221,3.77431
0.00255832,3.82387
0.00258347,3.87392
0.00261029,3.92446
0.00263616,3.97573
0.00266382,4.02724
0.00269076,4.07924
0.00271996,4.13149
0.00274857,4.18398
0.00277671,4.23696
0.00280174,4.28969
0.0028294,4.34267
0.00285419,4.39565
0.00288197,4.44863
0.00290366,4.50185
0.00293108,4.55483
0.00295779,4.6083
0.00298389,4.66201
0.00301179,4.71645
0.00303873,4.77114
0.0030677,4.82631
0.00309571,4.88173
0.00312289,4.93789
0.00314649,4.99404
0.00317236,5.05068
0.00319752,5.10781
0.00322207,5.16494
0.00324591,5.22256
0.00327202,5.28042
0.00329729,5.33852
0.00332459,5.39736
0.00334796,5.45644
0.00337311,5.51626
0.00340017,5.57631
0.00342628,5.63711
0.00345429,5.69814
0.00347885,5.75942
0.00350567,5.82119
0.00352892,5.8832
0.00355157,5.94546
0.0035735,6.00796
0.00359496,6.07046
0.00361594,6.13393
0.00363931,6.19692
0.00366184,6.26089
0.00368711,6.32436
0.00371143,6.38881
0.00373503,6.45327
0.00375792,6.51821
0.00378355,6.58315
0.00380596,6.64858
0.00383064,6.71401
0.0038546,6.77944
0.00387784,6.84585
0.00390288,6.91225
0.0039266,6.97964
0.00395223,7.04751
0.00397381,7.11587
0.00400265,7.18471
0.00403043,7.25405
0.00405415,7.32436
0.00408276,7.39467
0.00410458,7.46548
0.00412568,7.53676
0.00414904,7.60854
0.00417181,7.68032
0.00419399,7.75258
0.00421568,7.82485
0.00424274,7.89712
0.00426885,7.97036
0.00429448,8.0436
0.00431927,8.11733
0.00434336,8.19106
0.00436648,8.26577
0.00438925,8.34048
0.0044113,8.41518
0.0044355,8.49038
0.00445875,8.56606
0.00448378,8.64272
0.00450798,8.71938
0.00453409,8.79653
0.0045596,8.87368
0.00458761,8.95131
0.00461539,9.02944
0.00464281,9.10708
0.00466999,9.1852
0.00469395,9.26333
0.00472053,9.34145
0.004747,9.42006
0.00477334,9.49819
0.00480267,9.5768
0.00483438,9.65542
0.00486561,9.73452
0.00489613,9.81362
0.00492271,9.89321
0.00494798,9.97329
0.00497505,10.0543
0.00500056,10.1359
0.00502762,10.2179
0.00505313,10.3009
0.00508031,10.3844
0.00510916,10.4689
0.00513967,10.5534
0.00516638,10.6388
0.00519165,10.7243
0.0052137,10.8102
0.00523814,10.8966
0.00526198,10.9831
0.00528523,11.07
0.00531062,11.1569
0.0053353,11.2443
0.00535902,11.3327
0.00538787,11.4206
0.00541302,11.5094
0.00543722,11.5983
0.00546023,11.6881
0.00548466,11.7785
0.00551089,11.8693
0.00553891,11.9606
0.00556656,12.0524
0.00559601,12.1442
0.00562748,12.237
0.00565823,12.3297
0.00568494,12.423
0.00571057,12.5172
0.00573834,12.6115
0.00576564,12.7057
0.00579258,12.8004
0.00582227,12.8952
0.00585374,12.9904
0.00588187,13.0861
0.00590917,13.1818
0.00593528,13.2785
0.00596389,13.3751
0.00599142,13.4723
0.00602135,13.5695
0.00605353,13.6671
0.00608524,13.7653
0.00611981,13.8629
0.00615414,13.9611
0.00618538,14.0592
0.00621375,14.1574
0.00624212,14.2555
0.00626763,14.3537
0.00629934,14.4513
0.006332,14.549
0.00636491,14.6461
0.00640067,14.7438
0.00643286,14.8415
0.00646457,14.9391
0.00649556,15.0377
0.00652894,15.1359
0.0065585,15.235
0.00659045,15.3341
0.00662478,15.4337
0.00666126,15.5333
0.00669655,15.6339
0.00672551,15.7345
0.00675401,15.8351
0.00678202,15.9362
0.0068098,16.0373
0.00684007,16.1388
0.00687035,16.2399
0.00690016,16.3419
0.00692948,16.4435
0.00695821,16.5456
0.00698623,16.6481
0.0070165,16.7506
0.00704595,16.8537
0.00707504,16.9572
0.00711223,17.0607
0.00714656,17.1642
0.00718042,17.2682
0.0072138,17.3722
0.00724646,17.4762
0.00727888,17.5807
0.00730785,17.6857
0.00734266,17.7902
0.00738033,17.8952
0.00742182,18.0001
0.00746187,18.1056
0.00749787,18.2116
0.00753268,18.3185
0.00756964,18.4254
0.00760897,18.5329
0.00765094,18.6403
0.0076929,18.7477
0.00773677,18.8556
0.00777444,18.964
0.00781139,19.0724
0.00785121,19.1808
0.00788864,19.2892
0.00792917,19.3971
0.0079697,19.5055
0.00801309,19.6134
0.00805291,19.7223
0.0080913,19.8312
0.00812587,19.9411
0.00816497,20.0509
0.00820335,20.1618
0.00824436,20.2726
0.00828704,20.3839
0.00833472,20.4953
0.00837263,20.6076
0.00841221,20.7204
0.00844749,20.8341
0.00848254,20.9479
0.00852307,21.0617
0.00856289,21.1754
0.00860509,21.2902
0.008643,21.4049
0.00867971,21.5207
0.00871762,21.6369
0.00875744,21.754
0.0087963,21.8712
0.00883755,21.9889
0.00888141,22.1066
0.00892743,22.2248
0.00896963,22.3434
0.00900825,22.4625
0.0090495,22.5812
0.00909098,22.7003
0.00913557,22.819
0.00918325,22.9376
0.00922474,23.0568
0.00926813,23.1764
0.00931081,23.296
0.00935873,23.4162
0.00940689,23.5358
0.00945791,23.6559
0.00951203,23.7755
0.00956019,23.8957
0.00960549,24.0153
0.00965103,24.1354
0.00969681,24.255
0.00974067,24.3742
0.00978812,24.4928
0.00983533,24.612
0.0098792,24.7311
0.00992235,24.8507
0.00996765,24.9704
0.0100129,25.0905
0.0100616,25.2101
0.0101105,25.3297
0.0101591,25.4494
0.0102046,25.569
0.0102473,25.6891
0.0102933,25.8082
0.0103405,25.9274
0.0103856,26.046
0.0104369,26.1642
0.0104845,26.2833
0.0105279,26.4025
0.0105737,26.5221
0.010625,26.6422
0.0106729,26.7619
0.010727,26.882
0.0107802,27.0021
0.0108295,27.1227
0.0108751,27.2443
0.0109237,27.3654
0.0109723,27.4865
0.0110217,27.6071
0.0110744,27.7277
0.0111261,27.8488
0.0111743,27.9699
0.0112246,28.0915
0.0112716,28.2135
0.0113278,28.3351
0.0113839,28.4567
0.0114396,28.5788
0.0114919,28.7008
0.0115434,28.8234
0.0115939,28.9464
0.0116447,29.069
0.011701,29.192
0.0117515,29.3151
0.0118039,29.4386
0.011855,29.5626
0.0118986,29.6876
0.011947,29.8126
0.0119985,29.9386
0.0120555,30.0636
0.0121091,30.1896
0.0121592,30.3156
0.0122116,30.4415
0.01226,30.5685
0.0123056,30.6955
0.0123571,30.8214
0.0124117,30.9484
0.0124653,31.0753
0.0125144,31.2033
0.0125621,31.3322
0.0126174,31.4611
0.0126718,31.591
0.0127312,31.7208
0.0127903,31.8507
0.0128427,31.9816
0.0128976,32.1115
0.0129491,32.2423
0.013007,32.3732
0.0130618,32.5041
0.0131162,32.6349
0.0131725,32.7667
0.0132261,32.8976
0.0132798,33.0294
0.0133427,33.1603
0.0134085,33.2912
0.013471,33.422
0.0135315,33.5529
0.0135864,33.6837
0.0136417,33.8146
0.0136982,33.9445
0.013759,34.0734
0.0138195,34.2033
0.0138739,34.3322
0.0139278,34.4621
0.0139845,34.5919
0.0140475,34.7218
0.0141104,34.8507
0.0141743,34.9806
0.0142289,35.1095
0.0142837,35.2394
0.0143398,35.3683
0.0143972,35.4962
0.014454,35.6232
0.0146104,35.7047
0.0182114,34.1266
0.0222703,32.3141
0.0263596,30.5016
0.030449,28.6813
0.0345689,26.8532
0.0386887,25.0094
0.0428391,23.1579
0.046898,21.2829
0.0508347,19.4079
0.0546494,17.5563
0.0549336,17.3541
0.0547391,17.3673
0.0545693,17.3708
0.054412,17.3654
0.0542632,17.3559
0.0541125,17.3449
0.053959,17.3337
0.0538121,17.322
0.0536652,17.3103
0.0535174,17.2991
0.0533734,17.289
0.0532256,17.2802
0.0530797,17.2725
0.0529338,17.2659
0.0527888,17.26
0.0526429,17.255
0.0524979,17.2505
0.052352,17.2465
0.052208,17.2434
0.0520659,17.2406
0.0519305,17.2372
0.051797,17.233
0.0516711,17.2276
0.0515543,17.221
0.0514432,17.2132
0.0513369,17.2042
0.0512358,17.1943
0.0511394,17.1834
0.0510484,17.1715
0.050963,17.1583
0.0508789,17.1443
0.0508007,17.1292
0.0507239,17.1131
0.0506476,17.0956
0.0505794,17.077
0.0505155,17.0577
0.0504502,17.0377
0.0503887,17.0174
0.0503303,16.9966
0.0502723,16.9759
0.0502206,16.955
0.0501689,16.934
0.0501164,16.9135
0.0500654,16.8935
0.0500153,16.8746
0.0499665,16.8564
0.0499193,16.8389
0.0498706,16.822
0.0498248,16.805
0.0497819,16.7883
0.0497359,16.7714
0.0496951,16.7551
0.0496508,16.7388
0.0496115,16.7231
0.0495685,16.7075
0.0495287,16.692
0.0494918,16.6765
0.0494548,16.6608
0.0494233,16.6455
0.0493909,16.6306
0.0493566,16.6165
0.0493232,16.6033
0.0492915,16.5909
0.0492581,16.5792
0.0492271,16.5677
0.0491982,16.5566
0.0491711,16.546
0.0491437,16.5356
0.0491173,16.526
0.049093,16.5169
0.0490674,16.5084
0.0490446,16.4999
0.0490247,16.4915
0.0490019,16.4829
0.0489824,16.4742
0.0489682,16.4658
0.0489507,16.4576
0.0489342,16.4503
0.0489168,16.4434
0.0489014,16.4369
0.0488882,16.4308
0.0488746,16.4248
0.0488603,16.4191
0.0488454,16.4139
0.0488319,16.4092
0.048817,16.4052
0.0488037,16.4019
0.0487927,16.3989
0.0487816,16.3958
0.0487704,16.3929
0.0487626,16.3897
0.0487574,16.3866
0.048749,16.3837
0.0487459,16.3811
0.0487391,16.3788
0.0487347,16.3767
0.0487301,16.3748
0.0487283,16.3729
0.0487265,16.371
0.0487248,16.369
0.0487252,16.3675
0.0487246,16.3664
0.0487227,16.3659
0.048723,16.3658
0.0487199,16.3658
0.0487199,16.3658
0.0487203,16.3656
0.048721,16.3653
0.0487216,16.365
0.0487215,16.3651
0.0487239,16.3653
0.0487259,16.3657
0.048728,16.3661
0.0487302,16.3664
0.0487387,16.3665
0.0487446,16.3665
0.048753,16.3667
0.0487608,16.3671
0.0487704,16.368
0.0487793,16.3693
0.0487875,16.371
0.0488013,16.3727
0.0488125,16.3743
0.048824,16.3757
0.0488384,16.3771
0.0488552,16.3788
0.0488714,16.3808
0.0488843,16.3829
0.0488999,16.3852
0.0489192,16.387
0.0489395,16.3884
0.0489607,16.3894
0.0489853,16.3902
0.0490099,16.3909
0.0490344,16.3917
0.0490614,16.3926
0.0490887,16.3935
0.049116,16.3943
0.0491501,16.3947
0.0491787,16.3949
0.0492164,16.3949
0.0492484,16.3949
0.0492851,16.3954
0.0493189,16.3959
0.0493526,16.3965
0.0493895,16.3969
0.0494298,16.3971
0.0494679,16.397
0.0495066,16.3965
0.0495452,16.3962
0.0495895,16.3958
0.0496301,16.3959
0.0496706,16.3959
0.0497138,16.3962
0.0497571,16.3962
0.049801,16.3961
0.0498477,16.3961
0.0498942,16.396
0.0499374,16.3963
0.0499827,16.3968
0.0500304,16.3976
0.050075,16.3986
0.0501222,16.3995
0.0501668,16.4004
0.0502173,16.4014
0.0502616,16.4023
0.050311,16.4037
0.0503563,16.4057
0.0503999,16.4084
0.0504457,16.4115
0.0504905,16.4151
0.0505322,16.4187
0.0505766,16.4225
0.0506207,16.4264
0.0506612,16.4305
0.0507063,16.4353
0.0507483,16.4403
0.0507895,16.4456
0.0508338,16.4507
0.0508789,16.4555
0.0509221,16.4599
0.0509712,16.4641
0.0510177,16.4682
0.0510668,16.4725
0.0511126,16.477
0.0511641,16.4815
0.0512156,16.4861
0.0512644,16.4904
0.0513166,16.4946
0.0513684,16.499
0.0514196,16.5037
0.0514723,16.5089
0.0515205,16.5151
0.0515727,16.522
0.051618,16.5295
0.051665,16.5375
0.0517141,16.5459
0.0517589,16.555
0.0518056,16.5645
0.0518505,16.575
0.0518931,16.5863
0.0519344,16.5986
0.0519771,16.6114
0.0520164,16.6245
0.0520548,16.6379
0.0520956,16.6516
0.0521359,16.6656
0.0521747,16.6802
0.0522095,16.6953
0.052246,16.7111
0.052282,16.7272
0.0523204,16.7434
0.0523557,16.7597
0.0523967,16.776
0.052432,16.7924
0.0524699,16.8089
0.0525095,16.826
0.0525488,16.8432
0.0525872,16.8608
0.0526256,16.8783
0.0526644,16.8958
0.0527064,16.913
0.0527488,16.9301
0.0527908,16.9475
0.0528349,16.9651
0.0528752,16.9832
0.0529183,17.0014
0.0529605,17.0198
0.0530032,17.0382
0.0530461,17.0564
0.0530926,17.0744
0.0531396,17.0921
0.0531832,17.1099
0.0532271,17.1277
0.0532707,17.1455
0.0533179,17.1631
0.0533635,17.1802
0.0534159,17.1966
0.0534672,17.2123
0.0535187,17.2279
0.0535707,17.2432
0.0536245,17.2589
0.0536784,17.2747
0.0537321,17.2907
0.0537855,17.3067
0.0538391,17.3225
0.0538956,17.3384
0.0539519,17.3545
0.054007,17.3711
0.0540632,17.3885
0.0541157,17.4064
0.0541698,17.4248
0.054223,17.4436
0.0542718,17.4632
0.0543219,17.4836
0.054366,17.5054
0.0544108,17.5296
0.0544466,17.5567
0.05448,17.5863
0.0545051,17.6186
0.0545309,17.653
0.0545496,17.6896
0.0545671,17.7282
0.0545782,17.7685
0.0545885,17.8105
0.0546007,17.8534
0.0546119,17.8971
0.0546251,17.9413
0.0546375,17.9858
0.0546496,18.0304
0.0546644,18.0753
0.0546788,18.1203
0.0546927,18.1654
0.0547055,18.2113
0.0547201,18.2575
0.0547308,18.3044
0.0547438,18.3515
0.0547565,18.3986
0.054772,18.4457
0.0547846,18.4931
0.0548024,18.5407
0.0548165,18.5885
0.0548352,18.6371
0.05485,18.6862
0.0548665,18.7358
0.0548853,18.7856
0.0549011,18.8354
0.0549199,18.8854
0.0549411,18.9355
0.0549592,18.9858
0.0549823,19.0363
0.0549991,19.0871
0.0550182,19.1383
0.0550375,19.1891
0.0550603,19.2399
0.0550834,19.2907
0.0551043,19.341
0.0551307,19.3913
0.0551539,19.4418
0.0551787,19.4931
0.0552032,19.5443
0.0552279,19.5956
0.0552559,19.6466
0.0552874,19.6974
0.0553191,19.748
0.0553489,19.7983
0.0553756,19.8485
0.0554055,19.8986
0.0554387,19.9486
0.0554756,19.998
0.0555102,20.0473
0.0555486,20.0961
0.0555879,20.1444
0.055628,20.1925
0.0556711,20.2406
0.0557171,20.2885
0.0557634,20.3363
0.0558104,20.3839
0.0558609,20.4311
0.05591,20.4774
0.0559615,20.5229
0.0560152,20.567
0.056074,20.6103
0.0561313,20.6527
0.0561904,20.6945
0.0562543,20.735
0.0563177,20.7746
0.0563869,20.8127
0.0564598,20.849
0.0565356,20.8839
0.0566148,20.9176
0.0566987,20.9499
0.056785,20.9814
0.0568704,21.0116
0.0569576,21.041
0.0570478,21.0691
0.0571412,21.0957
0.0572418,21.12
0.0573448,21.1419
0.0574559,21.1612
0.057577,21.1772
0.057702,21.1895
0.0578412,21.1967
0.05799,21.1992
0.0581445,21.1979
0.0583076,21.1935
0.0584716,21.1871
0.0586347,21.1799
0.0587949,21.1727
0.0589541,21.1661
0.0591086,21.1603
0.0592631,21.1558
0.0594071,21.1537
0.0595502,21.1534
0.0596875,21.1545
0.059821,21.1573
0.0599546,21.1615
0.0600823,21.1673
0.0602039,21.1745
0.0603255,21.1834
0.0604371,21.1938
0.0605468,21.2056
0.0606531,21.2187
0.0607571,21.2331
0.0608582,21.2487
0.0609607,21.2653
0.061058,21.283
0.0611543,21.301
0.061253,21.3192
0.0613522,21.3373
0.0614475,21.3558
0.0615448,21.3747
0.0616411,21.3944
0.0617355,21.4147
0.0618252,21.4359
0.0619139,21.4576
0.0620002,21.4792
0.0620874,21.5001
0.0621733,21.5203
0.0622643,21.5397
0.0623554,21.5588
0.0624441,21.5777
0.0625328,21.5966
0.0626248,21.6154
0.062715,21.6337
0.0628094,21.6511
0.0629067,21.6674
0.0630054,21.6828
0.0631041,21.6971
0.0632056,21.711
0.0633067,21.7241
0.0634107,21.7356
0.0635184,21.7453
0.0636272,21.7531
0.0637425,21.7593
0.0638603,21.7642
0.0639757,21.7686
0.0640906,21.7736
0.0642065,21.7795
0.0643167,21.7864
0.0644278,21.7947
0.0645322,21.8044
0.0646347,21.8153
0.0647348,21.8273
0.0648359,21.8404
0.0649275,21.855
0.0650171,21.8707
0.0651049,21.8872
0.0651921,21.9042
0.0652765,21.9209
0.0653619,21.9371
0.0654487,21.9528
0.0655355,21.9684
0.0656251,21.9841
0.0657114,22.0001
0.0657934,22.0165
0.0658821,22.0327
0.0659713,22.0486
0.0660624,22.0635
0.0661553,22.0776
0.0662459,22.0914
0.0663365,22.1053
0.0664252,22.1198
0.066513,22.1351
0.0665988,22.1511
0.0666846,22.1673
0.0667666,22.1838
0.0668487,22.2004
0.0669326,22.2173
0.0670146,22.2353
0.0670947,22.2542
0.0671729,22.2739
0.0672506,22.2939
0.0673317,22.3137
0.0674147,22.3326
0.0674995,22.3506
0.0675882,22.368
0.0676722,22.3851
0.0677585,22.4023
0.0678419,22.4197
0.0679277,22.4372
0.0680107,22.4545
0.0680951,22.4715
0.06818,22.4879
0.0682658,22.5041
0.0683545,22.5202
0.0684399,22.5366
0.0685219,22.553
0.0686101,22.5695
0.0686959,22.5855
0.0687865,22.6007
0.0688805,22.6144
0.0689768,22.6266
0.0690741,22.6373
0.0691766,22.6467
0.0692791,22.6549
0.0693831,22.6622
0.0694865,22.6683
0.0695967,22.6727
0.0697111,22.675
0.0698294,22.6754
0.0699476,22.6744
0.0700683,22.6723
0.0701932,22.6696
0.0703153,22.6665
0.0704412,22.6632
0.0705661,22.6592
0.0706958,22.6541
0.0708236,22.6483
0.0709561,22.6422
0.0710839,22.6366
0.0712098,22.6318
0.0713314,22.628
0.0714535,22.6253
0.0715684,22.623
0.0716833,22.6209
0.0717982,22.6187
0.0719127,22.6167
0.0720276,22.6146
0.0721392,22.6128
0.0722531,22.6111
0.0723638,22.6094
0.0724749,22.6078
0.0725893,22.6057
0.0727018,22.6034
0.0728153,22.6006
0.0729279,22.598
0.073039,22.5964
0.0731443,22.5961
0.0732469,22.597
0.0733503,22.599
0.0734467,22.6017
0.0735425,22.6044
0.0736417,22.6071
0.073738,22.6098
0.0738334,22.6127
0.0739283,22.616
0.0740255,22.6197
0.074119,22.6236
0.0742134,22.6272
0.0743107,22.6307
0.0744084,22.634
0.0745024,22.6378
0.0745973,22.6425
0.0746893,22.6486
0.074778,22.6564
0.074861,22.6653
0.0749454,22.6752
0.0750283,22.6856
0.0751075,22.6964
0.0751862,22.7077
0.0752658,22.7198
0.0753378,22.7327
0.0754141,22.7464
0.0754861,22.7605
0.0755557,22.7747
0.0756287,22.7886
0.0757059,22.8019
0.0757813,22.8147
0.0758571,22.8271
0.0759338,22.8392
0.076013,22.8515
0.0760893,22.8637
0.0761689,22.8758
0.07625,22.8872
0.0763349,22.8981
0.0764178,22.9087
0.0764998,22.9194
0.0765809,22.931
0.0766596,22.9433
0.076734,22.9566
0.0768072,22.9706
0.0768825,22.9847
0.0769545,22.9988
0.0770332,23.013
0.0771047,23.0275
0.0771815,23.0424
0.077254,23.0578
0.0773283,23.0738
0.0774032,23.0897
0.0774786,23.1052
0.0775529,23.1198
0.077634,23.1339
0.0777136,23.1475
0.0777961,23.161
0.0778758,23.1744
0.0779587,23.1878
0.0780388,23.2009
0.0781209,23.2132
0.0782048,23.2245
0.078292,23.2346
0.0783817,23.243
0.0784751,23.2499
0.0785691,23.2551
0.0786692,23.2586
0.0787732,23.259
0.0788881,23.2554
0.079014,23.2463
0.0791494,23.2316
0.0792982,23.2118
0.0794507,23.1888
0.0796129,23.1638
0.0797712,23.1376
0.0799304,23.1111
0.0800916,23.084
0.0802518,23.0573
0.0804044,23.0312
0.0805551,23.0063
0.0807039,22.9821
0.0808488,22.9582
0.0809919,22.934
0.0811359,22.9094
0.0812856,22.8837
0.0814353,22.8563
0.0815917,22.8268
0.0817501,22.7953
0.0819112,22.7626
0.0820705,22.7306
0.0822221,22.7006
0.082368,22.6725
0.0825178,22.6448
0.0826675,22.6148
0.0828315,22.5774
0.0830213,22.5281
0.0832321,22.4683
0.0834552,22.4014
0.0836841,22.3301
0.0839225,22.2559
0.0841619,22.1793
0.0844003,22.1026
0.084633,22.0264
0.0848571,21.9532
0.0850612,21.8882
0.0852338,21.8375
0.0853769,21.7994
0.0854985,21.7714
0.0856019,21.7507
0.0856954,21.7352
0.0857784,21.7231
0.0858594,21.7135
0.08593,21.706
0.086002,21.7006
0.0860673,21.6973
0.0861258,21.6958
0.0861866,21.6958
0.0862416,21.6973
0.0862981,21.6995
0.0863527,21.7026
0.0864054,21.7067
0.0864555,21.7119
0.0865034,21.7183
0.0865516,21.726
0.0865947,21.7345
0.0866424,21.7438
0.0866863,21.7535
0.086727,21.7632
0.0867702,21.7733
0.0868153,21.7838
0.0868558,21.7951
0.0868949,21.8071
0.0869354,21.8199
0.086975,21.833
0.0870143,21.8463
0.0870506,21.8596
0.0870928,21.8729
0.0871314,21.8866
0.0871717,21.9008
0.087211,21.9155
0.0872466,21.9307
0.0872873,21.946
0.0873252,21.9614
0.087367,21.9764
0.0874089,21.9912
0.0874511,22.0059
0.0874928,22.0209
0.0875339,22.0362
0.0875768,22.0518
0.0876225,22.0677
0.0876659,22.0832
0.08771,22.0985
0.0877575,22.1134
0.0878083,22.1282
0.087856,22.1431
0.0879067,22.1578
0.0879539,22.173
0.0880012,22.1881
0.0880519,22.2028
0.0881034,22.2173
0.0881523,22.2315
0.0882021,22.2454
0.0882544,22.2594
0.0883061,22.2737
0.0883566,22.2886
0.0884058,22.3043
0.0884546,22.3199
0.0885064,22.3356
0.0885555,22.3512
0.0886082,22.3665
0.0886606,22.382
0.0887126,22.3975
0.0887639,22.4134
0.0888151,22.4294
0.0888695,22.4453
0.0889219,22.4606
0.0889777,22.4758
0.0890371,22.4905
0.0890974,22.505
0.0891575,22.5195
0.089214,22.5343
0.0892726,22.5495
0.0893284,22.5647
0.089384,22.58
0.0894431,22.5949
0.0894996,22.6097
0.0895587,22.6246
0.0896174,22.6399
0.0896746,22.6558
0.0897304,22.6722
0.0897883,22.6892
0.089846,22.7063
0.0899006,22.7234
0.0899583,22.7405
0.090016,22.7576
0.0900754,22.7752
0.090134,22.7932
0.0901913,22.8119
0.0902475,22.8309
0.0903067,22.8501
0.090366,22.8693
0.0904259,22.8881
0.0904862,22.9066
0.0905467,22.9252
0.0906068,22.9439
0.0906641,22.9625
0.0907213,22.9812
0.0907823,22.9995
0.0908417,23.0171
0.0909051,23.0341
0.0909704,23.0503
0.0910367,23.066
0.0911063,23.0815
0.0911731,23.0971
0.0912427,23.1124
0.0913104,23.1276
0.091381,23.1425
0.091453,23.157
0.0915255,23.171
0.0916013,23.1851
0.0916728,23.1995
0.0917434,23.2147
0.091812,23.2305
0.0918802,23.2468
0.0919479,23.2631
0.0920161,23.2794
0.0920848,23.2954
0.0921511,23.3112
0.0922221,23.3272
0.0922903,23.3434
0.0923609,23.3601
0.0924281,23.3765
0.0924992,23.3928
0.0925721,23.4082
0.0926489,23.4231
0.0927237,23.4374
0.0927986,23.4517
0.0928759,23.4664
0.0929498,23.4811
0.0930261,23.4962
0.0931028,23.5112
0.0931796,23.5261
0.0932564,23.5409
0.0933303,23.5558
0.0934032,23.571
0.0934757,23.5864
0.0935477,23.6023
0.0936192,23.6183
0.0936936,23.6343
0.0937695,23.6496
0.0938438,23.6642
0.0939197,23.6781
0.0939969,23.6914
0.094077,23.7046
0.0941547,23.7177
0.094232,23.7308
0.0943154,23.744
0.0943965,23.7568
0.0944809,23.7692
0.0945605,23.7812
0.0946435,23.7932
0.094726,23.8052
0.0948051,23.8176
0.0948872,23.83
0.0949668,23.842
0.0950474,23.8535
0.0951327,23.8643
0.0952195,23.8744
0.0953044,23.884
0.0953921,23.8934
0.0954832,23.9028
0.0955705,23.9125
0.0956577,23.9223
0.0957479,23.9321
0.0958356,23.9417
0.0959276,23.9507
0.0960206,23.9592
0.0961145,23.9671
0.0962061,23.9748
0.0962981,23.9822
0.0963916,23.989
0.0964865,23.9951
0.0965809,24.0001
0.096681,24.0037
0.0967807,24.0062
0.0968813,24.008
0.0969829,24.0095
0.0970844,24.0111
0.0971855,24.0127
0.0972876,24.014
0.0973934,24.0148
0.097495,24.0149
0.0976008,24.0144
0.0977062,24.0139
0.0978145,24.0136
0.0979179,24.0141
0.09802,24.0154
0.0981201,24.0174
0.0982169,24.02
0.0983118,24.0232
0.0984081,24.0273
0.0984992,24.0323
0.0985846,24.0389
0.0986699,24.0469
0.0987514,24.0565
0.0988316,24.0669
0.0989102,24.078
0.0989918,24.0891
0.0990733,24.1004
0.0991539,24.112
0.0992307,24.124
0.099306,24.1369
0.0993856,24.1503
0.099461,24.1644
0.0995363,24.1786
0.0996107,24.193
0.0996884,24.2077
0.0997619,24.2227
0.099831,24.2383
0.0999011,24.2549
0.0999693,24.2726
0.100036,24.2909
0.100101,24.3099
0.100167,24.3288
0.100229,24.3478
0.100294,24.3671
0.100355,24.3869
0.100417,24.4074
0.100481,24.4285
0.100541,24.4499
0.100607,24.4715
0.100667,24.4927
0.100734,24.5138
0.100799,24.5346
0.100866,24.5555
0.10093,24.5763
0.100994,24.5976
0.101057,24.6188
0.101121,24.6399
0.101186,24.6607
0.101255,24.6807
0.101324,24.7002
0.101393,24.7194
0.101463,24.7386
0.101534,24.7577
0.101604,24.7771
0.101677,24.7967
0.101751,24.816
0.101825,24.8348
0.101901,24.8528
0.101978,24.8705
0.102058,24.888
0.102135,24.9057
0.102211,24.9233
0.102289,24.9407
0.102364,24.9577
0.102444,24.974
0.102521,24.9898
0.102597,25.005
0.102679,25.0205
0.102756,25.0362
0.10283,25.0527
0.102905,25.0697
0.10298,25.0869
0.103054,25.1042
0.103129,25.1216
0.103207,25.139
0.10328,25.1567
0.103352,25.1753
0.103426,25.1943
0.103499,25.2138
0.103571,25.2339
0.10364,25.2539
0.103709,25.2739
0.103778,25.2939
0.103846,25.3143
0.103916,25.3354
0.103981,25.3572
0.104045,25.3795
0.104111,25.4024
0.104177,25.4255
0.104242,25.4486
0.104308,25.4717
0.104376,25.4951
0.104442,25.5189
0.104505,25.5434
0.10457,25.5683
0.104637,25.5937
0.1047,25.6191
0.104761,25.6444
0.104825,25.6697
0.104889,25.6949
0.10495,25.7203
0.10501,25.746
0.10507,25.7717
0.10513,25.7975
0.105193,25.8231
0.105254,25.8484
0.105316,25.8733
0.105384,25.8983
0.105445,25.9233
0.105508,25.9488
0.105571,25.9747
0.105633,26.001
0.105697,26.0273
0.105759,26.0536
0.105825,26.0793
0.105889,26.105
0.105951,26.1306
0.106018,26.1561
0.106079,26.1817
0.106141,26.2074
0.106208,26.2329
0.106275,26.258
0.106343,26.2829
0.106414,26.3075
0.106482,26.3319
0.106553,26.3565
0.106624,26.3814
0.106697,26.4065
0.10677,26.4314
0.106844,26.4559
0.106916,26.4802
0.106989,26.5043
0.107061,26.5282
0.107136,26.5522
0.107208,26.5766
0.107279,26.6011
0.10735,26.6258
0.107421,26.6507
0.107491,26.6755
0.107562,26.7002
0.107636,26.7248
0.10771,26.7496
0.10778,26.7745
0.107853,26.7997
0.107929,26.8249
0.108003,26.8497
0.108077,26.874
0.108154,26.8976
0.108231,26.9206
0.108306,26.9433
0.108381,26.9662
0.108458,26.989
0.108534,27.0116
0.108616,27.0335
0.108697,27.0549
0.108781,27.0758
0.108864,27.0963
0.108949,27.1169
0.109034,27.1376
0.109119,27.1582
0.109205,27.1787
0.109294,27.1988
0.109381,27.2185
0.10947,27.2374
0.109557,27.2557
0.109645,27.2735
0.109734,27.2906
0.109825,27.3074
0.109917,27.3233
0.11001,27.3387
0.110105,27.3532
0.110201,27.3669
0.110299,27.3803
0.110397,27.3933
0.110496,27.4058
0.110596,27.4178
0.110697,27.4295
0.110798,27.4411
0.110897,27.4522
0.110999,27.4629
0.111101,27.4731
0.111202,27.4833
0.111303,27.4933
0.1114,27.5042
0.1115,27.516
0.111596,27.5288
0.111689,27.5425
0.11178,27.5563
0.111874,27.5701
0.11197,27.5838
0.112067,27.5975
0.11216,27.6112
0.112257,27.6247
0.112356,27.6372
0.112451,27.6488
0.112556,27.6588
0.11266,27.6674
0.112764,27.6747
0.112873,27.681
0.112977,27.6867
0.113086,27.6919
0.113199,27.6964
0.113307,27.7002
0.11342,27.7034
0.113532,27.7064
0.113646,27.7093
0.113756,27.7124
0.113867,27.7161
0.113977,27.7207
0.114082,27.726
0.11419,27.7316
0.114294,27.7374
0.114396,27.7428
0.114502,27.7479
0.114608,27.7525
0.114712,27.7572
0.114818,27.7623
0.114921,27.7675
0.115025,27.7728
0.115131,27.7781
0.115233,27.7837
0.115339,27.7899
0.115437,27.7971
0.115537,27.8052
0.115633,27.8148
0.115728,27.8251
0.115823,27.8357
0.115914,27.8465
0.116007,27.8574
0.116098,27.8682
0.116189,27.8791
0.116279,27.8903
0.116365,27.902
0.116456,27.9142
0.11654,27.9269
0.116626,27.9402
0.116711,27.9542
0.116792,27.9685
0.116872,27.983
0.116954,27.9981
0.117039,28.0134
0.117119,28.0293
0.117199,28.0453
0.117278,28.0617
0.117359,28.0779
0.117439,28.0938
0.117516,28.1096
0.117597,28.1255
0.117674,28.1416
0.117753,28.1581
0.117832,28.1748
0.11791,28.1918
0.117986,28.2087
0.118067,28.2254
0.118146,28.242
0.118228,28.2589
0.118306,28.2757
0.118387,28.2927
0.118468,28.3098
0.118552,28.327
0.118633,28.344
0.118715,28.3606
0.1188,28.3767
0.118881,28.3924
0.118965,28.4079
0.119047,28.4233
0.119131,28.4389
0.119211,28.4548
0.119289,28.4705
0.119369,28.4865
0.119444,28.5025
0.119526,28.5188
0.119602,28.5354
0.11968,28.5528
0.119755,28.5711
0.119829,28.5903
0.119899,28.6098
0.119974,28.6295
0.120046,28.6495
0.120121,28.6694
0.120193,28.6895
0.120264,28.7099
0.120332,28.7307
0.120401,28.7518
0.120468,28.7729
0.120534,28.7941
0.120604,28.8151
0.120674,28.8359
0.120745,28.8566
0.120816,28.8774
0.120889,28.8983
0.120961,28.9193
0.121031,28.9405
0.121106,28.9613
0.12118,28.9819
0.121251,29.0024
0.121329,29.0225
0.121403,29.0429
0.121476,29.0637
0.121548,29.0853
0.121618,29.1074
0.121685,29.1298
0.121751,29.1525
0.121817,29.1755
0.121885,29.1988
0.121949,29.2225
0.122012,29.2468
0.122077,29.2717
0.122138,29.2968
0.122202,29.3221
0.122267,29.3471
0.122334,29.372
0.122402,29.3968
0.122467,29.4218
0.122531,29.447
0.122594,29.4725
0.122658,29.498
0.122721,29.5238
0.122784,29.549
0.122848,29.5743
0.122913,29.5994
0.12298,29.6245
0.123047,29.6497
0.123116,29.6754
0.123181,29.7013
0.123246,29.7275
0.123314,29.7536
0.123382,29.7797
0.123453,29.806
0.123523,29.8325
0.12359,29.8592
0.123656,29.8864
0.12372,29.9139
0.123786,29.9412
0.123852,29.9685
0.123918,29.9954
0.123985,30.0222
0.124052,30.0487
0.124122,30.0752
0.124189,30.1016
0.124259,30.1281
0.124327,30.1547
0.124397,30.1807
0.124469,30.2064
0.124543,30.2312
0.124619,30.2548
0.124697,30.2777
0.124779,30.2995
0.124861,30.3204
0.124945,30.34
0.125032,30.3584
0.125123,30.3751
0.125212,30.3906
0.125307,30.4053
0.125403,30.4195
0.125499,30.4336
0.1256,30.4479
0.125694,30.4627
0.125788,30.4776
0.125885,30.4926
0.125979,30.5077
0.126075,30.523
0.126167,30.5388
0.126262,30.5546
0.126354,30.5708
0.126446,30.5869
0.126535,30.6024
0.126631,30.6168
0.126728,30.63
0.126825,30.6424
0.126925,30.6541
0.127025,30.665
0.127126,30.6753
0.127227,30.6853
0.127329,30.695
0.127434,30.7045
0.127537,30.7139
0.127642,30.7235
0.127744,30.7333
0.127841,30.744
0.127939,30.7558
0.128032,30.7685
0.128123,30.7819
0.128213,30.7957
0.128303,30.8098
0.128393,30.8243
0.128477,30.8393
0.128564,30.8549
0.12865,30.8713
0.128737,30.888
0.128824,30.9052
0.128909,30.9228
0.128991,30.9406
0.129079,30.9586
0.129164,30.9768
0.129247,30.9951
0.129331,31.0138
0.129412,31.0326
0.129492,31.0515
0.129572,31.07
0.129657,31.088
0.129739,31.1047
0.12983,31.1195
0.129923,31.1321
0.130022,31.1421
0.130123,31.1491
0.130235,31.1528
0.130357,31.1528
0.130485,31.1485
0.130623,31.1395
0.130777,31.1254
0.130937,31.1055
0.13111,31.0795
0.131293,31.0478
0.131488,31.0107
0.131688,30.9687
0.131898,30.9223
0.132118,30.8713
0.132345,30.8161
0.132574,30.757
0.132815,30.6945
0.133059,30.6286
0.133307,30.5598
0.133566,30.486
0.133841,30.4021
0.134148,30.3034
0.134503,30.1809
0.13506,29.9582
0.135853,29.6223
0.136669,29.2727
0.137486,28.9191
0.138302,28.5676
0.139107,28.218
0.139889,27.8762
0.140637,27.5461
0.141327,27.2316
0.141945,26.9465
0.142332,26.7619
0.142474,26.695
0.142576,26.646
0.142661,26.6047
0.142739,26.5673
0.14281,26.5314
0.142879,26.4965
0.14295,26.4621
0.14302,26.4272
0.143095,26.3908
0.143168,26.3527
0.14325,26.3117
0.143341,26.2666
0.143444,26.2153
0.143571,26.1528
0.143741,26.0693
0.143956,25.9633
0.14421,25.8393
0.144504,25.6958
0.144836,25.5336
0.145196,25.3559
0.145589,25.1635
0.14606,24.9321
0.146674,24.6293
0.147342,24.2993
0.148002,23.9711
0.148624,23.6586
0.149207,23.3618
0.149753,23.0844
0.150253,22.8208
0.150712,22.5747
0.151126,22.3442
0.151435,22.1567
0.15158,22.0463
0.151632,21.9765
0.151651,21.9233
0.151651,21.8789
0.15164,21.8391
0.151621,21.8032
0.151593,21.7705
0.151566,21.7401
0.151534,21.712
0.151498,21.6857
0.151463,21.6607
0.151431,21.6366
0.151393,21.613
0.15136,21.5894
0.151328,21.566
0.151298,21.5421
0.151273,21.5179
0.151245,21.4934
0.151224,21.4686
0.151203,21.4436
0.151184,21.4178
0.151174,21.3876
0.151189,21.3464
0.151322,21.2497
0.151684,21.0427
0.152056,20.8308
0.15243,20.6179
0.152806,20.406
0.15318,20.194
0.153552,19.9841
0.153918,19.7741
0.154259,19.57
0.154564,19.3776
0.154743,19.2429
0.154685,19.2203
0.154613,19.2043
0.154544,19.19
0.154473,19.1767
0.154407,19.1636
0.154338,19.1504
0.154273,19.137
0.154214,19.1232
0.154156,19.1092
0.154106,19.0943
0.154054,19.0786
0.154006,19.0623
0.153963,19.0454
0.15392,19.0282
0.15388,19.011
0.153837,18.9938
0.153798,18.9765
0.153758,18.9594
0.15372,18.9422
0.153683,18.9252
0.153648,18.9083
0.153616,18.8916
0.153582,18.8755
0.153551,18.8596
0.153519,18.8445
0.153488,18.8298
0.153459,18.8156
0.153432,18.802
0.153404,18.7888
0.153376,18.7759
0.153349,18.7634
0.153324,18.7515
0.153302,18.7399
0.153278,18.7289
0.153254,18.7182
0.153235,18.7078
0.153215,18.6976
0.153195,18.6877
0.15318,18.6782
0.153161,18.6691
0.153141,18.6603
0.153127,18.652
0.153111,18.6441
0.153097,18.6366
0.153081,18.6292
0.153069,18.6222
0.153054,18.6155
0.153044,18.6092
0.15303,18.6032
0.153018,18.5976
0.153006,18.5923
0.152996,18.5873
0.152986,18.5823
0.152979,18.5774
0.15297,18.573
0.152965,18.5686
0.152956,18.5646
0.152952,18.5609
0.152947,18.5574
0.152943,18.5542
0.15294,18.551
0.152937,18.5482
0.152934,18.5455
0.152933,18.5432
0.152935,18.5411
0.152933,18.5393
0.15293,18.5378
0.152933,18.5365
0.152932,18.5353
0.152934,18.5342
0.152934,18.5331
0.152936,18.5322
0.152937,18.5314
0.152939,18.5308
0.15294,18.5302
0.152941,18.5297
0.152944,18.5293
0.152948,18.5289
0.152952,18.5286
0.152958,18.5283
0.152964,18.5284
0.152969,18.5286
0.152977,18.5291
0.152987,18.5296
0.152997,18.5304
0.153008,18.5311
0.15302,18.532
0.15303,18.5329
0.153045,18.534
0.15306,18.535
0.153076,18.5361
0.153091,18.5373
0.153109,18.5382
0.153128,18.539
0.153147,18.5396
0.153166,18.5401
0.153189,18.5404
0.153214,18.5407
0.15324,18.5409
0.153263,18.541
0.153292,18.5411
0.153322,18.5409
0.153351,18.5406
0.153381,18.5405
0.15341,18.5403
0.153442,18.5402
0.153474,18.5402
0.153509,18.5401
0.153542,18.5399
0.153577,18.5397
0.153612,18.5394
0.153651,18.5391
0.153686,18.5388
0.153725,18.5384
0.153766,18.5382
0.153804,18.538
0.153845,18.5378
0.153886,18.5378
0.153927,18.5377
0.153968,18.5376
0.154011,18.5377
0.154055,18.5378
0.154098,18.538
0.15414,18.5384
0.154186,18.5389
0.154231,18.5396
0.154275,18.5407
0.154319,18.5422
0.154364,18.5441
0.154403,18.5465
0.154446,18.5493
0.154486,18.5526
0.154528,18.5564
0.154568,18.5606
0.154605,18.5651
0.154648,18.5698
0.154688,18.5745
0.15473,18.5794
0.154769,18.5843
0.154811,18.5892
0.154854,18.594
0.154896,18.5987
0.154942,18.6033
0.154985,18.6076
0.155032,18.6117
0.155079,18.6158
0.155128,18.6198
0.155178,18.624
0.155228,18.6282
0.155274,18.6325
0.155322,18.6371
0.15537,18.642
0.155417,18.6474
0.155466,18.6533
0.155511,18.6598
0.155557,18.667
0.155602,18.6748
0.155648,18.6832
0.155691,18.6923
0.155735,18.7018
0.155774,18.7121
0.155816,18.7231
0.155856,18.7347
0.155894,18.7469
0.155935,18.7596
0.155974,18.7729
0.156013,18.7867
0.156053,18.8008
0.15609,18.8152
0.156132,18.8301
0.156171,18.8451
0.156212,18.8602
0.15625,18.8754
0.156292,18.8904
0.156331,18.9053
0.156373,18.9199
0.156413,18.9344
0.156456,18.9485
0.1565,18.9626
0.156544,18.9764
0.156588,18.99
0.156633,19.0037
0.156681,19.0171
0.156725,19.0306
0.156773,19.0441
0.15682,19.0576
0.156871,19.0713
0.156918,19.0851
0.156967,19.099
0.157019,19.1132
0.157071,19.1276
0.157119,19.1421
0.157167,19.1569
0.157218,19.1717
0.157271,19.1868
0.157321,19.202
0.157373,19.2173
0.157423,19.2328
0.157477,19.2484
0.157529,19.264
0.157581,19.2797
0.157629,19.2956
0.157683,19.312
0.157731,19.3295
0.157778,19.3489
0.157817,19.371
0.157852,19.3959
0.157882,19.4237
0.157909,19.454
0.157932,19.4864
0.15795,19.5211
0.157966,19.5582
0.157979,19.597
0.157986,19.6373
0.157997,19.6781
0.158009,19.7186
0.158022,19.7587
0.158035,19.7987
0.158052,19.8385
0.158071,19.878
0.158091,19.9178
0.15811,19.9576
0.158126,19.9977
0.158145,20.0377
0.158164,20.0777
0.158183,20.1178
0.158204,20.1578
0.158225,20.1981
0.158249,20.2386
0.158271,20.2799
0.158296,20.3214
0.158316,20.3634
0.158342,20.4056
0.158368,20.4479
0.158393,20.4903
0.158421,20.5331
0.158447,20.5753
0.158475,20.6178
0.158507,20.66
0.158539,20.702
0.158569,20.7435
0.158603,20.7848
0.158638,20.8256
0.15867,20.8661
0.158706,20.9064
0.158743,20.9464
0.158776,20.9864
0.158815,21.0262
0.158851,21.0663
0.158888,21.1065
0.158927,21.1466
0.158966,21.1868
0.159004,21.2271
0.159048,21.2677
0.159088,21.3084
0.159126,21.3494
0.159169,21.3902
0.15921,21.4307
0.159252,21.471
0.159294,21.5111
0.159336,21.5511
0.15938,21.5914
0.159422,21.6314
0.159469,21.672
0.159516,21.7125
0.15956,21.7533
0.159606,21.794
0.159655,21.835
0.159704,21.8758
0.159756,21.9168
0.159802,21.9576
0.159854,21.9986
0.1599,22.0394
0.15995,22.0802
0.159997,22.1204
0.160044,22.1607
0.160094,22.201
0.160144,22.2418
0.16019,22.2828
0.160237,22.3243
0.160284,22.3663
0.160332,22.4093
0.160379,22.4525
0.160422,22.4959
0.160468,22.5399
0.160516,22.5841
0.160563,22.6287
0.160607,22.6734
0.16065,22.7186
0.160693,22.764
0.160735,22.8097
0.160778,22.8551
0.160823,22.9005
0.16087,22.9464
0.160913,22.993
0.160959,23.0396
0.161007,23.0865
0.161056,23.1334
0.161108,23.1798
0.16116,23.2262
0.161214,23.2718
0.161267,23.3177
0.161321,23.3631
0.161373,23.4083
0.161426,23.453
0.161482,23.4976
0.161535,23.5421
0.161591,23.5865
0.161648,23.6307
0.161704,23.6751
0.161763,23.7196
0.161822,23.764
0.161882,23.8082
0.161944,23.8526
0.162001,23.8966
0.162061,23.9405
0.16212,23.9837
0.162185,24.0264
0.162248,24.0692
0.162311,24.1117
0.162374,24.1544
0.162437,24.1971
0.162505,24.2401
0.16257,24.2826
0.16264,24.3248
0.16271,24.3668
0.162784,24.4085
0.162852,24.4498
0.162924,24.491
0.16299,24.5318
0.163061,24.5721
0.163136,24.6117
0.163209,24.651
0.163283,24.6895
0.16336,24.7281
0.163438,24.7664
0.163512,24.8045
0.163594,24.8429
0.163672,24.8807
0.163751,24.9183
0.163828,24.9554
0.163909,24.9923
0.163987,25.0289
0.164064,25.066
0.164141,25.1034
0.164219,25.1412
0.164296,25.18
0.164374,25.2196
0.16445,25.2601
0.164525,25.3011
0.164598,25.3431
0.164672,25.3858
0.164742,25.429
0.164812,25.4727
0.164878,25.5167
0.164943,25.5609
0.165012,25.6051
0.165077,25.6493
0.165142,25.6934
0.16521,25.7381
0.165272,25.7835
0.16534,25.8297
0.165403,25.8765
0.165468,25.9237
0.165529,25.9715
0.165588,26.0201
0.165646,26.0692
0.165706,26.119
0.165762,26.169
0.165818,26.2193
0.165877,26.2696
0.165941,26.3197
0.166004,26.3692
0.16607,26.4188
0.166138,26.4674
0.166208,26.5152
0.166282,26.5621
0.166356,26.608
0.166431,26.6532
0.166508,26.6973
0.166584,26.7406
0.166662,26.783
0.166744,26.8248
0.166827,26.866
0.166908,26.9071
0.166991,26.9481
0.167078,26.9889
0.167166,27.0294
0.167251,27.0694
0.167339,27.1085
0.16743,27.1461
0.167523,27.1827
0.167614,27.2183
0.167712,27.2542
0.167804,27.2899
0.167902,27.3253
0.167998,27.3604
0.1681,27.3953
0.168202,27.43
0.168304,27.4649
0.168402,27.5006
0.168494,27.5374
0.168583,27.5745
0.168672,27.6117
0.168758,27.6488
0.168844,27.6854
0.168932,27.722
0.169019,27.7584
0.169111,27.7943
0.169203,27.8297
0.169296,27.8648
0.16939,27.8995
0.169482,27.9334
0.169575,27.9669
0.169668,27.9993
0.169762,28.0313
0.169859,28.0633
0.169953,28.0951
0.170049,28.127
0.170146,28.1588
0.170245,28.1894
0.170351,28.2171
0.170467,28.2412
0.170587,28.2617
0.170716,28.2795
0.170845,28.2945
0.170979,28.3067
0.171116,28.3167
0.171258,28.3238
0.171406,28.3279
0.171559,28.3297
0.171791,28.2925
0.17231,28.1148
0.172889,27.9088
0.173511,27.6841
0.17416,27.441
0.17485,27.1812
0.175567,26.9078
0.176292,26.6265
0.177021,26.3394
0.177742,26.0465
0.178375,25.7867
0.178711,25.6646
0.178991,25.5674
0.179237,25.4854
0.179449,25.4166
0.17964,25.3594
0.17981,25.3096
0.179969,25.264
0.180121,25.221
0.180269,25.1805
0.180412,25.1422
0.180552,25.1055
0.180686,25.0706
0.180818,25.0374
0.180943,25.0065
0.181062,24.9786
0.181174,24.9529
0.181284,24.9289
0.181389,24.9064
0.181489,24.8846
0.181595,24.863
0.181695,24.8413
0.181798,24.8198
0.181898,24.7982
0.181998,24.7767
0.182096,24.7557
0.182192,24.7362
0.182284,24.7183
0.182372,24.7025
0.182456,24.6885
0.182534,24.6765
0.182609,24.6665
0.182678,24.6585
0.182746,24.6526
0.182809,24.6487
0.182869,24.6464
0.182926,24.6455
0.182977,24.6459
0.183033,24.6474
0.183082,24.65
0.18313,24.6538
0.183175,24.6585
0.183221,24.6646
0.183262,24.6714
0.183304,24.6791
0.183347,24.6875
0.183387,24.6966
0.183428,24.7065
0.183464,24.7169
0.183502,24.7281
0.183539,24.7398
0.183577,24.7522
0.183614,24.765
0.183651,24.7785
0.183685,24.7925
0.183719,24.807
0.183752,24.8219
0.183782,24.8373
0.183815,24.8532
0.183849,24.8694
0.183881,24.886
0.183913,24.9031
0.183943,24.9206
0.183976,24.9385
0.184005,24.9568
0.184036,24.9754
0.184069,24.9944
0.184101,25.014
0.18413,25.0337
0.184164,25.0541
0.184194,25.0746
0.184226,25.0955
0.184258,25.1165
0.184293,25.1377
0.184324,25.1591
0.184358,25.1806
0.184395,25.2022
0.184429,25.2238
0.184465,25.2455
0.184501,25.2672
0.184541,25.289
0.184577,25.3106
0.184614,25.3321
0.184654,25.3534
0.184695,25.3744
0.184736,25.3953
0.184778,25.4158
0.184821,25.4357
0.184868,25.4552
0.184913,25.474
0.184963,25.4922
0.185014,25.5097
0.185067,25.5262
0.185121,25.5421
0.185179,25.5575
0.185236,25.5722
0.185297,25.586
0.185361,25.5989
0.185426,25.6108
0.185494,25.6216
0.185565,25.6308
0.185639,25.6386
0.185719,25.6451
0.185802,25.6499
0.185885,25.6532
0.185974,25.655
0.186063,25.6554
0.186157,25.6549
0.186247,25.6535
0.186341,25.6516
0.186435,25.6498
0.186528,25.6485
0.18662,25.6477
0.18671,25.6477
0.186798,25.6488
0.186883,25.6511
0.186966,25.6548
0.187045,25.66
0.187121,25.6668
0.187194,25.675
0.187267,25.6847
0.187338,25.6954
0.187406,25.7075
0.187469,25.7207
0.187533,25.7348
0.187595,25.7496
0.187656,25.7649
0.187717,25.7807
0.187774,25.7966
0.187836,25.813
0.187894,25.8296
0.187949,25.8466
0.188007,25.8638
0.188067,25.8811
0.188126,25.8988
0.188178,25.917
0.188235,25.9357
0.188289,25.9549
0.188344,25.9745
0.188398,25.9948
0.18845,26.0158
0.188502,26.0373
0.188552,26.0592
0.188604,26.0817
0.188656,26.1046
0.18871,26.1278
0.18876,26.1513
0.188813,26.1749
0.188862,26.1987
0.188914,26.2227
0.188963,26.2468
0.189011,26.2711
0.189062,26.2958
0.189112,26.3207
0.189159,26.3458
0.189211,26.3715
0.189261,26.3975
0.189311,26.424
0.18936,26.4509
0.189407,26.4787
0.189459,26.507
0.189507,26.5358
0.189553,26.5652
0.189602,26.5952
0.189649,26.6256
0.189699,26.6563
0.189746,26.6873
0.189791,26.7184
0.189837,26.7497
0.189882,26.7811
0.189928,26.8124
0.189974,26.8436
0.190022,26.8749
0.190067,26.9064
0.190115,26.9381
0.190162,26.9704
0.190207,27.0031
0.190252,27.0363
0.190298,27.07
0.190344,27.1041
0.190392,27.1386
0.190436,27.1735
0.190479,27.2089
0.190524,27.2445
0.190569,27.2804
0.190611,27.3163
0.190655,27.3524
0.190696,27.3891
0.190742,27.4254
0.190785,27.4623
0.190828,27.4994
0.190872,27.5368
0.190919,27.5746
0.190963,27.6124
0.191009,27.6505
0.191058,27.6884
0.191105,27.7262
0.191155,27.7638
0.191208,27.8014
0.191262,27.8385
0.191314,27.8751
0.19137,27.9113
0.191425,27.9467
0.191481,27.9813
0.191538,28.0155
0.191592,28.0495
0.191651,28.0831
0.191709,28.1166
0.191768,28.15
0.191827,28.1832
0.191886,28.2167
0.191947,28.2501
0.192008,28.2838
0.192069,28.3178
0.192132,28.3519
0.192192,28.3859
0.192253,28.4196
0.192313,28.4525
0.192377,28.485
0.192443,28.5161
0.192511,28.5462
0.192583,28.5745
0.192659,28.6011
0.192738,28.6259
0.192824,28.6489
0.19291,28.671
0.193,28.692
0.193092,28.7119
0.193188,28.7304
0.193284,28.7484
0.193381,28.7661
0.193478,28.784
0.193571,28.8024
0.193662,28.8216
0.193748,28.8416
0.193836,28.8622
0.193922,28.8838
0.194003,28.9065
0.194084,28.9308
0.194156,28.9562
0.194232,28.9824
0.194304,29.0097
0.194377,29.0374
0.194449,29.0657
0.194521,29.0944
0.194591,29.1237
0.194658,29.1531
0.194724,29.1831
0.194788,29.2138
0.194854,29.2453
0.194915,29.2775
0.194974,29.3107
0.195035,29.3446
0.19509,29.3795
0.195149,29.4154
0.195203,29.4525
0.195256,29.4904
0.195311,29.5294
0.195366,29.5692
0.195419,29.6098
0.195467,29.6508
0.195517,29.6925
0.195566,29.7352
0.195612,29.7787
0.195655,29.8227
0.195699,29.8671
0.195743,29.9123
0.195785,29.9579
0.195829,30.0038
0.195872,30.0504
0.195909,30.0973
0.195953,30.1447
0.195994,30.192
0.196039,30.2394
0.196083,30.2868
0.196127,30.3344
0.196171,30.3817
0.196212,30.4293
0.196257,30.4765
0.196302,30.5238
0.196346,30.5707
0.196391,30.6178
0.196439,30.6652
0.196489,30.7125
0.196536,30.7599
0.19659,30.8073
0.19664,30.8544
0.196694,30.9015
0.196745,30.9481
0.1968,30.9945
0.196856,31.0407
0.196912,31.0863
0.19697,31.1317
0.197025,31.1764
0.197085,31.2208
0.197144,31.2648
0.197202,31.3087
0.197265,31.3524
0.197325,31.3964
0.197388,31.4403
0.197449,31.484
0.197513,31.5275
0.197577,31.5712
0.197638,31.6146
0.197704,31.6581
0.197766,31.7013
0.197828,31.7443
0.197894,31.787
0.197961,31.8295
0.198028,31.8714
0.198102,31.9124
0.198176,31.9524
0.198256,31.991
0.198342,32.0271
0.198433,32.0601
0.198533,32.0891
0.198641,32.1127
0.198761,32.1305
0.198893,32.1427
0.199035,32.1498
0.199185,32.1519
0.199346,32.1496
0.199512,32.1441
0.199682,32.1364
0.199853,32.1281
0.200022,32.1208
0.200187,32.1158
0.200342,32.1138
0.200488,32.115
0.200623,32.1196
0.200755,32.1277
0.200877,32.1389
0.200991,32.1529
0.201102,32.1692
0.201206,32.1878
0.201312,32.2079
0.201413,32.2296
0.201513,32.2527
0.201608,32.2771
0.201701,32.3025
0.201791,32.3291
0.201881,32.3571
0.201966,32.3865
0.202047,32.4173
0.202124,32.4492
0.2022,32.4824
0.20227,32.5174
0.202339,32.5532
0.202404,32.5901
0.20247,32.6284
0.202531,32.6678
0.202594,32.7078
0.202658,32.7486
0.202721,32.7896
0.20278,32.8313
0.202838,32.8736
0.202895,32.916
0.202952,32.9588
0.203008,33.0017
0.203063,33.0452
0.203121,33.0891
0.203177,33.1336
0.203233,33.1782
0.20329,33.2237
0.203346,33.2696
0.203405,33.3157
0.203457,33.3618
0.203515,33.4082
0.203574,33.4544
0.203634,33.4998
0.203689,33.5447
0.203752,33.5886
0.203814,33.6319
0.203874,33.6741
0.203939,33.7156
0.204003,33.7566
0.204071,33.7969
0.204139,33.8369
0.204208,33.8767
0.204276,33.9165
0.204344,33.9566
0.204413,33.9964
0.204482,34.0362
0.204554,34.076
0.204624,34.115
0.204695,34.1533
0.204769,34.1909
0.204848,34.2273
0.204927,34.262
0.205014,34.2945
0.205106,34.3242
0.205209,34.3504
0.205317,34.3728
0.20543,34.3926
0.205547,34.4103
0.205669,34.4261
0.205792,34.4408
0.205915,34.4547
0.206034,34.4683
0.206151,34.4824
0.206267,34.4978
0.206377,34.516
0.206483,34.5369
0.206577,34.5601
0.206673,34.5854
0.206763,34.6122
0.206852,34.6408
0.206935,34.6706
0.207016,34.7016
0.207095,34.7335
0.207166,34.7668
0.207238,34.8009
0.207308,34.8356
0.20738,34.871
0.207452,34.9066
0.207522,34.943
0.207591,34.9799
0.207661,35.0175
0.207731,35.0551
0.207801,35.0932
0.207874,35.1313
0.207942,35.1696
0.208013,35.2082
0.208078,35.2472
0.208145,35.2863
0.20821,35.3253
0.208277,35.3642
0.208345,35.403
0.208413,35.442
0.20848,35.4811
0.208547,35.5202
0.208617,35.5595
0.208687,35.5985
0.208758,35.6374
0.208829,35.6759
0.208901,35.7143
0.208973,35.7528
0.209041,35.7912
0.20911,35.8295
0.209185,35.8676
0.209254,35.9059
0.209326,35.9442
0.2094,35.9828
0.20947,36.0221
0.209541,36.0619
0.209612,36.1022
0.209685,36.143
0.209753,36.1842
0.209821,36.2257
0.209892,36.2675
0.209956,36.3095
0.210022,36.3517
0.210085,36.3944
0.210151,36.4372
0.210212,36.4804
0.210273,36.5238
0.210337,36.5678
0.2104,36.6117
0.210465,36.6559
0.21053,36.7001
0.210595,36.7448
0.210659,36.7895
0.21072,36.8344
0.210781,36.8793
0.210846,36.9242
0.211109,36.8712
