"Maximum force",48.614,"N"
"Gage length ",1.05416,"mm"
"Strain energy",1.91273,"mJ"
"Deformation at maximum force",0.0661876,"mm"
"Standard travel","Standard force"
"mm","N"
0,0.256867
1.41561e-006,0.25758
4.09782e-007,0.258059
1.95205e-006,0.2587
3.56883e-006,0.25931
5.25266e-006,0.25989
3.80725e-006,0.260581
5.43147e-006,0.261183
3.98606e-006,0.261874
6.34044e-006,0.262131
7.98702e-006,0.262726
7.5493e-006,0.262939
6.68876e-006,0.263347
9.40077e-006,0.263433
8.81962e-006,0.263715
1.10101e-005,0.264051
1.04513e-005,0.264318
1.26716e-005,0.264638
1.21016e-005,0.264913
1.39792e-005,0.265399
1.32751e-005,0.265735
1.25449e-005,0.26608
1.1703e-005,0.266481
1.38637e-005,0.266832
1.63969e-005,0.267005
1.59275e-005,0.267232
1.60099e-005,0.267194
1.58618e-005,0.267264
1.60919e-005,0.267155
1.61915e-005,0.267108
1.91866e-005,0.267061
1.90488e-005,0.267131
1.90982e-005,0.267108
1.88672e-005,0.267217
1.82898e-005,0.267492
1.82553e-005,0.267507
1.9656e-005,0.268217
1.90972e-005,0.268486
1.78455e-005,0.269081
1.96635e-005,0.269588
1.868e-005,0.270061
1.78381e-005,0.27046
1.72756e-005,0.270727
1.69273e-005,0.270891
1.68276e-005,0.270939
1.67452e-005,0.270978
2.01426e-005,0.270743
2.05766e-005,0.270539
2.1318e-005,0.270188
2.23089e-005,0.269717
2.289e-005,0.269442
2.34861e-005,0.269162
2.37012e-005,0.269059
2.37508e-005,0.269035
2.34379e-005,0.269184
2.28754e-005,0.269449
2.22495e-005,0.269746
2.12437e-005,0.270225
1.99697e-005,0.270828
1.88744e-005,0.271343
1.81666e-005,0.271682
1.75035e-005,0.271995
1.72874e-005,0.272098
1.73368e-005,0.272075
1.74849e-005,0.272005
1.80288e-005,0.271747
1.85093e-005,0.271519
1.93513e-005,0.271121
2.00479e-005,0.270791
2.04763e-005,0.270586
2.09569e-005,0.27036
2.10891e-005,0.270297
2.38756e-005,0.270351
2.32721e-005,0.270641
2.3071e-005,0.270735
2.23594e-005,0.27107
2.1931e-005,0.271276
2.1402e-005,0.271525
2.1104e-005,0.271667
2.11359e-005,0.271652
2.08882e-005,0.271769
2.11508e-005,0.271644
2.11525e-005,0.271644
2.15977e-005,0.271433
2.17634e-005,0.271354
2.19618e-005,0.27126
2.22766e-005,0.271111
2.49886e-005,0.271197
2.51665e-005,0.271119
2.43581e-005,0.271503
2.39614e-005,0.271691
2.32163e-005,0.272041
2.28531e-005,0.272215
2.21937e-005,0.272528
2.14002e-005,0.272904
2.38291e-005,0.273124
2.59451e-005,0.2735
2.81654e-005,0.273828
3.59736e-005,0.274236
4.09804e-005,0.274636
4.59573e-005,0.275027
5.60305e-005,0.275748
6.65209e-005,0.276313
7.61769e-005,0.277221
8.58925e-005,0.278144
9.76346e-005,0.279456
0.000109198,0.280868
0.000123324,0.282439
0.000139775,0.284293
0.000156345,0.286063
0.000171842,0.288352
0.000187459,0.29058
0.000202122,0.293296
0.000219645,0.295997
0.000236811,0.298881
0.00025362,0.301932
0.000270071,0.305152
0.000288787,0.308662
0.000307026,0.312446
0.000323953,0.316779
0.000343265,0.321448
0.000361504,0.326545
0.000378909,0.332099
0.000395479,0.337989
0.00041348,0.344611
0.000430884,0.351508
0.000449958,0.359016
0.000468435,0.366798
0.000485959,0.375037
0.000505509,0.383643
0.000524463,0.392554
0.000542822,0.401771
0.000563564,0.411231
0.00058371,0.420997
0.000606837,0.430701
0.000626507,0.44065
0.000651421,0.450843
0.000673356,0.461097
0.000694933,0.471534
0.000722947,0.481666
0.000747266,0.492225
0.000771703,0.502662
0.000798645,0.513343
0.000825348,0.524085
0.000848593,0.535133
0.000877085,0.546424
0.000905576,0.557655
0.000930133,0.569434
0.000957312,0.581336
0.000986519,0.593665
0.00101286,0.605994
0.00104124,0.61869
0.00106925,0.631629
0.00109703,0.64463
0.00112409,0.657935
0.00115127,0.671241
0.00118345,0.684913
0.00121278,0.698585
0.00124473,0.712318
0.00127334,0.726356
0.00130481,0.740333
0.00133533,0.754798
0.0013687,0.769263
0.00139884,0.784017
0.00143461,0.798604
0.00146679,0.81368
0.00149898,0.828756
0.00153093,0.843953
0.00156502,0.859395
0.00159935,0.874898
0.00163273,0.890767
0.00166897,0.906636
0.00170473,0.922628
0.00173978,0.939107
0.00177745,0.955709
0.00181155,0.972554
0.00184826,0.989644
0.00188379,1.00722
0.00191979,1.02468
0.00195507,1.04226
0.00199346,1.05996
0.00202874,1.07766
0.00206641,1.0956
0.00210408,1.11367
0.00214128,1.13186
0.00217823,1.15004
0.00221519,1.16836
0.00225453,1.18691
0.00229339,1.20571
0.0023313,1.22487
0.00236897,1.24416
0.00240878,1.26394
0.00244836,1.28371
0.00248699,1.30398
0.00252799,1.32461
0.00256852,1.34524
0.00260858,1.36623
0.00264839,1.38735
0.0026875,1.40871
0.0027297,1.43007
0.0027707,1.45192
0.00281457,1.4739
0.00285773,1.49611
0.00289802,1.51833
0.00294093,1.54067
0.00298337,1.56325
0.00302295,1.58584
0.00306467,1.60866
0.0031033,1.63173
0.00314764,1.65481
0.00318865,1.678
0.00323014,1.70107
0.003274,1.72439
0.00331525,1.74758
0.00335864,1.77114
0.00340204,1.79458
0.00344519,1.81826
0.00349073,1.84206
0.0035365,1.86586
0.0035849,1.88979
0.0036302,1.91372
0.00367789,1.93789
0.00372843,1.96218
0.00377588,1.98659
0.00382022,2.01101
0.00386743,2.03542
0.00391678,2.0602
0.00396375,2.08486
0.00401,2.10976
0.00405602,2.13491
0.00410132,2.16018
0.00414638,2.18569
0.00419668,2.21132
0.00424055,2.23745
0.00429014,2.26357
0.00433854,2.29018
0.0043898,2.31691
0.00443987,2.34401
0.00448994,2.37124
0.00454263,2.3987
0.00459198,2.42629
0.00464086,2.454
0.00469236,2.48195
0.00474123,2.50979
0.00479273,2.53774
0.00484375,2.56582
0.00489501,2.59389
0.00494603,2.62209
0.00499682,2.65041
0.00504402,2.67898
0.00509433,2.70742
0.00514392,2.73623
0.00519351,2.76516
0.00524239,2.79433
0.00529365,2.82375
0.00534491,2.85317
0.00539522,2.88295
0.00544552,2.91298
0.00549773,2.94326
0.00554995,2.97365
0.00560216,3.00405
0.00565366,3.03469
0.00570254,3.06521
0.00575666,3.09597
0.00580816,3.12673
0.00585894,3.15774
0.00590948,3.18899
0.00595931,3.22024
0.00601177,3.25197
0.0060666,3.28371
0.00612048,3.31618
0.00617747,3.34841
0.0062273,3.38112
0.00628237,3.41433
0.00633673,3.44777
0.00639085,3.48147
0.0064445,3.51516
0.00650052,3.54909
0.00655679,3.58327
0.00661234,3.61745
0.00666527,3.65163
0.00671725,3.68606
0.0067697,3.72048
0.00682501,3.7549
0.00687722,3.78933
0.00693278,3.82375
0.00698475,3.85842
0.00704245,3.89284
0.00709705,3.92775
0.00715141,3.96267
0.00720839,3.99758
0.00726823,4.03249
0.00732474,4.06765
0.00738076,4.10305
0.00743679,4.13869
0.00749187,4.17434
0.0075467,4.21047
0.00760106,4.2466
0.00765471,4.28322
0.00771407,4.31984
0.00776939,4.35695
0.00782685,4.39455
0.00788025,4.43264
0.0079389,4.47097
0.00799398,4.50954
0.00805191,4.54812
0.00811033,4.58669
0.00816898,4.62502
0.00822787,4.66311
0.00828366,4.70144
0.00833992,4.73952
0.00839643,4.77736
0.00845031,4.81521
0.00850729,4.85305
0.00856094,4.89089
0.00861744,4.92898
0.00866966,4.96755
0.00872688,5.00637
0.00878362,5.04567
0.00883703,5.08523
0.00889305,5.12478
0.00894837,5.16457
0.00900654,5.20461
0.00905852,5.24465
0.00911335,5.28469
0.00916795,5.32497
0.00922231,5.3655
0.00927357,5.40578
0.00933055,5.44631
0.0093842,5.48708
0.00943999,5.5281
0.00949554,5.56911
0.00955371,5.61062
0.00960807,5.65212
0.00966529,5.69411
0.0097249,5.7361
0.00978188,5.77785
0.00983862,5.81984
0.00989537,5.86184
0.00994877,5.90407
0.0100024,5.94606
0.0100558,5.9883
0.010109,6.03054
0.0101655,6.07253
0.0102184,6.11501
0.0102745,6.15725
0.0103326,6.19997
0.0103879,6.2427
0.0104459,6.28542
0.0105002,6.32863
0.0105577,6.3716
0.0106144,6.41506
0.0106683,6.45827
0.0107217,6.50173
0.0107751,6.54543
0.0108281,6.58913
0.0108831,6.63332
0.0109404,6.67775
0.010994,6.72268
0.0110503,6.7676
0.0111089,6.81301
0.0111673,6.85817
0.0112226,6.90358
0.0112834,6.94924
0.0113388,6.99465
0.0113967,7.04006
0.011452,7.08547
0.0115102,7.13088
0.0115657,7.17629
0.0116237,7.2217
0.0116842,7.2676
0.0117417,7.31325
0.0118015,7.3594
0.0118614,7.40529
0.0119207,7.45168
0.0119799,7.49782
0.0120392,7.54421
0.0120979,7.59084
0.012157,7.63723
0.0122133,7.68337
0.0122731,7.72951
0.0123327,7.77565
0.0123923,7.8218
0.0124543,7.86794
0.0125192,7.91433
0.0125812,7.96096
0.0126479,8.00759
0.0127099,8.05398
0.0127738,8.10085
0.012841,8.14748
0.0129049,8.19436
0.0129683,8.24148
0.0130313,8.28884
0.0130911,8.3362
0.013151,8.38356
0.013213,8.43142
0.0132749,8.47902
0.0133365,8.52712
0.013398,8.57497
0.0134623,8.62307
0.0135258,8.67141
0.0135873,8.7195
0.0136483,8.76784
0.0137098,8.81569
0.0137706,8.86403
0.0138314,8.91237
0.0138917,8.96096
0.0139547,9.00954
0.01402,9.05861
0.0140844,9.10793
0.0141492,9.15725
0.014216,9.20681
0.0142794,9.25637
0.0143457,9.30642
0.0144077,9.35671
0.0144673,9.40725
0.0145288,9.45803
0.0145898,9.50881
0.0146506,9.55983
0.0147109,9.61135
0.0147705,9.66286
0.0148321,9.71486
0.0148936,9.76711
0.0149539,9.81984
0.0150142,9.87258
0.0150736,9.92556
0.0151327,9.97878
0.0151937,10.0325
0.0152512,10.0867
0.0153108,10.1411
0.0153718,10.1961
0.0154329,10.2512
0.0154927,10.3069
0.0155523,10.3628
0.0156143,10.4187
0.0156787,10.4749
0.0157431,10.531
0.0158019,10.5874
0.015863,10.6438
0.0159238,10.7005
0.0159817,10.7569
0.016042,10.8137
0.0160993,10.8706
0.0161622,10.9278
0.0162242,10.9849
0.0162838,11.0423
0.0163482,11.0999
0.0164061,11.1577
0.0164638,11.2158
0.016521,11.2742
0.0165809,11.3325
0.0166402,11.3911
0.0167022,11.4497
0.0167637,11.5088
0.0168245,11.5684
0.0168875,11.6279
0.0169504,11.6875
0.0170138,11.7471
0.0170796,11.8067
0.0171404,11.8662
0.017201,11.9256
0.0172618,11.9851
0.0173195,12.0445
0.0173774,12.1038
0.0174385,12.1629
0.0175028,12.2219
0.0175639,12.2813
0.0176247,12.3406
0.0176862,12.3997
0.017747,12.459
0.017808,12.5181
0.0178688,12.5777
0.0179263,12.637
0.0179866,12.6966
0.0180486,12.7569
0.0181075,12.8172
0.0181685,12.8775
0.01823,12.938
0.018291,12.9986
0.0183549,13.0593
0.0184129,13.1199
0.0184703,13.1809
0.0185283,13.2415
0.018586,13.3025
0.018641,13.3631
0.0187021,13.4236
0.0187602,13.4842
0.0188213,13.5447
0.0188818,13.6057
0.0189417,13.6668
0.0190003,13.7285
0.0190556,13.7905
0.0191126,13.853
0.0191658,13.916
0.0192204,13.9795
0.0192764,14.044
0.0193305,14.1094
0.0193825,14.1753
0.019439,14.2422
0.0194877,14.3101
0.0195375,14.3789
0.0195859,14.4483
0.0196329,14.5181
0.0196755,14.5889
0.0197196,14.6602
0.0197602,14.732
0.0198052,14.8042
0.0198465,14.877
0.0198899,14.9502
0.0199352,15.0235
0.0199771,15.0977
0.0200179,15.1719
0.0200551,15.2466
0.0200942,15.3218
0.020135,15.3975
0.0201745,15.4737
0.0202132,15.5503
0.0202539,15.6275
0.020294,15.7046
0.0203393,15.7827
0.0203784,15.8604
0.0204201,15.9385
0.0204585,16.0166
0.0204995,16.0952
0.0205372,16.1734
0.0205779,16.252
0.0206154,16.3306
0.0206581,16.4097
0.0207,16.4888
0.0207415,16.5684
0.0207818,16.6485
0.0208207,16.7295
0.0208552,16.8111
0.0208879,16.8931
0.0209251,16.9761
0.0209606,17.0596
0.0210007,17.1441
0.0210402,17.2285
0.0210789,17.3135
0.0211165,17.3989
0.021153,17.4849
0.0211862,17.5713
0.0212188,17.6577
0.0212512,17.7442
0.0212861,17.8311
0.021324,17.918
0.0213643,18.0054
0.0214062,18.0928
0.0214441,18.1812
0.0214808,18.27
0.0215168,18.3599
0.0215547,18.4492
0.0215915,18.5396
0.0216334,18.6304
0.0216742,18.7217
0.0217176,18.813
0.0217603,18.9048
0.0218051,18.9966
0.0218463,19.0889
0.0218869,19.1817
0.0219295,19.2749
0.0219684,19.3682
0.0220075,19.4619
0.0220521,19.5552
0.0220936,19.6489
0.0221403,19.7427
0.0221804,19.8374
0.0222168,19.9321
0.0222581,20.0269
0.0222989,20.1226
0.0223449,20.2183
0.022388,20.314
0.0224364,20.4097
0.0224815,20.5059
0.0225265,20.6021
0.0225714,20.6983
0.0226107,20.7945
0.0226503,20.8902
0.0226937,20.9859
0.0227375,21.0811
0.0227821,21.1763
0.022827,21.271
0.0228718,21.3657
0.0229161,21.461
0.0229567,21.5567
0.0229989,21.6529
0.023043,21.749
0.0230866,21.8462
0.0231326,21.9434
0.0231808,22.0405
0.0232256,22.1382
0.0232671,22.2363
0.0233081,22.3345
0.0233462,22.4326
0.0233872,22.5303
0.023429,22.628
0.0234714,22.7256
0.0235134,22.8233
0.0235575,22.9214
0.0235982,23.0196
0.023635,23.1182
0.0236738,23.2173
0.0237115,23.3169
0.0237544,23.417
0.0237973,23.5171
0.0238424,23.6177
0.0238896,23.7183
0.0239335,23.8189
0.0239742,23.9199
0.0240174,24.0215
0.0240605,24.1226
0.0241039,24.2237
0.0241504,24.3247
0.0242,24.4258
0.024246,24.5274
0.0242882,24.6289
0.0243321,24.7315
0.024375,24.834
0.0244172,24.937
0.0244623,25.0401
0.0245099,25.1436
0.0245626,25.2476
0.0246084,25.3516
0.0246504,25.4561
0.0246914,25.5611
0.0247355,25.6665
0.0247767,25.7715
0.0248208,25.8765
0.0248647,25.9815
0.024911,26.0869
0.0249536,26.1924
0.0249954,26.2988
0.025039,26.4053
0.0250783,26.5127
0.0251229,26.6206
0.0251694,26.7285
0.0252152,26.8369
0.0252634,26.9458
0.0253075,27.0547
0.0253499,27.1646
0.0253911,27.2754
0.0254293,27.3863
0.0254698,27.4971
0.0255127,27.6084
0.0255571,27.7202
0.025594,27.833
0.0256317,27.9468
0.0256708,28.0611
0.0257113,28.1763
0.0257543,28.292
0.0257996,28.4077
0.0258463,28.5239
0.0258863,28.6406
0.0259288,28.7578
0.0259676,28.875
0.0260063,28.9927
0.0260477,29.1104
0.0260919,29.2276
0.0261357,29.3457
0.0261751,29.4639
0.0262158,29.5835
0.026258,29.7036
0.0262959,29.8242
0.0263424,29.9448
0.0263889,30.0658
0.0264373,30.1869
0.0264795,30.308
0.0265181,30.4296
0.0265536,30.5516
0.0265894,30.6732
0.0266285,30.7948
0.0266709,30.9159
0.0267103,31.0375
0.0267451,31.1595
0.0267792,31.2821
0.0268126,31.4047
0.0268514,31.5277
0.0268931,31.6508
0.026932,31.7738
0.0269735,31.8968
0.0270093,32.0204
0.0270448,32.1434
0.0270808,32.2665
0.0271144,32.389
0.0271514,32.5116
0.0271943,32.6342
0.0272307,32.7567
0.0272656,32.8802
0.0272992,33.0043
0.0273373,33.1293
0.0273748,33.2543
0.0274143,33.3793
0.0274558,33.5052
0.0274932,33.6322
0.0275269,33.7592
0.0275629,33.8861
0.0275958,34.0131
0.0276382,34.14
0.0276749,34.267
0.0277145,34.3939
0.027751,34.5209
0.0277915,34.6469
0.0278356,34.7719
0.0278854,34.8954
0.0279398,35.0179
0.0279951,35.14
0.0280507,35.2621
0.0281065,35.3837
0.0281594,35.5057
0.0282126,35.6273
0.0282688,35.7489
0.0283263,35.8715
0.0283735,35.996
0.02842,36.1219
0.0284605,36.2499
0.0284989,36.3788
0.0285449,36.5087
0.0285893,36.6385
0.0286355,36.7694
0.0286744,36.9003
0.0287151,37.0321
0.0287547,37.1649
0.0287941,37.2977
0.0288334,37.4296
0.028878,37.5634
0.0289183,37.6962
0.0289571,37.8309
0.028997,37.9657
0.0290382,38.1014
0.0290811,38.2382
0.0291286,38.3749
0.0291781,38.5126
0.0292189,38.6503
0.0292668,38.787
0.0293136,38.9227
0.0293658,39.0585
0.0294209,39.1913
0.0294771,39.3231
0.0296707,39.3881
0.0311813,38.8177
0.0327835,38.2084
0.0343933,37.5951
0.0360031,36.9818
0.0376129,36.3646
0.039238,35.7435
0.0408478,35.1146
0.0424347,34.4818
0.0439758,33.8373
0.0453568,33.2552
0.0453978,33.2977
0.0453668,33.3744
0.0453519,33.4432
0.0453526,33.5062
0.0453575,33.5658
0.045368,33.6239
0.0453781,33.6823
0.0453896,33.7411
0.0453995,33.8009
0.0454132,33.8617
0.0454193,33.9232
0.0454264,33.9857
0.0454348,34.0492
0.0454418,34.1132
0.0454504,34.1776
0.0454612,34.2426
0.0454683,34.308
0.0454719,34.3734
0.0454804,34.4398
0.0454854,34.5062
0.0454927,34.5726
0.0454992,34.6395
0.0455048,34.7074
0.0455097,34.7748
0.0455137,34.8431
0.0455225,34.912
0.0455275,34.9813
0.0455344,35.0507
0.0455433,35.121
0.0455513,35.1913
0.0455588,35.2621
0.0455657,35.3334
0.0455722,35.4047
0.045578,35.476
0.0455864,35.5477
0.0455939,35.62
0.045606,35.6927
0.0456137,35.7665
0.0456233,35.8402
0.0456317,35.9149
0.0456447,35.9901
0.0456571,36.0653
0.0456655,36.1415
0.0456789,36.2177
0.0456854,36.2943
0.045694,36.3719
0.0457047,36.4496
0.0457151,36.5272
0.0457245,36.6053
0.0457333,36.684
0.0457472,36.7631
0.0457599,36.8427
0.045772,36.9222
0.0457834,37.0023
0.0457969,37.0829
0.0458068,37.1639
0.0458162,37.245
0.0458249,37.326
0.045839,37.4081
0.0458494,37.4896
0.0458647,37.5721
0.0458791,37.6552
0.0458955,37.7386
0.0459114,37.8221
0.04593,37.9056
0.0459454,37.9896
0.0459605,38.0736
0.0459783,38.1576
0.0459926,38.2416
0.0460098,38.326
0.0460267,38.4105
0.0460435,38.495
0.0460631,38.5795
0.0460854,38.6644
0.0461045,38.7494
0.0461262,38.8344
0.0461475,38.9193
0.0461651,39.0048
0.0461848,39.0907
0.046206,39.1776
0.0462264,39.2645
0.0462488,39.3519
0.0462729,39.4398
0.0462991,39.5282
0.0463244,39.6171
0.0463457,39.7064
0.0463687,39.7963
0.0463912,39.8866
0.0464103,39.9769
0.0464324,40.0673
0.0464541,40.1581
0.0464785,40.2489
0.0465029,40.3392
0.0465294,40.4305
0.0465551,40.5219
0.0465801,40.6136
0.0466044,40.7059
0.0466275,40.7987
0.0466526,40.892
0.0466764,40.9852
0.0467024,41.0795
0.0467332,41.1742
0.0467629,41.2694
0.0467946,41.3651
0.0468263,41.4603
0.0468546,41.5565
0.0468798,41.6522
0.0469106,41.7484
0.0469388,41.8441
0.0469673,41.9398
0.0470014,42.0355
0.0470381,42.1317
0.0470715,42.2279
0.0471039,42.3246
0.0471325,42.4213
0.0471664,42.5189
0.0472024,42.6166
0.0472384,42.7142
0.0472772,42.8119
0.0473187,42.91
0.0473573,43.0077
0.0473957,43.1058
0.0474346,43.2035
0.0474682,43.3007
0.0475023,43.3978
0.0475366,43.495
0.0475745,43.5922
0.0476153,43.6888
0.0476535,43.7855
0.0476942,43.8822
0.0477319,43.9794
0.0477662,44.076
0.0478034,44.1732
0.047843,44.2709
0.0478857,44.368
0.0479284,44.4652
0.0479713,44.5624
0.0480173,44.6595
0.0480585,44.7562
0.0481053,44.8514
0.0481539,44.9447
0.0482109,45.0336
0.0482781,45.1176
0.0483578,45.1971
0.048445,45.2728
0.048537,45.3461
0.0486338,45.4174
0.0487297,45.4877
0.0488274,45.557
0.0489238,45.6268
0.0490196,45.6986
0.0491088,45.7733
0.0491917,45.8529
0.0492656,45.9364
0.04933,46.0228
0.0493863,46.1127
0.0494406,46.204
0.0494893,46.2972
0.0495386,46.391
0.0495866,46.4857
0.0496359,46.5814
0.0496817,46.6771
0.0497294,46.7733
0.0497704,46.87
0.0498162,46.9672
0.0498607,47.0653
0.0499051,47.163
0.0499544,47.2611
0.0500033,47.3597
0.0500541,47.4589
0.0501013,47.558
0.0501447,47.6581
0.0501907,47.7577
0.0502341,47.8573
0.050278,47.9569
0.0503252,48.0565
0.0503729,48.1556
0.0504215,48.2543
0.050473,48.3514
0.0505302,48.4457
0.0505994,48.5345
0.0510133,48.4569
0.051883,48.162
0.0527756,47.8553
0.0536835,47.5448
0.0546029,47.2284
0.055526,46.9061
0.0564606,46.578
0.0573914,46.244
0.058307,45.9061
0.0591958,45.5682
0.0597298,45.3866
0.0598252,45.4155
0.0599134,45.4458
0.0600136,45.4705
0.0601275,45.4884
0.0602496,45.5007
0.0603841,45.5092
0.0605147,45.5159
0.0606568,45.5219
0.0607922,45.528
0.0609286,45.535
0.061065,45.5436
0.0611909,45.5547
0.061312,45.5677
0.0614398,45.5786
0.0615742,45.5856
0.0617154,45.5905
0.0618518,45.5945
0.061991,45.5978
0.0621331,45.6007
0.0622704,45.6032
0.0624078,45.6055
0.062547,45.6082
0.0626786,45.6135
0.0627883,45.6266
0.0628813,45.6492
0.0629571,45.6785
0.0630248,45.7117
0.0630892,45.748
0.063149,45.7866
0.0632053,45.8267
0.0632587,45.8684
0.0633095,45.9111
0.0633555,45.9548
0.0633998,45.9995
0.0634482,46.0449
0.0634923,46.0911
0.0635405,46.1379
0.0635815,46.1855
0.0636266,46.2339
0.0636702,46.283
0.0637124,46.3328
0.0637596,46.3831
0.0638027,46.4336
0.0638452,46.4846
0.0638871,46.5361
0.0639284,46.5879
0.0639696,46.6394
0.064008,46.6912
0.0640462,46.7429
0.0640838,46.7947
0.0641241,46.8469
0.0641604,46.8997
0.0641988,46.9526
0.0642391,47.0063
0.0642786,47.0601
0.0643175,47.1143
0.0643556,47.1689
0.0643933,47.2236
0.0644348,47.2781
0.0644725,47.3313
0.0645149,47.384
0.0645585,47.4358
0.0646046,47.4866
0.0646568,47.5359
0.0647111,47.584
0.0647705,47.6311
0.0648313,47.6775
0.0648938,47.7231
0.0649596,47.7686
0.0650244,47.8145
0.0650864,47.8601
0.0651489,47.906
0.0652108,47.9517
0.0652685,47.9983
0.065322,48.0454
0.0653804,48.093
0.065435,48.1411
0.0654891,48.1892
0.0655458,48.2378
0.0656054,48.2861
0.0656619,48.3347
0.0657218,48.3831
0.0657795,48.4309
0.0658391,48.478
0.0659039,48.5237
0.0659731,48.5662
0.066057,48.6001
0.0661876,48.614
0.0670727,48.2643
0.0681484,47.821
0.0692776,47.3561
0.0704296,46.8757
0.0716198,46.3796
0.0728481,45.8679
0.074107,45.3327
0.0753658,44.7897
0.0765941,44.239
0.0777843,43.6999
0.0782078,43.5085
0.0784481,43.405
0.0786588,43.3127
0.0788524,43.2277
0.0790289,43.1496
0.0791796,43.0827
0.0793054,43.0256
0.0794256,42.9736
0.0795391,42.923
0.0796669,42.8637
0.0799034,42.7538
0.0802086,42.6113
0.0805633,42.4423
0.0809677,42.2509
0.081393,42.0488
0.0818298,41.8408
0.0822723,41.6298
0.0827072,41.4199
0.0831383,41.2109
0.0835464,41.0146
0.0838344,40.871
0.0840423,40.7636
0.0841883,40.6835
0.0842803,40.6264
0.0843413,40.5827
0.0843885,40.5473
0.0844183,40.5175
0.0844405,40.4913
0.0844596,40.4681
0.0844712,40.4471
0.0844846,40.4279
0.0844893,40.4102
0.0844944,40.3937
0.0844973,40.3783
0.0845011,40.3638
0.0845,40.3503
0.0844975,40.3375
0.0844994,40.3253
0.0844973,40.3137
0.084497,40.3026
0.0844959,40.2919
0.084491,40.2817
0.0844908,40.272
0.0844898,40.2626
0.084488,40.2536
0.0844856,40.245
0.0844854,40.2366
0.0844846,40.2286
0.0844832,40.2208
0.084484,40.2135
0.0844844,40.2062
0.084484,40.1994
0.0844859,40.1929
0.0844872,40.1866
0.0844907,40.1807
0.0844909,40.175
0.0844935,40.1696
0.084499,40.1641
0.084501,40.1589
0.0845057,40.1538
0.0845125,40.1491
0.0845192,40.1445
0.0845227,40.14
0.0845288,40.1357
0.0845377,40.1314
0.0845465,40.1271
0.0845551,40.1229
0.0845634,40.119
0.0845715,40.1151
0.0845793,40.1113
0.0845871,40.1075
0.0845957,40.1034
0.0846083,40.0972
0.0846267,40.0898
0.084647,40.0814
0.0846693,40.072
0.0846963,40.0618
0.0847255,40.0505
0.0847562,40.0384
0.0847922,40.0253
0.0848306,40.0109
0.0848721,39.995
0.0849172,39.9775
0.0849727,39.9563
0.0850366,39.9312
0.0851062,39.903
0.0851835,39.8727
0.0852636,39.8412
0.0853456,39.8085
0.0854291,39.7753
0.085513,39.7419
0.0855983,39.7089
0.0856751,39.6788
0.0857438,39.6526
0.0858036,39.6309
0.0858565,39.6124
0.0859045,39.5962
0.0859517,39.5818
0.0859927,39.569
0.0860344,39.5573
0.0860737,39.5467
0.0861114,39.537
0.0861474,39.528
0.0861848,39.5197
0.0862185,39.5119
0.086254,39.5046
0.0862885,39.4977
0.0863222,39.4913
0.0863582,39.4852
0.086393,39.4796
0.0864273,39.4742
0.0864609,39.4693
0.0864938,39.4646
0.0865291,39.4601
0.0865639,39.456
0.0865952,39.4521
0.0866285,39.4486
0.0866643,39.4454
0.0866962,39.4425
0.0867308,39.4399
0.0867644,39.4377
0.0868007,39.4357
0.0868362,39.434
0.0868708,39.4327
0.0869046,39.4318
0.0869401,39.4314
0.0869749,39.4316
0.0870078,39.4325
0.0870421,39.4341
0.0870743,39.4368
0.0871043,39.4406
0.0871315,39.4457
0.0871588,39.4522
0.08718,39.4602
0.0872009,39.4698
0.0872215,39.4809
0.0872363,39.4934
0.0872511,39.5073
0.0872635,39.5223
0.0872769,39.5383
0.0872887,39.555
0.0872991,39.5725
0.0873082,39.5906
0.0873191,39.6091
0.0873294,39.628
0.0873389,39.6473
0.0873507,39.6669
0.0873618,39.6868
0.0873722,39.707
0.0873874,39.7278
0.0873988,39.7489
0.0874123,39.7705
0.087422,39.7925
0.0874368,39.8148
0.0874481,39.8374
0.0874619,39.8602
0.0874752,39.8833
0.0874907,39.9066
0.0875032,39.9302
0.087518,39.9538
0.0875325,39.9778
0.0875469,40.0016
0.0875612,40.0256
0.0875788,40.0494
0.0875965,40.0731
0.0876148,40.0965
0.0876369,40.1196
0.0876611,40.1416
0.0876926,40.1614
0.0878052,40.1407
0.0881904,39.9903
0.0886177,39.8194
0.0890774,39.6349
0.0895599,39.4386
0.0900596,39.2335
0.0905784,39.0216
0.0910972,38.8058
0.0916198,38.5841
0.0921348,38.3614
0.0925583,38.1739
0.0927147,38.1124
0.0928358,38.0665
0.0929316,38.0316
0.0930103,38.0047
0.0930752,37.9831
0.0931329,37.9652
0.0931875,37.95
0.093238,37.9368
0.0932819,37.9255
0.0933255,37.9156
0.0933632,37.9073
0.0934008,37.9002
0.0934361,37.8944
0.0934721,37.8897
0.0935057,37.8861
0.0935345,37.8835
0.0935644,37.8817
0.0935924,37.8807
0.0936217,37.8806
0.0936491,37.8814
0.0936748,37.8831
0.0936959,37.8855
0.0937185,37.8886
0.0937427,37.8923
0.093766,37.8966
0.0937878,37.9015
0.0938113,37.907
0.0938277,37.9131
0.0938513,37.9199
0.093868,37.9273
0.0938892,37.9353
0.0939095,37.9437
0.0939288,37.9526
0.0939471,37.9621
0.093964,37.9721
0.0939827,37.9828
0.0940001,37.9941
0.0940189,38.006
0.0940368,38.0184
0.0940535,38.0314
0.0940721,38.0448
0.0940868,38.0588
0.0941034,38.0733
0.0941189,38.0883
0.0941359,38.1039
0.0941519,38.12
0.0941667,38.1367
0.0941835,38.1539
0.0941995,38.1715
0.0942175,38.1894
0.0942316,38.2079
0.0942475,38.2269
0.0942594,38.2463
0.0942761,38.2663
0.0942891,38.2867
0.0943071,38.3076
0.0943244,38.3287
0.0943382,38.3501
0.094354,38.3719
0.0943691,38.3941
0.0943862,38.4167
0.0943999,38.4395
0.0944126,38.463
0.0944304,38.4865
0.0944449,38.5105
0.0944614,38.5348
0.0944775,38.5593
0.0944899,38.5842
0.0945069,38.6096
0.0945231,38.6356
0.0945382,38.662
0.094555,38.6889
0.0945711,38.7163
0.0945892,38.744
0.0946034,38.7722
0.0946194,38.801
0.0946366,38.8307
0.0946527,38.8607
0.0946676,38.8915
0.0946844,38.9226
0.0947002,38.9543
0.0947153,38.9863
0.0947321,39.0188
0.0947452,39.0517
0.0947629,39.0854
0.0947769,39.1194
0.0947931,39.1535
0.0948088,39.1882
0.0948269,39.2229
0.0948445,39.2578
0.0948617,39.2932
0.0948783,39.3286
0.0948942,39.3645
0.0949095,39.4006
0.0949268,39.4372
0.0949435,39.4739
0.0949596,39.511
0.0949778,39.5486
0.0949953,39.5864
0.095012,39.6247
0.0950306,39.6635
0.0950482,39.7026
0.0950648,39.7424
0.0950807,39.7824
0.0951015,39.823
0.0951187,39.8637
0.0951381,39.905
0.0951571,39.9463
0.0951752,39.988
0.0951954,40.0302
0.0952119,40.0727
0.0952309,40.1155
0.0952522,40.1587
0.09527,40.2019
0.0952902,40.2456
0.0953068,40.2895
0.0953313,40.3337
0.0953489,40.3786
0.0953743,40.4238
0.0953956,40.4697
0.0954161,40.5158
0.0954387,40.5627
0.0954631,40.6098
0.0954871,40.6572
0.0955104,40.7048
0.0955332,40.7529
0.0955552,40.801
0.0955794,40.8498
0.0956001,40.8987
0.0956234,40.948
0.0956461,40.9973
0.0956684,41.0468
0.0956929,41.0967
0.0957165,41.1472
0.0957389,41.198
0.0957604,41.2495
0.0957866,41.3012
0.095812,41.3537
0.0958371,41.4062
0.0958613,41.459
0.0958851,41.5122
0.0959107,41.5656
0.0959331,41.6194
0.0959582,41.6733
0.0959827,41.7275
0.096007,41.7817
0.0960309,41.8362
0.0960577,41.8906
0.0960837,41.9453
0.0961122,42.0002
0.0961397,42.0559
0.0961697,42.1115
0.0961989,42.1677
0.0962278,42.2239
0.0962595,42.28
0.0962912,42.3364
0.096323,42.3926
0.0963549,42.4487
0.0963841,42.5049
0.0964137,42.5608
0.0964463,42.6164
0.0964792,42.6723
0.0965093,42.728
0.0965422,42.7837
0.0965748,42.8393
0.0966104,42.8952
0.0966488,42.9511
0.096684,43.0071
0.0967222,43.063
0.0967575,43.1191
0.0967956,43.175
0.0968311,43.2307
0.0968671,43.2864
0.0969058,43.342
0.0969444,43.3979
0.096983,43.4536
0.0970235,43.5097
0.0970636,43.5664
0.0971087,43.623
0.0971478,43.6801
0.0971921,43.737
0.0972336,43.7944
0.0972777,43.8515
0.0973189,43.9089
0.0973602,43.9663
0.097401,44.0239
0.0974389,44.0813
0.0974799,44.1386
0.097524,44.196
0.0975652,44.2531
0.0976096,44.3103
0.0976513,44.3674
0.0976985,44.4245
0.0977462,44.4817
0.0977908,44.5388
0.0978327,44.5957
0.0978778,44.6523
0.0979207,44.709
0.0979725,44.7654
0.0980185,44.8218
0.0980704,44.8781
0.0981203,44.9341
0.0981768,44.9895
0.0982316,45.0444
0.0982941,45.0984
0.0983537,45.1511
0.098419,45.2024
0.0984882,45.2517
0.0985616,45.299
0.0986407,45.3437
0.0987261,45.3855
0.0988186,45.4236
0.0989178,45.457
0.0990337,45.4839
0.0992034,45.4861
0.0996802,45.3397
0.100252,45.1483
0.100848,44.9422
0.101458,44.7303
0.102076,44.5135
0.102701,44.2918
0.103331,44.0662
0.10396,43.8348
0.104647,43.5731
0.10533,43.3016
0.105744,43.1551
0.106095,43.0364
0.106446,42.9173
0.106812,42.7894
0.107279,42.6146
0.107947,42.3392
0.108683,42.0306
0.109431,41.7103
0.110121,41.4153
0.110766,41.14
0.111384,40.8763
0.111979,40.6185
0.112559,40.3646
0.113116,40.1146
0.113573,39.9056
0.113823,39.7923
0.114014,39.7064
0.114186,39.6292
0.114347,39.5555
0.114506,39.4818
0.114673,39.4036
0.114849,39.3211
0.115032,39.2361
0.115213,39.1502
0.115391,39.0653
0.115567,38.9822
0.115743,38.8983
0.115918,38.8138
0.116088,38.7313
0.116249,38.6536
0.116393,38.5838
0.116518,38.5235
0.116624,38.4713
0.116716,38.4251
0.116798,38.3843
0.116871,38.3477
0.116928,38.3174
0.116974,38.2924
0.117013,38.2707
0.117048,38.2513
0.117079,38.2333
0.117107,38.2169
0.117134,38.2013
0.117158,38.1867
0.117181,38.173
0.117205,38.1598
0.117225,38.1471
0.117248,38.1348
0.11727,38.1228
0.117291,38.1112
0.117312,38.0999
0.117334,38.0888
0.117357,38.0779
0.117376,38.0673
0.117398,38.0567
0.117419,38.0464
0.117441,38.0362
0.117461,38.0263
0.117481,38.0167
0.117501,38.0072
0.11752,37.9979
0.117539,37.9888
0.11756,37.9801
0.11758,37.9715
0.1176,37.9632
0.11762,37.9551
0.117642,37.9474
0.117663,37.9398
0.117684,37.9326
0.117707,37.9257
0.11773,37.919
0.117752,37.9124
0.117773,37.9062
0.117797,37.9003
0.117821,37.8947
0.117849,37.8892
0.117874,37.8842
0.117902,37.8794
0.117932,37.8748
0.117961,37.8703
0.11799,37.8663
0.118021,37.8626
0.118051,37.8593
0.11808,37.8565
0.118108,37.8541
0.118138,37.8522
0.118164,37.851
0.118191,37.8504
0.118217,37.8505
0.118241,37.8516
0.118266,37.8535
0.118287,37.8563
0.118308,37.8602
0.11833,37.8649
0.11835,37.8706
0.118365,37.8772
0.118382,37.8846
0.1184,37.8927
0.118416,37.9017
0.118434,37.9113
0.118448,37.9216
0.118463,37.9324
0.118478,37.9435
0.118495,37.9552
0.118508,37.9672
0.118525,37.9796
0.118537,37.9925
0.118553,38.0058
0.118568,38.0194
0.118585,38.0336
0.118602,38.048
0.118615,38.0628
0.11863,38.078
0.118647,38.0936
0.118663,38.1096
0.118679,38.126
0.118696,38.1427
0.118714,38.1595
0.11873,38.1769
0.118746,38.1942
0.118765,38.2118
0.118783,38.2298
0.118798,38.2481
0.118817,38.2667
0.118837,38.2855
0.118855,38.3045
0.11887,38.3238
0.118891,38.3436
0.118908,38.3635
0.118927,38.3838
0.118945,38.4042
0.118967,38.4248
0.118987,38.4457
0.119007,38.4669
0.119027,38.4883
0.119049,38.51
0.119073,38.5321
0.119096,38.5544
0.119119,38.5771
0.119141,38.6002
0.119165,38.6236
0.119188,38.6474
0.119211,38.6717
0.119236,38.6961
0.11926,38.7209
0.119284,38.746
0.11931,38.7712
0.119337,38.7964
0.119365,38.8218
0.119388,38.8474
0.119416,38.873
0.119441,38.8988
0.119469,38.9247
0.119497,38.9507
0.119524,38.9768
0.119554,39.003
0.11958,39.0296
0.119609,39.0565
0.119639,39.0837
0.119667,39.1112
0.119694,39.1389
0.119723,39.1669
0.119752,39.1949
0.119784,39.2232
0.119814,39.2518
0.119845,39.2805
0.119879,39.3093
0.119912,39.3382
0.119945,39.3672
0.119978,39.3961
0.120014,39.425
0.120045,39.4538
0.120084,39.4825
0.120121,39.5111
0.120155,39.5394
0.120196,39.5675
0.120237,39.5954
0.120276,39.6229
0.120321,39.65
0.120365,39.6766
0.12041,39.7027
0.120459,39.7281
0.120509,39.753
0.120563,39.7772
0.120617,39.8006
0.120676,39.8227
0.120741,39.8434
0.120809,39.8619
0.12088,39.8783
0.120963,39.8916
0.121051,39.901
0.121152,39.9043
0.121272,39.8981
0.121421,39.877
0.121621,39.8318
0.121888,39.7552
0.122205,39.6521
0.122558,39.5345
0.122926,39.4065
0.123307,39.2727
0.123695,39.1341
0.124084,38.9925
0.124467,38.8509
0.124837,38.7142
0.125171,38.5906
0.125451,38.491
0.125688,38.41
0.125904,38.3377
0.12611,38.2708
0.126306,38.2073
0.126493,38.146
0.126671,38.0894
0.126834,38.0389
0.126981,37.9947
0.127114,37.9568
0.127234,37.9246
0.127342,37.8975
0.127439,37.8747
0.127529,37.8549
0.127618,37.8374
0.127698,37.8211
0.12778,37.8055
0.127861,37.7901
0.127941,37.7752
0.128022,37.7599
0.128105,37.7437
0.128191,37.7259
0.128281,37.7066
0.128373,37.6859
0.128471,37.6637
0.128568,37.6394
0.128677,37.6123
0.128797,37.5794
0.128945,37.5318
0.129136,37.4639
0.129375,37.3736
0.129749,37.2173
0.130432,36.9107
0.134063,35.1841
