"Maximum force",43.9014,"N"
"Gage length ",1.5128,"mm"
"Strain energy",2.32458,"mJ"
"Deformation at maximum force",0.0968652,"mm"
"Standard travel","Standard force"
"mm","N"
0,-0.00680214
-2.77162e-006,-0.00686508
-8.76188e-006,-0.00677925
-1.18613e-005,-0.00668532
-1.48714e-005,-0.00663835
-2.05636e-005,-0.00669295
-2.30819e-005,-0.00688082
-2.56747e-005,-0.00702959
-2.8342e-005,-0.00713926
-3.13222e-005,-0.00710827
-3.44217e-005,-0.00701433
-3.75956e-005,-0.0068894
-3.78657e-005,-0.00676352
-4.06224e-005,-0.00683361
-4.3245e-005,-0.00696713
-4.29526e-005,-0.00710732
-4.5605e-005,-0.00722557
-4.56108e-005,-0.0072257
-4.86655e-005,-0.00715561
-5.17947e-005,-0.00704594
-5.20183e-005,-0.00694389
-5.49836e-005,-0.00691242
-5.47601e-005,-0.00702162
-5.43484e-005,-0.00721712
-5.68965e-005,-0.00738211
-5.67084e-005,-0.00747604
-5.97035e-005,-0.00742955
-5.9928e-005,-0.00732799
-6.02912e-005,-0.00715537
-6.34652e-005,-0.00702281
-6.33967e-005,-0.00706096
-6.30335e-005,-0.00723262
-6.5522e-005,-0.00742907
-6.5493e-005,-0.00744505
-6.57072e-005,-0.00734348
-6.60052e-005,-0.00720234
-6.64821e-005,-0.00697536
-6.97305e-005,-0.00681133
-6.96888e-005,-0.00683398
-7.21922e-005,-0.00702186
-7.17862e-005,-0.00721736
-7.15384e-005,-0.00733514
-7.45187e-005,-0.00729628
-7.46584e-005,-0.00723381
-7.50383e-005,-0.00705357
-7.54686e-005,-0.00685043
-7.54851e-005,-0.00684185
-7.52542e-005,-0.00695105
-7.76682e-005,-0.00717802
-7.73683e-005,-0.00732679
-7.73667e-005,-0.00732755
-7.77634e-005,-0.00713968
-7.81751e-005,-0.00694417
-7.85234e-005,-0.00677919
-7.85734e-005,-0.0067557
-7.8376e-005,-0.00684964
-8.08496e-005,-0.00705277
-8.0423e-005,-0.00725686
-8.04878e-005,-0.00722586
-8.08342e-005,-0.00706183
-8.11322e-005,-0.00692069
-8.14787e-005,-0.0067557
-8.1678e-005,-0.00666177
-8.16948e-005,-0.00665384
-8.13148e-005,-0.00683313
-8.08193e-005,-0.00706869
-8.07364e-005,-0.00710803
-8.08352e-005,-0.0070613
-8.11146e-005,-0.00692873
-8.14126e-005,-0.00678759
-8.15783e-005,-0.00670891
-8.13809e-005,-0.00680237
-8.10177e-005,-0.00697499
-8.05222e-005,-0.00720959
-8.03071e-005,-0.00731163
-8.03392e-005,-0.00729626
-8.06689e-005,-0.00713985
-8.10992e-005,-0.00693672
-8.12808e-005,-0.00684994
-8.1298e-005,-0.00684183
-8.10671e-005,-0.0069515
-7.78484e-005,-0.00710028
-7.46149e-005,-0.00725668
-7.17389e-005,-0.00724142
-6.62255e-005,-0.00710123
-5.79405e-005,-0.00689714
-5.2427e-005,-0.00676363
-4.08041e-005,-0.0067557
-3.1923e-005,-0.00684153
-1.67834e-005,-0.00711428
-4.74331e-006,-0.00731932
9.91944e-006,-0.007398
2.41053e-005,-0.00723397
3.83509e-005,-0.00707757
5.5517e-005,-0.00696742
7.29215e-005,-0.0069828
9.05645e-005,-0.007061
0.000111307,-0.00724887
0.000132049,-0.00743674
0.000152434,-0.00745284
0.000175442,-0.00734364
0.00019833,-0.00717103
0.000224317,-0.00706946
0.000247325,-0.00695979
0.000273432,-0.00692808
0.000299658,-0.00696694
0.000329102,-0.00716244
0.000355448,-0.00721776
0.000387157,-0.00714766
0.000415767,-0.00692832
0.000447239,-0.00667845
0.000478948,-0.0065211
0.000510658,-0.00646579
0.000545944,-0.00658309
0.000578131,-0.00673949
0.000613178,-0.00684153
0.000650848,-0.0067166
0.00068518,-0.00652873
0.000722374,-0.00623118
0.000759805,-0.00609767
0.000797714,-0.00608193
0.000838484,-0.0061289
0.000876392,-0.00626909
0.0009174,-0.00633251
0.000960792,-0.00630914
0.00100132,-0.00619947
0.00104448,-0.00604307
0.00108763,-0.00583135
0.00113102,-0.00572979
0.00117775,-0.00573718
0.00122138,-0.00580727
0.00127097,-0.00583898
0.00131723,-0.00582337
0.00136348,-0.0056517
0.0014126,-0.00548672
0.00146147,-0.00525212
0.00151082,-0.00520467
0.00156042,-0.00528239
0.00161024,-0.00556468
0.00166317,-0.00579166
0.00171586,-0.00600337
0.00176832,-0.00605821
0.00182053,-0.00598048
0.0018756,-0.00591754
0.00193068,-0.00589394
0.00198337,-0.00598788
0.00203582,-0.00611281
0.00209137,-0.00631689
0.00214692,-0.00636386
0.002202,-0.00629377
0.00225684,-0.00617599
0.00231167,-0.00599574
0.00236675,-0.00592565
0.00242492,-0.00591742
0.00248023,-0.00594079
0.00253841,-0.00605046
0.00259682,-0.0061444
0.00265499,-0.00610553
0.00271269,-0.00596439
0.00277039,-0.00579273
0.00282833,-0.00565159
0.0028865,-0.00564318
0.00294467,-0.00571328
0.00300571,-0.00580769
0.00306722,-0.00594788
0.00312539,-0.00597983
0.00318619,-0.00580817
0.00324675,-0.00561266
0.00330755,-0.00548678
0.00336858,-0.00550991
0.00342962,-0.00553339
0.00349113,-0.00568979
0.00355502,-0.00586241
0.00361654,-0.00600355
0.00367757,-0.00594109
0.00374099,-0.00583141
0.00380203,-0.00572937
0.00386306,-0.00572935
0.00392696,-0.00577632
0.00399419,-0.00585452
0.00405523,-0.00599567
0.0041196,-0.00605813
0.00418302,-0.00594131
0.00424692,-0.0057458
0.00431034,-0.00549594
0.00437375,-0.00530711
0.00443765,-0.00523607
0.00450441,-0.00529805
0.00457116,-0.00530628
0.00463506,-0.00525168
0.00470134,-0.00500182
0.00476762,-0.00471953
0.00483104,-0.00434378
0.00489684,-0.00399855
0.00496074,-0.00384978
0.0050275,-0.00378684
0.00509426,-0.00370816
0.00516054,-0.00354413
0.00522968,-0.00330094
0.00529596,-0.00301102
0.00536224,-0.00261239
0.0054309,-0.0021737
0.00549718,-0.00182847
0.00556632,-0.00174216
0.0056388,-0.00164775
0.00570556,-0.00156192
0.00577804,-0.0014284
0.00584718,-0.0012329
0.0059168,-0.000983036
0.0059888,-0.000670231
0.00605794,-0.000566757
0.00612804,-0.000590003
0.00619813,-0.000707305
0.00626775,-0.000793612
0.00634023,-0.000723517
0.00640699,-0.000535643
0.00647851,-0.000167525
0.00654765,0.000294053
0.00661632,0.000732743
0.00669071,0.00124773
0.00676223,0.00183519
0.00683328,0.00265154
0.00690385,0.00360903
0.00697347,0.00503572
0.00704261,0.00679048
0.00711318,0.00917085
0.0071828,0.0117954
0.00725242,0.0147403
0.00732108,0.0179904
0.00738927,0.0215305
0.00745889,0.0256198
0.00752469,0.030289
0.00758954,0.0353855
0.00765392,0.0407871
0.00772067,0.0461582
0.00778791,0.0515598
0.00785228,0.0568088
0.00791713,0.0620273
0.0079815,0.0672153
0.00804302,0.0724338
0.00810787,0.0775607
0.00817272,0.0826267
0.00823709,0.0879062
0.00830194,0.0929721
0.00836679,0.0981601
0.00843498,0.103043
0.00849935,0.108322
0.00856611,0.113816
0.00863239,0.119675
0.00869485,0.12584
0.00875732,0.132157
0.00882455,0.138718
0.0088894,0.145249
0.00895282,0.152268
0.00901624,0.159439
0.00908157,0.167099
0.00914642,0.174973
0.00921079,0.183091
0.00927421,0.191574
0.00933453,0.200119
0.009397,0.209092
0.00945946,0.218125
0.0095205,0.227585
0.00958153,0.237412
0.009644,0.247727
0.00970241,0.258652
0.00975939,0.270188
0.0098178,0.282395
0.00987526,0.295151
0.00993129,0.308518
0.00998565,0.322739
0.0100417,0.337448
0.0100929,0.353073
0.0101463,0.369187
0.0101976,0.386155
0.010251,0.403488
0.0103006,0.421433
0.0103521,0.439621
0.0104003,0.458176
0.0104532,0.477219
0.0105023,0.496506
0.01055,0.516648
0.0105993,0.5374
0.010647,0.558762
0.0106909,0.580735
0.0107391,0.603318
0.0107798,0.626755
0.0108223,0.650681
0.0108626,0.675705
0.0109017,0.701218
0.0109424,0.727463
0.0109796,0.75383
0.0110192,0.780564
0.0110581,0.807541
0.0110967,0.834641
0.0111346,0.862107
0.0111758,0.88945
0.0112166,0.917038
0.0112574,0.944504
0.0112979,0.972092
0.0113408,0.999924
0.0113814,1.02763
0.0114243,1.05547
0.0114672,1.0833
0.0115094,1.11162
0.0115513,1.13994
0.0115926,1.1685
0.0116331,1.19756
0.0116739,1.22649
0.0117166,1.25578
0.0117595,1.28508
0.0118012,1.31487
0.0118429,1.34477
0.0118839,1.3748
0.0119276,1.4052
0.0119736,1.43559
0.0120191,1.46648
0.0120647,1.49724
0.0121126,1.52824
0.0121574,1.55925
0.0122051,1.5905
0.0122518,1.62175
0.0122988,1.65324
0.012345,1.68523
0.0123946,1.71672
0.0124402,1.74895
0.0124862,1.78093
0.0125317,1.81291
0.012577,1.84514
0.0126252,1.87737
0.0126698,1.91008
0.0127177,1.94255
0.0127616,1.97527
0.0128116,2.00822
0.0128612,2.04118
0.0129108,2.07414
0.0129573,2.1071
0.013009,2.14055
0.0130608,2.17375
0.0131089,2.20744
0.0131597,2.24113
0.01321,2.27531
0.0132568,2.30949
0.0133061,2.34392
0.0133519,2.37883
0.0134029,2.41374
0.0134527,2.44939
0.0135054,2.48528
0.0135533,2.52165
0.013607,2.55827
0.0136513,2.59514
0.0137038,2.63225
0.0137565,2.66911
0.0138082,2.70671
0.0138631,2.74406
0.0139146,2.78142
0.0139665,2.81902
0.014018,2.85637
0.0140695,2.89421
0.014121,2.93156
0.0141723,2.96941
0.0142235,3.007
0.0142741,3.04509
0.0143275,3.08318
0.0143799,3.12175
0.0144319,3.16032
0.0144837,3.19914
0.0145378,3.23821
0.0145921,3.27727
0.0146458,3.31657
0.0146992,3.35613
0.0147521,3.39568
0.0148017,3.43547
0.0148542,3.47551
0.0149059,3.51555
0.0149579,3.55583
0.0150118,3.59636
0.0150659,3.63664
0.0151224,3.67741
0.0151782,3.71843
0.0152306,3.75969
0.0152857,3.80119
0.0153441,3.84245
0.0153989,3.88371
0.01546,3.92497
0.0155155,3.96648
0.0155708,4.00749
0.0156266,4.04875
0.0156819,4.09001
0.0157375,4.13103
0.0157957,4.17229
0.0158515,4.21355
0.0159042,4.25456
0.0159626,4.29582
0.016018,4.3372
0.0160752,4.37871
0.0161327,4.42046
0.016189,4.46269
0.0162457,4.50468
0.0163017,4.54692
0.0163582,4.58891
0.0164145,4.63115
0.0164677,4.67363
0.0165235,4.71587
0.0165783,4.75884
0.0166334,4.80156
0.0166911,4.84453
0.0167485,4.8875
0.0168057,4.93071
0.0168651,4.97417
0.0169219,5.01762
0.0169834,5.06133
0.0170399,5.10478
0.0170988,5.14848
0.0171555,5.19194
0.0172087,5.2354
0.0172652,5.2791
0.0173219,5.32231
0.0173784,5.36577
0.0174354,5.40898
0.0174943,5.45268
0.0175501,5.49663
0.0176052,5.54082
0.0176631,5.58501
0.017721,5.6292
0.0177787,5.67339
0.0178367,5.71758
0.0178913,5.76201
0.0179487,5.80644
0.0180062,5.85063
0.0180605,5.89507
0.0181206,5.93974
0.01818,5.98467
0.0182391,6.02959
0.0182973,6.075
0.0183612,6.12041
0.0184241,6.16631
0.0184871,6.21245
0.0185495,6.25835
0.0186089,6.30473
0.0186676,6.35136
0.0187257,6.398
0.0187844,6.44463
0.0188426,6.4915
0.0189007,6.53838
0.0189618,6.58501
0.0190223,6.63213
0.0190795,6.67949
0.0191387,6.72734
0.0192011,6.7747
0.0192607,6.82231
0.0193237,6.86968
0.0193833,6.91704
0.0194427,6.96465
0.019502,7.01225
0.0195611,7.0601
0.0196212,7.10722
0.0196842,7.15459
0.0197505,7.20171
0.0198167,7.24883
0.0198792,7.29619
0.0199483,7.34355
0.0200165,7.39092
0.0200857,7.43803
0.0201486,7.4854
0.0202144,7.53276
0.0202797,7.58037
0.0203422,7.62798
0.0204047,7.67534
0.0204695,7.72295
0.0205353,7.77055
0.0205997,7.81841
0.020665,7.86626
0.0207356,7.91386
0.0208038,7.96147
0.0208691,8.00883
0.0209344,8.05644
0.0210002,8.10381
0.0210656,8.15141
0.0211304,8.19926
0.021201,8.24712
0.0212682,8.29497
0.0213355,8.34306
0.0214046,8.3914
0.0214771,8.43974
0.0215486,8.48857
0.0216173,8.53716
0.0216855,8.58623
0.0217536,8.6353
0.0218185,8.68437
0.0218862,8.73369
0.0219515,8.78252
0.0220192,8.83183
0.0220836,8.88115
0.0221528,8.93095
0.0222162,8.98076
0.0222848,9.03081
0.022353,9.0811
0.0224222,9.13115
0.0224899,9.18144
0.0225557,9.23174
0.0226234,9.28227
0.0226882,9.33281
0.022756,9.38335
0.0228261,9.43413
0.022899,9.48515
0.022971,9.53618
0.023044,9.5872
0.023116,9.63847
0.0231913,9.6895
0.0232633,9.74052
0.0233358,9.79179
0.0234078,9.84306
0.0234769,9.89433
0.0235494,9.94536
0.0236186,9.99663
0.0236906,10.0479
0.0237654,10.0992
0.0238341,10.1507
0.023909,10.202
0.0239829,10.2537
0.0240539,10.3055
0.024125,10.3572
0.024196,10.4087
0.0242675,10.4605
0.0243386,10.512
0.024413,10.5638
0.0244864,10.6155
0.0245636,10.667
0.0246404,10.719
0.0247205,10.7703
0.0247987,10.8216
0.0248769,10.8726
0.0249532,10.9234
0.0250262,10.9742
0.0251001,11.0245
0.0251707,11.075
0.025245,11.1253
0.0253194,11.1753
0.0253948,11.2251
0.025473,11.2747
0.0255517,11.3243
0.0256275,11.3738
0.0257023,11.4236
0.0257777,11.4732
0.0258502,11.523
0.0259255,11.5726
0.0260008,11.6224
0.0260757,11.6724
0.0261506,11.7222
0.0262269,11.7728
0.0263065,11.8233
0.0263833,11.8738
0.02646,11.9241
0.0265339,11.9744
0.0266112,12.0247
0.0266832,12.0745
0.0267552,12.1243
0.026831,12.1739
0.0269035,12.2234
0.0269798,12.2728
0.0270523,12.3223
0.0271247,12.3721
0.0272034,12.4214
0.0272764,12.471
0.0273527,12.5203
0.0274251,12.5699
0.0274981,12.6194
0.0275706,12.6692
0.0276421,12.7193
0.027717,12.7691
0.0277909,12.8194
0.0278686,12.8697
0.0279449,12.92
0.0280255,12.97
0.0281027,13.0201
0.02818,13.0704
0.0282577,13.1204
0.0283292,13.1705
0.0284046,13.22
0.0284828,13.2698
0.0285586,13.3191
0.0286382,13.3685
0.0287169,13.4178
0.0287961,13.4671
0.0288776,13.5166
0.0289567,13.5657
0.0290321,13.6155
0.0291079,13.6648
0.0291866,13.7146
0.0292619,13.7642
0.0293406,13.8138
0.0294207,13.8638
0.0294989,13.9136
0.0295785,13.9639
0.0296587,14.0142
0.0297388,14.0645
0.0298222,14.1143
0.0298999,14.1644
0.0299777,14.2142
0.0300563,14.2637
0.0301345,14.3135
0.0302137,14.3628
0.0302924,14.4122
0.0303691,14.4612
0.0304521,14.5101
0.0305317,14.5591
0.0306157,14.6077
0.0306958,14.6563
0.0307745,14.7044
0.030855,14.753
0.0309366,14.8011
0.0310148,14.8494
0.0310963,14.8978
0.0311807,14.9458
0.0312642,14.9944
0.0313476,15.043
0.031433,15.0921
0.0315145,15.1416
0.0315941,15.1922
0.0316714,15.2435
0.0317448,15.2957
0.0318149,15.3489
0.0318864,15.4034
0.0319546,15.4593
0.0320171,15.5164
0.0320791,15.5752
0.0321411,15.6353
0.032198,15.6963
0.0322553,15.7588
0.0323046,15.8223
0.032354,15.8868
0.0324045,15.9527
0.0324501,16.0191
0.0324996,16.0865
0.0325473,16.1548
0.0325931,16.2242
0.0326406,16.294
0.0326894,16.3643
0.0327374,16.4351
0.0327817,16.5064
0.0328251,16.5782
0.0328704,16.6504
0.0329116,16.7232
0.0329524,16.7959
0.0329929,16.8692
0.033039,16.9424
0.0330843,17.0162
0.0331293,17.0899
0.0331737,17.1636
0.0332173,17.2383
0.0332604,17.3125
0.0333,17.3877
0.033342,17.4629
0.0333889,17.5381
0.0334352,17.6143
0.033481,17.69
0.0335289,17.7666
0.0335771,17.8433
0.0336271,17.92
0.0336774,17.9966
0.0337242,18.0738
0.0337711,18.1509
0.0338152,18.2281
0.0338593,18.3047
0.0339066,18.3819
0.0339504,18.4585
0.0340003,18.5357
0.0340467,18.6128
0.0340956,18.6905
0.0341407,18.7681
0.0341822,18.8467
0.0342256,18.9253
0.0342709,19.0044
0.0343157,19.0835
0.03436,19.1636
0.0344039,19.2432
0.0344502,19.3233
0.0344993,19.4039
0.0345424,19.4839
0.0345889,19.564
0.0346299,19.6436
0.034674,19.7237
0.0347184,19.8033
0.0347627,19.8829
0.0348073,19.9624
0.0348547,20.042
0.0349048,20.1216
0.0349523,20.2012
0.0349957,20.2813
0.0350386,20.3614
0.0350865,20.4424
0.0351304,20.5235
0.0351795,20.605
0.0352252,20.6871
0.0352732,20.7691
0.0353237,20.8511
0.0353709,20.9336
0.0354177,21.0162
0.0354613,21.0992
0.0355073,21.1822
0.0355562,21.2652
0.0356027,21.3482
0.0356492,21.4312
0.0356987,21.5137
0.035751,21.5967
0.0358029,21.6797
0.0358487,21.7627
0.035894,21.8462
0.0359446,21.9297
0.035992,22.0137
0.0360452,22.0972
0.036095,22.1812
0.0361506,22.2652
0.0362063,22.3492
0.0362619,22.4336
0.0363172,22.5176
0.0363668,22.6016
0.0364219,22.6861
0.0364743,22.7701
0.0365265,22.8545
0.036579,22.9385
0.0366343,23.023
0.0366896,23.107
0.0367445,23.1915
0.0367988,23.2759
0.0368494,23.3609
0.0368992,23.4463
0.0369514,23.5323
0.0370062,23.6177
0.0370649,23.7032
0.0371259,23.7886
0.0371874,23.8741
0.0372463,23.9595
0.0373021,24.045
0.0373584,24.1299
0.0374185,24.2149
0.0374766,24.2989
0.0375381,24.3829
0.0376035,24.4664
0.037665,24.5503
0.0377298,24.6338
0.0377947,24.7178
0.0378562,24.8018
0.0379196,24.8863
0.0379854,24.9712
0.0380507,25.0562
0.0381218,25.1412
0.0381924,25.2261
0.0382658,25.3116
0.0383364,25.3965
0.0384041,25.482
0.0384718,25.5674
0.0385409,25.6519
0.0386129,25.7349
0.0386916,25.8165
0.0387784,25.8951
0.0388661,25.9703
0.0389596,26.0435
0.0390574,26.1138
0.0391608,26.1822
0.0392738,26.2466
0.0393988,26.3069
0.0395351,26.3631
0.0396801,26.4141
0.0398365,26.4593
0.0400024,26.4969
0.0401865,26.5262
0.0403868,26.5456
0.040609,26.5552
0.0408436,26.557
0.0410868,26.5533
0.0413385,26.5453
0.041596,26.5339
0.0418573,26.5205
0.042111,26.5073
0.0423552,26.4974
0.0425907,26.4922
0.0428062,26.4932
0.0430094,26.5006
0.0432049,26.5127
0.0433918,26.5279
0.0435692,26.546
0.0437351,26.5667
0.0438934,26.5897
0.0440451,26.6149
0.044191,26.6413
0.0443388,26.6684
0.0444819,26.6961
0.0446259,26.7233
0.044768,26.7501
0.044912,26.7772
0.0450541,26.8057
0.0451895,26.8355
0.0453163,26.8672
0.0454412,26.9009
0.0455585,26.9368
0.0456739,26.9751
0.0457841,27.0159
0.0458861,27.0593
0.0459877,27.1057
0.046085,27.1541
0.0461761,27.2044
0.0462638,27.2559
0.0463463,27.3086
0.0464269,27.3626
0.0465079,27.4175
0.0465833,27.4737
0.0466562,27.531
0.0467268,27.5896
0.0468007,27.6494
0.0468703,27.71
0.0469357,27.771
0.0470029,27.8325
0.0470692,27.8946
0.0471321,27.9566
0.0471927,28.0188
0.0472585,28.0808
0.0473248,28.1431
0.0473944,28.2049
0.0474635,28.2669
0.0475365,28.3286
0.0476066,28.3902
0.0476776,28.4512
0.0477472,28.5115
0.0478207,28.5718
0.0478884,28.6316
0.0479628,28.6912
0.0480352,28.7503
0.0481111,28.8091
0.0481874,28.8677
0.0482665,28.9263
0.0483428,28.9849
0.0484158,29.0435
0.0484916,29.1023
0.0485645,29.1614
0.0486399,29.2202
0.0487119,29.2796
0.0487863,29.3391
0.0488649,29.3992
0.0489427,29.46
0.0490166,29.5213
0.0490924,29.5828
0.0491673,29.645
0.0492378,29.7075
0.0493046,29.771
0.0493732,29.8345
0.0494381,29.8985
0.049502,29.9634
0.0495683,30.0279
0.0496317,30.0928
0.0497004,30.1577
0.0497685,30.2232
0.0498363,30.2891
0.0498997,30.355
0.0499626,30.4214
0.0500275,30.4883
0.0500914,30.5557
0.0501581,30.6236
0.0502239,30.6909
0.0502926,30.7588
0.0503636,30.8272
0.0504323,30.895
0.0505014,30.9629
0.0505696,31.0293
0.0506445,31.0957
0.0507155,31.1612
0.0507909,31.2256
0.0508677,31.2896
0.0509435,31.353
0.0510236,31.4155
0.051108,31.4771
0.0511881,31.5381
0.0512715,31.5989
0.0513545,31.6597
0.051437,31.721
0.0515219,31.7825
0.0516029,31.8445
0.0516897,31.9063
0.0517765,31.9683
0.0518628,32.0305
0.0519496,32.0923
0.0520311,32.1543
0.0521132,32.2156
0.0521937,32.2764
0.0522738,32.336
0.0523602,32.3938
0.0524531,32.45
0.0525476,32.5042
0.0526486,32.5562
0.0527516,32.6062
0.0528589,32.6541
0.052971,32.6997
0.0530845,32.7432
0.0532022,32.7844
0.053325,32.8237
0.0534509,32.8606
0.0535882,32.8957
0.0537217,32.9294
0.0538609,32.9619
0.0539983,32.9936
0.0541365,33.0251
0.0542691,33.0566
0.0544017,33.0879
0.0545342,33.1196
0.0546611,33.1521
0.054786,33.1858
0.0549052,33.2209
0.0550239,33.2578
0.0551389,33.2963
0.0552504,33.3366
0.0553553,33.3786
0.055454,33.4221
0.0555518,33.4675
0.0556405,33.5146
0.0557292,33.563
0.055816,33.6123
0.0559032,33.6626
0.0559924,33.7136
0.0560778,33.7651
0.0561626,33.8169
0.0562499,33.8686
0.0563314,33.9206
0.0564168,33.9721
0.0564998,34.0232
0.0565837,34.0737
0.0566686,34.124
0.0567544,34.1738
0.0568478,34.2226
0.0569408,34.2705
0.0570352,34.3161
0.0571378,34.3593
0.0572431,34.3996
0.0573566,34.436
0.0574844,34.4654
0.0576284,34.4859
0.0577953,34.4979
0.0579756,34.5021
0.0581825,34.4949
0.0584343,34.4658
0.0587128,34.4238
0.0590065,34.373
0.0593136,34.3159
0.0596245,34.2559
0.0599239,34.198
0.0602081,34.1455
0.0604771,34.0986
0.0607326,34.0571
0.0609653,34.0256
0.0611503,34.0148
0.0613058,34.0167
0.0614422,34.028
0.0615604,34.0469
0.0616701,34.0711
0.0617659,34.0991
0.061857,34.1295
0.0619409,34.162
0.0620244,34.1959
0.062105,34.2316
0.0621789,34.2687
0.0622561,34.307
0.0623286,34.3468
0.0624044,34.3873
0.062475,34.4288
0.0625446,34.4711
0.0626157,34.5141
0.0626824,34.5575
0.0627487,34.6015
0.0628107,34.6456
0.0628755,34.6903
0.0629399,34.735
0.0630005,34.7802
0.0630634,34.8253
0.0631264,34.871
0.0631917,34.9166
0.0632532,34.9625
0.0633176,35.0087
0.0633815,35.0551
0.0634454,35.1015
0.0635088,35.1481
0.0635717,35.1947
0.0636347,35.2416
0.0636971,35.2887
0.0637596,35.3358
0.0638278,35.3829
0.0638922,35.4303
0.0639594,35.4777
0.0640266,35.5255
0.0640934,35.5731
0.064164,35.6205
0.0642345,35.6676
0.0643061,35.7147
0.0643747,35.7616
0.064441,35.8082
0.0645135,35.8544
0.064584,35.9003
0.064656,35.9457
0.064729,35.9904
0.0648029,36.0346
0.0648816,36.0783
0.0649622,36.1207
0.0650447,36.1622
0.0651305,36.2023
0.0652206,36.2401
0.0653131,36.2741
0.0654271,36.3006
0.0656627,36.2669
0.0660823,36.1453
0.0665858,35.9841
0.0671389,35.7966
0.0677302,35.5945
0.0683406,35.3816
0.06897,35.1599
0.0696109,34.9295
0.0702517,34.6931
0.0708773,34.4568
0.0713771,34.2722
0.0717013,34.1682
0.0719493,34.0984
0.0721505,34.0471
0.0723317,34.0064
0.0724967,33.9715
0.0726483,33.9418
0.0727885,33.9173
0.0729144,33.8972
0.0730412,33.8809
0.0731514,33.8685
0.0732568,33.8599
0.073355,33.8544
0.0734446,33.8519
0.0735314,33.8521
0.0736125,33.8549
0.0736869,33.8597
0.073757,33.8665
0.0738237,33.875
0.07389,33.885
0.073951,33.8965
0.0740092,33.9091
0.0740621,33.9228
0.0741189,33.9375
0.0741682,33.953
0.0742188,33.9692
0.0742703,33.9864
0.0743175,34.0044
0.0743659,34.023
0.0744129,34.0426
0.0744586,34.0626
0.0745061,34.0831
0.0745495,34.1043
0.0745945,34.1261
0.0746384,34.1484
0.0746842,34.1711
0.0747259,34.1945
0.0747693,34.2185
0.0748115,34.243
0.0748527,34.268
0.0748928,34.2937
0.0749348,34.3197
0.0749731,34.346
0.0750108,34.3728
0.0750478,34.3999
0.0750864,34.4275
0.0751243,34.4554
0.0751615,34.4839
0.075198,34.5125
0.0752337,34.5416
0.075269,34.5709
0.0753062,34.6006
0.0753427,34.6307
0.0753756,34.6612
0.0754102,34.6922
0.0754469,34.7235
0.0754831,34.7552
0.0755155,34.7872
0.0755532,34.8197
0.0755904,34.8521
0.0756243,34.8849
0.0756605,34.9181
0.0756965,34.951
0.075732,34.9845
0.0757675,35.0179
0.0758031,35.0511
0.0758412,35.0848
0.0758763,35.1183
0.0759139,35.1519
0.0759516,35.1859
0.0759919,35.2196
0.0760322,35.2535
0.0760722,35.2874
0.0761152,35.3216
0.076155,35.3558
0.0762005,35.39
0.0762465,35.4239
0.0762923,35.4579
0.0763378,35.4918
0.0763834,35.5262
0.0764287,35.5604
0.0764735,35.5948
0.0765209,35.6295
0.0765686,35.6642
0.0766125,35.6991
0.0766559,35.7342
0.0766986,35.7696
0.0767465,35.8055
0.0767913,35.8414
0.076838,35.8778
0.0768817,35.9144
0.0769275,35.951
0.0769759,35.9881
0.0770178,36.0255
0.0770655,36.0628
0.0771134,36.0999
0.0771611,36.1373
0.077209,36.1744
0.0772567,36.2118
0.0773015,36.2491
0.0773492,36.2865
0.0773969,36.3238
0.0774443,36.3612
0.0774913,36.399
0.0775438,36.4366
0.0775926,36.4749
0.0776437,36.5133
0.0776942,36.5521
0.077744,36.5912
0.0777934,36.6307
0.0778449,36.6703
0.0778964,36.7101
0.0779472,36.7501
0.0779953,36.7899
0.078043,36.8299
0.0780936,36.8702
0.0781443,36.9102
0.0781946,36.9505
0.0782421,36.9908
0.0782924,37.0311
0.0783458,37.0711
0.0783961,37.1114
0.078449,37.1519
0.0785024,37.1922
0.0785559,37.2323
0.0786093,37.2723
0.0786658,37.3126
0.078722,37.3526
0.0787728,37.3927
0.0788296,37.4327
0.0788837,37.4725
0.0789404,37.5125
0.0789943,37.5526
0.0790508,37.5926
0.0791095,37.6329
0.0791683,37.6734
0.079227,37.7137
0.0792861,37.754
0.0793491,37.7938
0.0794125,37.8333
0.0794797,37.8724
0.0795451,37.9112
0.0796085,37.9493
0.0796733,37.9867
0.0797429,38.0233
0.0798111,38.0592
0.0798812,38.0941
0.0799575,38.1273
0.08004,38.1578
0.0801292,38.1848
0.0802279,38.2059
0.0803843,38.2021
0.0806275,38.1562
0.0809117,38.0893
0.0812226,38.0102
0.0815487,37.9228
0.0818882,37.8296
0.0822316,37.7319
0.0825768,37.6328
0.0829163,37.5332
0.0832482,37.436
0.0835285,37.3613
0.0837183,37.3262
0.08387,37.3103
0.0839949,37.3047
0.0841108,37.3064
0.0842128,37.3132
0.0843063,37.3242
0.0843902,37.3384
0.0844717,37.3553
0.0845452,37.3744
0.0846148,37.3955
0.0846811,37.4183
0.0847419,37.4423
0.0848034,37.4672
0.0848604,37.4931
0.0849185,37.5198
0.0849743,37.5476
0.0850284,37.5762
0.0850804,37.6059
0.085131,37.6363
0.0851798,37.6674
0.0852299,37.6994
0.0852785,37.7318
0.085326,37.7653
0.0853756,37.7987
0.0854249,37.8324
0.0854714,37.8661
0.0855215,37.8996
0.085573,37.9323
0.0856228,37.9643
0.0856777,37.9954
0.0857346,38.0254
0.0857938,38.0545
0.0858543,38.0827
0.0859192,38.1101
0.0859859,38.137
0.0860541,38.1629
0.0861266,38.1883
0.0862,38.2132
0.0862739,38.238
0.0863455,38.2622
0.0864237,38.2863
0.0865004,38.3096
0.0865796,38.3317
0.0866616,38.3526
0.0867441,38.3717
0.0868323,38.3894
0.086921,38.4056
0.0870126,38.4202
0.087107,38.4335
0.0872042,38.4456
0.0873006,38.4567
0.0874012,38.4671
0.0875023,38.4771
0.0876043,38.4868
0.0877035,38.4964
0.0878055,38.5061
0.0879042,38.5159
0.0880063,38.5257
0.0881083,38.5353
0.088208,38.5448
0.0883076,38.5541
0.0884049,38.5633
0.0885051,38.5725
0.0886014,38.5821
0.0886967,38.5921
0.0887912,38.6028
0.088887,38.6141
0.0889781,38.6262
0.0890701,38.6394
0.0891598,38.6536
0.089247,38.669
0.0893319,38.6856
0.0894115,38.7032
0.0894926,38.7216
0.0895684,38.741
0.0896461,38.7611
0.0897229,38.7818
0.0897949,38.8029
0.0898664,38.8246
0.089937,38.8466
0.0900033,38.8693
0.0900719,38.8924
0.0901392,38.9161
0.0902021,38.9403
0.090267,38.9652
0.0903299,38.991
0.0903914,39.0175
0.0904513,39.0447
0.0905097,39.0727
0.0905698,39.1011
0.0906263,39.13
0.0906873,39.1593
0.0907424,39.189
0.0907996,39.219
0.090853,39.2493
0.0909059,39.2799
0.0909579,39.311
0.091012,39.3422
0.0910654,39.3742
0.0911177,39.4064
0.0911713,39.4394
0.0912237,39.4731
0.091275,39.5072
0.0913251,39.5422
0.0913768,39.5773
0.0914305,39.6132
0.0914836,39.6493
0.0915332,39.6857
0.0915852,39.7223
0.0916338,39.7592
0.0916825,39.7961
0.0917335,39.8332
0.0917812,39.8705
0.0918308,39.9084
0.091877,39.9464
0.0919249,39.985
0.0919721,40.0238
0.092021,40.0636
0.0920654,40.1039
0.0921119,40.1447
0.0921574,40.1857
0.0922048,40.2275
0.0922518,40.2694
0.0922954,40.3114
0.0923415,40.3537
0.0923872,40.3962
0.0924297,40.4389
0.092475,40.4816
0.0925169,40.5243
0.0925641,40.5678
0.0926073,40.6112
0.0926528,40.6554
0.0927,40.6999
0.0927432,40.745
0.0927885,40.7904
0.0928331,40.8363
0.09288,40.8825
0.0929296,40.9286
0.0929759,40.9753
0.0930193,41.0216
0.093066,41.0678
0.0931099,41.1139
0.0931566,41.1601
0.0932005,41.2065
0.093247,41.2526
0.0932906,41.299
0.0933395,41.3456
0.0933881,41.3923
0.0934336,41.4391
0.0934847,41.486
0.0935326,41.5331
0.0935834,41.58
0.0936342,41.6271
0.0936823,41.674
0.0937305,41.7211
0.0937817,41.768
0.093833,41.8146
0.0938809,41.8617
0.093931,41.9091
0.0939806,41.9567
0.0940326,42.0046
0.0940841,42.0527
0.0941382,42.101
0.0941947,42.1496
0.0942483,42.1979
0.094302,42.2465
0.0943554,42.2951
0.0944095,42.3434
0.0944643,42.3913
0.0945165,42.4391
0.0945716,42.4867
0.0946296,42.5346
0.0946813,42.5827
0.0947388,42.6308
0.0947955,42.6791
0.0948549,42.7277
0.0949104,42.7765
0.0949686,42.8258
0.095026,42.8752
0.0950828,42.925
0.0951364,42.9748
0.0951925,43.0248
0.0952485,43.0751
0.0953038,43.1256
0.0953617,43.1762
0.0954185,43.2275
0.0954747,43.279
0.0955358,43.3307
0.0955963,43.383
0.0956538,43.4352
0.0957148,43.4872
0.095774,43.5387
0.0958348,43.5893
0.0958987,43.6383
0.0959664,43.6855
0.0960398,43.7301
0.0961218,43.7719
0.09621,43.8095
0.0963121,43.8415
0.0964265,43.8677
0.0965553,43.8869
0.0966993,43.8987
0.0968652,43.9014
0.0970493,43.8938
0.0974784,43.7669
0.099874,42.6887
0.102392,41.5559
0.104879,40.4309
0.107366,39.3059
0.109853,38.1887
0.11234,37.0637
0.114797,35.9465
0.117162,34.8294
0.119466,33.72
0.121465,32.7278
0.121449,32.6809
0.12132,32.6798
0.121197,32.6733
0.121078,32.6631
0.120958,32.6512
0.120842,32.6386
0.120725,32.6259
0.120615,32.6132
0.120502,32.6005
0.120391,32.5879
0.120283,32.5754
0.120174,32.5634
0.120064,32.5522
0.119958,32.5418
0.11985,32.5321
0.119746,32.5232
0.119641,32.5149
0.119538,32.5072
0.119433,32.5005
0.119331,32.4947
0.119231,32.4898
0.11913,32.4856
0.119034,32.4812
0.118941,32.4767
0.11885,32.4719
0.118764,32.4668
0.11868,32.4612
0.118599,32.4551
0.11852,32.4489
0.118444,32.4419
0.118372,32.4345
0.118305,32.4264
0.118241,32.4179
0.118178,32.4088
0.118119,32.3993
0.11806,32.3899
0.118003,32.3808
0.117952,32.3722
0.117896,32.3639
0.117842,32.3563
0.11779,32.3491
0.11774,32.3424
0.117689,32.3362
0.11764,32.3304
0.117592,32.3254
0.117544,32.3207
0.117497,32.3164
0.117451,32.3122
0.11741,32.3081
0.117366,32.304
0.117332,32.2997
0.117296,32.2957
0.117261,32.2918
0.117228,32.2882
0.117194,32.2846
0.117167,32.2811
0.117142,32.2777
0.117114,32.2741
0.11709,32.2705
0.117065,32.2669
0.117043,32.2635
0.117024,32.2603
0.117004,32.2571
0.116987,32.254
0.116971,32.2508
0.116954,32.2476
0.116938,32.2442
0.116925,32.2407
0.116917,32.2374
0.116906,32.2343
0.116898,32.2313
0.116889,32.2283
0.116884,32.2254
0.116878,32.2224
0.116873,32.2192
0.116871,32.2161
0.116868,32.2132
0.116868,32.2104
0.116868,32.2076
0.116868,32.205
0.116868,32.2023
0.116873,32.1995
0.116876,32.1967
0.116882,32.1939
0.116885,32.1913
0.11689,32.1887
0.116895,32.1863
0.1169,32.1839
0.116904,32.1817
0.116909,32.1794
0.116914,32.177
0.116922,32.1746
0.11693,32.1723
0.116937,32.1703
0.116943,32.1684
0.116953,32.1667
0.116962,32.1651
0.116974,32.1636
0.116988,32.1621
0.117,32.1607
0.117015,32.1592
0.117029,32.1581
0.117045,32.1571
0.117062,32.1563
0.117077,32.1556
0.117099,32.155
0.117118,32.1544
0.11714,32.1537
0.117158,32.153
0.11718,32.1526
0.1172,32.1524
0.117224,32.1523
0.117247,32.1522
0.117271,32.152
0.117301,32.1516
0.117328,32.151
0.117356,32.1501
0.117385,32.1491
0.117419,32.148
0.11745,32.1468
0.117485,32.1453
0.117518,32.1436
0.117557,32.1417
0.117596,32.1395
0.117633,32.1372
0.117675,32.1349
0.117715,32.1328
0.117757,32.1307
0.117796,32.1288
0.11784,32.1268
0.117882,32.1248
0.117925,32.1226
0.11797,32.1204
0.118015,32.1182
0.118063,32.1161
0.118111,32.1141
0.118156,32.1121
0.118203,32.1102
0.118251,32.1082
0.118299,32.106
0.11835,32.1039
0.118398,32.1017
0.118452,32.0997
0.118502,32.098
0.118549,32.0964
0.118601,32.095
0.118651,32.0935
0.118703,32.0923
0.118751,32.0914
0.118801,32.091
0.118853,32.091
0.118899,32.0915
0.118949,32.0926
0.118996,32.0938
0.11904,32.0951
0.119089,32.0964
0.119139,32.0977
0.119186,32.0989
0.119236,32.1
0.119286,32.1008
0.119337,32.1014
0.119389,32.1017
0.119442,32.1015
0.119498,32.1009
0.119553,32.1
0.119613,32.0988
0.119668,32.0974
0.11973,32.0958
0.119791,32.0941
0.11985,32.0924
0.119912,32.0906
0.119974,32.0886
0.120036,32.0867
0.120098,32.0849
0.120159,32.0834
0.120223,32.0823
0.120282,32.0816
0.120341,32.0815
0.120401,32.0817
0.120461,32.0822
0.120518,32.083
0.120577,32.0842
0.120634,32.0857
0.120691,32.0877
0.120747,32.09
0.120803,32.0928
0.120858,32.0956
0.120916,32.0985
0.120971,32.1012
0.12103,32.104
0.121088,32.1067
0.121146,32.1093
0.121205,32.112
0.121263,32.1145
0.121322,32.117
0.121379,32.1193
0.121441,32.1215
0.121498,32.1236
0.12156,32.1258
0.121619,32.1282
0.121677,32.1309
0.121738,32.1339
0.121798,32.1371
0.121858,32.1406
0.121917,32.1441
0.12198,32.1475
0.122036,32.1511
0.122098,32.1549
0.122159,32.159
0.12222,32.1634
0.122281,32.1679
0.122341,32.1726
0.1224,32.1778
0.122461,32.1834
0.122523,32.1896
0.122581,32.197
0.122635,32.2057
0.122689,32.2163
0.122734,32.2295
0.122777,32.2455
0.122813,32.2642
0.122845,32.2857
0.122874,32.3096
0.122895,32.3359
0.122914,32.3645
0.122926,32.3954
0.122937,32.4279
0.122945,32.4616
0.122953,32.4955
0.122965,32.5294
0.122973,32.5634
0.122984,32.5973
0.122998,32.6315
0.123008,32.6657
0.123021,32.7003
0.123036,32.7352
0.123054,32.7699
0.123069,32.8051
0.123083,32.84
0.123101,32.8749
0.123118,32.91
0.123139,32.9452
0.123159,32.9801
0.123182,33.0153
0.123206,33.0502
0.123227,33.0848
0.123249,33.119
0.123275,33.153
0.123301,33.1867
0.123331,33.2201
0.123358,33.2535
0.123388,33.2868
0.123418,33.3195
0.12345,33.3522
0.123486,33.3839
0.123522,33.4154
0.123562,33.4465
0.1236,33.4773
0.123645,33.5077
0.123688,33.5376
0.123731,33.567
0.12378,33.5957
0.123832,33.6238
0.123883,33.6509
0.123937,33.6771
0.123994,33.7025
0.124051,33.7272
0.124109,33.7512
0.124169,33.7742
0.12423,33.7964
0.124294,33.8175
0.12436,33.8375
0.124428,33.8563
0.124499,33.8742
0.124574,33.8911
0.124652,33.9071
0.124728,33.9221
0.12481,33.9358
0.124899,33.9479
0.124988,33.9581
0.125082,33.9661
0.12518,33.9721
0.125286,33.9757
0.125393,33.9773
0.125502,33.9766
0.125615,33.9739
0.125736,33.9687
0.125859,33.9611
0.125988,33.951
0.126122,33.9384
0.126259,33.924
0.126399,33.9082
0.126539,33.8915
0.126682,33.8741
0.126826,33.8564
0.126968,33.8385
0.127113,33.8203
0.127255,33.8025
0.127395,33.7854
0.127535,33.7693
0.127669,33.7543
0.1278,33.7397
0.127929,33.7252
0.12806,33.7098
0.128195,33.6923
0.128341,33.6697
0.128506,33.6362
0.128716,33.5811
0.128988,33.4946
0.129313,33.3838
0.129671,33.2578
0.130049,33.1201
0.13044,32.9746
0.130841,32.8252
0.131241,32.6729
0.131632,32.5234
0.131998,32.3828
0.132317,32.2627
0.132569,32.1724
0.132767,32.105
0.132934,32.0525
0.133075,32.0105
0.1332,31.9758
0.133313,31.9464
0.133415,31.9211
0.133511,31.8987
0.133605,31.8783
0.133693,31.8597
0.133778,31.8425
0.13386,31.8267
0.133941,31.8116
0.134019,31.7976
0.134093,31.7845
0.134167,31.7723
0.134241,31.7607
0.134313,31.7495
0.134385,31.7387
0.134457,31.7281
0.134525,31.7178
0.134594,31.7079
0.134663,31.6985
0.134734,31.6894
0.134803,31.6802
0.134869,31.6707
0.134943,31.6603
0.13502,31.6484
0.135101,31.6344
0.13519,31.6167
0.135296,31.5912
0.135443,31.5436
0.13585,31.3727
0.136368,31.1481
0.136906,30.9137
0.13746,30.6715
0.138024,30.4254
0.138589,30.1764
0.139157,29.9264
0.13971,29.6764
0.14024,29.4313
0.140713,29.2076
0.140927,29.1056
0.141034,29.0543
0.141119,29.0131
0.141194,28.9772
0.141258,28.9459
0.141313,28.918
0.141362,28.8931
0.141408,28.8705
0.141449,28.8497
0.141486,28.8304
0.14152,28.8123
0.14155,28.7954
0.141579,28.7798
0.141606,28.7654
0.141631,28.752
0.141654,28.7394
0.141676,28.7275
0.141697,28.7158
0.141717,28.7046
0.141739,28.6939
0.141761,28.6837
0.14178,28.6742
0.141799,28.6652
0.141816,28.6567
0.141834,28.6484
0.14185,28.6403
0.141867,28.6325
0.141882,28.6248
0.141897,28.6176
0.141911,28.6109
0.141924,28.6046
0.14194,28.5986
0.141957,28.5929
0.141969,28.5872
0.141986,28.5816
0.142003,28.5764
0.142022,28.5715
0.142037,28.567
0.142057,28.563
0.142076,28.5592
0.142096,28.5556
0.14212,28.5522
0.142141,28.549
0.142168,28.546
0.14219,28.5434
0.142215,28.5412
0.142242,28.5396
0.142265,28.5384
0.142289,28.5379
0.142313,28.5378
0.142335,28.5382
0.142359,28.5392
0.142381,28.5411
0.142402,28.5438
0.14242,28.5475
0.14244,28.5522
0.142457,28.5578
0.142473,28.5641
0.142491,28.5709
0.142504,28.5785
0.142519,28.5868
0.142532,28.5959
0.142547,28.6058
0.14256,28.6163
0.142572,28.6274
0.142586,28.6389
0.142599,28.6506
0.142612,28.6627
0.142624,28.6751
0.142641,28.688
0.142654,28.7014
0.142669,28.7152
0.14268,28.7294
0.142697,28.7438
0.14271,28.7585
0.142726,28.7733
0.142741,28.7884
0.142755,28.8039
0.142772,28.8198
0.142788,28.8362
0.142802,28.8528
0.142819,28.8699
0.142833,28.8869
0.142849,28.9044
0.142865,28.9221
0.142886,28.9402
0.142903,28.9585
0.142922,28.9774
0.142938,28.9966
0.142956,29.016
0.142973,29.0357
0.142993,29.0556
0.143012,29.0757
0.143034,29.0959
0.143053,29.1164
0.143074,29.1371
0.143097,29.1581
0.143117,29.1793
0.143138,29.2004
0.143161,29.2215
0.143184,29.2427
0.143204,29.2638
0.14323,29.285
0.143255,29.3065
0.14328,29.3281
0.143305,29.3498
0.143333,29.3716
0.143361,29.3932
0.143386,29.4147
0.143414,29.4361
0.143445,29.4577
0.143472,29.4796
0.143505,29.5016
0.143535,29.5237
0.143571,29.5456
0.143604,29.5676
0.143643,29.5895
0.143679,29.6112
0.143715,29.6329
0.143755,29.6546
0.143791,29.6763
0.143831,29.6977
0.143875,29.7187
0.143917,29.7394
0.14396,29.7593
0.144004,29.7785
0.144052,29.7973
0.144099,29.8155
0.14415,29.833
0.144202,29.8498
0.144256,29.8661
0.144312,29.8812
0.14437,29.8954
0.144432,29.9086
0.144494,29.9208
0.144561,29.9319
0.144631,29.9418
0.144703,29.9502
0.144784,29.9559
0.144904,29.9417
0.1451,29.8924
0.145317,29.8309
0.145549,29.7635
0.145788,29.6932
0.146033,29.6199
0.146279,29.5452
0.146527,29.4695
0.14677,29.3934
0.147006,29.3172
0.147203,29.2596
0.147322,29.2356
0.147421,29.2231
0.147506,29.2158
0.147584,29.212
0.147656,29.211
0.147722,29.2126
0.147787,29.2163
0.147844,29.2222
0.147901,29.2302
0.147952,29.2403
0.147997,29.2523
0.148041,29.266
0.148086,29.2813
0.148127,29.2978
0.148163,29.3153
0.1482,29.3338
0.148236,29.3529
0.148274,29.3727
0.14831,29.3932
0.148344,29.4146
0.148378,29.4364
0.14841,29.4588
0.148444,29.4813
0.148478,29.504
0.148513,29.5269
0.148546,29.5501
0.148579,29.5734
0.148611,29.5972
0.148646,29.6214
0.148677,29.6458
0.14871,29.6704
0.148743,29.6952
0.148775,29.7201
0.148807,29.7453
0.148842,29.7708
0.148875,29.7969
0.148907,29.8234
0.148942,29.8501
0.14898,29.877
0.149011,29.904
0.149051,29.9309
0.149088,29.958
0.149121,29.9855
0.14916,30.0132
0.149195,30.0412
0.149232,30.0692
0.14927,30.0976
0.149304,30.126
0.14934,30.1546
0.149377,30.1834
0.149413,30.2124
0.14945,30.2418
0.149487,30.2717
0.149523,30.302
0.149559,30.3327
0.149596,30.3637
0.149633,30.3949
0.149673,30.4264
0.149708,30.4584
0.149746,30.4909
0.149785,30.5238
0.149823,30.5573
0.149862,30.5907
0.149899,30.6244
0.149937,30.6583
0.149977,30.692
0.150017,30.726
0.150054,30.7602
0.150091,30.7943
0.150129,30.829
0.150165,30.8637
0.150204,30.8986
0.150239,30.9335
0.150277,30.9684
0.150314,31.0038
0.150351,31.0394
0.150389,31.0756
0.150427,31.112
0.150467,31.1488
0.150507,31.1857
0.150547,31.2226
0.150586,31.2599
0.150625,31.297
0.150664,31.3346
0.150702,31.3722
0.15074,31.4103
0.150777,31.4484
0.150817,31.4867
0.150853,31.5253
0.150892,31.5639
0.150931,31.6027
0.150973,31.6415
0.151013,31.6811
0.151052,31.7211
0.151091,31.7614
0.151132,31.8019
0.151173,31.8424
0.151216,31.8834
0.151257,31.924
0.151297,31.965
0.15134,32.0058
0.151381,32.0465
0.151421,32.0873
0.151462,32.1281
0.151503,32.1688
0.151546,32.2096
0.151587,32.2504
0.151627,32.2912
0.15167,32.3324
0.151711,32.3744
0.151754,32.4169
0.151792,32.4599
0.151836,32.5033
0.151877,32.5468
0.151917,32.5902
0.151961,32.6339
0.152001,32.6779
0.15204,32.7221
0.152079,32.7665
0.152118,32.8109
0.152159,32.8554
0.152204,32.8998
0.152245,32.9442
0.152289,32.9894
0.152331,33.0348
0.152373,33.0807
0.152417,33.1269
0.152463,33.1732
0.152512,33.2199
0.152555,33.2665
0.152601,33.3131
0.152647,33.3595
0.152693,33.4059
0.152736,33.4525
0.152785,33.4992
0.15283,33.546
0.152878,33.5932
0.152922,33.6405
0.152969,33.6884
0.153015,33.7365
0.153063,33.7848
0.153109,33.8339
0.153155,33.8832
0.153197,33.933
0.153242,33.9831
0.153284,34.0329
0.153329,34.0827
0.153375,34.1322
0.153423,34.182
0.153468,34.2318
0.153516,34.2819
0.153562,34.3324
0.153612,34.383
0.153661,34.4335
0.15371,34.484
0.153763,34.5346
0.153812,34.5851
0.153865,34.6354
0.153915,34.6857
0.153965,34.736
0.154015,34.7858
0.15407,34.8356
0.154121,34.8849
0.154179,34.9342
0.154235,34.9831
0.15429,35.0319
0.154346,35.0807
0.154405,35.1295
0.154464,35.1786
0.154522,35.2274
0.154578,35.276
0.154634,35.3248
0.154694,35.3734
0.15475,35.4223
0.154808,35.4713
0.154865,35.5211
0.154923,35.5714
0.154984,35.6222
0.155041,35.6732
0.155101,35.7243
0.155161,35.7753
0.155223,35.8266
0.155285,35.8781
0.155344,35.9296
0.1554,35.9813
0.155458,36.0333
0.155513,36.0853
0.155574,36.1371
0.15563,36.1889
0.155688,36.2409
0.155748,36.2931
0.155807,36.3461
0.155866,36.3991
0.155924,36.4523
0.155982,36.5058
0.156037,36.5592
0.156095,36.6124
0.156153,36.6662
0.15621,36.7201
0.156268,36.7746
0.156329,36.8295
0.156388,36.8849
0.156448,36.9406
0.156509,36.9965
0.156571,37.0524
0.156633,37.1083
0.156694,37.1642
0.156755,37.2204
0.156816,37.2765
0.156871,37.3327
0.156935,37.3891
0.156992,37.4455
0.157052,37.5019
0.157113,37.5585
0.157178,37.6151
0.15724,37.6723
0.157301,37.7299
0.157358,37.788
0.157417,37.8466
0.157473,37.9052
0.157531,37.9643
0.157592,38.0233
0.157652,38.0829
0.15771,38.143
0.157772,38.2033
0.157835,38.2638
0.157896,38.3244
0.157957,38.3847
0.158016,38.4445
0.158076,38.5043
0.158136,38.5634
0.158194,38.6225
0.158255,38.6813
0.158314,38.7396
0.158376,38.798
0.158436,38.8563
0.158499,38.914
0.158567,38.9716
0.158632,39.0287
0.158697,39.0853
0.158764,39.1417
0.158831,39.1977
0.158899,39.2533
0.158968,39.3082
0.159039,39.3624
0.159114,39.4159
0.159192,39.4684
0.159271,39.5197
0.159359,39.57
0.15944,39.6195
0.159522,39.6681
0.159609,39.7157
0.159694,39.7621
0.159781,39.807
0.159874,39.8507
0.159966,39.893
0.160066,39.9345
0.160166,39.9748
0.160268,40.0141
0.160371,40.0526
0.160474,40.09
0.160579,40.1261
0.160687,40.1613
0.160793,40.1955
0.160904,40.2289
0.161017,40.2614
0.16113,40.2938
0.161244,40.3256
0.161362,40.3573
0.161481,40.3884
0.161597,40.4192
0.161714,40.4498
0.161828,40.4804
0.161941,40.5111
0.162054,40.5424
0.162166,40.5739
0.162275,40.6056
0.162386,40.6376
0.162496,40.6701
0.162603,40.7028
0.162711,40.7357
0.16282,40.7692
0.162923,40.8034
0.163025,40.8383
0.163122,40.8742
0.163217,40.9113
0.163313,40.9494
0.163403,40.9887
0.163497,41.0289
0.163584,41.0709
0.163668,41.1146
0.163752,41.1596
0.163831,41.206
0.163911,41.2528
0.16399,41.3004
0.164065,41.3483
0.164136,41.3966
0.164207,41.4455
0.164279,41.4945
0.164348,41.5441
0.16442,41.5936
0.164488,41.6432
0.16456,41.693
0.164634,41.7428
0.164705,41.7929
0.164775,41.8432
0.164841,41.8939
0.164907,41.9452
0.164972,41.9967
0.165039,42.0485
0.165105,42.1007
0.16517,42.1535
0.165238,42.2067
0.165307,42.2599
0.165376,42.3136
0.165446,42.3671
0.165515,42.4206
0.165582,42.4738
0.165648,42.5265
0.165717,42.5785
0.165788,42.63
0.165859,42.6813
0.165929,42.7321
0.166004,42.7824
0.166079,42.8319
0.166163,42.8783
0.166292,42.9047
0.166473,42.9056
0.169174,41.6869
0.173996,39.4525
