"Maximum force",29.9624,"N"
"Gage length ",0.963825,"mm"
"Strain energy",0.900898,"mJ"
"Deformation at maximum force",0.0516495,"mm"
"Standard travel","Standard force"
"mm","N"
0,0.182721
4.11272e-006,0.18353
5.00679e-006,0.184495
6.09457e-006,0.185353
9.87947e-006,0.186311
1.07139e-005,0.187295
1.12727e-005,0.188409
1.17496e-005,0.189561
1.19787e-005,0.190827
1.20578e-005,0.19217
1.48593e-005,0.193597
1.2177e-005,0.194871
1.56192e-005,0.195985
1.33393e-005,0.197076
1.42371e-005,0.198026
1.23298e-005,0.198934
1.34921e-005,0.199758
1.48928e-005,0.200471
1.3723e-005,0.201024
1.57496e-005,0.201442
1.52392e-005,0.201685
1.77724e-005,0.201858
1.76816e-005,0.201905
2.06172e-005,0.20189
2.06865e-005,0.201858
2.07364e-005,0.201835
2.35825e-005,0.201858
2.32975e-005,0.201999
2.30162e-005,0.202132
2.57283e-005,0.202219
2.56402e-005,0.202266
2.5426e-005,0.202367
2.7691e-005,0.202665
2.68454e-005,0.203071
2.56905e-005,0.20362
2.71657e-005,0.204292
2.56682e-005,0.205005
2.42004e-005,0.205703
2.28444e-005,0.206348
2.15555e-005,0.206958
2.01324e-005,0.20763
1.88584e-005,0.208236
2.05496e-005,0.208805
1.95289e-005,0.209293
1.87689e-005,0.209653
1.85044e-005,0.209779
1.87345e-005,0.20967
1.93939e-005,0.209358
2.30744e-005,0.20899
2.38568e-005,0.208621
2.45348e-005,0.208299
2.51941e-005,0.207986
2.58051e-005,0.207696
2.63676e-005,0.207429
2.66992e-005,0.207273
2.68826e-005,0.207187
2.6817e-005,0.207218
2.63401e-005,0.207445
2.56286e-005,0.20778
2.45706e-005,0.20828
2.32295e-005,0.208917
2.46451e-005,0.209623
2.30134e-005,0.210397
2.16276e-005,0.211057
2.32146e-005,0.211675
2.20151e-005,0.212247
2.38405e-005,0.212755
2.29054e-005,0.213203
2.48277e-005,0.213664
2.40603e-005,0.214034
2.64444e-005,0.214277
2.92906e-005,0.214309
3.22857e-005,0.214262
3.54149e-005,0.21416
4.16436e-005,0.213965
4.18765e-005,0.213855
4.77177e-005,0.213831
5.04297e-005,0.213932
5.59432e-005,0.214065
5.86105e-005,0.214183
6.43325e-005,0.21423
6.68061e-005,0.214433
7.20513e-005,0.214691
7.69985e-005,0.215107
7.87121e-005,0.215679
8.29441e-005,0.216415
8.68184e-005,0.217346
9.06033e-005,0.218303
9.42987e-005,0.219303
9.7726e-005,0.22044
0.000101064,0.221607
0.000107233,0.22282
0.000110407,0.224071
0.000113432,0.225391
0.000119452,0.226673
0.00012279,0.227848
0.000129436,0.228817
0.000136499,0.22961
0.0001438,0.230274
0.000151311,0.230854
0.00015891,0.231388
0.000166391,0.231968
0.000173871,0.232563
0.000181143,0.233246
0.000188444,0.233921
0.000198339,0.234718
0.000205074,0.235676
0.000214372,0.236759
0.000220452,0.238025
0.000228856,0.239544
0.000233774,0.241359
0.000241165,0.243358
0.000245546,0.245418
0.000249777,0.247539
0.000259612,0.249767
0.000263665,0.25198
0.000270669,0.254177
0.000277583,0.256405
0.000284408,0.258678
0.000291143,0.260997
0.000298087,0.26321
0.00030512,0.265392
0.000312362,0.267467
0.000319873,0.26942
0.000327562,0.27129
0.00033531,0.273136
0.000342999,0.274975
0.000350748,0.276821
0.000358377,0.278705
0.000369225,0.280468
0.000377093,0.282253
0.000382159,0.283977
0.000392829,0.285808
0.000403259,0.287754
0.000410233,0.289951
0.00041971,0.292347
0.000425701,0.295032
0.000434224,0.297855
0.000442569,0.3008
0.000450675,0.303837
0.000458662,0.306949
0.000466351,0.310184
0.000473951,0.31348
0.00047854,0.316822
0.000486169,0.320087
0.000493918,0.323291
0.000502024,0.326328
0.000510488,0.329212
0.00051919,0.331989
0.000530873,0.33469
0.000536923,0.33736
0.000548963,0.339908
0.000555192,0.342472
0.000564311,0.34502
0.000576232,0.34766
0.000585292,0.350223
0.000594352,0.352832
0.000605975,0.355594
0.000614617,0.358387
0.000626062,0.361225
0.000637088,0.364261
0.000644897,0.36745
0.000652288,0.370838
0.00066248,0.374256
0.000669692,0.377735
0.000679348,0.381427
0.000688885,0.385181
0.000698302,0.38895
0.00070465,0.392841
0.00071377,0.396778
0.000723009,0.400669
0.000732903,0.404239
0.000743155,0.407657
0.000753407,0.41106
0.000763957,0.41431
0.000774984,0.417377
0.000785951,0.420429
0.000796978,0.423465
0.000808064,0.426471
0.000822131,0.429447
0.000833396,0.432392
0.000843887,0.435657
0.000854377,0.438968
0.00086457,0.442386
0.000874583,0.445926
0.00088716,0.449604
0.000896577,0.453388
0.000905578,0.457386
0.000914399,0.461475
0.000922803,0.465748
0.00093091,0.470173
0.000941936,0.474598
0.000952725,0.479145
0.000960473,0.483722
0.000971083,0.488331
0.000978712,0.492969
0.000989262,0.497608
0.000999991,0.502186
0.00100798,0.506672
0.00101895,0.511097
0.00103021,0.5154
0.0010416,0.519642
0.00105006,0.523914
0.00106138,0.528187
0.00107301,0.532306
0.00108523,0.536167
0.00109882,0.539371
0.00111252,0.54253
0.00112647,0.545566
0.00114018,0.548679
0.00115377,0.551899
0.00116712,0.555225
0.00118095,0.558307
0.00119484,0.561344
0.00120849,0.564533
0.0012213,0.568088
0.00123263,0.572361
0.0012436,0.576786
0.00125415,0.581455
0.00126169,0.586155
0.00127468,0.591007
0.00128451,0.595981
0.00129369,0.601291
0.00130275,0.606632
0.00131175,0.612003
0.00132081,0.617344
0.00132993,0.622654
0.00134209,0.627933
0.00135443,0.633121
0.00136421,0.638126
0.00137714,0.642978
0.00139037,0.647739
0.00140068,0.6525
0.00141392,0.657261
0.00142405,0.662113
0.00143704,0.666935
0.00145004,0.671817
0.00146267,0.676822
0.00147489,0.682071
0.00148389,0.687442
0.00149528,0.693058
0.0015066,0.698734
0.00151775,0.704471
0.00152877,0.71027
0.00153658,0.71619
0.00154713,0.722202
0.00155762,0.728275
0.00156823,0.734256
0.00157908,0.740116
0.00159005,0.745945
0.00160131,0.751621
0.00161264,0.757267
0.0016242,0.762821
0.00163606,0.768223
0.00165102,0.773533
0.00166312,0.778812
0.00167522,0.784122
0.00168738,0.789371
0.00169972,0.794529
0.001712,0.799717
0.00172446,0.804844
0.00173983,0.80994
0.00175235,0.815036
0.00176773,0.820102
0.00178054,0.825077
0.00179324,0.830112
0.00180862,0.835178
0.00182113,0.840305
0.00183592,0.845676
0.00184772,0.851108
0.00185922,0.856693
0.00187031,0.862461
0.00188104,0.868381
0.00189397,0.874637
0.00190381,0.880985
0.0019165,0.887363
0.00192652,0.89368
0.00193647,0.899967
0.00194666,0.906131
0.00195995,0.912235
0.00197044,0.918308
0.00198409,0.924228
0.00199798,0.930027
0.00201229,0.935642
0.00202373,0.941257
0.00203541,0.94675
0.00204996,0.952244
0.0020642,0.957889
0.00207541,0.963596
0.00208912,0.969486
0.00210265,0.975467
0.00211582,0.981632
0.00212864,0.987949
0.00214121,0.994388
0.00215361,1.00092
0.00216285,1.00754
0.00217465,1.01435
0.00218657,1.02109
0.00220147,1.0278
0.00221029,1.03464
0.00222204,1.04148
0.00223664,1.04831
0.00224856,1.05509
0.00226072,1.06174
0.00227395,1.06784
0.00228808,1.07355
0.00230262,1.07904
0.00231705,1.08463
0.00233183,1.09
0.00234703,1.09519
0.00236515,1.10038
0.00238052,1.10547
0.00239876,1.1106
0.00241688,1.11582
0.00243107,1.12149
0.00244412,1.12769
0.00246045,1.1337
0.00247446,1.13947
0.00248823,1.14536
0.00250468,1.15134
0.00251773,1.15757
0.00253079,1.16376
0.00254652,1.17008
0.00256214,1.17643
0.00257478,1.18286
0.00259027,1.18927
0.00260231,1.19596
0.0026137,1.20298
0.00262806,1.20993
0.00264004,1.21668
0.00265274,1.22303
0.00266567,1.22931
0.00268153,1.23554
0.0026975,1.24176
0.00271056,1.24799
0.00272665,1.25409
0.00273982,1.26029
0.00275687,1.26593
0.00277225,1.27109
0.00279037,1.27625
0.00280545,1.28153
0.00282333,1.28678
0.00283853,1.292
0.00285373,1.29718
0.00287173,1.30243
0.00288681,1.30768
0.00290195,1.31293
0.00291875,1.31873
0.00293109,1.32529
0.00294307,1.332
0.00295458,1.33893
0.00296888,1.34592
0.00298003,1.35306
0.00299094,1.36026
0.00300494,1.3674
0.00301627,1.37445
0.00303111,1.3812
0.00304637,1.3877
0.00306198,1.39408
0.00307491,1.4004
0.00308802,1.40657
0.00310399,1.41273
0.00312021,1.41884
0.0031369,1.4247
0.0031509,1.43046
0.00316449,1.43642
0.00318023,1.4427
0.00319573,1.44917
0.00320842,1.45555
0.00322392,1.46196
0.00323942,1.4684
0.00325169,1.47499
0.00326666,1.48167
0.00327834,1.48854
0.00329252,1.49559
0.00330397,1.50258
0.00331851,1.50944
0.00333377,1.516
0.00334915,1.52244
0.00336226,1.52867
0.00337847,1.53474
0.00339242,1.54054
0.00340971,1.54613
0.00342687,1.55171
0.00344452,1.55714
0.0034624,1.56245
0.00348064,1.56761
0.0034984,1.57295
0.00351288,1.5785
0.00352695,1.58421
0.00354388,1.58995
0.00356069,1.59575
0.00357737,1.60161
0.00359418,1.60744
0.00361063,1.61342
0.00362399,1.61952
0.00363984,1.62575
0.00365558,1.63209
0.00366827,1.63847
0.00368341,1.64503
0.00369807,1.65187
0.0037122,1.65895
0.00372615,1.66612
0.00373998,1.67332
0.00375386,1.68053
0.00376757,1.68782
0.00378116,1.69514
0.00379463,1.70253
0.00380822,1.70985
0.00382211,1.71705
0.00383624,1.72413
0.0038506,1.73109
0.00386223,1.73799
0.00387987,1.74473
0.00389191,1.75148
0.00390687,1.75816
0.00392159,1.76494
0.00393643,1.77168
0.00394823,1.77852
0.00396284,1.78535
0.00397768,1.7921
0.00399228,1.79896
0.00400367,1.80595
0.00401761,1.81309
0.0040315,1.8203
0.00404515,1.82762
0.00405618,1.83479
0.00407001,1.84199
0.0040836,1.84935
0.00409719,1.85667
0.00411042,1.86415
0.00412377,1.87163
0.00413694,1.87916
0.00415035,1.88655
0.00416371,1.894
0.0041773,1.90135
0.00419112,1.90858
0.00420853,1.91545
0.00422391,1.92192
0.00423952,1.92833
0.004258,1.93471
0.00427386,1.94099
0.00428947,1.94734
0.00430831,1.95354
0.00432416,1.95985
0.0043399,1.96614
0.00435826,1.97261
0.00437328,1.97926
0.00438764,1.98625
0.00440159,1.99339
0.00441816,2.00068
0.00443425,2.00819
0.0044476,2.01567
0.00446078,2.02318
0.00447377,2.03081
0.00448939,2.03856
0.00450172,2.04649
0.00451698,2.05443
0.00453212,2.06236
0.00454762,2.07017
0.00456371,2.07768
0.00458028,2.08497
0.00459429,2.09218
0.00460824,2.09932
0.00462576,2.10615
0.00464364,2.11281
0.00465926,2.11918
0.00467535,2.12535
0.00469896,2.13072
0.00471958,2.13603
0.00473698,2.14158
0.00475737,2.14711
0.00477453,2.15272
0.0047942,2.15852
0.00481077,2.1645
0.00482973,2.17061
0.00484582,2.1768
0.00486078,2.18349
0.00487443,2.19081
0.00488766,2.19832
0.004904,2.20567
0.00491764,2.213
0.00493433,2.22026
0.00494834,2.2274
0.00496235,2.23451
0.00497916,2.24168
0.00499644,2.24867
0.00501122,2.25545
0.00502899,2.26216
0.00504711,2.26872
0.00506284,2.27504
0.00507858,2.28136
0.00509443,2.28758
0.00511339,2.29381
0.00512668,2.29991
0.00514587,2.30592
0.00516196,2.31209
0.00518092,2.31822
0.00519689,2.32448
0.00521227,2.33095
0.00522991,2.33775
0.0052444,2.34465
0.00525906,2.35148
0.00527348,2.35841
0.00529077,2.36537
0.00530484,2.37251
0.00532141,2.37974
0.00533518,2.38704
0.00535151,2.39445
0.00536534,2.40166
0.00537934,2.4088
0.00539639,2.41588
0.00541308,2.42314
0.00542721,2.43022
0.00544145,2.43724
0.00545897,2.44407
0.00547388,2.45079
0.00549164,2.45747
0.00550988,2.464
0.00552245,2.47047
0.00554081,2.47688
0.00555929,2.48329
0.00557467,2.48979
0.00559267,2.49638
0.00561031,2.50316
0.00562521,2.50993
0.00564214,2.51701
0.00565871,2.52434
0.005672,2.53181
0.00568488,2.53947
0.00570037,2.54729
0.00571563,2.55516
0.00572809,2.56303
0.00574293,2.57121
0.00575479,2.57933
0.00576963,2.58745
0.00578477,2.59544
0.00580039,2.60319
0.00581315,2.61094
0.00582888,2.6186
0.00584193,2.6262
0.00585815,2.63365
0.0058718,2.64097
0.0058886,2.64818
0.00590273,2.65526
0.00591966,2.66237
0.00593402,2.66936
0.00595143,2.67622
0.00596609,2.68309
0.00598361,2.68992
0.00599786,2.69694
0.00601503,2.70396
0.00603207,2.71104
0.00604614,2.71812
0.00606331,2.72517
0.00607719,2.73234
0.00609412,2.73945
0.00610872,2.74632
0.00612947,2.75303
0.00614407,2.75987
0.00616183,2.76658
0.00617649,2.77345
0.00619366,2.78044
0.00621107,2.78734
0.00622835,2.79433
0.00624576,2.80122
0.00625994,2.80827
0.00627639,2.81563
0.0062926,2.8231
0.00630906,2.83046
0.00632288,2.83766
0.00633969,2.84483
0.00635686,2.85185
0.00637438,2.85872
0.00639381,2.86467
0.0064142,2.87016
0.00643482,2.8755
0.00645819,2.88096
0.00647833,2.88658
0.00649848,2.89219
0.00651541,2.89793
0.00653531,2.90364
0.00655236,2.90935
0.00657132,2.91554
0.00658848,2.92256
0.00660148,2.93016
0.00661697,2.93794
0.00662967,2.94572
0.00664254,2.95338
0.00666126,2.96107
0.00667425,2.96867
0.0066907,2.976
0.00670739,2.98326
0.00672218,2.99003
0.0067428,2.99681
0.00675734,3.00368
0.0067751,3.01039
0.00679311,3.01701
0.00681146,3.02345
0.00682654,3.0301
0.00684419,3.03691
0.00685843,3.04393
0.00687536,3.05107
0.00689145,3.05858
0.00690755,3.06608
0.00692137,3.07332
0.00693759,3.08076
0.00695058,3.08839
0.00696608,3.09617
0.00698193,3.1038
0.00699487,3.11149
0.00700738,3.11931
0.007023,3.12709
0.00703921,3.13457
0.00705292,3.14183
0.00706985,3.14894
0.00708678,3.15608
0.00710114,3.16307
0.00711902,3.16972
0.00713714,3.17631
0.00715562,3.18269
0.00717446,3.18892
0.00719007,3.19527
0.00720819,3.20183
0.00722607,3.20851
0.00724086,3.21528
0.00725874,3.22194
0.0072737,3.22865
0.00729051,3.23579
0.0073072,3.24306
0.00732353,3.25047
0.00733986,3.25786
0.00735327,3.26533
0.00736948,3.27281
0.00738206,3.28059
0.00739744,3.28847
0.00741013,3.29622
0.00742575,3.30394
0.00743868,3.31163
0.00745418,3.31944
0.00746968,3.32719
0.00748249,3.33494
0.00749847,3.34254
0.00751468,3.34996
0.00753101,3.3574
0.00754442,3.36482
0.0075604,3.37239
0.00757357,3.37993
0.0075899,3.38734
0.00760623,3.39476
0.00762244,3.40224
0.00763526,3.40993
0.00765088,3.41765
0.00766625,3.42552
0.00768151,3.43339
0.00769665,3.44139
0.00771239,3.44914
0.00772777,3.45701
0.00774273,3.46501
0.00775799,3.47294
0.00777289,3.48106
0.00778785,3.48912
0.00780299,3.49711
0.00782087,3.50511
0.00783613,3.51304
0.00785139,3.52098
0.00786295,3.52928
0.00787708,3.53776
0.0078915,3.54606
0.00790294,3.55443
0.00791761,3.56261
0.00793233,3.57078
0.00794365,3.57915
0.0079607,3.58763
0.00797203,3.59605
0.00798621,3.60448
0.00800075,3.61272
0.00801536,3.62095
0.00802978,3.62926
0.00804379,3.6378
0.00805768,3.64635
0.00807151,3.65495
0.00808515,3.66362
0.0080957,3.67241
0.0081118,3.68132
0.00812175,3.69035
0.00813445,3.69951
0.00814691,3.70872
0.00815912,3.71812
0.00817122,3.72752
0.00818642,3.73686
0.00819864,3.7462
0.00821205,3.75499
0.00822934,3.76335
0.00824448,3.77135
0.00825974,3.77928
0.00827798,3.78709
0.00829514,3.79414
0.00831314,3.80076
0.0083346,3.80711
0.00835308,3.81352
0.00837465,3.81981
0.00839337,3.82612
0.00841447,3.83266
0.00843497,3.83946
0.00845238,3.84636
0.00846955,3.85341
0.00848826,3.86101
0.00850364,3.86888
0.00852152,3.87694
0.00853624,3.88511
0.00855049,3.89348
0.00856366,3.90239
0.0085794,3.91148
0.00859513,3.92058
0.00860789,3.92967
0.0086204,3.93889
0.00863525,3.94841
0.00865015,3.95787
0.00866249,3.96715
0.00867798,3.9763
0.00869086,3.9854
0.00870659,3.99449
0.00871953,4.00352
0.00873258,4.01243
0.00874915,4.02116
0.00876608,4.02965
0.00878336,4.03795
0.00880065,4.04631
0.0088177,4.05473
0.00883188,4.06315
0.00884893,4.07164
0.008863,4.08012
0.0088798,4.08867
0.00889083,4.09727
0.00890728,4.10594
0.00892349,4.11479
0.00893685,4.12364
0.00895282,4.13261
0.00896975,4.1411
0.00898387,4.14958
0.00900128,4.15782
0.00901892,4.16594
0.00903388,4.17406
0.00905009,4.18153
0.00907429,4.18523
0.00909945,4.18849
0.00912782,4.19153
0.00915643,4.19453
0.00917801,4.19807
0.00920519,4.20169
0.0092295,4.20537
0.00925657,4.20906
0.00927814,4.21258
0.00930151,4.21667
0.00931688,4.22455
0.00933149,4.23273
0.00934609,4.24097
0.00936105,4.24902
0.00937625,4.25702
0.00939187,4.26474
0.0094082,4.27218
0.00942477,4.27945
0.00944122,4.28683
0.00945767,4.29416
0.009474,4.30154
0.00949176,4.30835
0.00950941,4.31509
0.00952407,4.32196
0.00954148,4.32883
0.00956162,4.33578
0.00957497,4.34326
0.00959071,4.35098
0.00960633,4.35873
0.00962206,4.36639
0.00963803,4.37399
0.0096527,4.38217
0.00966724,4.39041
0.00968465,4.39871
0.00969943,4.40689
0.00971439,4.41495
0.00972965,4.42288
0.00974485,4.43082
0.00975969,4.43893
0.00977429,4.44711
0.00979181,4.45535
0.00980344,4.46365
0.00982048,4.47207
0.00983145,4.48068
0.00984462,4.48959
0.0098572,4.49875
0.00986942,4.50815
0.00988134,4.51761
0.00989624,4.52707
0.009905,4.53671
0.00991937,4.54642
0.00993069,4.55624
0.00994196,4.56601
0.00995346,4.57571
0.00996503,4.58542
0.00997939,4.59512
0.00999101,4.60477
0.0100029,4.61429
0.0100155,4.6235
0.0100281,4.6326
0.0100439,4.64169
0.0100567,4.65079
0.0100697,4.65976
0.0100827,4.66873
0.0100987,4.67764
0.0101121,4.68649
0.0101251,4.69546
0.0101409,4.7045
0.0101534,4.71377
0.0101685,4.72317
0.0101802,4.73276
0.0101916,4.74246
0.0102056,4.75241
0.0102192,4.76248
0.01023,4.77249
0.0102464,4.78262
0.010257,4.79275
0.0102672,4.80307
0.0102804,4.81332
0.0102937,4.82358
0.0103073,4.83365
0.0103187,4.84341
0.0103334,4.85293
0.0103454,4.86239
0.0103601,4.87198
0.0103752,4.88138
0.0103904,4.89072
0.0104056,4.89999
0.0104206,4.90945
0.0104351,4.9191
0.0104469,4.92862
0.0104639,4.93851
0.0104745,4.94864
0.0104904,4.95901
0.0105037,4.96927
0.0105168,4.97952
0.0105301,4.98978
0.0105436,4.99991
0.0105573,5.00992
0.0105712,5.01987
0.0105848,5.02994
0.0105983,5.04013
0.0106119,5.0502
0.0106256,5.06021
0.010639,5.0704
0.0106523,5.0806
0.0106656,5.09085
0.010679,5.10104
0.0106897,5.11111
0.0107061,5.12118
0.0107198,5.13125
0.0107337,5.1412
0.0107478,5.15109
0.010762,5.16086
0.0107764,5.17056
0.0107876,5.18046
0.0108045,5.19029
0.0108183,5.20024
0.0108294,5.21019
0.0108437,5.21995
0.0108612,5.22954
0.0108756,5.23924
0.0108912,5.24834
0.0109073,5.25731
0.0109233,5.26622
0.0109395,5.27507
0.0109557,5.28392
0.0109715,5.29295
0.0109897,5.30223
0.0110048,5.31163
0.0110194,5.32127
0.011034,5.33086
0.0110469,5.34123
0.0110594,5.35185
0.0110718,5.36253
0.011087,5.37321
0.0110994,5.38389
0.0111146,5.39464
0.0111267,5.40538
0.0111388,5.41618
0.0111559,5.42595
0.0111705,5.43559
0.0111854,5.44505
0.0112033,5.45445
0.0112211,5.46397
0.0112358,5.47349
0.0112507,5.48295
0.0112686,5.49242
0.0112836,5.50181
0.0113011,5.5114
0.0113165,5.52202
0.0113285,5.53288
0.011343,5.54393
0.0113545,5.55498
0.0113689,5.56608
0.0113836,5.57701
0.0113953,5.588
0.0114072,5.59886
0.0114223,5.6096
0.0114375,5.62035
0.0114499,5.63097
0.0114654,5.64159
0.0114809,5.65208
0.0114936,5.66258
0.0115062,5.67314
0.0115186,5.68388
0.0115308,5.69456
0.0115457,5.70543
0.0115608,5.71617
0.0115732,5.72685
0.0115887,5.73735
0.0116011,5.74803
0.0116135,5.75865
0.0116289,5.76927
0.0116413,5.77995
0.0116535,5.79069
0.011671,5.80162
0.0116828,5.81261
0.0116968,5.8239
0.0117104,5.83531
0.0117238,5.84691
0.011737,5.85857
0.0117497,5.87047
0.0117621,5.88249
0.0117718,5.89439
0.0117845,5.90629
0.0118006,5.91795
0.011811,5.92955
0.0118247,5.94096
0.0118385,5.95232
0.0118525,5.96361
0.0118695,5.97484
0.0118842,5.98576
0.0118987,5.99681
0.0119159,6.00792
0.0119304,6.01897
0.0119477,6.03007
0.0119619,6.04124
0.0119759,6.05247
0.0119897,6.06383
0.0120063,6.0753
0.012023,6.08665
0.0120404,6.0977
0.0120579,6.10863
0.0120726,6.11961
0.01209,6.1306
0.012105,6.14146
0.0121204,6.15208
0.012139,6.16252
0.0121576,6.17296
0.0121736,6.18333
0.0121923,6.19377
0.0122044,6.20457
0.0122225,6.21525
0.012238,6.22581
0.0122535,6.23631
0.0122715,6.24712
0.0122864,6.25792
0.0123011,6.2689
0.012316,6.27977
0.0123309,6.29063
0.0123487,6.30144
0.0123607,6.3123
0.0123779,6.32341
0.0123922,6.33452
0.012406,6.34593
0.0124223,6.35741
0.0124355,6.36912
0.0124482,6.38097
0.0124608,6.39293
0.0124757,6.4052
0.0124905,6.4174
0.0125022,6.42979
0.0125138,6.44218
0.0125283,6.45457
0.0125399,6.46702
0.0125547,6.47929
0.0125665,6.49162
0.0125783,6.50395
0.0125928,6.51634
0.0126047,6.52861
0.0126195,6.54088
0.012631,6.55333
0.0126455,6.56572
0.0126599,6.57823
0.0126714,6.59068
0.0126857,6.60319
0.0126997,6.61583
0.0127136,6.62852
0.0127244,6.64134
0.0127378,6.65422
0.0127509,6.66728
0.0127639,6.6804
0.012777,6.69353
0.0127898,6.70677
0.0128023,6.72008
0.0128147,6.73344
0.0128241,6.74693
0.0128391,6.76048
0.0128514,6.77397
0.0128607,6.7874
0.0128759,6.80095
0.0128885,6.81419
0.0128981,6.82756
0.012914,6.84068
0.0129273,6.85368
0.0129409,6.8665
0.0129555,6.87889
0.0129707,6.89097
0.0129868,6.90257
0.0130035,6.91399
0.0130176,6.92522
0.0130347,6.93639
0.0130521,6.94743
0.0130692,6.9586
0.013089,6.96983
0.0131029,6.98118
0.013119,6.99284
0.0131346,7.00474
0.0131494,7.01701
0.0131667,7.02946
0.0131778,7.04216
0.0131911,7.0551
0.0132041,7.06822
0.01322,7.08134
0.0132326,7.09465
0.0132449,7.10814
0.0132601,7.12157
0.013272,7.13524
0.0132865,7.14903
0.0132981,7.16276
0.0133125,7.17662
0.0133242,7.19035
0.0133386,7.20421
0.0133528,7.21812
0.0133674,7.23186
0.0133821,7.24559
0.0133911,7.2592
0.013406,7.27281
0.013421,7.28636
0.0134362,7.29985
0.0134515,7.31316
0.0134674,7.3264
0.0134803,7.33952
0.0134962,7.35264
0.0135118,7.36589
0.0135278,7.37895
0.0135409,7.39207
0.013557,7.40507
0.0135733,7.41807
0.0135894,7.43108
0.0136055,7.44414
0.0136186,7.45714
0.0136346,7.47026
0.013648,7.4832
0.0136616,7.49602
0.0136782,7.50883
0.0136919,7.52159
0.0137085,7.53441
0.0137225,7.54704
0.0137392,7.5598
0.0137532,7.57243
0.01377,7.58519
0.0137867,7.59788
0.0138006,7.61058
0.0138139,7.62358
0.0138327,7.63676
0.0138452,7.65007
0.0138606,7.66337
0.0138757,7.67692
0.0138906,7.69054
0.0139021,7.70439
0.0139134,7.71831
0.0139277,7.73216
0.0139417,7.7462
0.0139557,7.76024
0.0139666,7.77434
0.0139803,7.7885
0.0139936,7.80284
0.0140071,7.81712
0.0140206,7.8314
0.014037,7.84563
0.0140475,7.85997
0.0140605,7.87443
0.0140738,7.88884
0.014087,7.90324
0.0141006,7.91746
0.0141145,7.93156
0.0141284,7.9456
0.0141452,7.9597
0.0141564,7.97368
0.0141708,7.98747
0.0141855,8.0012
0.014203,8.01494
0.0142177,8.02861
0.014233,8.0421
0.0142483,8.0554
0.0142666,8.06883
0.0142821,8.08214
0.0142975,8.0955
0.0143125,8.10905
0.0143273,8.12266
0.014342,8.1364
0.0143569,8.15001
0.0143718,8.16362
0.0143839,8.17717
0.0143989,8.19066
0.0144112,8.20415
0.0144264,8.21757
0.0144416,8.23106
0.0144568,8.24449
0.0144721,8.25792
0.0144875,8.27129
0.0145027,8.28471
0.0145183,8.29796
0.0145331,8.31163
0.0145474,8.32548
0.0145616,8.33946
0.0145754,8.35362
0.0145922,8.36766
0.0146063,8.38164
0.0146208,8.39543
0.0146429,8.40703
0.0146638,8.41771
0.0146883,8.42821
0.014713,8.43852
0.0147352,8.44865
0.0147604,8.45872
0.0147857,8.46879
0.0148081,8.47887
0.0148335,8.48888
0.0148553,8.49913
0.0148723,8.51176
0.0148902,8.52531
0.0149044,8.53929
0.0149154,8.55333
0.0149318,8.56761
0.0149483,8.58177
0.0149594,8.59587
0.0149759,8.61003
0.0149895,8.62425
0.0150029,8.63859
0.0150166,8.65275
0.0150302,8.66698
0.0150467,8.6812
0.0150573,8.69548
0.0150706,8.70976
0.0150837,8.72429
0.0150993,8.73888
0.0151088,8.75365
0.0151213,8.76842
0.0151336,8.78331
0.015146,8.79808
0.0151584,8.81279
0.0151711,8.8275
0.0151835,8.84227
0.0151961,8.85698
0.0152089,8.87157
0.0152246,8.88615
0.0152348,8.90056
0.0152477,8.91514
0.0152612,8.92943
0.0152748,8.94365
0.0152886,8.95775
0.0153052,8.97185
0.0153192,8.98595
0.0153332,8.99998
0.0153501,9.01396
0.0153644,9.02788
0.0153815,9.04173
0.0153961,9.05553
0.0154128,9.06969
0.0154292,9.08391
0.0154426,9.09825
0.0154588,9.11259
0.0154721,9.12694
0.0154881,9.1414
0.0155038,9.15599
0.0155192,9.1707
0.0155316,9.18553
0.0155437,9.20048
0.0155588,9.21538
0.0155735,9.23045
0.0155881,9.24553
0.0155998,9.26066
0.0156113,9.27592
0.0156256,9.29118
0.0156369,9.30644
0.0156484,9.32164
0.0156628,9.33684
0.0156773,9.35203
0.0156889,9.36723
0.0157009,9.38219
0.0157156,9.39726
0.0157274,9.41228
0.0157424,9.42723
0.0157545,9.44218
0.0157701,9.45677
0.0157833,9.47124
0.0157993,9.48564
0.0158158,9.49992
0.0158322,9.51414
0.0158485,9.52843
0.0158649,9.54277
0.0158806,9.5573
0.0158962,9.57194
0.0159116,9.58665
0.0159236,9.60173
0.0159417,9.6165
0.0159543,9.63121
0.0159722,9.64616
0.015984,9.66124
0.0160019,9.67613
0.0160174,9.69084
0.0160336,9.70518
0.0160528,9.71947
0.0160694,9.73369
0.0160859,9.74791
0.0161014,9.76256
0.0161166,9.77739
0.0161349,9.79216
0.0161471,9.80705
0.0161621,9.82201
0.0161795,9.83714
0.0161939,9.8524
0.0162053,9.86766
0.0162223,9.88298
0.0162362,9.89848
0.0162498,9.91405
0.0162632,9.92979
0.0162763,9.94554
0.0162922,9.96141
0.0163053,9.97728
0.0163151,9.99327
0.0163303,10.0094
0.0163394,10.0259
0.0163512,10.0422
0.0163632,10.0586
0.0163751,10.0749
0.0163872,10.0913
0.0163994,10.1075
0.0164117,10.1238
0.0164211,10.14
0.0164334,10.1562
0.0164458,10.1723
0.0164583,10.1885
0.0164709,10.2046
0.0164837,10.2206
0.0164964,10.2366
0.0165092,10.2525
0.0165218,10.2685
0.0165343,10.2847
0.0165496,10.3009
0.0165648,10.317
0.0165771,10.3332
0.0165894,10.3495
0.0166015,10.3658
0.0166164,10.3822
0.0166282,10.3985
0.0166399,10.415
0.0166543,10.4316
0.0166658,10.4482
0.0166803,10.4648
0.0166916,10.4814
0.0167058,10.4982
0.01672,10.5149
0.0167342,10.5316
0.0167455,10.5482
0.0167569,10.5649
0.0167743,10.5814
0.016786,10.5979
0.0167977,10.6144
0.0168095,10.6308
0.0168243,10.6472
0.0168361,10.6637
0.016848,10.6802
0.0168625,10.6966
0.016877,10.7131
0.0168886,10.7297
0.0169032,10.7462
0.016915,10.7627
0.016927,10.779
0.016942,10.7953
0.0169571,10.8116
0.0169696,10.8276
0.0169853,10.8436
0.0169983,10.8596
0.0170145,10.8753
0.0170307,10.891
0.0170469,10.9067
0.0170629,10.9226
0.0170786,10.9386
0.0170914,10.9546
0.0171098,10.9706
0.0171279,10.9868
0.0171397,11.0033
0.0171545,11.0198
0.0171691,11.0362
0.0171839,11.0526
0.0172023,11.0686
0.0172234,11.0835
0.0172423,11.0979
0.0172618,11.1121
0.0172808,11.1264
0.017303,11.1408
0.0173223,11.1551
0.0173412,11.1695
0.0173625,11.1842
0.0173804,11.1991
0.0173973,11.2145
0.0174116,11.2311
0.0174245,11.2485
0.0174369,11.266
0.0174494,11.2835
0.0174619,11.3011
0.0174741,11.3186
0.017484,11.336
0.0174968,11.3533
0.0175072,11.3704
0.0175205,11.3876
0.0175312,11.4046
0.0175451,11.4213
0.0175593,11.438
0.0175735,11.4548
0.0175851,11.4712
0.0176,11.4876
0.0176148,11.504
0.0176295,11.5204
0.0176411,11.537
0.0176555,11.5536
0.0176696,11.5704
0.0176834,11.5872
0.0176969,11.6042
0.0177074,11.6213
0.0177231,11.6386
0.0177329,11.6561
0.0177451,11.6736
0.017757,11.6915
0.0177688,11.7093
0.0177806,11.7271
0.0177923,11.7449
0.0178042,11.7627
0.017816,11.7806
0.0178306,11.7984
0.0178424,11.8162
0.017854,11.8342
0.0178657,11.852
0.0178808,11.8697
0.0178935,11.8871
0.0179066,11.9043
0.0179227,11.9214
0.017936,11.9386
0.0179492,11.9557
0.0179628,11.9727
0.0179762,11.9898
0.0179897,12.0068
0.0180061,12.0239
0.0180195,12.0408
0.0180322,12.0583
0.0180448,12.0758
0.01806,12.0933
0.0180724,12.1108
0.0180856,12.128
0.0180987,12.1452
0.0181117,12.1624
0.0181247,12.1798
0.0181405,12.197
0.0181534,12.2143
0.0181691,12.2316
0.0181818,12.2491
0.0181972,12.2665
0.0182094,12.2841
0.0182234,12.3023
0.0182343,12.3206
0.018248,12.3389
0.0182619,12.3571
0.0182757,12.3753
0.0182864,12.3937
0.0183001,12.4121
0.0183136,12.4304
0.0183271,12.4488
0.0183376,12.4672
0.0183511,12.4857
0.0183644,12.5041
0.0183778,12.5225
0.0183911,12.5411
0.0184043,12.5596
0.0184176,12.5781
0.0184308,12.5966
0.0184469,12.6152
0.0184574,12.6336
0.0184708,12.652
0.0184843,12.6705
0.0184951,12.6888
0.0185086,12.7071
0.0185225,12.7253
0.0185334,12.7436
0.0185474,12.7618
0.0185587,12.7799
0.0185734,12.7977
0.0185856,12.8153
0.018601,12.8328
0.0186138,12.8502
0.0186308,12.8669
0.0186485,12.8832
0.0186664,12.8996
0.0186844,12.9158
0.0186994,12.9321
0.0187178,12.9482
0.0187359,12.9644
0.0187538,12.9808
0.0187685,12.9971
0.0187859,13.0137
0.0187989,13.031
0.0188142,13.0485
0.0188291,13.0662
0.0188438,13.0841
0.0188582,13.1021
0.0188719,13.1203
0.0188854,13.1387
0.0188986,13.1573
0.0189086,13.176
0.0189243,13.1946
0.0189343,13.2134
0.0189498,13.2322
0.0189626,13.2509
0.0189755,13.2696
0.0189888,13.2882
0.0190023,13.3065
0.0190187,13.3249
0.0190324,13.3432
0.0190466,13.3613
0.0190578,13.3793
0.0190718,13.3975
0.019086,13.4156
0.0191001,13.4337
0.0191139,13.452
0.0191274,13.4704
0.0191375,13.489
0.0191533,13.5076
0.0191665,13.5262
0.0191796,13.5447
0.0191956,13.5634
0.0192087,13.582
0.0192216,13.6007
0.0192347,13.6192
0.019251,13.6376
0.0192642,13.6562
0.0192774,13.6748
0.0192908,13.6932
0.0193063,13.712
0.0193216,13.7309
0.0193368,13.7499
0.019349,13.7689
0.0193666,13.788
0.0193811,13.8074
0.0193953,13.8268
0.0194093,13.8464
0.0194229,13.8662
0.019436,13.8861
0.019449,13.9061
0.019462,13.9261
0.0194775,13.9462
0.0194903,13.9664
0.0195026,13.9868
0.0195149,14.007
0.019524,14.0275
0.019536,14.048
0.0195482,14.0684
0.0195635,14.0888
0.0195728,14.1091
0.019588,14.1295
0.0196001,14.15
0.019609,14.1705
0.0196211,14.1909
0.0196331,14.2114
0.0196455,14.2318
0.0196578,14.252
0.0196699,14.2725
0.0196821,14.2928
0.0196945,14.3132
0.0197068,14.3336
0.0197189,14.3539
0.0197311,14.3743
0.0197432,14.3947
0.0197582,14.4152
0.0197701,14.4357
0.0197816,14.4565
0.0197931,14.4772
0.0198068,14.4982
0.0198175,14.5194
0.0198307,14.5406
0.019844,14.5618
0.019857,14.5833
0.019867,14.6047
0.0198803,14.6259
0.0198935,14.6472
0.0199042,14.6683
0.0199181,14.6893
0.0199324,14.71
0.0199439,14.7308
0.0199586,14.7513
0.0199733,14.7719
0.0199855,14.7923
0.0199979,14.8126
0.020013,14.833
0.0200284,14.8532
0.0200411,14.8734
0.0200566,14.8936
0.0200691,14.9139
0.0200845,14.934
0.0200968,14.9544
0.0201124,14.9746
0.0201276,14.9949
0.0201397,15.0154
0.0201543,15.036
0.0201687,15.0567
0.0201825,15.0777
0.0201959,15.0989
0.0202067,15.1199
0.0202202,15.1412
0.0202337,15.1623
0.0202469,15.1835
0.0202629,15.2049
0.0202759,15.2263
0.0202889,15.2477
0.020302,15.2691
0.0203177,15.2905
0.0203308,15.3118
0.0203463,15.3334
0.0203562,15.3549
0.0203718,15.3764
0.0203842,15.3981
0.0203995,15.4197
0.0204122,15.4414
0.0204247,15.463
0.0204401,15.4846
0.0204529,15.506
0.0204655,15.5277
0.0204781,15.5493
0.0204908,15.5707
0.0205036,15.5922
0.0205195,15.6136
0.0205326,15.635
0.0205454,15.6564
0.0205586,15.6778
0.0205716,15.6992
0.0205847,15.7205
0.020598,15.7416
0.0206116,15.7628
0.0206281,15.7839
0.0206419,15.8049
0.0206557,15.8259
0.0206695,15.8469
0.0206831,15.8681
0.0206965,15.8892
0.02071,15.9103
0.0207262,15.9316
0.0207396,15.9528
0.0207557,15.9741
0.0207688,15.9954
0.0207817,16.0169
0.0207973,16.0384
0.02081,16.06
0.0208259,16.0814
0.0208417,16.1027
0.0208575,16.1242
0.0208733,16.1457
0.020886,16.1672
0.0208988,16.1887
0.0209147,16.21
0.0209307,16.2314
0.0209441,16.2526
0.0209576,16.2738
0.0209712,16.2949
0.0209848,16.316
0.0210017,16.3369
0.021013,16.3577
0.0210302,16.3785
0.0210447,16.3991
0.021062,16.4199
0.0210765,16.4406
0.0210908,16.4613
0.0211081,16.482
0.0211252,16.5029
0.0211427,16.5235
0.0211602,16.5441
0.0211779,16.5646
0.0211951,16.5854
0.0212124,16.6061
0.0212295,16.627
0.0212476,16.6473
0.0212663,16.6673
0.0212882,16.6873
0.0213047,16.707
0.0213265,16.727
0.0213451,16.7471
0.0213635,16.7673
0.0213791,16.7874
0.0213976,16.8077
0.0214159,16.8279
0.0214332,16.8486
0.0214498,16.8697
0.0214632,16.8909
0.021479,16.9123
0.0214919,16.9338
0.021505,16.9551
0.0215209,16.9765
0.0215368,16.9979
0.0215524,17.0194
0.0215655,17.0407
0.0215811,17.0622
0.021591,17.0838
0.0216067,17.1052
0.0216199,17.1265
0.0216365,17.1477
0.0216539,17.1683
0.0216717,17.1888
0.0216876,17.2088
0.0217038,17.2286
0.021726,17.2485
0.0217424,17.2683
0.021762,17.2879
0.0217784,17.3076
0.0217977,17.3273
0.0218168,17.3472
0.0218328,17.3673
0.0218511,17.3874
0.021869,17.4079
0.021884,17.4284
0.021902,17.4488
0.0219203,17.4689
0.0219389,17.4891
0.0219583,17.5089
0.021975,17.5285
0.0219948,17.548
0.0220147,17.5676
0.0220323,17.5867
0.02205,17.6059
0.0220708,17.6249
0.0220885,17.6441
0.0221063,17.6633
0.0221239,17.6824
0.0221438,17.7019
0.0221636,17.7215
0.0221769,17.7413
0.0221957,17.7613
0.022211,17.7817
0.0222263,17.8019
0.0222441,17.8225
0.0222618,17.843
0.0222766,17.8635
0.0222916,17.8841
0.0223099,17.9047
0.0223314,17.9252
0.0223501,17.9457
0.0223692,17.966
0.0223882,17.9863
0.0224078,18.0063
0.0224278,18.0261
0.0224482,18.0457
0.0224686,18.0654
0.022489,18.085
0.0225095,18.1046
0.0225294,18.1245
0.0225494,18.1442
0.0225693,18.1641
0.0225861,18.184
0.0226052,18.2043
0.0226239,18.2248
0.0226432,18.2449
0.0226599,18.2648
0.0226799,18.2847
0.0226941,18.3045
0.0227145,18.3242
0.0227351,18.3437
0.0227529,18.3632
0.022774,18.3825
0.0227899,18.4014
0.0228088,18.4204
0.0228302,18.4396
0.0228457,18.4587
0.0228671,18.4779
0.0228856,18.497
0.0229041,18.5162
0.0229224,18.5353
0.0229409,18.5545
0.0229593,18.5737
0.0229776,18.593
0.0229988,18.6121
0.0230173,18.6313
0.0230359,18.6505
0.0230555,18.669
0.0230786,18.6873
0.0230993,18.7054
0.0231232,18.7233
0.0231471,18.7413
0.0231685,18.759
0.0231902,18.7767
0.023212,18.7941
0.0232342,18.8115
0.0232563,18.8289
0.023278,18.8465
0.0233004,18.8637
0.0233234,18.8807
0.0233438,18.8975
0.0233674,18.9143
0.0233909,18.931
0.0234114,18.9477
0.0234348,18.9644
0.0234552,18.9813
0.0234754,18.9982
0.0234982,19.0153
0.0235199,19.0329
0.0235381,19.0507
0.0235591,19.0687
0.0235797,19.0867
0.0236005,19.1048
0.0236216,19.1227
0.0236426,19.1407
0.0236635,19.1585
0.0236848,19.1763
0.0237034,19.1942
0.0237249,19.2117
0.0237465,19.2294
0.0237681,19.247
0.0237869,19.2646
0.0238087,19.2822
0.0238307,19.2996
0.0238554,19.3172
0.0238745,19.3347
0.0238968,19.3519
0.0239223,19.3691
0.0239424,19.3861
0.023966,19.4028
0.0239901,19.4191
0.0240145,19.4355
0.0240363,19.4516
0.0240615,19.4675
0.024081,19.4833
0.0241063,19.4992
0.0241257,19.5151
0.0241485,19.5307
0.0241715,19.5463
0.0241945,19.5619
0.0242146,19.5774
0.0242408,19.5929
0.0242609,19.6084
0.024281,19.624
0.0243045,19.6393
0.0243254,19.6545
0.0243494,19.6696
0.0243702,19.6848
0.0243939,19.7
0.0244147,19.7153
0.0244384,19.7305
0.0244593,19.7457
0.0244801,19.7608
0.0245042,19.7759
0.024529,19.7905
0.0245546,19.8034
0.0245854,19.8153
0.0246146,19.8264
0.0246477,19.837
0.0246818,19.8473
0.0247135,19.8572
0.024746,19.8668
0.0247796,19.8759
0.0248139,19.8846
0.024848,19.8934
0.024879,19.9036
0.0249088,19.9145
0.0249352,19.9257
0.0249646,19.9368
0.0249942,19.9477
0.0250215,19.9584
0.0250503,19.9683
0.0250807,19.9775
0.0251115,19.9865
0.02514,19.9952
0.0251743,20.0039
0.0252029,20.0126
0.0252344,20.0212
0.0252654,20.0301
0.0252931,20.0391
0.0253265,20.0483
0.0253525,20.0582
0.0253769,20.0689
0.0254034,20.0799
0.0254269,20.0911
0.0254501,20.1022
0.0254767,20.1133
0.0255008,20.1242
0.0255282,20.1347
0.0255536,20.1449
0.0255796,20.1549
0.0256064,20.1644
0.0256372,20.1733
0.0256661,20.1818
0.0256955,20.1901
0.0257255,20.1981
0.0257553,20.2061
0.0257848,20.2144
0.0258165,20.2228
0.0258454,20.2314
0.0258742,20.2399
0.0259024,20.2488
0.0259295,20.2582
0.0259561,20.2678
0.0259789,20.2778
0.0260043,20.288
0.0260295,20.2983
0.0260514,20.3088
0.026076,20.3194
0.0260974,20.3301
0.0261218,20.3408
0.0261433,20.3514
0.0261653,20.3619
0.0261901,20.3723
0.0262127,20.3825
0.0262358,20.3924
0.0262592,20.4022
0.0262833,20.4116
0.0263078,20.4207
0.0263326,20.4298
0.026357,20.4392
0.0263782,20.4486
0.0264023,20.458
0.0264262,20.4674
0.0264498,20.4771
0.0264699,20.4871
0.0264926,20.4971
0.0265146,20.5076
0.0265335,20.5181
0.0265517,20.5289
0.0265697,20.5399
0.0265901,20.5511
0.02661,20.5626
0.0266268,20.5741
0.0266464,20.5857
0.0266627,20.5975
0.0266823,20.6091
0.0266986,20.6209
0.0267179,20.6326
0.0267345,20.6442
0.0267509,20.6559
0.0267705,20.6675
0.0267902,20.6791
0.026807,20.6906
0.0268268,20.7021
0.0268439,20.7134
0.0268638,20.7249
0.026884,20.7363
0.0269012,20.7476
0.0269209,20.7591
0.026941,20.7705
0.0269577,20.7821
0.0269743,20.7938
0.0269934,20.8055
0.0270097,20.8173
0.0270286,20.8292
0.0270448,20.841
0.0270609,20.8529
0.0270771,20.8648
0.0270963,20.8765
0.0271124,20.8884
0.0271317,20.9002
0.0271481,20.9119
0.0271645,20.9236
0.0271838,20.9353
0.0272004,20.947
0.0272168,20.9587
0.0272333,20.9704
0.0272496,20.9821
0.027266,20.9939
0.0272828,21.0054
0.0273026,21.0169
0.02732,21.0282
0.0273375,21.0394
0.0273578,21.0506
0.0273752,21.0619
0.0273953,21.0732
0.0274126,21.0845
0.0274299,21.0958
0.0274504,21.107
0.0274673,21.1185
0.027487,21.13
0.0275034,21.1417
0.0275199,21.1534
0.0275392,21.1651
0.0275558,21.1768
0.027575,21.1886
0.0275943,21.2003
0.0276102,21.2122
0.0276293,21.2241
0.0276456,21.2358
0.0276651,21.2475
0.0276844,21.2592
0.0277039,21.2709
0.0277236,21.2824
0.0277403,21.294
0.0277631,21.3055
0.02778,21.317
0.0278001,21.3283
0.0278203,21.3395
0.0278378,21.3508
0.0278552,21.362
0.0278756,21.3732
0.027896,21.3845
0.0279137,21.3955
0.0279348,21.4064
0.027953,21.4173
0.0279744,21.428
0.0279931,21.4386
0.0280119,21.4492
0.0280331,21.46
0.0280519,21.4706
0.0280707,21.4811
0.0280897,21.4916
0.0281115,21.5021
0.0281303,21.5127
0.0281495,21.5231
0.0281686,21.5335
0.0281907,21.5439
0.0282069,21.5543
0.0282261,21.5647
0.0282478,21.5753
0.0282668,21.5858
0.0282858,21.5962
0.0283046,21.6068
0.028326,21.6176
0.0283442,21.6284
0.0283626,21.6392
0.028381,21.6499
0.0283999,21.6605
0.0284188,21.671
0.0284379,21.6814
0.0284569,21.6919
0.0284758,21.7024
0.0284949,21.7128
0.0285171,21.7232
0.0285364,21.7335
0.0285556,21.7439
0.0285745,21.7543
0.0285932,21.765
0.0286118,21.7756
0.0286309,21.7861
0.0286534,21.7962
0.0286735,21.8063
0.0286939,21.816
0.0287147,21.8256
0.0287359,21.835
0.0287575,21.8442
0.0287791,21.8535
0.0288014,21.8624
0.028821,21.8711
0.0288433,21.88
0.0288654,21.889
0.0288874,21.898
0.0289062,21.9072
0.0289277,21.9165
0.0289487,21.926
0.0289692,21.9357
0.0289895,21.9456
0.0290063,21.9557
0.0290227,21.966
0.0290417,21.9765
0.0290604,21.9871
0.0290759,21.9979
0.029094,22.0087
0.0291091,22.0198
0.0291269,22.0308
0.0291449,22.0418
0.0291598,22.0528
0.0291747,22.0639
0.0291926,22.0748
0.0292105,22.0859
0.0292283,22.0969
0.0292459,22.108
0.0292637,22.1191
0.0292785,22.1303
0.0292962,22.1414
0.029311,22.1525
0.0293313,22.1637
0.0293456,22.1751
0.0293627,22.1865
0.0293798,22.1978
0.0293968,22.2092
0.0294137,22.2208
0.0294304,22.2323
0.0294471,22.2439
0.0294639,22.2555
0.0294807,22.267
0.0295005,22.2785
0.0295147,22.2899
0.0295348,22.3013
0.0295488,22.3127
0.029566,22.3241
0.029583,22.3355
0.0296006,22.3467
0.0296183,22.3577
0.029636,22.3688
0.0296541,22.3798
0.0296697,22.3904
0.0296889,22.4008
0.0297087,22.411
0.0297286,22.421
0.0297491,22.4307
0.0297701,22.4403
0.0297881,22.4498
0.0298088,22.4594
0.0298267,22.4691
0.0298468,22.479
0.0298664,22.4891
0.0298825,22.4996
0.0298979,22.5104
0.029916,22.5214
0.0299305,22.5327
0.0299443,22.5442
0.0299605,22.556
0.0299762,22.5681
0.029989,22.5801
0.0300057,22.5917
0.0300199,22.6032
0.0300372,22.6144
0.0300519,22.6256
0.0300696,22.6367
0.0300848,22.6477
0.0301029,22.6585
0.0301184,22.6693
0.0301372,22.6798
0.0301533,22.6903
0.0301685,22.7012
0.0301862,22.7123
0.0302013,22.7233
0.0302191,22.7344
0.0302335,22.7456
0.0302509,22.7568
0.0302683,22.7681
0.0302796,22.7795
0.0302995,22.791
0.0303134,22.8025
0.0303271,22.8141
0.0303408,22.8258
0.0303571,22.8375
0.0303733,22.8494
0.0303867,22.8612
0.030403,22.8729
0.0304196,22.8845
0.0304336,22.8961
0.0304504,22.9076
0.0304671,22.9191
0.0304813,22.9305
0.0304984,22.9419
0.0305158,22.9532
0.0305331,22.9645
0.0305474,22.9758
0.0305648,22.9871
0.030579,22.9984
0.0305962,23.0098
0.0306104,23.0212
0.0306275,23.0326
0.0306425,23.0436
0.0306611,23.0543
0.0306771,23.0648
0.0306964,23.0751
0.0307128,23.0854
0.0307292,23.0958
0.0307455,23.1061
0.0307618,23.1165
0.0307815,23.1267
0.0308012,23.1368
0.030817,23.1473
0.0308353,23.1582
0.0308503,23.1692
0.030865,23.1804
0.0308829,23.1914
0.0309007,23.2024
0.0309156,23.2135
0.0309333,23.2246
0.0309508,23.2358
0.0309685,23.2469
0.0309863,23.2579
0.0310043,23.2689
0.0310194,23.2799
0.0310345,23.2908
0.0310525,23.3017
0.031071,23.3125
0.0310894,23.3232
0.0311076,23.3341
0.0311261,23.3448
0.0311446,23.3555
0.0311628,23.3664
0.0311777,23.3774
0.0311951,23.3887
0.031212,23.4002
0.0312286,23.4118
0.0312446,23.4237
0.0312603,23.4358
0.031273,23.4479
0.0312883,23.4602
0.0313032,23.4727
0.0313184,23.485
0.0313334,23.4974
0.0313485,23.5097
0.031361,23.5219
0.0313765,23.5341
0.0313951,23.5462
0.031408,23.5582
0.0314241,23.5701
0.0314373,23.5819
0.0314535,23.5937
0.0314668,23.6055
0.0314832,23.6173
0.0314994,23.6291
0.0315158,23.6408
0.0315297,23.6524
0.0315464,23.664
0.031563,23.6756
0.0315767,23.6873
0.0315901,23.699
0.0316063,23.7108
0.0316224,23.7227
0.0316355,23.7347
0.0316515,23.7465
0.0316647,23.7584
0.0316813,23.7701
0.0316952,23.7816
0.0317122,23.793
0.0317265,23.8044
0.0317442,23.8155
0.0317619,23.8266
0.0317801,23.8375
0.0317985,23.8482
0.0318173,23.8588
0.0318361,23.8693
0.0318517,23.8801
0.0318704,23.8907
0.0318893,23.9013
0.0319058,23.9115
0.0319253,23.9218
0.0319446,23.9321
0.0319638,23.9425
0.0319828,23.9529
0.0319987,23.9635
0.0320172,23.9743
0.0320353,23.9851
0.0320532,23.9961
0.0320708,24.0073
0.0320877,24.0187
0.0321047,24.0302
0.0321216,24.0417
0.0321357,24.0531
0.0321526,24.0646
0.0321698,24.076
0.032187,24.0873
0.0322043,24.0986
0.0322185,24.1101
0.0322353,24.1215
0.0322524,24.1329
0.0322664,24.1444
0.0322832,24.156
0.032297,24.1675
0.0323134,24.1793
0.0323271,24.1909
0.0323438,24.2025
0.0323607,24.2139
0.0323749,24.2254
0.0323918,24.2369
0.0324085,24.2484
0.0324225,24.2599
0.0324392,24.2715
0.032456,24.283
0.0324726,24.2947
0.0324888,24.3065
0.0325019,24.3184
0.0325173,24.3307
0.0325325,24.343
0.0325476,24.3553
0.0325596,24.3677
0.0325744,24.3803
0.0325891,24.3928
0.0326039,24.4053
0.0326184,24.418
0.032633,24.4305
0.0326506,24.4431
0.0326656,24.4555
0.0326805,24.468
0.0326955,24.4804
0.0327105,24.4928
0.0327286,24.5051
0.0327437,24.5175
0.032759,24.5297
0.0327745,24.5419
0.0327898,24.5541
0.032805,24.5665
0.0328228,24.5789
0.0328379,24.5913
0.0328559,24.6037
0.0328709,24.6161
0.0328858,24.6285
0.0329037,24.6409
0.0329186,24.6534
0.0329335,24.6658
0.0329482,24.6784
0.03296,24.6909
0.0329747,24.7035
0.0329893,24.7161
0.0330041,24.7286
0.0330189,24.7411
0.0330363,24.7537
0.033048,24.7664
0.0330625,24.779
0.0330771,24.7916
0.0330918,24.8041
0.0331069,24.8165
0.0331221,24.8288
0.0331376,24.841
0.0331532,24.8531
0.0331691,24.8651
0.0331855,24.8768
0.0332025,24.8883
0.0332203,24.8992
0.0332387,24.91
0.0332573,24.9207
0.0332759,24.9313
0.0332946,24.942
0.0333134,24.9526
0.0333322,24.9631
0.033348,24.9738
0.0333663,24.9846
0.0333841,24.9956
0.0334014,25.0069
0.0334184,25.0184
0.0334349,25.03
0.0334513,25.0418
0.0334677,25.0535
0.0334839,25.0653
0.0335001,25.0772
0.0335161,25.0891
0.0335321,25.101
0.0335479,25.113
0.0335667,25.1251
0.0335819,25.1373
0.0335975,25.1494
0.0336127,25.1618
0.0336276,25.1742
0.0336422,25.1868
0.0336567,25.1995
0.033674,25.2122
0.0336882,25.2249
0.0337021,25.2379
0.0337162,25.2507
0.0337305,25.2635
0.0337447,25.2763
0.0337591,25.2889
0.0337706,25.3016
0.0337851,25.3143
0.0338026,25.3269
0.0338144,25.3395
0.0338294,25.3519
0.0338445,25.3642
0.0338565,25.3767
0.0338743,25.3891
0.0338864,25.4016
0.0339013,25.414
0.0339162,25.4264
0.0339313,25.4388
0.0339463,25.4512
0.033964,25.4637
0.0339786,25.4763
0.0339935,25.4888
0.0340086,25.5012
0.0340266,25.5135
0.0340388,25.5258
0.0340566,25.5383
0.0340745,25.5507
0.0340902,25.5628
0.0341064,25.5746
0.0341257,25.5863
0.0341428,25.5977
0.0341598,25.6092
0.0341796,25.6206
0.0341968,25.632
0.034214,25.6434
0.0342345,25.6545
0.0342552,25.6655
0.0342697,25.6768
0.0342895,25.6883
0.0343091,25.6999
0.0343255,25.7116
0.0343418,25.7234
0.0343612,25.7351
0.0343807,25.7468
0.0343974,25.7584
0.0344168,25.77
0.0344334,25.7816
0.0344498,25.7933
0.0344695,25.8049
0.0344863,25.8164
0.0345031,25.8279
0.0345226,25.8395
0.0345391,25.8513
0.0345552,25.8632
0.0345712,25.8751
0.0345898,25.8872
0.0346056,25.8992
0.0346214,25.9112
0.0346374,25.9231
0.0346531,25.9352
0.0346689,25.9472
0.0346854,25.9589
0.0347025,25.9702
0.0347203,25.9813
0.0347385,25.9922
0.0347573,26.0028
0.034773,26.0134
0.0347917,26.0241
0.0348105,26.0346
0.0348297,26.045
0.0348518,26.0554
0.0348684,26.0656
0.034888,26.0758
0.0349079,26.0858
0.0349277,26.0959
0.0349445,26.1061
0.0349641,26.1163
0.0349835,26.1265
0.0350029,26.1368
0.0350193,26.1472
0.0350386,26.1575
0.0350572,26.1682
0.0350721,26.1792
0.0350894,26.1905
0.0351065,26.2019
0.0351206,26.2133
0.0351375,26.2248
0.0351546,26.2362
0.0351713,26.2478
0.0351878,26.2595
0.0352043,26.2712
0.0352178,26.2829
0.0352341,26.2946
0.0352534,26.3064
0.0352669,26.3182
0.0352832,26.3299
0.0352997,26.3416
0.0353161,26.3533
0.0353328,26.3649
0.0353495,26.3765
0.0353662,26.3881
0.0353801,26.3997
0.0353969,26.4111
0.035414,26.4226
0.0354279,26.4341
0.0354444,26.4457
0.0354609,26.4574
0.035477,26.4693
0.035493,26.4813
0.0355091,26.4931
0.0355248,26.5052
0.0355377,26.5172
0.0355532,26.5294
0.0355685,26.5416
0.0355843,26.5537
0.0356002,26.5656
0.0356168,26.5773
0.0356312,26.5886
0.0356487,26.5998
0.0356638,26.6107
0.0356823,26.6214
0.035701,26.632
0.0357201,26.6425
0.0357394,26.6528
0.0357559,26.6631
0.0357753,26.6734
0.0357946,26.6837
0.0358131,26.6944
0.0358314,26.7052
0.0358466,26.7161
0.0358648,26.727
0.0358825,26.7381
0.0359001,26.7493
0.0359173,26.7606
0.0359346,26.7719
0.0359497,26.7829
0.0359676,26.7938
0.0359859,26.8047
0.0360044,26.8154
0.03602,26.8261
0.0360389,26.8366
0.036061,26.8469
0.0360777,26.8571
0.0360973,26.8673
0.0361172,26.8774
0.0361369,26.8875
0.0361568,26.8976
0.0361737,26.9076
0.0361937,26.9176
0.0362111,26.9275
0.0362322,26.9369
0.0362536,26.9463
0.0362725,26.9553
0.0362918,26.9643
0.0363141,26.9732
0.0363336,26.9821
0.036356,26.9909
0.0363758,26.9995
0.0363988,27.0081
0.0364189,27.0166
0.0364354,27.0255
0.0364573,27.0346
0.0364759,27.0438
0.0364947,27.053
0.0365163,27.0622
0.036538,27.0714
0.0365536,27.0807
0.0365725,27.0899
0.036594,27.0991
0.0366129,27.1082
0.0366319,27.1173
0.0366514,27.1262
0.0366712,27.1349
0.0366909,27.1435
0.0367107,27.1522
0.0367303,27.161
0.0367498,27.1698
0.036769,27.1788
0.036788,27.1879
0.0368069,27.197
0.0368284,27.2063
0.0368438,27.2157
0.0368612,27.2255
0.0368782,27.2356
0.0368979,27.2457
0.0369143,27.2559
0.0369308,27.2663
0.0369469,27.2768
0.0369625,27.2874
0.0369777,27.2984
0.0369927,27.3094
0.0370074,27.3205
0.0370222,27.3316
0.0370371,27.3427
0.0370548,27.3538
0.0370697,27.3649
0.0370845,27.3759
0.0370991,27.3871
0.0371139,27.3982
0.0371289,27.4093
0.0371441,27.4202
0.0371591,27.4311
0.0371774,27.442
0.0371903,27.4526
0.0372099,27.4627
0.0372243,27.4726
0.0372447,27.4824
0.0372629,27.4919
0.0372811,27.5014
0.0372995,27.5107
0.0373178,27.5202
0.0373362,27.5295
0.0373545,27.5388
0.0373726,27.5484
0.0373869,27.5584
0.0374036,27.5686
0.0374201,27.5788
0.0374366,27.5891
0.0374529,27.5995
0.0374726,27.6096
0.0374867,27.6197
0.0375039,27.6295
0.0375245,27.6393
0.0375435,27.6484
0.0375636,27.6569
0.0375854,27.6646
0.0376086,27.6717
0.0376326,27.6783
0.0376603,27.6846
0.0376826,27.6907
0.0377111,27.6966
0.0377341,27.7023
0.03776,27.7081
0.0377846,27.7144
0.0378084,27.7212
0.0378305,27.7287
0.0378516,27.7368
0.0378748,27.7452
0.0378944,27.754
0.0379165,27.763
0.0379354,27.7721
0.0379539,27.7814
0.0379692,27.7909
0.0379904,27.8003
0.0380087,27.8097
0.0380272,27.819
0.0380486,27.8283
0.0380672,27.8376
0.038086,27.8468
0.0381047,27.8559
0.0381237,27.865
0.0381457,27.874
0.0381648,27.8831
0.038184,27.8921
0.0382002,27.9011
0.0382221,27.9101
0.0382382,27.9192
0.0382572,27.9283
0.0382759,27.9375
0.0382945,27.9468
0.0383097,27.9563
0.0383279,27.9658
0.0383431,27.9752
0.0383614,27.9846
0.0383794,27.9942
0.0383944,28.0038
0.0384123,28.0134
0.0384243,28.023
0.0384418,28.0328
0.0384595,28.0426
0.0384772,28.0522
0.0384951,28.0619
0.03851,28.0715
0.0385277,28.0812
0.0385458,28.0907
0.0385612,28.1001
0.0385824,28.1095
0.0385984,28.1187
0.0386178,28.1275
0.0386347,28.1362
0.0386577,28.1447
0.0386752,28.1531
0.0386956,28.1615
0.0387135,28.1697
0.038737,28.178
0.0387546,28.1864
0.0387749,28.1948
0.038792,28.2035
0.0388116,28.2122
0.0388309,28.2211
0.038847,28.2302
0.0388665,28.239
0.038883,28.2479
0.0388998,28.2566
0.0389199,28.2652
0.0389416,28.2729
0.0389611,28.2804
0.0389842,28.2874
0.0390081,28.2941
0.0390331,28.3003
0.039059,28.3061
0.0390826,28.3115
0.0391099,28.3166
0.0391383,28.3211
0.0391642,28.3254
0.0391895,28.3301
0.0392184,28.3344
0.0392451,28.3383
0.0392756,28.3418
0.0393038,28.345
0.0393323,28.3481
0.0393607,28.3513
0.0393888,28.3545
0.0394166,28.358
0.0394444,28.3614
0.0394695,28.3647
0.0394968,28.3683
0.0395207,28.3722
0.0395465,28.3766
0.0395691,28.3811
0.0395912,28.3859
0.0396165,28.3905
0.039642,28.3951
0.0396646,28.3997
0.0396872,28.4041
0.039713,28.4085
0.0397364,28.4126
0.0397605,28.4164
0.0397878,28.4201
0.0398094,28.4237
0.0398372,28.4271
0.0398622,28.4305
0.0398874,28.4338
0.0399129,28.4369
0.0399384,28.44
0.0399643,28.443
0.0399898,28.4461
0.0400149,28.4494
0.0400398,28.4528
0.0400645,28.4563
0.0400888,28.46
0.0401157,28.4639
0.0401362,28.468
0.0401593,28.4723
0.0401821,28.4767
0.0402043,28.4814
0.0402263,28.4862
0.0402456,28.491
0.040268,28.4956
0.0402909,28.4999
0.0403141,28.5042
0.0403363,28.5075
0.0403659,28.5087
0.0403939,28.5092
0.0404263,28.509
0.0404602,28.5081
0.0404924,28.5065
0.0405286,28.5045
0.0405624,28.5022
0.0405999,28.4996
0.0406347,28.4967
0.0406688,28.4943
0.0406995,28.4935
0.0407301,28.4928
0.0407632,28.4922
0.0407903,28.4919
0.0408198,28.4916
0.0408491,28.4915
0.0408782,28.4915
0.0409071,28.4916
0.0409357,28.4918
0.0409611,28.4921
0.040986,28.4927
0.0410134,28.4935
0.0410373,28.4947
0.0410606,28.496
0.0410835,28.4976
0.0411059,28.4994
0.041128,28.5014
0.0411498,28.5035
0.0411743,28.5057
0.0411927,28.508
0.0412168,28.5104
0.0412344,28.5131
0.0412549,28.5159
0.0412752,28.5187
0.0412924,28.5216
0.0413123,28.5247
0.0413321,28.5277
0.0413515,28.531
0.0413704,28.5344
0.0413865,28.5379
0.0414082,28.5415
0.041424,28.5451
0.0414423,28.5489
0.0414607,28.5526
0.0414761,28.5564
0.0414944,28.5602
0.041513,28.5639
0.0415317,28.5674
0.0415478,28.5709
0.041567,28.5743
0.0415838,28.5774
0.0416066,28.5804
0.0416242,28.5832
0.0416422,28.5857
0.0416632,28.5882
0.0416843,28.5906
0.0417023,28.5931
0.0417203,28.5957
0.0417417,28.598
0.0417631,28.6003
0.0417843,28.6027
0.0418058,28.6049
0.0418274,28.6072
0.0418456,28.6096
0.041867,28.6119
0.0418884,28.6142
0.0419071,28.6164
0.0419286,28.6186
0.0419469,28.621
0.0419651,28.6235
0.0419862,28.6259
0.0420071,28.6284
0.0420251,28.6309
0.0420462,28.6334
0.0420645,28.6358
0.0420858,28.6381
0.0421048,28.6402
0.0421273,28.642
0.0421514,28.6416
0.0421771,28.6404
0.042204,28.6386
0.0422345,28.6365
0.0422631,28.634
0.0422922,28.6311
0.0423246,28.6281
0.0423549,28.6247
0.042385,28.6214
0.0424179,28.6181
0.0424442,28.6167
0.0424693,28.6158
0.0424907,28.6153
0.0425145,28.615
0.0425349,28.615
0.0425579,28.6151
0.0425809,28.6152
0.0426034,28.6156
0.0426258,28.616
0.042645,28.6165
0.0426671,28.6171
0.0426859,28.6178
0.0427079,28.6185
0.0427272,28.619
0.0427461,28.6196
0.0427682,28.6202
0.042784,28.621
0.0428058,28.6217
0.0428248,28.6224
0.0428467,28.623
0.042866,28.6235
0.0428829,28.6238
0.0429054,28.6242
0.0429251,28.6245
0.0429452,28.6245
0.0429658,28.6244
0.0429868,28.6241
0.0430111,28.6236
0.0430301,28.6229
0.0430525,28.6219
0.0430755,28.6206
0.0430986,28.6192
0.043122,28.6178
0.0431456,28.6162
0.0431691,28.6147
0.0431928,28.6131
0.0432165,28.6115
0.0432371,28.6099
0.0432606,28.6084
0.043284,28.6069
0.0433069,28.6057
0.0433298,28.6045
0.0433497,28.6033
0.0433736,28.6015
0.0433982,28.5995
0.0434231,28.5973
0.0434484,28.5949
0.0434716,28.5921
0.0435011,28.5891
0.043525,28.586
0.0435491,28.5827
0.0435764,28.5794
0.0436038,28.576
0.0436271,28.5732
0.0436529,28.5705
0.0436757,28.568
0.0437009,28.5656
0.0437222,28.5637
0.0437428,28.5622
0.043763,28.5609
0.0437826,28.5598
0.0438051,28.5588
0.0438272,28.5579
0.0438463,28.5571
0.0438651,28.5565
0.0438836,28.556
0.0439017,28.5556
0.04392,28.5553
0.0439383,28.5548
0.0439566,28.5544
0.0439752,28.5539
0.0439936,28.5534
0.0440122,28.5528
0.0440307,28.5523
0.0440492,28.5518
0.0440673,28.5514
0.0440891,28.5508
0.0441056,28.5498
0.044128,28.5488
0.0441473,28.5479
0.0441666,28.547
0.0441856,28.5463
0.0442044,28.5456
0.044223,28.545
0.0442446,28.5445
0.0442638,28.5436
0.0442828,28.5428
0.0443013,28.5423
0.04432,28.5417
0.0443389,28.541
0.044358,28.5402
0.0443775,28.5392
0.0443945,28.538
0.0444179,28.5366
0.0444391,28.5347
0.0444604,28.5329
0.0444816,28.5311
0.0444999,28.5292
0.0445215,28.5272
0.0445403,28.5251
0.0445624,28.5229
0.0445843,28.5207
0.0446065,28.5185
0.0446262,28.516
0.0446487,28.5135
0.0446685,28.511
0.0446915,28.5083
0.0447147,28.5055
0.044738,28.5027
0.0447581,28.4999
0.0447785,28.4971
0.0448019,28.4943
0.0448255,28.4913
0.0448487,28.4885
0.0448698,28.4853
0.0448914,28.4819
0.0449161,28.4784
0.044938,28.4748
0.0449601,28.4712
0.0449825,28.4674
0.0450048,28.4637
0.0450302,28.4598
0.0450526,28.456
0.0450754,28.4521
0.0450974,28.4484
0.0451159,28.4451
0.0451396,28.4421
0.0451573,28.4392
0.0451778,28.4363
0.0451977,28.4337
0.0452176,28.4311
0.0452345,28.4285
0.0452549,28.4257
0.0452757,28.4226
0.0452968,28.4195
0.0453147,28.4164
0.0453358,28.4133
0.0453539,28.4101
0.045375,28.407
0.0453963,28.4037
0.0454175,28.4005
0.0454386,28.3974
0.0454559,28.3946
0.0454783,28.3922
0.0454946,28.39
0.0455138,28.3877
0.0455299,28.3855
0.0455489,28.3834
0.0455648,28.3813
0.0455837,28.3792
0.0456023,28.3772
0.0456179,28.3753
0.0456365,28.3734
0.0456518,28.3715
0.0456698,28.3698
0.045685,28.3682
0.0457029,28.3666
0.0457206,28.365
0.0457354,28.3635
0.0457529,28.362
0.0457677,28.3605
0.0457852,28.3591
0.0458001,28.3575
0.0458149,28.356
0.0458297,28.3544
0.0458475,28.3529
0.0458621,28.3514
0.0458797,28.35
0.0458943,28.3485
0.0459118,28.3471
0.0459261,28.3458
0.0459432,28.3445
0.0459572,28.3434
0.045971,28.3424
0.0459846,28.3414
0.0460011,28.3405
0.0460147,28.3395
0.0460315,28.3384
0.0460486,28.3372
0.0460632,28.3357
0.0460808,28.3342
0.0460957,28.3327
0.0461134,28.3311
0.0461311,28.3296
0.046146,28.328
0.0461666,28.3265
0.0461813,28.325
0.0461959,28.3236
0.0462132,28.3222
0.0462301,28.3211
0.046244,28.32
0.0462608,28.3189
0.0462746,28.3178
0.0462913,28.3168
0.0463052,28.3157
0.0463219,28.3146
0.0463387,28.3135
0.0463526,28.3125
0.0463695,28.3113
0.0463836,28.3101
0.0464008,28.3089
0.0464149,28.3077
0.0464324,28.3062
0.0464473,28.3046
0.046465,28.303
0.046483,28.3014
0.046501,28.2997
0.0465163,28.298
0.0465341,28.2964
0.0465517,28.2949
0.0465664,28.2934
0.0465837,28.2921
0.0466006,28.2909
0.0466171,28.29
0.0466332,28.2892
0.0466462,28.2886
0.0466587,28.2881
0.0466712,28.2877
0.0466892,28.2875
0.0467014,28.2872
0.0467163,28.287
0.0467284,28.2868
0.0467431,28.2867
0.0467551,28.2865
0.0467698,28.2864
0.0467845,28.2864
0.0467991,28.2863
0.0468135,28.2864
0.0468277,28.2865
0.046839,28.2867
0.0468531,28.2869
0.0468673,28.2871
0.0468813,28.2873
0.0468953,28.2876
0.0469094,28.2878
0.0469233,28.2881
0.0469371,28.2884
0.0469508,28.2889
0.0469644,28.2893
0.0469779,28.2898
0.0469909,28.2905
0.0470037,28.2914
0.0470164,28.2923
0.0470319,28.2932
0.0470442,28.2943
0.0470563,28.2954
0.0470683,28.2966
0.0470802,28.2979
0.0470919,28.2993
0.0471035,28.3008
0.0471179,28.3022
0.0471295,28.3036
0.0471409,28.3051
0.0471551,28.3067
0.0471691,28.3083
0.0471775,28.3099
0.0471916,28.3115
0.0472029,28.3131
0.047217,28.3147
0.0472283,28.3162
0.0472425,28.3178
0.0472537,28.3194
0.0472678,28.321
0.047279,28.3226
0.0472931,28.3243
0.0473041,28.326
0.0473151,28.3277
0.0473291,28.3293
0.0473432,28.3309
0.0473544,28.3326
0.0473658,28.334
0.0473807,28.3353
0.0473975,28.3342
0.0474164,28.3321
0.0474409,28.3286
0.0474684,28.3238
0.0474982,28.3179
0.0475238,28.3111
0.0475567,28.3036
0.0475913,28.2954
0.047627,28.2865
0.0476606,28.2773
0.0476909,28.2697
0.0477205,28.2625
0.0477496,28.2554
0.0477781,28.2487
0.0478057,28.2423
0.0478358,28.2362
0.0478598,28.2302
0.0478862,28.2245
0.0479121,28.219
0.0479373,28.2138
0.047962,28.209
0.0479829,28.2045
0.0480049,28.2008
0.0480258,28.1978
0.0480426,28.1953
0.0480587,28.1932
0.0480768,28.1914
0.0480943,28.19
0.0481084,28.1888
0.0481223,28.1877
0.0481388,28.1867
0.0481522,28.1859
0.0481683,28.1851
0.0481811,28.1846
0.0481937,28.1841
0.0482118,28.1838
0.0482237,28.1836
0.0482355,28.1836
0.0482497,28.1837
0.0482649,28.1834
0.0482781,28.1827
0.0482944,28.1818
0.0483079,28.1809
0.0483242,28.18
0.0483374,28.1793
0.0483532,28.1786
0.0483692,28.1779
0.0483821,28.1773
0.0483976,28.1768
0.0484116,28.1771
0.0484213,28.1781
0.0484359,28.1794
0.0484443,28.181
0.0484553,28.1827
0.0484631,28.1845
0.0484735,28.1865
0.0484835,28.1887
0.0484936,28.1908
0.0485004,28.1932
0.0485129,28.1956
0.0485225,28.1979
0.048532,28.2004
0.0485412,28.2029
0.0485502,28.2056
0.0485592,28.2083
0.048568,28.211
0.0485764,28.214
0.0485874,28.2171
0.0485954,28.2203
0.048603,28.2236
0.0486134,28.2271
0.0486203,28.2307
0.0486303,28.2343
0.0486371,28.238
0.0486466,28.2419
0.0486528,28.2459
0.0486621,28.2498
0.0486683,28.2539
0.0486771,28.258
0.048683,28.2622
0.0486887,28.2664
0.0486973,28.2707
0.0487027,28.2751
0.0487109,28.2796
0.0487191,28.2841
0.0487271,28.2886
0.0487351,28.2932
0.0487431,28.2977
0.0487515,28.3021
0.0487598,28.3065
0.0487681,28.3109
0.0487764,28.3153
0.0487844,28.3199
0.0487923,28.3245
0.0488029,28.3292
0.0488106,28.3339
0.0488182,28.3387
0.0488283,28.3436
0.0488381,28.3487
0.0488447,28.354
0.0488541,28.3592
0.0488602,28.3647
0.0488691,28.3702
0.0488779,28.3758
0.0488836,28.3815
0.0488894,28.3871
0.0488981,28.3927
0.0489068,28.3983
0.0489153,28.4041
0.0489237,28.4098
0.0489319,28.4157
0.0489403,28.4215
0.0489489,28.4271
0.0489573,28.4329
0.0489658,28.4386
0.0489739,28.4445
0.048982,28.4504
0.04899,28.4564
0.0489979,28.4624
0.0490057,28.4685
0.0490133,28.4746
0.0490208,28.4808
0.049031,28.4871
0.0490382,28.4935
0.0490453,28.4999
0.0490553,28.5063
0.0490622,28.5128
0.0490686,28.5195
0.0490781,28.5262
0.0490844,28.533
0.0490937,28.5397
0.0491,28.5465
0.0491121,28.5532
0.0491184,28.56
0.0491275,28.5668
0.0491372,28.5734
0.0491443,28.5798
0.0491518,28.586
0.0491653,28.5921
0.0491733,28.5981
0.0491839,28.6042
0.0491946,28.6103
0.0492051,28.6164
0.0492157,28.6225
0.0492263,28.6286
0.049236,28.6352
0.0492455,28.6418
0.0492548,28.6485
0.0492609,28.6554
0.0492726,28.6625
0.0492812,28.6695
0.0492898,28.6766
0.0492982,28.6837
0.0493066,28.6909
0.0493177,28.6982
0.0493289,28.7054
0.049337,28.7127
0.0493455,28.7199
0.0493577,28.7266
0.0493704,28.7331
0.0493803,28.7395
0.0493931,28.746
0.0494033,28.7523
0.0494165,28.7586
0.0494269,28.7647
0.0494403,28.7709
0.0494536,28.7771
0.0494638,28.7834
0.049476,28.7901
0.0494878,28.7971
0.0494997,28.804
0.0495114,28.811
0.04952,28.8181
0.0495315,28.8251
0.0495429,28.8323
0.0495539,28.8395
0.049565,28.8469
0.0495762,28.854
0.0495904,28.8612
0.0496018,28.8684
0.049613,28.8756
0.0496246,28.8826
0.0496368,28.8894
0.0496492,28.896
0.0496617,28.9026
0.0496749,28.9089
0.049691,28.9151
0.0497039,28.9215
0.0497168,28.9279
0.0497325,28.9343
0.0497458,28.9406
0.0497616,28.947
0.0497745,28.9534
0.0497872,28.9599
0.0497999,28.9664
0.0498158,28.9728
0.0498291,28.979
0.0498426,28.9851
0.0498564,28.991
0.0498705,28.9969
0.0498872,29.0028
0.0499011,29.0088
0.049915,29.0147
0.0499319,29.0205
0.0499463,29.0263
0.0499605,29.0321
0.0499775,29.0378
0.0499917,29.0436
0.0500059,29.0494
0.0500232,29.0551
0.0500407,29.0606
0.0500555,29.0661
0.0500704,29.0716
0.050085,29.0772
0.0500995,29.0828
0.0501166,29.0885
0.0501309,29.0943
0.0501481,29.1
0.0501623,29.1058
0.0501792,29.1117
0.0501931,29.1176
0.0502067,29.1237
0.0502229,29.1299
0.0502361,29.1361
0.050252,29.1425
0.0502677,29.1489
0.0502804,29.1554
0.0502926,29.1622
0.0503076,29.169
0.0503192,29.176
0.0503334,29.1832
0.0503445,29.1904
0.0503581,29.1979
0.0503687,29.2054
0.050382,29.2131
0.050395,29.2208
0.0504078,29.2286
0.0504174,29.2366
0.0504297,29.2447
0.0504419,29.2528
0.0504568,29.2611
0.0504658,29.2694
0.0504778,29.2776
0.0504898,29.2859
0.0505016,29.2942
0.0505164,29.3025
0.0505279,29.311
0.0505364,29.3196
0.0505507,29.328
0.0505624,29.3365
0.0505742,29.3448
0.0505858,29.3533
0.0505973,29.3617
0.0506087,29.3703
0.0506231,29.3788
0.0506345,29.3873
0.0506457,29.3959
0.05066,29.4045
0.0506711,29.4131
0.0506819,29.4219
0.0506954,29.4308
0.0507091,29.4396
0.0507196,29.4486
0.0507301,29.4576
0.0507466,29.4665
0.0507573,29.4753
0.0507714,29.484
0.0507859,29.4924
0.0507978,29.5007
0.0508098,29.509
0.0508251,29.517
0.0508403,29.5251
0.0508534,29.5328
0.0508664,29.5406
0.0508796,29.5482
0.0508958,29.5558
0.0509124,29.5632
0.0509263,29.5706
0.0509434,29.5777
0.0509581,29.5847
0.050973,29.5916
0.0509907,29.5984
0.0510056,29.6053
0.0510208,29.612
0.0510357,29.6188
0.0510535,29.6257
0.0510711,29.6326
0.0510853,29.6398
0.0510993,29.6471
0.0511129,29.6545
0.0511292,29.662
0.051143,29.6695
0.0511566,29.6769
0.051173,29.6844
0.051187,29.6918
0.0512006,29.6992
0.0512142,29.7066
0.051228,29.714
0.0512443,29.7216
0.0512576,29.7293
0.0512734,29.737
0.0512861,29.745
0.0513013,29.753
0.0513132,29.7613
0.0513273,29.7699
0.0513386,29.7785
0.0513526,29.7871
0.0513634,29.796
0.0513771,29.8048
0.0513877,29.8137
0.0514013,29.8226
0.0514119,29.8315
0.0514255,29.8404
0.0514392,29.8492
0.0514534,29.8578
0.0514644,29.8666
0.0514782,29.8753
0.0514922,29.884
0.0515034,29.8926
0.0515207,29.9011
0.0515349,29.9097
0.0515469,29.9179
0.051562,29.9261
0.0515775,29.9341
0.0515933,29.9419
0.0516125,29.9495
0.0516294,29.9567
0.0516495,29.9624
0.052176,29.7232
