"Maximum force",37.5758,"N"
"Gage length ",0.897578,"mm"
"Strain energy",0.254865,"mJ"
"Deformation at maximum force",0.017207,"mm"
"Standard travel","Standard force"
"mm","N"
0,0.25115
-2.47732e-007,0.252653
-4.84288e-007,0.25414
-6.1933e-007,0.255582
-5.24335e-007,0.25691
2.5155e-006,0.258222
2.67196e-006,0.259527
1.68569e-007,0.260717
4.20026e-007,0.261976
8.29808e-007,0.263158
1.22283e-006,0.264349
1.78162e-006,0.265462
2.63844e-006,0.266435
3.60701e-006,0.267351
1.96043e-006,0.268133
3.15998e-006,0.268941
4.42658e-006,0.269716
2.64589e-006,0.270563
1.17812e-006,0.271261
2.39257e-006,0.272058
9.91859e-007,0.272726
-2.82191e-007,0.273328
1.42399e-006,0.273893
5.07571e-007,0.274333
2.30316e-006,0.274856
1.26753e-006,0.275352
3.88362e-007,0.275766
2.47452e-006,0.276151
1.62516e-006,0.276557
9.62056e-007,0.276872
3.99537e-007,0.277137
2.73902e-006,0.277404
2.13552e-006,0.277694
1.35694e-006,0.278062
6.45407e-007,0.2784
-3.25963e-008,0.27872
-1.00862e-006,0.279184
-1.81701e-006,0.279567
-2.52854e-006,0.279903
-3.82774e-007,0.280256
-1.20979e-006,0.280656
-1.98837e-006,0.281024
-2.72971e-006,0.281377
-3.48967e-006,0.281738
-4.26825e-006,0.282106
-5.02821e-006,0.282466
-5.60563e-006,0.282741
-6.18678e-006,0.283014
-6.78282e-006,0.283296
-7.21123e-006,0.283501
-7.77375e-006,0.283766
-5.40446e-006,0.284018
-6.08992e-006,0.284346
-6.65244e-006,0.284613
-7.21496e-006,0.28488
-7.79238e-006,0.285153
-8.25804e-006,0.285373
-8.83546e-006,0.285648
-9.33092e-006,0.285882
-9.94187e-006,0.286172
-1.04373e-005,0.286408
-1.10185e-005,0.286681
-8.64919e-006,0.286932
-6.30971e-006,0.287199
-6.90576e-006,0.287489
-7.53533e-006,0.287787
-5.40446e-006,0.288147
-6.116e-006,0.288491
-4.05964e-006,0.288891
-2.04798e-006,0.289315
-1.62981e-007,0.289799
1.63261e-006,0.290326
3.51761e-006,0.29081
5.43986e-006,0.291274
7.2429e-006,0.291796
1.19517e-005,0.292323
1.35833e-005,0.292925
1.52299e-005,0.29352
1.96109e-005,0.294203
2.11084e-005,0.294867
2.5549e-005,0.295519
2.98703e-005,0.296217
3.41916e-005,0.296931
3.54061e-005,0.297736
3.9489e-005,0.298552
4.34229e-005,0.299437
4.74164e-005,0.300307
5.40325e-005,0.301291
5.77876e-005,0.302275
6.1349e-005,0.303343
6.48657e-005,0.304434
7.13626e-005,0.305487
7.4775e-005,0.306616
7.81426e-005,0.307776
8.13762e-005,0.309004
9.03169e-005,0.310256
9.33269e-005,0.311606
9.91086e-005,0.312994
0.000104682,0.314482
0.000110314,0.315955
0.000115887,0.317435
0.00012152,0.318907
0.000126884,0.320494
0.00013505,0.322112
0.000142978,0.323866
0.000147895,0.325682
0.000152693,0.327544
0.000160561,0.329314
0.000165568,0.331084
0.000170098,0.333067
0.000177131,0.335234
0.000183688,0.337645
0.000187234,0.340102
0.000193522,0.342635
0.000196875,0.345168
0.000203014,0.347762
0.000209094,0.350401
0.000214697,0.35324
0.00022018,0.356154
0.000222788,0.359053
0.000228182,0.361998
0.000233517,0.364989
0.000241623,0.368041
0.00024666,0.371169
0.000251756,0.374266
0.000256763,0.377394
0.00026168,0.380568
0.000266538,0.383772
0.000271157,0.387099
0.000278578,0.390456
0.000286029,0.393828
0.000290469,0.397231
0.00029494,0.400618
0.000302182,0.404067
0.000309275,0.407591
0.000313268,0.411208
0.000320272,0.414793
0.000326858,0.418547
0.000330524,0.422331
0.000339822,0.426161
0.000343279,0.430052
0.000349597,0.433943
0.000355826,0.43788
0.000359149,0.441817
0.00036803,0.445845
0.00037402,0.449904
0.000379653,0.454146
0.000382424,0.458327
0.000391067,0.462477
0.0003967,0.466719
0.000402451,0.47087
0.000407965,0.475142
0.00041631,0.479445
0.000421495,0.483901
0.000429482,0.488356
0.000434876,0.49269
0.000443519,0.496871
0.000449301,0.501021
0.000457765,0.505232
0.000466348,0.509444
0.000474692,0.513747
0.000482918,0.518141
0.000490905,0.522627
0.000498832,0.527113
0.000509442,0.531722
0.000514002,0.536452
0.000524015,0.541365
0.000530929,0.54634
0.000537992,0.551283
0.000544936,0.556227
0.000554473,0.561354
0.000561059,0.566512
0.000570537,0.571639
0.000577153,0.576796
0.00058663,0.581923
0.000593157,0.587111
0.000602395,0.59236
0.000611515,0.59767
0.000617505,0.603102
0.000626207,0.608626
0.00063479,0.61418
0.000640453,0.619795
0.000649036,0.62535
0.000657798,0.630843
0.00066644,0.636366
0.000675143,0.64189
0.000683726,0.647475
0.00069213,0.653151
0.000700415,0.658858
0.000705839,0.664565
0.000714303,0.67018
0.000725568,0.675856
0.000733794,0.681593
0.00074196,0.687392
0.000750662,0.692885
0.000759185,0.69847
0.00077057,0.704146
0.000778795,0.709853
0.000787021,0.715621
0.000798226,0.721327
0.000809372,0.727065
0.000817598,0.732771
0.000825883,0.738509
0.00083685,0.744338
0.000846983,0.750563
0.000853897,0.756941
0.000863553,0.76335
0.000873388,0.769728
0.000883044,0.776167
0.000892521,0.782698
0.000899077,0.789229
0.000908435,0.795821
0.000920595,0.802443
0.000927092,0.809004
0.00093645,0.815596
0.000945927,0.822127
0.000955344,0.828658
0.000964821,0.835219
0.000977279,0.841689
0.000983776,0.84825
0.000996114,0.854811
0.00100559,0.861311
0.00101471,0.868025
0.00102365,0.8748
0.00103271,0.881545
0.00104463,0.888258
0.00105387,0.894942
0.00106323,0.901503
0.00107569,0.908003
0.00108636,0.913954
0.00109714,0.919875
0.00111044,0.925978
0.00112099,0.93199
0.00113142,0.938063
0.00114471,0.944167
0.0011552,0.950209
0.00116855,0.956282
0.0011788,0.962447
0.00118893,0.968672
0.00120092,0.975356
0.0012126,0.982222
0.00122202,0.988783
0.00123167,0.995253
0.00124419,1.00169
0.00125688,1.00807
0.00126946,1.01451
0.00128186,1.02104
0.00129145,1.02751
0.00130361,1.03416
0.00131583,1.04075
0.00132531,1.04729
0.00134021,1.054
0.00134915,1.06077
0.00136101,1.06755
0.00137281,1.07438
0.00138474,1.08112
0.0013966,1.08787
0.00140542,1.0947
0.00141734,1.10145
0.00143296,1.10783
0.00144756,1.11332
0.00146234,1.11869
0.00147712,1.12409
0.00148898,1.12949
0.00150347,1.13502
0.00151771,1.14066
0.00153184,1.14637
0.00154585,1.15214
0.00155974,1.15797
0.00157243,1.16431
0.00158322,1.17161
0.00159377,1.17902
0.0016042,1.18647
0.00161457,1.19395
0.0016281,1.2013
0.00164193,1.20853
0.0016532,1.21558
0.00166476,1.22248
0.0016793,1.22938
0.00169116,1.23615
0.0017032,1.24284
0.00171828,1.24946
0.00173366,1.25593
0.00175023,1.26185
0.00176418,1.26765
0.00178099,1.27347
0.00179768,1.27933
0.00181133,1.28525
0.00182533,1.29102
0.00184238,1.29667
0.00185704,1.30216
0.00187552,1.30717
0.00189829,1.31016
0.00191927,1.31258
0.0019424,1.31407
0.00196958,1.31496
0.00199592,1.31488
0.00202334,1.31428
0.00205374,1.31361
0.00208426,1.31295
0.0021143,1.31247
0.00213754,1.31248
0.0021621,1.31459
0.00218153,1.31778
0.00219894,1.32196
0.00221503,1.32672
0.00222963,1.33221
0.00224596,1.33822
0.00225657,1.34423
0.00227314,1.35012
0.00228697,1.35598
0.00230104,1.36169
0.00231314,1.367
0.00233376,1.371
0.00235438,1.37361
0.00237632,1.37562
0.00239563,1.37746
0.00242114,1.3792
0.00244343,1.38099
0.00246573,1.38285
0.00248778,1.38478
0.00250995,1.38666
0.00253141,1.38892
0.0025512,1.3919
0.00256848,1.39608
0.00258446,1.40093
0.00259966,1.40615
0.00261438,1.41158
0.00262588,1.41713
0.00264281,1.42287
0.0026539,1.42867
0.00266731,1.43471
0.00268316,1.44094
0.00269485,1.44783
0.00270569,1.45507
0.00271624,1.46245
0.00272971,1.46984
0.00273734,1.47725
0.00274801,1.48461
0.00276136,1.49202
0.00277162,1.49959
0.00278169,1.50722
0.00279164,1.51488
0.00280428,1.52266
0.00281656,1.5306
0.00282574,1.53865
0.00283736,1.54696
0.00284559,1.55544
0.00285626,1.56411
0.00286669,1.57296
0.00287688,1.58193
0.00288671,1.59102
0.00289342,1.60024
0.00290302,1.60946
0.00291255,1.61873
0.00292215,1.62795
0.00293145,1.63729
0.0029408,1.64669
0.00294986,1.65615
0.00295881,1.66567
0.00296763,1.67525
0.00297657,1.68477
0.00298843,1.69436
0.00299713,1.704
0.00300583,1.71364
0.00301448,1.72329
0.00302318,1.73299
0.00303188,1.74263
0.00304046,1.75234
0.00304917,1.76198
0.00306085,1.77156
0.00306973,1.78115
0.00308147,1.79073
0.00309053,1.80025
0.00309965,1.80965
0.00311187,1.81905
0.00312147,1.82827
0.00313118,1.83742
0.00314394,1.84652
0.00315407,1.85549
0.00316426,1.86446
0.00317755,1.87331
0.00318846,1.88192
0.00320271,1.89034
0.00321445,1.89852
0.00322965,1.90645
0.00324503,1.91433
0.00325838,1.92177
0.00327495,1.92907
0.00329152,1.93639
0.00330558,1.9435
0.00331953,1.95067
0.00333896,1.958
0.00335202,1.96556
0.00336722,1.9735
0.00338188,1.98168
0.00339314,1.99016
0.00340924,1.99907
0.00341895,2.00817
0.00343123,2.01757
0.00344274,2.02721
0.0034537,2.03722
0.00346461,2.04717
0.0034754,2.05718
0.00348619,2.06725
0.0034937,2.0775
0.00350389,2.08782
0.0035139,2.09819
0.0035238,2.10863
0.00353363,2.11913
0.00354335,2.12969
0.003553,2.14025
0.00356552,2.15087
0.00357512,2.16149
0.00358716,2.17089
0.00360254,2.18016
0.00361511,2.18932
0.00362751,2.1986
0.00364265,2.20794
0.00365761,2.2174
0.00366965,2.22686
0.00368449,2.23638
0.00369886,2.24608
0.00371024,2.25585
0.00372234,2.26665
0.00373116,2.27764
0.00373986,2.28862
0.00375161,2.29961
0.00376347,2.31047
0.00377253,2.32134
0.00378171,2.33214
0.00379357,2.34307
0.00380269,2.35393
0.00381455,2.3648
0.00382313,2.3759
0.00383434,2.38707
0.0038453,2.39843
0.00385597,2.4099
0.00386366,2.42144
0.00387409,2.43303
0.00388429,2.44469
0.00389454,2.45635
0.00390455,2.46819
0.00391144,2.48003
0.00392127,2.49193
0.00393379,2.5039
0.00394043,2.51586
0.00394997,2.52788
0.00396225,2.53997
0.00396872,2.55205
0.0039779,2.56426
0.00398994,2.57647
0.00399882,2.58873
0.0040105,2.60112
0.00401884,2.6137
0.00402701,2.62633
0.0040381,2.63903
0.00404596,2.65184
0.00405663,2.66466
0.00406417,2.67766
0.00407466,2.69054
0.00408504,2.70354
0.00409535,2.71654
0.00410596,2.72942
0.00411484,2.74175
0.00412664,2.75408
0.00413808,2.76659
0.00415239,2.77904
0.00416359,2.79168
0.00417468,2.80431
0.00418517,2.81725
0.00419572,2.83019
0.00420919,2.84307
0.00421625,2.85625
0.0042277,2.87011
0.00423628,2.88396
0.00424492,2.89775
0.00425661,2.91149
0.00426531,2.92528
0.00427413,2.93901
0.00428307,2.95269
0.00429171,2.96648
0.00430292,2.98046
0.00431132,2.99437
0.00431967,3.00835
0.0043307,3.02239
0.00434154,3.03655
0.00434929,3.05077
0.00435972,3.06511
0.00436723,3.07946
0.00437778,3.09374
0.00438553,3.10796
0.00439638,3.12212
0.00440413,3.13634
0.00441474,3.15056
0.00442234,3.16491
0.00443277,3.17925
0.0044401,3.19371
0.00445011,3.20818
0.00445718,3.22277
0.00446969,3.23748
0.00447616,3.25237
0.00448516,3.26738
0.00449404,3.2824
0.0045028,3.29754
0.00451163,3.31267
0.00452009,3.32793
0.00453153,3.34319
0.00453726,3.35839
0.0045456,3.37371
0.00455657,3.38915
0.00456467,3.40459
0.00457278,3.42003
0.00458083,3.43554
0.00458875,3.45104
0.00459674,3.46654
0.00460753,3.48211
0.00461814,3.49773
0.00462577,3.51336
0.00463331,3.5291
0.00464368,3.54485
0.00465116,3.5606
0.00466141,3.57634
0.00466862,3.59221
0.0046815,3.6082
0.00468835,3.6242
0.00469807,3.64031
0.00470755,3.65642
0.0047175,3.67241
0.00472835,3.68792
0.00473943,3.70336
0.00475046,3.71874
0.00476149,3.73418
0.0047724,3.74968
0.0047833,3.76519
0.00479409,3.78075
0.00480482,3.79631
0.00481549,3.81188
0.0048258,3.82763
0.00483278,3.84362
0.00484267,3.85961
0.00484973,3.8756
0.00485963,3.89147
0.00486982,3.90734
0.00488001,3.92321
0.00489026,3.93895
0.00490052,3.95482
0.00491089,3.97057
0.00492388,3.98644
0.00493056,4.00255
0.00494272,4.01879
0.00495452,4.03527
0.00496316,4.05187
0.00497139,4.06859
0.00497931,4.08544
0.00498992,4.10253
0.00499752,4.1195
0.00501064,4.13671
0.00501767,4.15404
0.00502732,4.1715
0.00503388,4.18908
0.00504312,4.20678
0.00505254,4.22435
0.00506529,4.24169
0.0050756,4.2589
0.00508568,4.27611
0.00509533,4.29357
0.00510773,4.31115
0.00511709,4.32872
0.00512657,4.3463
0.00513843,4.36412
0.00514737,4.38182
0.00515583,4.39989
0.0051665,4.4182
0.00517359,4.43688
0.00518361,4.45555
0.00519076,4.47423
0.0052006,4.49303
0.00520745,4.51183
0.00521422,4.53063
0.00522381,4.54955
0.0052304,4.56847
0.00523698,4.58739
0.0052436,4.60619
0.00525302,4.62523
0.00525951,4.64415
0.00526875,4.6632
0.00527519,4.68212
0.00528461,4.70116
0.00529409,4.72008
0.00530088,4.73888
0.0053075,4.7578
0.00531697,4.77672
0.00532657,4.79552
0.00533331,4.81444
0.005346,4.83324
0.00535566,4.85204
0.00536227,4.87096
0.00537145,4.89
0.00538045,4.90917
0.00538939,4.92833
0.00539845,4.9475
0.00540751,4.96654
0.00541645,4.98571
0.00542867,5.00475
0.00543761,5.02391
0.00544638,5.0432
0.0054552,5.06237
0.00546694,5.08165
0.00547546,5.10106
0.00548953,5.12059
0.00549758,5.14013
0.00550526,5.1599
0.00551534,5.17992
0.00552493,5.20018
0.00553417,5.22057
0.00554353,5.24096
0.00555265,5.26134
0.00556171,5.28197
0.00557053,5.30248
0.00557649,5.32311
0.00558525,5.34374
0.00559408,5.36437
0.00560284,5.385
0.00560862,5.40575
0.0056172,5.42638
0.00562278,5.44713
0.00563118,5.46801
0.00564233,5.48888
0.00565031,5.50988
0.00565818,5.53099
0.00566569,5.55223
0.00567588,5.5736
0.00568289,5.59496
0.0056926,5.61657
0.00570208,5.63829
0.00571132,5.66002
0.00571737,5.682
0.00572339,5.70397
0.00573227,5.72582
0.00574383,5.74791
0.00575253,5.77001
0.00575823,5.7921
0.00576663,5.8142
0.00577498,5.83641
0.00578612,5.85875
0.00579733,5.88097
0.00580543,5.90331
0.00581354,5.92565
0.00582451,5.94799
0.00583273,5.97033
0.00584394,5.99254
0.00585216,6.01476
0.00586343,6.03698
0.00587189,6.05919
0.0058803,6.08129
0.00589174,6.1035
0.00590062,6.12548
0.00590932,6.14745
0.00591809,6.16954
0.00592679,6.19152
0.00593531,6.21361
0.0059467,6.23583
0.00595522,6.25792
0.00596637,6.28014
0.00597489,6.30236
0.00598306,6.3247
0.00599384,6.34703
0.00600463,6.3695
0.00600946,6.39208
0.00602013,6.41454
0.00603086,6.437
0.00603992,6.45885
0.00605273,6.48034
0.00606608,6.50158
0.0060795,6.52269
0.00609011,6.54393
0.00610387,6.56493
0.0061183,6.58556
0.0061332,6.60607
0.00615084,6.62658
0.00616574,6.64721
0.00617951,6.6682
0.00619233,6.68969
0.00620741,6.71141
0.00621939,6.73326
0.00623143,6.75512
0.00624317,6.77709
0.00625408,6.79955
0.00626767,6.82201
0.00627536,6.84447
0.00628567,6.86718
0.00629574,6.89
0.00630868,6.91271
0.00631571,6.93554
0.00632542,6.95848
0.00633794,6.98156
0.00634435,7.00463
0.00635371,7.02782
0.00636563,7.05101
0.00637427,7.07445
0.00638554,7.09813
0.00639346,7.12194
0.00640127,7.14574
0.00641188,7.16967
0.00641942,7.19359
0.00642955,7.21776
0.00643975,7.24181
0.00644988,7.26598
0.00645983,7.29015
0.00646973,7.31432
0.00647956,7.33861
0.00648952,7.3629
0.00649911,7.3872
0.00650853,7.41173
0.00652069,7.43627
0.00652993,7.4608
0.00654191,7.48546
0.00655043,7.51024
0.00656194,7.53514
0.00657034,7.56005
0.00658172,7.58495
0.00659311,7.60985
0.00660455,7.63475
0.00661332,7.65953
0.00662214,7.68431
0.00663102,7.70897
0.00664008,7.73363
0.00664955,7.75805
0.00666356,7.78173
0.00667584,7.8048
0.00668871,7.82763
0.00669885,7.85045
0.00671494,7.87304
0.00672799,7.89586
0.00674105,7.91857
0.00675428,7.94127
0.00676739,7.96398
0.00678337,7.98668
0.00679463,8.01024
0.00680494,8.03429
0.00681448,8.0587
0.00682372,8.08324
0.00683272,8.1079
0.00684154,8.13268
0.00685316,8.15746
0.00686443,8.18236
0.00687546,8.20751
0.00688326,8.23265
0.00689399,8.25792
0.00690144,8.28331
0.00691187,8.3087
0.00692225,8.3341
0.00693256,8.35949
0.00694257,8.385
0.00694969,8.41067
0.00695959,8.43618
0.00696647,8.46194
0.00697613,8.48757
0.00698572,8.51333
0.00699562,8.53896
0.00700271,8.5646
0.0070126,8.59011
0.0070197,8.61575
0.00703001,8.64114
0.00704008,8.66665
0.00704747,8.69204
0.00705469,8.71755
0.00706756,8.74319
0.00707763,8.7687
0.00708735,8.79434
0.00709695,8.82009
0.00710928,8.84597
0.00711551,8.87197
0.00712737,8.89797
0.00713655,8.92397
0.00714829,8.9501
0.00715724,8.9761
0.00716659,9.00198
0.00717857,9.02798
0.00718781,9.05398
0.00720021,9.07974
0.0072138,9.105
0.00722816,9.12991
0.00723991,9.15456
0.00725487,9.17922
0.00726709,9.20364
0.00728246,9.22805
0.00729492,9.25247
0.00730881,9.27627
0.00732383,9.29934
0.00733921,9.32241
0.00735447,9.34548
0.00737235,9.36868
0.00738737,9.39187
0.00740203,9.41518
0.00741663,9.43862
0.00743106,9.46206
0.00744799,9.48574
0.00746074,9.51003
0.00747219,9.53494
0.0074828,9.56008
0.00749525,9.58596
0.00750437,9.61184
0.00751325,9.63796
0.00752166,9.66433
0.0075328,9.6907
0.00754079,9.71719
0.00754842,9.74392
0.00756183,9.77065
0.00756925,9.79739
0.0075795,9.82424
0.00758964,9.8511
0.00759959,9.87808
0.00760955,9.90505
0.00761661,9.93203
0.00762644,9.95901
0.00763333,9.98599
0.0076434,10.013
0.00765341,10.0399
0.00766066,10.0668
0.00767061,10.0937
0.00767779,10.1206
0.00768775,10.1476
0.00769463,10.1746
0.00770435,10.2017
0.00771406,10.2288
0.00772366,10.2559
0.00773588,10.2831
0.00774482,10.3106
0.00775382,10.338
0.00776526,10.3656
0.00777367,10.3933
0.00778457,10.4213
0.00779542,10.4491
0.00780293,10.4773
0.00781295,10.5056
0.00782546,10.5341
0.0078347,10.5628
0.00784382,10.5915
0.00785229,10.6205
0.00786373,10.6496
0.00787184,10.6787
0.00788602,10.7079
0.00789413,10.7371
0.00790217,10.7664
0.00791326,10.7956
0.00792155,10.8246
0.00793025,10.8535
0.00793889,10.8826
0.00794783,10.9114
0.00795665,10.9402
0.00796834,10.9691
0.00797692,10.9981
0.00798514,11.0272
0.00799349,11.0564
0.00800463,11.0856
0.0080125,11.1149
0.00802311,11.1443
0.00803059,11.1739
0.00804078,11.2034
0.0080508,11.2331
0.00806069,11.2628
0.00806793,11.2925
0.00807813,11.322
0.00808796,11.3518
0.0080947,11.3817
0.00810417,11.4116
0.00811639,11.4417
0.00812563,11.4717
0.00813475,11.5019
0.00814411,11.5319
0.00815323,11.5619
0.00816491,11.5922
0.00817397,11.6223
0.00818014,11.6525
0.00819212,11.6826
0.00819859,11.7127
0.00820795,11.7427
0.0082207,11.7724
0.00822768,11.8021
0.00823739,11.8319
0.00824991,11.8618
0.00825944,11.8917
0.0082685,11.9219
0.00828043,11.9521
0.00829217,11.9823
0.00830063,12.0127
0.00831172,12.0434
0.00831941,12.0741
0.00832954,12.1051
0.00833955,12.1361
0.00834933,12.1674
0.00835898,12.1986
0.00836834,12.2299
0.0083808,12.2611
0.00839069,12.2924
0.0084041,12.3233
0.00841781,12.3539
0.00842866,12.3845
0.00844273,12.4151
0.00845125,12.4455
0.00846329,12.4756
0.00847843,12.5056
0.00848815,12.5354
0.00850364,12.5653
0.00851604,12.5952
0.00852504,12.6254
0.00853696,12.6555
0.00855157,12.6858
0.00856021,12.7162
0.00857183,12.7465
0.00858632,12.7768
0.00859484,12.8072
0.00860926,12.8375
0.00862065,12.8679
0.00863495,12.8983
0.00864628,12.9289
0.00866035,12.9594
0.00867143,12.9899
0.00868234,13.0205
0.00869557,13.0514
0.00870851,13.0825
0.00872126,13.1137
0.00873378,13.1449
0.00874618,13.1762
0.00875851,13.2074
0.00876769,13.2389
0.00877675,13.2704
0.00878581,13.3019
0.00879791,13.3334
0.00880697,13.3649
0.00881579,13.3966
0.00882444,13.4284
0.00883564,13.4604
0.00884655,13.4923
0.00885716,13.5243
0.00886741,13.5568
0.00887754,13.589
0.00889006,13.6217
0.00889656,13.6544
0.0089058,13.6874
0.00891772,13.7201
0.0089263,13.7533
0.00893769,13.7865
0.00894561,13.82
0.00895622,13.8534
0.00896677,13.8871
0.00897714,13.9208
0.00898769,13.9542
0.00899509,13.9879
0.00900534,14.0216
0.00901285,14.0553
0.00902048,14.0888
0.00903109,14.1225
0.00903931,14.1557
0.00905052,14.1889
0.00905874,14.2223
0.00906709,14.2555
0.00907537,14.2887
0.0090867,14.3219
0.00909528,14.3551
0.00910374,14.3883
0.00911274,14.4213
0.00912484,14.454
0.00913444,14.4867
0.00914749,14.5189
0.00916073,14.5514
0.0091714,14.5834
0.009186,14.6151
0.00920686,14.6438
0.00923023,14.6713
0.00925741,14.6984
0.00928196,14.7252
0.00930688,14.7521
0.00933167,14.779
0.00935599,14.8059
0.00938067,14.8328
0.00940522,14.8598
0.00942656,14.8869
0.00944504,14.9166
0.00945845,14.9474
0.00947115,14.9787
0.00948325,15.0102
0.00949779,15.0416
0.00951186,15.0736
0.00952557,15.1056
0.00953916,15.1378
0.00955197,15.1703
0.00956401,15.2033
0.00957802,15.2365
0.00958559,15.2702
0.0095987,15.3039
0.00960836,15.3378
0.00962081,15.372
0.00963005,15.4062
0.00964257,15.4401
0.00965562,15.4738
0.00966927,15.5072
0.00968012,15.5407
0.00969109,15.5741
0.00970516,15.6073
0.009716,15.6408
0.00972721,15.674
0.00973835,15.7074
0.00975236,15.7406
0.00976303,15.7741
0.00977251,15.8083
0.00978169,15.8424
0.00979051,15.8769
0.00980201,15.9113
0.00981042,15.9459
0.00981858,15.9806
0.00982651,16.0153
0.00983706,16.0504
0.00984454,16.0854
0.00985461,16.1205
0.00986469,16.1557
0.00987446,16.1911
0.009884,16.2265
0.00989348,16.2619
0.00989973,16.2975
0.00990903,16.3332
0.00992083,16.3688
0.00992688,16.4044
0.00993583,16.4401
0.00994262,16.4755
0.00995353,16.5104
0.00996688,16.5438
0.00998136,16.577
0.00999632,16.6098
0.0100117,16.6425
0.0100271,16.6752
0.0100398,16.7077
0.0100556,16.7401
0.0100742,16.7726
0.0100893,16.8056
0.0101059,16.839
0.010117,16.8737
0.0101294,16.9091
0.0101412,16.9447
0.0101497,16.9806
0.0101607,17.0167
0.0101718,17.0529
0.0101855,17.089
0.0101934,17.1251
0.010204,17.1615
0.010215,17.1977
0.0102235,17.2335
0.0102355,17.2692
0.0102449,17.3046
0.0102575,17.34
0.0102649,17.3751
0.0102782,17.4101
0.0102893,17.4447
0.010301,17.4791
0.010313,17.5136
0.0103252,17.5478
0.010337,17.5819
0.0103487,17.6164
0.010363,17.651
0.0103712,17.6857
0.0103852,17.7204
0.0103988,17.7553
0.010409,17.7904
0.0104215,17.8258
0.0104308,17.8612
0.0104438,17.8969
0.0104544,17.9325
0.0104683,17.9679
0.0104793,18.0033
0.0104934,18.0385
0.0105044,18.0739
0.0105156,18.1093
0.0105295,18.1447
0.0105404,18.1801
0.0105512,18.2155
0.0105645,18.2511
0.010575,18.2868
0.0105852,18.3227
0.010598,18.3585
0.0106108,18.3944
0.0106235,18.4303
0.0106363,18.4665
0.0106465,18.5021
0.0106597,18.538
0.010673,18.5736
0.0106862,18.6093
0.0106993,18.6452
0.0107122,18.6811
0.0107281,18.7169
0.0107412,18.7526
0.0107572,18.7885
0.0107706,18.8239
0.0107839,18.8598
0.0107972,18.8954
0.0108108,18.9311
0.0108246,18.9665
0.0108357,19.0019
0.0108468,19.037
0.0108582,19.0722
0.010872,19.1078
0.010883,19.1432
0.0108935,19.1786
0.0109068,19.2145
0.0109169,19.2504
0.0109293,19.2863
0.0109417,19.3224
0.0109509,19.3588
0.0109656,19.3952
0.0109741,19.4318
0.0109856,19.4684
0.0109966,19.505
0.0110105,19.5419
0.0110213,19.5788
0.0110324,19.6156
0.0110407,19.6522
0.0110518,19.6891
0.0110631,19.7257
0.0110746,19.7621
0.0110863,19.7987
0.0110953,19.8351
0.0111075,19.8712
0.0111196,19.9074
0.011132,19.9435
0.0111414,19.9799
0.0111566,20.016
0.0111688,20.0521
0.0111807,20.0885
0.0111947,20.1254
0.0112085,20.162
0.0112187,20.1994
0.0112341,20.2367
0.0112463,20.2743
0.0112579,20.3124
0.0112721,20.3505
0.0112832,20.3886
0.0112943,20.4267
0.0113055,20.4647
0.0113172,20.5026
0.0113293,20.5404
0.0113418,20.5778
0.0113549,20.6149
0.0113659,20.6518
0.0113824,20.6874
0.0113995,20.7226
0.011417,20.7577
0.0114345,20.7926
0.0114522,20.8278
0.0114697,20.8627
0.0114872,20.8979
0.0115045,20.933
0.0115215,20.9682
0.0115352,21.0038
0.0115495,21.0404
0.0115664,21.077
0.0115775,21.1139
0.0115941,21.1508
0.0116077,21.1876
0.0116242,21.2248
0.0116377,21.2616
0.0116513,21.2985
0.0116648,21.3356
0.011681,21.3727
0.0116913,21.4098
0.0117043,21.4472
0.0117171,21.4843
0.0117295,21.5219
0.011739,21.5595
0.0117512,21.5971
0.0117661,21.6347
0.0117781,21.6725
0.0117939,21.7099
0.01181,21.747
0.0118236,21.7838
0.0118402,21.8207
0.0118537,21.8578
0.0118731,21.8947
0.0118866,21.9318
0.0119032,21.9687
0.0119229,22.0053
0.0119398,22.0421
0.0119556,22.0795
0.0119684,22.1168
0.0119838,22.1542
0.0119961,22.1918
0.0120087,22.2291
0.0120241,22.2667
0.0120337,22.3041
0.0120493,22.3415
0.0120616,22.3793
0.0120737,22.4169
0.0120885,22.4545
0.0121,22.4926
0.0121111,22.5307
0.0121248,22.569
0.0121355,22.6073
0.0121488,22.6459
0.0121619,22.6845
0.0121717,22.7233
0.0121841,22.7621
0.0121962,22.8012
0.0122083,22.8402
0.0122204,22.8793
0.0122325,22.9184
0.0122449,22.9574
0.0122571,22.9962
0.0122666,23.0353
0.0122763,23.0741
0.0122862,23.1129
0.0122991,23.1515
0.0123091,23.1903
0.0123222,23.2289
0.0123352,23.2675
0.012348,23.3063
0.0123605,23.3451
0.0123729,23.3839
0.0123849,23.423
0.0123993,23.4625
0.0124135,23.5019
0.0124246,23.5416
0.0124355,23.5812
0.0124491,23.621
0.0124656,23.6605
0.0124763,23.7003
0.0124869,23.7401
0.0124974,23.7802
0.012511,23.8197
0.0125221,23.8593
0.0125334,23.8988
0.0125476,23.9384
0.012559,23.9777
0.0125702,24.0172
0.0125814,24.0568
0.0125954,24.0963
0.0126068,24.1356
0.0126183,24.1749
0.0126327,24.2145
0.0126441,24.2538
0.0126584,24.2934
0.0126699,24.3327
0.0126812,24.372
0.0126953,24.4115
0.0127123,24.4511
0.0127266,24.4904
0.0127406,24.5299
0.0127514,24.5697
0.0127649,24.6095
0.0127784,24.6493
0.0127892,24.6891
0.0128031,24.7287
0.0128172,24.7682
0.0128314,24.8075
0.0128458,24.8471
0.012857,24.8864
0.0128739,24.9259
0.0128881,24.9657
0.0129021,25.0052
0.0129155,25.045
0.0129286,25.085
0.012944,25.1251
0.0129593,25.1656
0.0129743,25.2061
0.012986,25.2467
0.0130008,25.2872
0.0130125,25.328
0.0130272,25.3685
0.013042,25.4093
0.0130573,25.4495
0.0130698,25.4898
0.0130828,25.5299
0.0130989,25.5697
0.0131125,25.6095
0.0131263,25.6493
0.0131401,25.6888
0.013157,25.7284
0.0131709,25.7679
0.0131816,25.8077
0.0131977,25.8477
0.0132105,25.8878
0.013223,25.9281
0.013238,25.9686
0.0132526,26.0091
0.0132672,26.0499
0.0132816,26.0907
0.0132957,26.1317
0.013307,26.1724
0.0133216,26.2132
0.0133331,26.254
0.0133478,26.2945
0.0133597,26.335
0.0133714,26.3758
0.013383,26.4166
0.0133971,26.4574
0.0134083,26.4984
0.0134223,26.5391
0.013436,26.5804
0.0134494,26.6217
0.0134656,26.6629
0.0134787,26.7044
0.0134943,26.7459
0.013507,26.7874
0.0135227,26.8292
0.0135352,26.8707
0.013551,26.9122
0.0135668,26.9537
0.0135801,26.995
0.0135963,27.0362
0.0136098,27.0775
0.0136234,27.1187
0.0136343,27.1597
0.0136484,27.2008
0.0136625,27.2415
0.0136741,27.2823
0.0136886,27.3231
0.0137031,27.3639
0.0137146,27.4046
0.0137288,27.4454
0.0137403,27.4862
0.0137516,27.5269
0.0137686,27.568
0.0137799,27.6087
0.0137908,27.6497
0.0138046,27.6908
0.0138189,27.7318
0.0138331,27.7725
0.0138475,27.8133
0.0138649,27.8541
0.0138766,27.8946
0.0138914,27.9354
0.0139034,27.9759
0.0139155,28.0164
0.0139277,28.0567
0.0139397,28.0972
0.013954,28.138
0.013965,28.179
0.0139786,28.2203
0.013989,28.2616
0.0140019,28.3031
0.0140145,28.3448
0.0140266,28.3866
0.0140386,28.4285
0.0140502,28.4705
0.0140618,28.5128
0.0140734,28.5548
0.014085,28.597
0.0140997,28.639
0.0141118,28.681
0.014124,28.7227
0.0141366,28.7642
0.0141496,28.8057
0.0141629,28.847
0.0141737,28.8883
0.0141846,28.9293
0.0141986,28.9703
0.0142101,29.0111
0.0142216,29.0518
0.0142361,29.0924
0.0142507,29.1331
0.0142621,29.1739
0.0142732,29.2149
0.0142842,29.2559
0.0142979,29.297
0.0143084,29.3382
0.0143248,29.3795
0.0143378,29.421
0.0143507,29.4625
0.0143635,29.504
0.0143762,29.5455
0.0143862,29.587
0.0144021,29.6285
0.014412,29.67
0.0144219,29.7115
0.0144317,29.7533
0.0144414,29.7948
0.0144541,29.8365
0.0144668,29.878
0.0144793,29.9198
0.0144914,29.9615
0.0145029,30.0037
0.0145168,30.0462
0.0145274,30.0887
0.0145404,30.1317
0.0145532,30.1746
0.0145657,30.2176
0.014578,30.2608
0.0145932,30.304
0.0146053,30.3472
0.0146146,30.3905
0.0146272,30.4337
0.014637,30.4766
0.0146501,30.5194
0.0146635,30.5621
0.0146743,30.6046
0.0146852,30.6471
0.0146988,30.6895
0.0147122,30.7323
0.0147227,30.7747
0.014736,30.8175
0.0147463,30.8602
0.0147597,30.9029
0.0147728,30.9456
0.0147861,30.9884
0.014802,31.0313
0.0148151,31.0741
0.0148309,31.117
0.0148442,31.1597
0.0148579,31.2022
0.0148717,31.2447
0.0148856,31.2872
0.0148967,31.3294
0.014911,31.3717
0.0149253,31.4139
0.0149397,31.4561
0.0149514,31.4981
0.0149659,31.5404
0.0149831,31.5824
0.0149972,31.6248
0.0150138,31.6673
0.0150275,31.7098
0.0150435,31.7528
0.0150562,31.7957
0.0150714,31.8389
0.0150863,31.8822
0.0151013,31.9254
0.015119,31.9688
0.0151337,32.0123
0.0151485,32.0557
0.0151635,32.099
0.0151757,32.1422
0.0151883,32.1851
0.0152046,32.2279
0.0152183,32.2703
0.0152324,32.3126
0.0152493,32.3551
0.0152636,32.3973
0.0152808,32.4395
0.0152949,32.4818
0.0153089,32.5243
0.0153256,32.5667
0.0153422,32.6092
0.0153553,32.6519
0.0153711,32.6949
0.0153866,32.7379
0.0154019,32.7811
0.0154175,32.8241
0.0154333,32.867
0.0154462,32.9098
0.0154624,32.9525
0.015476,32.9952
0.0154897,33.0377
0.0155034,33.0802
0.0155171,33.1226
0.0155306,33.1654
0.015544,33.2078
0.0155599,33.2508
0.0155783,33.2938
0.0155905,33.337
0.0156076,33.3807
0.0156213,33.4246
0.0156345,33.4688
0.0156504,33.513
0.0156632,33.5575
0.015679,33.6016
0.0156919,33.6461
0.0157076,33.6903
0.0157211,33.7345
0.0157317,33.7784
0.0157457,33.8221
0.0157601,33.8658
0.0157746,33.9093
0.0157867,33.9525
0.0157985,33.9959
0.0158136,34.0391
0.0158284,34.0826
0.0158434,34.1258
0.0158551,34.1693
0.0158724,34.213
0.0158866,34.2567
0.0158977,34.3004
0.0159145,34.3441
0.0159286,34.388
0.0159459,34.4315
0.0159634,34.4749
0.0159782,34.5184
0.0159929,34.5619
0.0160078,34.6051
0.01602,34.6483
0.0160382,34.6915
0.0160508,34.7345
0.0160663,34.7777
0.0160815,34.8206
0.0160964,34.8641
0.0161137,34.9078
0.016128,34.9513
0.0161419,34.9952
0.0161581,35.0391
0.0161739,35.0836
0.0161894,35.128
0.0162044,35.1727
0.0162221,35.2176
0.0162366,35.2623
0.0162542,35.3072
0.0162689,35.3521
0.0162838,35.3968
0.016299,35.4415
0.0163147,35.4857
0.0163308,35.5299
0.0163442,35.5741
0.0163578,35.618
0.0163717,35.6617
0.0163887,35.7054
0.0164058,35.7491
0.0164228,35.7928
0.0164396,35.8368
0.0164567,35.8805
0.0164734,35.9244
0.0164875,35.9681
0.0165045,36.0116
0.0165219,36.0553
0.0165424,36.0987
0.0165575,36.1419
0.0165726,36.1851
0.016591,36.2281
0.0166096,36.2711
0.0166253,36.314
0.0166409,36.357
0.0166533,36.4002
0.0166743,36.4434
0.0166894,36.4867
0.016707,36.5301
0.0167242,36.5738
0.0167414,36.6173
0.0167582,36.6612
0.0167778,36.7049
0.0167944,36.7489
0.0168111,36.7928
0.0168279,36.8368
0.0168481,36.8802
0.0168686,36.9237
0.0168898,36.9669
0.0169091,37.0094
0.0169288,37.0518
0.0169494,37.0938
0.0169675,37.1356
0.0169865,37.1771
0.0170061,37.2179
0.0170266,37.2586
0.0170476,37.2989
0.0170692,37.3392
0.0170908,37.3792
0.0171096,37.4193
0.0171321,37.4588
0.0171581,37.4984
0.0171817,37.5374
0.017207,37.5758
0.0202893,36.1383
