"Maximum force",42.1482,"N"
"Gage length ",0.961924,"mm"
"Strain energy",0.488035,"mJ"
"Deformation at maximum force",0.0375375,"mm"
"Standard travel","Standard force"
"mm","N"
0,0.132048
4.44055e-006,0.132696
5.97537e-006,0.133348
1.05649e-005,0.133928
9.28342e-006,0.134539
1.40518e-005,0.135031
1.58325e-005,0.135565
1.771e-005,0.136051
1.95801e-005,0.136543
2.14577e-005,0.137032
2.32756e-005,0.137547
2.50041e-005,0.138104
2.70009e-005,0.138536
2.90573e-005,0.138935
2.84277e-005,0.13924
3.34345e-005,0.139618
3.27379e-005,0.139954
3.48538e-005,0.140322
3.40231e-005,0.140722
3.60198e-005,0.141146
3.53269e-005,0.141481
3.77111e-005,0.141726
3.71896e-005,0.141975
3.65786e-005,0.142265
3.89479e-005,0.142517
3.83444e-005,0.142807
4.05647e-005,0.143127
4.27254e-005,0.14348
4.20734e-005,0.143793
4.1578e-005,0.144029
4.11626e-005,0.144225
4.38299e-005,0.144335
4.34089e-005,0.144538
4.30942e-005,0.144687
4.54932e-005,0.144922
4.50741e-005,0.145126
4.76819e-005,0.145267
4.73205e-005,0.145439
4.71212e-005,0.145534
4.70215e-005,0.145581
4.96889e-005,0.14569
4.92996e-005,0.145878
4.89531e-005,0.146042
4.85731e-005,0.146223
5.1002e-005,0.146442
5.07021e-005,0.146591
5.02402e-005,0.146811
5.00241e-005,0.146913
4.98584e-005,0.146991
5.23767e-005,0.147171
5.22025e-005,0.147257
5.1856e-005,0.147421
5.14425e-005,0.147618
5.10793e-005,0.14779
5.09135e-005,0.147869
5.07645e-005,0.147939
5.0764e-005,0.147939
5.35952e-005,0.147971
5.32413e-005,0.148142
5.28949e-005,0.148307
5.24646e-005,0.148511
5.50425e-005,0.14866
5.76353e-005,0.148809
5.72684e-005,0.148989
5.98314e-005,0.149146
5.93974e-005,0.149357
6.19604e-005,0.149514
6.43595e-005,0.149757
6.68182e-005,0.149969
6.63972e-005,0.150172
6.87367e-005,0.150439
7.11656e-005,0.150666
7.65002e-005,0.150885
7.89738e-005,0.151097
8.13431e-005,0.151347
8.35484e-005,0.151684
8.8436e-005,0.152115
9.06116e-005,0.152468
9.5678e-005,0.152811
0.000100655,0.153212
0.000102816,0.153572
0.000107852,0.153933
0.000112889,0.154309
0.000117985,0.154646
0.000125853,0.155045
0.000130919,0.155398
0.000132886,0.155844
0.000137655,0.156344
0.000142334,0.15687
0.000147161,0.157349
0.000154791,0.157856
0.000162331,0.158413
0.000166771,0.159062
0.000171104,0.159779
0.000178256,0.160515
0.000182458,0.161282
0.000189581,0.162026
0.000196823,0.162731
0.000203976,0.163475
0.000211248,0.164158
0.00021846,0.164871
0.000222692,0.165623
0.000229844,0.166367
0.000239679,0.167206
0.000243911,0.167965
0.000250736,0.168858
0.000257769,0.169666
0.000264832,0.170448
0.000274607,0.171318
0.000281432,0.172218
0.000288018,0.173225
0.000297495,0.17424
0.000306794,0.175354
0.000313261,0.176422
0.00031949,0.177597
0.000328788,0.178688
0.000338086,0.17981
0.000346908,0.181137
0.000353077,0.182343
0.000361839,0.183685
0.00036774,0.185036
0.000376501,0.186386
0.000385383,0.187683
0.000394323,0.188957
0.000403264,0.190239
0.000409195,0.191559
0.000417837,0.19297
0.000426659,0.194298
0.000435361,0.195679
0.000446924,0.197098
0.000452795,0.198441
0.000464359,0.199837
0.000473299,0.201119
0.00048218,0.202431
0.000491121,0.203697
0.000499883,0.205055
0.000511566,0.206398
0.000520327,0.207756
0.00052891,0.20919
0.000537672,0.210556
0.000546375,0.211952
0.000557878,0.213379
0.000566521,0.21479
0.000574746,0.2164
0.000585952,0.217987
0.000597039,0.21962
0.000605324,0.221207
0.000616172,0.222931
0.000624397,0.224548
0.000635603,0.226135
0.000646689,0.22776
0.000658014,0.229263
0.00066916,0.230873
0.000677564,0.232422
0.00068883,0.233955
0.000697353,0.235436
0.000711599,0.236939
0.000720182,0.23838
0.000731447,0.239922
0.000742593,0.241531
0.000753978,0.243019
0.000765124,0.244621
0.000776151,0.2463
0.000787356,0.247871
0.000798383,0.249535
0.000809589,0.251114
0.000820616,0.25277
0.000831642,0.25444
0.00084565,0.25605
0.000856796,0.257668
0.000867763,0.259354
0.000878671,0.261078
0.000892558,0.262749
0.000903347,0.264534
0.000917116,0.266266
0.000928083,0.267952
0.000938931,0.269714
0.000952878,0.271355
0.000966766,0.273033
0.000977674,0.274742
0.000991502,0.276459
0.00100241,0.278183
0.00101332,0.2799
0.00102726,0.28157
0.00104115,0.283241
0.001052,0.284973
0.00106595,0.286644
0.00107966,0.288414
0.00109325,0.290237
0.00110392,0.292069
0.00111441,0.293968
0.00112806,0.295784
0.00114147,0.297669
0.00115214,0.299507
0.00116549,0.301453
0.00117592,0.303391
0.00118927,0.305344
0.00120238,0.307388
0.00121568,0.309341
0.00122915,0.311241
0.00124268,0.31308
0.00125627,0.314903
0.00126717,0.316628
0.00128094,0.318352
0.00129477,0.320061
0.0013089,0.321632
0.00132332,0.323082
0.00133852,0.324127
0.00135712,0.324932
0.00137345,0.325474
0.00139014,0.325842
0.00140683,0.326178
0.00142376,0.326445
0.00144044,0.32679
0.00146023,0.327055
0.00147656,0.327555
0.00149254,0.32826
0.0015109,0.329226
0.0015255,0.330561
0.00153665,0.332178
0.00155018,0.334017
0.00156323,0.336092
0.00157897,0.338259
0.00159166,0.340532
0.00160424,0.342836
0.00161664,0.345217
0.00162945,0.347399
0.00164328,0.349123
0.00165812,0.350336
0.00167684,0.351133
0.00169317,0.35166
0.00170998,0.351965
0.00173048,0.351887
0.00174896,0.351349
0.00176815,0.350548
0.00178818,0.349305
0.0018113,0.348023
0.00183002,0.34739
0.0018479,0.34717
0.00186757,0.347491
0.00188366,0.348116
0.00189964,0.348853
0.0019146,0.35002
0.00193165,0.351538
0.00194536,0.353354
0.00196121,0.35546
0.00197391,0.357718
0.00198666,0.359931
0.0019993,0.362204
0.00201193,0.364493
0.00202433,0.366873
0.00203929,0.369437
0.00205121,0.372031
0.00206588,0.374747
0.00207744,0.377539
0.00208864,0.380484
0.00209943,0.383627
0.00211296,0.386862
0.00212626,0.390189
0.00213967,0.3935
0.0021501,0.396811
0.00216339,0.400168
0.0021737,0.403525
0.00218663,0.407019
0.00219659,0.41059
0.00220917,0.414267
0.00221882,0.417944
0.00223128,0.421698
0.00224344,0.425574
0.00225244,0.429541
0.00226406,0.433692
0.0022758,0.437781
0.00228427,0.442023
0.00229887,0.446143
0.00230745,0.450324
0.00231598,0.454566
0.0023273,0.458808
0.00233857,0.463111
0.00235001,0.467352
0.00236116,0.471686
0.00237242,0.476019
0.00238345,0.480414
0.00239448,0.484839
0.00240526,0.489356
0.00241289,0.493994
0.00242636,0.498663
0.00243393,0.503333
0.00244437,0.508032
0.00245456,0.512854
0.00246469,0.517706
0.00247476,0.522559
0.00248466,0.527503
0.00249527,0.532111
0.0025091,0.536566
0.00251732,0.540961
0.00253127,0.545355
0.0025392,0.549872
0.00255302,0.554328
0.00256381,0.558844
0.0025746,0.563391
0.00258521,0.567999
0.00259874,0.572608
0.00260864,0.577551
0.00261805,0.582739
0.00262747,0.587897
0.00263981,0.593085
0.00264929,0.598242
0.00266133,0.603552
0.00267056,0.608801
0.00268284,0.61402
0.00269226,0.619177
0.00270478,0.624304
0.00271402,0.629553
0.00272612,0.634833
0.00273822,0.640112
0.00275038,0.645361
0.00276253,0.650641
0.00277177,0.65589
0.00278393,0.66117
0.00279591,0.66648
0.00280783,0.671851
0.00281678,0.677252
0.00282858,0.682684
0.00284026,0.688178
0.00284896,0.693701
0.00286041,0.699286
0.00287483,0.70484
0.00288633,0.710425
0.0028948,0.71604
0.00290636,0.721594
0.00291804,0.727057
0.00292955,0.732611
0.00294147,0.738013
0.00295327,0.743445
0.00296513,0.748816
0.00297705,0.754187
0.00298897,0.759558
0.00299845,0.764716
0.00301752,0.769446
0.00303177,0.773718
0.00306276,0.770041
0.003099,0.76525
0.00312952,0.760459
0.00316576,0.755698
0.003202,0.750907
0.00323538,0.746085
0.00327019,0.740653
0.003305,0.735129
0.00333933,0.72988
0.00337271,0.725058
0.0033866,0.728156
0.00340132,0.732184
0.00341693,0.735816
0.00343029,0.739127
0.00344662,0.742392
0.00346295,0.745658
0.00347833,0.749411
0.00349007,0.75347
0.00350545,0.757239
0.0035182,0.76084
0.00353656,0.764502
0.00354878,0.768378
0.00356261,0.772833
0.00357298,0.777564
0.00358597,0.782416
0.00359599,0.787329
0.00360838,0.792456
0.00361911,0.797034
0.00363312,0.801398
0.00364361,0.806067
0.00365994,0.810706
0.00367073,0.815253
0.0036845,0.819739
0.00369827,0.824225
0.00371377,0.827948
0.00372962,0.831397
0.00374583,0.834723
0.00375787,0.838721
0.00376824,0.843421
0.0037816,0.84812
0.00379459,0.852973
0.00380758,0.857825
0.00381801,0.862525
0.00383446,0.867133
0.00384347,0.872504
0.00385205,0.878089
0.00386355,0.883673
0.00387678,0.888403
0.00388787,0.892798
0.00390224,0.897009
0.00392024,0.90087
0.00393293,0.904501
0.00394795,0.908408
0.00396279,0.912375
0.0039777,0.916312
0.00399248,0.92034
0.00400684,0.924582
0.00401954,0.929556
0.00403164,0.934866
0.00404326,0.94036
0.00405417,0.946189
0.00406442,0.952384
0.00407467,0.958548
0.00408498,0.964652
0.00409941,0.970206
0.00411145,0.975546
0.00412659,0.980765
0.0041391,0.985861
0.00415401,0.989798
0.00417809,0.990813
0.00420169,0.990614
0.00422935,0.989935
0.00425748,0.988978
0.00428573,0.988001
0.00430981,0.987574
0.00433365,0.987324
0.00435762,0.986987
0.00438146,0.986689
0.00440303,0.987486
0.00441865,0.991103
0.00443498,0.995772
0.00444476,1.00078
0.00446014,1.0059
0.00447235,1.01112
0.00448451,1.01637
0.00449655,1.02168
0.00450865,1.02699
0.00452051,1.03236
0.00453524,1.03779
0.0045468,1.04332
0.00455842,1.04884
0.00457285,1.0544
0.00458399,1.06013
0.00459514,1.06587
0.00460915,1.07161
0.00462029,1.07735
0.00463436,1.08308
0.00464551,1.08882
0.00465963,1.09453
0.0046709,1.10023
0.00468484,1.106
0.00469587,1.1118
0.00471,1.11751
0.00472126,1.12318
0.00473539,1.12886
0.00474648,1.13463
0.0047634,1.14039
0.00477461,1.1461
0.00478874,1.15181
0.00479982,1.15758
0.00481365,1.1634
0.00482754,1.16923
0.00484107,1.17522
0.00485174,1.18117
0.00486539,1.18709
0.00487916,1.19298
0.00488994,1.19887
0.00490365,1.20476
0.00491718,1.21077
0.00493071,1.21675
0.0049443,1.2227
0.00495497,1.22865
0.00496856,1.23463
0.00498179,1.24074
0.00499187,1.24699
0.0050048,1.25325
0.00501768,1.25954
0.00503037,1.26594
0.00504301,1.27232
0.0050557,1.27873
0.0050684,1.28511
0.00508116,1.29146
0.00509445,1.29756
0.0051084,1.30333
0.00512276,1.30894
0.00513736,1.31441
0.00515203,1.31987
0.00516669,1.3253
0.00518153,1.33067
0.00519339,1.33607
0.00521103,1.34148
0.0052257,1.34694
0.0052397,1.35267
0.00525317,1.35869
0.00526605,1.365
0.00527571,1.37144
0.00529055,1.37816
0.00530241,1.38493
0.00531391,1.39189
0.00532524,1.39894
0.00533632,1.40608
0.00535003,1.41334
0.00536082,1.42064
0.00537155,1.42796
0.0053849,1.43538
0.00539229,1.44292
0.00540552,1.45042
0.00541578,1.45796
0.00542591,1.46556
0.00543872,1.47325
0.00544844,1.48103
0.00546084,1.48891
0.00547008,1.4969
0.00548188,1.50514
0.00549374,1.51326
0.00550238,1.52156
0.00551383,1.52992
0.00552205,1.5384
0.00553302,1.54701
0.00554393,1.55556
0.00555471,1.56428
0.00556544,1.57295
0.00557623,1.58162
0.0055869,1.59028
0.00559775,1.59895
0.00560836,1.60768
0.00561903,1.61641
0.00562678,1.62514
0.00563757,1.6338
0.00564812,1.64259
0.00565884,1.65126
0.00566963,1.65993
0.00568328,1.66859
0.00569425,1.6772
0.00570504,1.68587
0.005716,1.69441
0.00572691,1.70302
0.00573782,1.71162
0.00574873,1.72023
0.00575987,1.72877
0.00577078,1.73732
0.00578139,1.74611
0.00579194,1.75484
0.00580237,1.76369
0.00581578,1.77247
0.00582615,1.78132
0.00583659,1.79017
0.0058469,1.79909
0.00585709,1.808
0.0058674,1.81691
0.00587777,1.82576
0.00589106,1.83461
0.00590149,1.8434
0.00591198,1.85225
0.00592569,1.86091
0.00594143,1.86861
0.0059543,1.87627
0.00596724,1.88389
0.00598297,1.89162
0.00599859,1.89937
0.00601105,1.90718
0.00602643,1.91505
0.00603864,1.92305
0.00605355,1.93117
0.00606493,1.93953
0.00607703,1.94893
0.00608895,1.95845
0.00610057,1.96809
0.00611208,1.9778
0.00612054,1.98756
0.00613187,1.99733
0.00614319,2.00715
0.0061544,2.01698
0.00616554,2.02681
0.00617669,2.0367
0.00618778,2.04658
0.00619916,2.05635
0.00621364,2.06605
0.00622556,2.07551
0.00623761,2.08497
0.0062497,2.09437
0.00626186,2.10377
0.00627414,2.11311
0.00628654,2.12239
0.006299,2.13167
0.00631175,2.14076
0.00632415,2.15004
0.00633935,2.15932
0.00635419,2.16884
0.00636641,2.17818
0.00637893,2.18739
0.00639431,2.19667
0.0064098,2.20582
0.00642238,2.21504
0.00643776,2.22426
0.00644998,2.23366
0.00646214,2.24299
0.00647728,2.25239
0.00648943,2.26179
0.00650094,2.27144
0.00651202,2.28139
0.00652293,2.29133
0.00653646,2.30147
0.00654701,2.3116
0.00656045,2.32182
0.00657082,2.33201
0.00658114,2.34226
0.00659401,2.3527
0.00660402,2.36314
0.00661434,2.37339
0.00662751,2.38365
0.00663782,2.39396
0.00665099,2.40421
0.00666136,2.41447
0.0066746,2.42472
0.00668515,2.43485
0.0066985,2.44505
0.00671203,2.45518
0.00672264,2.46531
0.00673581,2.47556
0.00674606,2.48588
0.00675625,2.49619
0.00676913,2.50663
0.00678176,2.51713
0.0067941,2.52787
0.0068062,2.53861
0.00681812,2.54954
0.00682998,2.5604
0.00683893,2.57133
0.00685055,2.58238
0.00686217,2.59342
0.00687373,2.60441
0.0068856,2.61534
0.00689472,2.62614
0.00691045,2.63658
0.0069235,2.64695
0.00693692,2.65714
0.00695039,2.66728
0.00696404,2.67735
0.00698061,2.68736
0.00699449,2.69737
0.0070082,2.70738
0.00702489,2.71739
0.00703842,2.72746
0.00705124,2.73796
0.0070665,2.74864
0.00707866,2.75938
0.00709344,2.7703
0.00710506,2.78129
0.00711954,2.79234
0.00713385,2.80345
0.00714517,2.81462
0.00715626,2.82591
0.00717009,2.83726
0.00718124,2.84849
0.00719548,2.85966
0.00720973,2.87083
0.00722117,2.88194
0.00723285,2.89292
0.00724793,2.90367
0.00726069,2.91416
0.00727416,2.9243
0.00729121,2.93412
0.00730873,2.9437
0.00732333,2.95335
0.00734098,2.96287
0.007356,2.97233
0.00737388,2.98173
0.00739128,2.99137
0.00740541,3.0012
0.00741906,3.01127
0.00743491,3.02165
0.00744755,3.03221
0.00746281,3.04283
0.00747807,3.05351
0.00749052,3.06419
0.0075031,3.07475
0.00751896,3.08512
0.0075326,3.09519
0.00755239,3.10508
0.0075667,3.11485
0.00758118,3.12455
0.00759859,3.1342
0.00761599,3.14384
0.00763053,3.15348
0.00764794,3.16313
0.00766475,3.17307
0.00768132,3.18315
0.00769741,3.1934
0.00771315,3.20384
0.0077256,3.21446
0.0077436,3.22526
0.00775541,3.23619
0.00777055,3.24693
0.00778569,3.25767
0.00780065,3.26847
0.00781561,3.27928
0.00783075,3.29002
0.00784559,3.30088
0.00786049,3.31175
0.00787521,3.32261
0.00788993,3.33354
0.0079046,3.34452
0.00792164,3.35569
0.00793577,3.36692
0.00794966,3.37827
0.00796331,3.38969
0.00797672,3.40129
0.00799019,3.41276
0.00800652,3.42436
0.00801701,3.43589
0.00803334,3.44743
0.00804991,3.45884
0.00806356,3.47032
0.00807721,3.48173
0.00809098,3.49314
0.00810469,3.5045
0.0081215,3.51585
0.00813252,3.52714
0.00814933,3.53843
0.0081606,3.54966
0.00817753,3.56089
0.00818879,3.57212
0.00820274,3.58341
0.00821752,3.59428
0.00823516,3.60386
0.00825352,3.61302
0.0082695,3.62199
0.00829131,3.63096
0.00831027,3.63987
0.00832624,3.64884
0.00834507,3.65782
0.00836391,3.66679
0.00838251,3.67588
0.00840063,3.68522
0.008416,3.69584
0.00842793,3.70671
0.00844229,3.71781
0.00845671,3.72886
0.00847096,3.74003
0.00848527,3.75114
0.00849951,3.76231
0.00851399,3.77336
0.00852842,3.7844
0.00854028,3.79533
0.00855804,3.80619
0.00857008,3.817
0.00858492,3.82786
0.00859696,3.83872
0.00861485,3.84947
0.0086301,3.86021
0.00864518,3.87095
0.00865991,3.88188
0.00867481,3.89274
0.00869209,3.90379
0.00870628,3.91502
0.00872041,3.92625
0.00873471,3.93736
0.00874896,3.94853
0.00876624,3.95957
0.00878078,3.97062
0.00879604,3.98124
0.00881238,3.99143
0.00882942,4.00126
0.00884683,4.0109
0.00886471,4.02036
0.00888271,4.0297
0.00890071,4.0391
0.00891895,4.04838
0.00893743,4.05754
0.0089559,4.06669
0.00897402,4.07597
0.00899155,4.08561
0.00900883,4.09532
0.009026,4.10508
0.00904305,4.11491
0.00906009,4.12473
0.00907726,4.1345
0.0090918,4.14414
0.00910909,4.15385
0.00912625,4.16361
0.0091433,4.17344
0.00916011,4.18339
0.00917656,4.19352
0.00919265,4.20378
0.00920863,4.21409
0.00922412,4.22465
0.00923664,4.23527
0.0092544,4.24613
0.00926907,4.25712
0.00928355,4.26811
0.00929768,4.2794
0.00931168,4.29063
0.00932539,4.30204
0.00933916,4.31346
0.00935269,4.32493
0.00936616,4.3364
0.00937928,4.34812
0.00939209,4.35996
0.00940473,4.37187
0.00941724,4.38383
0.00943244,4.39591
0.00944436,4.40818
0.00945617,4.42051
0.00947059,4.43296
0.00948203,4.44541
0.0094933,4.45799
0.00950433,4.47068
0.00951827,4.48338
0.009529,4.49619
0.00954247,4.50907
0.009556,4.52195
0.00956649,4.53489
0.00957704,4.54777
0.00959057,4.56065
0.00960112,4.57353
0.00961471,4.5864
0.00962598,4.59898
0.00963748,4.61143
0.00965226,4.6237
0.00966752,4.63572
0.0096807,4.64744
0.00969566,4.65824
0.00971139,4.66868
0.00973023,4.679
0.00974644,4.68925
0.00976265,4.69944
0.00977863,4.70982
0.0097971,4.72032
0.0098126,4.73094
0.00982798,4.7415
0.0098427,4.75248
0.00985575,4.7642
0.00987113,4.77616
0.00988329,4.78831
0.00989837,4.80046
0.00991077,4.81248
0.00992305,4.82456
0.00993545,4.83659
0.00995082,4.84855
0.00996328,4.86057
0.00997854,4.87266
0.009991,4.88468
0.0100061,4.89677
0.0100184,4.90891
0.0100333,4.92112
0.0100449,4.93351
0.0100592,4.94596
0.0100707,4.95848
0.0100849,4.97099
0.010099,4.98362
0.0101129,4.99632
0.0101239,5.00901
0.0101375,5.02183
0.0101484,5.03459
0.0101621,5.04734
0.0101757,5.06022
0.0101922,5.07304
0.0102028,5.08598
0.0102161,5.09892
0.0102292,5.11198
0.0102424,5.12498
0.0102553,5.13816
0.0102682,5.15135
0.010278,5.16465
0.0102935,5.17796
0.0103062,5.1912
0.0103188,5.20451
0.0103313,5.21787
0.0103436,5.2313
0.0103561,5.24467
0.0103687,5.25797
0.0103789,5.27104
0.0103922,5.28404
0.0104055,5.29704
0.0104189,5.30998
0.0104324,5.32285
0.0104461,5.33561
0.010457,5.34837
0.0104709,5.36112
0.0104846,5.37382
0.0104984,5.38664
0.0105147,5.39958
0.010528,5.41252
0.0105411,5.42558
0.0105538,5.43888
0.0105664,5.45219
0.0105816,5.46562
0.0105937,5.47917
0.0106058,5.49272
0.0106208,5.50627
0.0106326,5.52
0.0106472,5.53373
0.0106616,5.54759
0.01067,5.5615
0.0106813,5.57542
0.0106952,5.58946
0.0107092,5.60356
0.0107231,5.61759
0.0107367,5.63181
0.0107528,5.64622
0.0107631,5.66062
0.010776,5.67515
0.0107889,5.68974
0.0108046,5.70432
0.0108147,5.71879
0.0108304,5.73338
0.0108433,5.74796
0.0108562,5.76249
0.0108719,5.77708
0.010882,5.7916
0.0108978,5.80613
0.0109108,5.82066
0.0109236,5.83525
0.0109366,5.84971
0.0109494,5.8643
0.0109624,5.87882
0.0109753,5.89341
0.010991,5.90794
0.011001,5.92253
0.0110169,5.93699
0.011027,5.95152
0.01104,5.96598
0.0110532,5.98045
0.0110662,5.99491
0.0110796,6.00926
0.0110928,6.0236
0.0111061,6.038
0.0111224,6.05235
0.0111358,6.06663
0.0111492,6.08097
0.0111625,6.09525
0.011176,6.10954
0.0111895,6.12382
0.0112062,6.13792
0.01122,6.15208
0.0112367,6.16618
0.0112475,6.18034
0.0112642,6.1945
0.0112774,6.2089
0.0112906,6.22331
0.0113063,6.23789
0.011322,6.25248
0.0113345,6.26719
0.0113497,6.28202
0.0113646,6.29704
0.0113767,6.31199
0.0113887,6.32688
0.0114037,6.34184
0.011416,6.35667
0.0114314,6.37144
0.0114469,6.38615
0.0114595,6.40086
0.0114751,6.41545
0.0114909,6.42997
0.0115041,6.44444
0.0115201,6.4589
0.0115361,6.47331
0.0115492,6.48777
0.0115624,6.50218
0.0115784,6.51664
0.0115976,6.53098
0.0116109,6.54533
0.0116271,6.55967
0.0116403,6.57414
0.0116536,6.58842
0.0116698,6.60276
0.0116862,6.61711
0.0116997,6.63133
0.0117171,6.64506
0.0117324,6.65855
0.0117478,6.67185
0.0117664,6.6851
0.0117853,6.69822
0.0118013,6.71128
0.0118204,6.72428
0.0118367,6.73716
0.0118534,6.74992
0.0118732,6.76261
0.0118923,6.77561
0.0119078,6.78886
0.0119234,6.80216
0.0119416,6.81553
0.0119597,6.82902
0.0119777,6.84251
0.0119956,6.85612
0.012013,6.86991
0.0120302,6.88377
0.0120471,6.89781
0.0120669,6.91184
0.0120837,6.92588
0.0121033,6.94004
0.0121172,6.95414
0.012134,6.96824
0.0121507,6.98234
0.0121672,6.9965
0.012184,7.0106
0.0122006,7.02476
0.0122173,7.03892
0.012234,7.05302
0.0122507,7.06718
0.0122675,7.08128
0.0122842,7.09538
0.0123009,7.10948
0.0123179,7.12345
0.0123323,7.13731
0.0123496,7.1511
0.0123643,7.16483
0.0123821,7.17845
0.0124,7.192
0.0124152,7.20542
0.0124334,7.21885
0.0124487,7.23228
0.0124671,7.24558
0.0124853,7.25901
0.0125008,7.27232
0.0125164,7.28556
0.012535,7.29875
0.012554,7.31181
0.0125726,7.32505
0.0125884,7.33824
0.0126069,7.35154
0.0126224,7.36479
0.0126407,7.37821
0.0126589,7.39158
0.012677,7.40507
0.012695,7.41856
0.012713,7.43205
0.0127281,7.4456
0.0127463,7.45896
0.0127648,7.47227
0.0127837,7.48539
0.0128028,7.49833
0.0128193,7.51121
0.0128392,7.52378
0.0128597,7.53611
0.0128778,7.5482
0.0128995,7.55992
0.0129213,7.57163
0.0129436,7.58311
0.0129631,7.59458
0.0129882,7.60606
0.0130075,7.61753
0.0130301,7.62895
0.0130495,7.64036
0.0130714,7.65202
0.0130903,7.6638
0.0131084,7.67582
0.0131294,7.68791
0.0131471,7.70017
0.0131679,7.71238
0.013186,7.72447
0.013204,7.73661
0.0132221,7.74864
0.0132403,7.76066
0.0132587,7.77262
0.0132769,7.78465
0.0132952,7.79667
0.0133165,7.80863
0.0133321,7.82047
0.013351,7.83219
0.0133702,7.84379
0.0133925,7.85526
0.0134118,7.8668
0.013431,7.87834
0.0134502,7.88993
0.0134692,7.90153
0.0134935,7.91203
0.0135217,7.91938
0.0135539,7.92613
0.0135832,7.9329
0.0136124,7.93971
0.0136417,7.94648
0.0136744,7.95307
0.0137048,7.95933
0.0137355,7.9654
0.0137696,7.97123
0.0137969,7.97761
0.0138208,7.98695
0.013844,7.99659
0.0138676,8.00611
0.0138915,8.01545
0.0139159,8.02448
0.0139406,8.03352
0.0139619,8.04267
0.013986,8.05195
0.0140071,8.06123
0.0140303,8.07081
0.0140534,8.08064
0.0140731,8.09052
0.0140956,8.1006
0.0141151,8.11054
0.0141378,8.12049
0.014155,8.1302
0.014181,8.13856
0.0142078,8.14515
0.0142362,8.15098
0.0142657,8.15632
0.0142955,8.16148
0.014325,8.16673
0.0143547,8.17195
0.0143839,8.17738
0.0144131,8.18284
0.0144417,8.18858
0.0144644,8.19575
0.0144865,8.20458
0.0145008,8.21428
0.01452,8.22447
0.0145357,8.23491
0.0145543,8.24541
0.01457,8.25585
0.0145884,8.26641
0.0146036,8.27715
0.0146183,8.28807
0.0146365,8.29869
0.0146493,8.30919
0.0146677,8.31975
0.0146833,8.33031
0.0146989,8.34075
0.0147148,8.35118
0.0147331,8.36174
0.0147516,8.3723
0.0147697,8.38298
0.0147853,8.39348
0.0148032,8.40428
0.0148152,8.41515
0.0148332,8.42589
0.0148513,8.43663
0.0148661,8.4475
0.0148838,8.45836
0.014899,8.4691
0.014917,8.47978
0.0149323,8.49053
0.0149472,8.50133
0.0149652,8.51207
0.0149831,8.52294
0.0150011,8.53368
0.0150165,8.54424
0.0150354,8.55455
0.0150518,8.56475
0.0150714,8.57469
0.0150882,8.58464
0.0151084,8.59441
0.015126,8.60393
0.0151464,8.61351
0.0151642,8.62303
0.0151819,8.63256
0.0152026,8.64202
0.0152203,8.65154
0.0152383,8.66094
0.015257,8.66997
0.0152794,8.67858
0.0152996,8.68694
0.0153233,8.69499
0.0153452,8.70256
0.0153703,8.70992
0.0153926,8.71727
0.0154149,8.72463
0.0154367,8.7322
0.0154611,8.73989
0.015482,8.74794
0.0155022,8.75624
0.0155224,8.76461
0.0155416,8.77339
0.0155632,8.78243
0.0155814,8.79164
0.0155996,8.80098
0.0156175,8.81038
0.0156356,8.81972
0.0156536,8.82912
0.015674,8.8387
0.0156916,8.84835
0.0157112,8.85829
0.0157279,8.86824
0.015747,8.8785
0.0157604,8.88869
0.0157797,8.89882
0.0157959,8.90901
0.0158152,8.91921
0.0158312,8.92952
0.0158503,8.93978
0.0158661,8.95015
0.0158821,8.96047
0.0158988,8.97048
0.0159186,8.98036
0.0159356,8.99019
0.0159527,9.00008
0.0159701,9.00972
0.0159875,9.01937
0.0160082,9.02883
0.0160302,9.03633
0.0160584,9.04085
0.0160879,9.04482
0.0161175,9.04863
0.0161476,9.05233
0.0161781,9.05576
0.0162064,9.05892
0.0162404,9.06205
0.0162691,9.06497
0.0163008,9.06784
0.0163287,9.07254
0.0163479,9.07996
0.0163663,9.08777
0.0163873,9.09571
0.0164052,9.1037
0.0164256,9.112
0.0164427,9.12036
0.0164599,9.12879
0.0164772,9.13715
0.0164947,9.14533
0.0165125,9.15345
0.0165302,9.16156
0.0165477,9.16986
0.0165649,9.17823
0.0165821,9.18659
0.0165993,9.19495
0.0166194,9.20331
0.0166363,9.21186
0.0166529,9.22052
0.016672,9.22937
0.0166852,9.23828
0.0167011,9.24732
0.0167169,9.25629
0.0167355,9.26538
0.0167513,9.27442
0.0167671,9.28351
0.0167827,9.29261
0.0167988,9.30152
0.0168152,9.31031
0.016832,9.31885
0.016849,9.32727
0.0168692,9.3357
0.0168868,9.34381
0.0169046,9.35199
0.0169254,9.35993
0.0169435,9.36792
0.0169619,9.37574
0.0169804,9.38355
0.0169987,9.39133
0.0170169,9.39926
0.0170381,9.40714
0.0170563,9.41501
0.0170744,9.42295
0.0170928,9.43082
0.0171114,9.43854
0.0171333,9.44602
0.0171528,9.45334
0.0171717,9.46088
0.0171883,9.4682
0.0172075,9.47562
0.0172264,9.48319
0.0172423,9.49079
0.0172608,9.4986
0.0172791,9.50638
0.0172974,9.51425
0.0173157,9.52207
0.0173338,9.53006
0.017352,9.53794
0.0173673,9.54581
0.0173864,9.55335
0.0174037,9.56031
0.0174247,9.5669
0.0174464,9.57318
0.0174685,9.57917
0.0174881,9.58506
0.0175105,9.59095
0.0175335,9.59659
0.0175541,9.60196
0.0175776,9.60736
0.017601,9.6128
0.0176236,9.61859
0.0176464,9.62439
0.0176662,9.63016
0.0176888,9.63593
0.0177115,9.6417
0.0177341,9.64749
0.0177538,9.65335
0.0177762,9.65921
0.0177986,9.66516
0.0178181,9.67108
0.0178406,9.67697
0.0178604,9.68268
0.0178832,9.68848
0.0179,9.69425
0.0179225,9.70014
0.0179447,9.70612
0.0179667,9.71222
0.0179883,9.71851
0.018007,9.7248
0.0180312,9.73123
0.0180492,9.73786
0.0180665,9.74485
0.0180868,9.75174
0.0181042,9.75867
0.0181217,9.76548
0.0181422,9.77234
0.0181627,9.77915
0.0181834,9.7858
0.0182016,9.79239
0.0182196,9.79898
0.0182407,9.80551
0.0182589,9.81201
0.0182789,9.81906
0.018296,9.82614
0.0183123,9.83356
0.0183316,9.84095
0.0183477,9.84848
0.0183633,9.8562
0.0183787,9.86408
0.0183938,9.87207
0.0184089,9.88007
0.0184238,9.88813
0.0184392,9.896
0.0184573,9.90393
0.0184698,9.91181
0.0184881,9.91968
0.0185035,9.92749
0.0185191,9.93528
0.0185317,9.94309
0.0185502,9.95087
0.0185628,9.95868
0.0185781,9.96649
0.0185936,9.97431
0.0186091,9.98212
0.0186249,9.98984
0.0186405,9.99756
0.018656,10.0054
0.0186715,10.0132
0.0186898,10.021
0.0187053,10.0288
0.0187208,10.0366
0.0187365,10.0444
0.0187517,10.0523
0.0187667,10.0603
0.0187816,10.0685
0.0187963,10.0766
0.0188109,10.0849
0.0188253,10.0932
0.0188398,10.1015
0.0188542,10.1098
0.0188685,10.1181
0.0188828,10.1265
0.0188974,10.1348
0.0189122,10.1429
0.018927,10.1511
0.0189419,10.1592
0.0189599,10.1671
0.0189749,10.1752
0.0189901,10.1831
0.0190053,10.1911
0.0190235,10.199
0.0190389,10.2069
0.019057,10.2148
0.0190721,10.2228
0.0190873,10.2307
0.0191022,10.2388
0.0191201,10.2468
0.0191352,10.2549
0.0191505,10.2628
0.0191661,10.2705
0.0191848,10.2782
0.0192005,10.2859
0.0192166,10.2934
0.0192358,10.3008
0.0192525,10.3081
0.0192723,10.3152
0.0192865,10.3223
0.0193069,10.3292
0.0193211,10.3362
0.019338,10.3434
0.0193547,10.3506
0.0193717,10.3577
0.0193884,10.3649
0.019405,10.3722
0.0194211,10.3797
0.0194369,10.3874
0.0194555,10.3951
0.019471,10.4029
0.0194868,10.4106
0.0195021,10.4184
0.0195204,10.4263
0.0195358,10.4341
0.0195512,10.442
0.0195671,10.4496
0.0195828,10.4573
0.0195993,10.4647
0.0196157,10.472
0.0196324,10.4793
0.0196522,10.4865
0.0196722,10.4935
0.0196868,10.5004
0.0197043,10.5072
0.0197249,10.5139
0.0197427,10.5207
0.0197613,10.527
0.0197837,10.533
0.0198037,10.5386
0.0198215,10.5439
0.0198451,10.5493
0.0198658,10.5546
0.0198868,10.5598
0.0199079,10.565
0.0199294,10.5699
0.0199511,10.5748
0.0199727,10.5797
0.0199934,10.585
0.0200138,10.5905
0.0200343,10.596
0.0200548,10.6014
0.0200727,10.6067
0.020096,10.6122
0.0201167,10.6176
0.0201367,10.6232
0.0201535,10.629
0.0201758,10.635
0.0201922,10.641
0.0202143,10.647
0.0202301,10.6533
0.0202484,10.6598
0.0202665,10.6664
0.0202816,10.673
0.0202994,10.6797
0.020317,10.6865
0.0203348,10.6933
0.0203521,10.7002
0.0203662,10.7073
0.020386,10.7144
0.0204026,10.7217
0.0204162,10.729
0.0204323,10.7366
0.0204482,10.7442
0.0204634,10.7521
0.0204755,10.7602
0.020487,10.7684
0.0204984,10.7769
0.0205149,10.7855
0.0205254,10.7944
0.0205354,10.8034
0.0205446,10.8128
0.0205567,10.8222
0.0205685,10.8318
0.020577,10.8415
0.0205885,10.8512
0.0205997,10.8611
0.020608,10.8709
0.0206191,10.8808
0.02063,10.8908
0.020638,10.9008
0.0206488,10.9108
0.0206596,10.9208
0.0206701,10.931
0.0206807,10.9412
0.0206938,10.9515
0.0207041,10.9617
0.020714,10.9722
0.0207238,10.9827
0.0207336,10.9932
0.0207431,11.0038
0.0207526,11.0145
0.0207649,11.0252
0.0207716,11.0358
0.0207842,11.0464
0.020794,11.0569
0.0208036,11.0674
0.0208161,11.0781
0.0208256,11.0887
0.0208349,11.0995
0.0208471,11.1102
0.0208563,11.121
0.0208682,11.1319
0.0208771,11.1428
0.0208887,11.1539
0.0209002,11.165
0.0209116,11.1761
0.02092,11.1873
0.0209314,11.1984
0.0209397,11.2096
0.0209512,11.2207
0.0209624,11.2319
0.0209736,11.2431
0.0209848,11.2543
0.0209958,11.2656
0.0210073,11.2767
0.0210192,11.2876
0.0210317,11.2982
0.0210447,11.3086
0.0210578,11.3189
0.0210741,11.3291
0.0210874,11.3394
0.0211007,11.3496
0.0211138,11.3599
0.0211271,11.3701
0.0211399,11.3806
0.0211524,11.3912
0.0211645,11.4019
0.0211761,11.413
0.0211873,11.4242
0.0211984,11.4355
0.0212094,11.4468
0.0212206,11.458
0.0212318,11.4692
0.021243,11.4805
0.0212566,11.4919
0.0212675,11.5033
0.0212782,11.5148
0.0212889,11.5262
0.0213025,11.5377
0.0213133,11.5491
0.0213269,11.5605
0.0213376,11.572
0.0213516,11.5833
0.0213627,11.5945
0.021377,11.6057
0.0213882,11.6169
0.0214021,11.6282
0.0214133,11.6395
0.0214272,11.6508
0.0214379,11.6622
0.0214524,11.6732
0.0214641,11.6843
0.0214785,11.6953
0.0214927,11.7065
0.0215069,11.7177
0.0215183,11.7288
0.0215353,11.7399
0.0215467,11.7512
0.0215641,11.7621
0.0215789,11.7731
0.0215959,11.7843
0.0216098,11.7956
0.0216237,11.8069
0.0216407,11.8181
0.0216618,11.8261
0.0216887,11.8326
0.0217135,11.8388
0.0217382,11.845
0.0217656,11.8512
0.0217931,11.8575
0.0218176,11.8638
0.0218421,11.8701
0.0218667,11.8763
0.0218942,11.8825
0.0219116,11.8922
0.0219259,11.9034
0.0219398,11.9147
0.0219538,11.9259
0.021965,11.9372
0.0219789,11.9485
0.0219926,11.9599
0.0220063,11.9713
0.0220202,11.9826
0.022034,11.994
0.0220478,12.0054
0.0220618,12.0166
0.0220727,12.028
0.0220861,12.0395
0.0220993,12.0512
0.0221095,12.0629
0.0221227,12.0746
0.0221356,12.0863
0.0221484,12.0982
0.0221609,12.1102
0.0221732,12.1222
0.022185,12.1346
0.0221966,12.147
0.0222078,12.1596
0.0222189,12.1722
0.0222301,12.1848
0.0222437,12.1977
0.022254,12.2107
0.0222639,12.2238
0.0222738,12.2371
0.0222834,12.2505
0.022293,12.2638
0.0223024,12.2773
0.0223147,12.2907
0.022324,12.3042
0.0223328,12.318
0.0223446,12.3316
0.0223534,12.3454
0.0223653,12.359
0.0223771,12.3727
0.022389,12.3864
0.0223978,12.4001
0.0224096,12.4138
0.0224214,12.4275
0.0224332,12.4412
0.022445,12.4549
0.0224568,12.4685
0.0224686,12.4822
0.02248,12.4962
0.0224912,12.5101
0.0224996,12.524
0.0225109,12.5379
0.0225222,12.5519
0.0225367,12.5657
0.0225452,12.5796
0.0225598,12.5933
0.0225713,12.6071
0.0225807,12.6206
0.0225965,12.6337
0.0226067,12.6468
0.02262,12.6598
0.0226332,12.6728
0.0226463,12.6859
0.0226564,12.699
0.0226723,12.7122
0.0226849,12.7255
0.0226976,12.7388
0.0227094,12.7524
0.0227231,12.7666
0.0227339,12.7808
0.0227412,12.7952
0.0227512,12.8097
0.0227641,12.8243
0.0227738,12.839
0.0227833,12.8537
0.0227956,12.8686
0.0228046,12.8836
0.0228137,12.8986
0.0228256,12.9136
0.0228371,12.9288
0.0228486,12.944
0.0228572,12.9593
0.0228685,12.9745
0.0228798,12.9899
0.022888,13.0052
0.0228991,13.0206
0.0229105,13.0359
0.0229216,13.0513
0.0229327,13.0667
0.0229437,13.0821
0.0229548,13.0976
0.0229689,13.113
0.0229771,13.1283
0.0229884,13.1437
0.0229996,13.159
0.0230135,13.1744
0.0230279,13.1882
0.0230517,13.1976
0.0230797,13.205
0.0231102,13.2112
0.0231448,13.2168
0.0231812,13.2202
0.0232251,13.2201
0.0232742,13.2189
0.0233214,13.2171
0.0233701,13.2148
0.0234135,13.2136
0.0234521,13.2159
0.0234852,13.2194
0.0235174,13.2234
0.0235498,13.2274
0.0235787,13.233
0.0235981,13.2417
0.0236188,13.2511
0.0236366,13.2607
0.023657,13.2702
0.0236745,13.2799
0.023694,13.29
0.0237127,13.3003
0.0237308,13.3111
0.0237455,13.322
0.0237597,13.3332
0.0237794,13.3445
0.0237931,13.3559
0.0238065,13.3675
0.0238226,13.3791
0.0238356,13.3909
0.0238509,13.4028
0.0238633,13.4149
0.0238785,13.427
0.0238907,13.4391
0.023906,13.4512
0.0239215,13.4631
0.0239344,13.4749
0.0239506,13.4865
0.0239671,13.498
0.0239811,13.5093
0.0239985,13.5202
0.0240163,13.5311
0.0240342,13.5419
0.0240523,13.5527
0.0240703,13.5634
0.0240849,13.5744
0.0241019,13.5856
0.0241188,13.5969
0.0241322,13.6084
0.0241478,13.6203
0.0241632,13.6323
0.024178,13.6446
0.0241927,13.6569
0.024204,13.6695
0.0242179,13.6822
0.0242291,13.6947
0.0242462,13.7073
0.024258,13.7196
0.0242727,13.7319
0.0242874,13.7442
0.0242994,13.7565
0.0243143,13.7687
0.0243264,13.7809
0.0243414,13.793
0.0243568,13.805
0.024369,13.8171
0.0243811,13.8293
0.024396,13.8415
0.0244111,13.8537
0.0244264,13.8657
0.0244418,13.8777
0.0244545,13.8896
0.0244705,13.9013
0.0244868,13.9128
0.0245035,13.9242
0.0245232,13.9355
0.0245402,13.9468
0.0245568,13.9581
0.0245731,13.9696
0.0245891,13.9814
0.0246048,13.9933
0.02462,14.0054
0.0246345,14.0178
0.0246511,14.0305
0.0246615,14.0436
0.0246771,14.0567
0.0246926,14.0701
0.024705,14.0835
0.0247201,14.097
0.0247327,14.1104
0.0247462,14.1233
0.0247605,14.1357
0.0247781,14.1481
0.0247961,14.1601
0.0248086,14.1722
0.024827,14.1841
0.0248427,14.196
0.0248615,14.2077
0.0248743,14.2195
0.0248925,14.2316
0.0249069,14.244
0.0249232,14.2569
0.0249364,14.2701
0.0249517,14.2834
0.0249641,14.2968
0.0249762,14.3104
0.0249908,14.3241
0.0250024,14.3379
0.0250169,14.3517
0.0250286,14.3655
0.0250397,14.3794
0.025051,14.3934
0.0250625,14.4072
0.0250767,14.4211
0.025091,14.435
0.0251022,14.449
0.0251106,14.4629
0.0251215,14.477
0.0251353,14.4912
0.0251462,14.5053
0.0251572,14.5193
0.025168,14.5336
0.0251786,14.5478
0.0251922,14.562
0.0252053,14.5765
0.0252156,14.5909
0.0252287,14.6053
0.0252418,14.6198
0.0252517,14.6343
0.0252644,14.649
0.0252742,14.6636
0.0252871,14.6781
0.0252968,14.6929
0.0253094,14.7076
0.0253221,14.7222
0.0253348,14.7369
0.0253446,14.7514
0.0253576,14.766
0.0253708,14.7804
0.0253841,14.7947
0.0253975,14.8091
0.025414,14.8233
0.0254278,14.8374
0.0254417,14.8515
0.0254556,14.8655
0.0254696,14.8796
0.0254836,14.8935
0.0255006,14.9076
0.0255115,14.9217
0.0255253,14.9358
0.0255388,14.9501
0.0255524,14.9643
0.025566,14.9786
0.0255795,14.9928
0.0255933,15.0069
0.0256068,15.0211
0.0256203,15.0354
0.0256306,15.0498
0.0256466,15.0643
0.0256596,15.0788
0.0256726,15.0933
0.0256854,15.1079
0.0256978,15.1227
0.02571,15.1376
0.0257219,15.1526
0.0257364,15.1677
0.025748,15.1829
0.0257595,15.1981
0.0257739,15.2133
0.0257852,15.2286
0.0257965,15.2439
0.0258103,15.2594
0.0258242,15.2749
0.0258382,15.2903
0.0258491,15.3058
0.0258631,15.3212
0.0258767,15.3368
0.0258902,15.3524
0.0259006,15.3681
0.0259137,15.384
0.0259266,15.3999
0.0259393,15.4159
0.0259518,15.432
0.025964,15.4482
0.0259731,15.4646
0.0259848,15.4811
0.0259963,15.4977
0.0260045,15.5145
0.0260185,15.5312
0.0260268,15.548
0.026041,15.5647
0.0260554,15.5813
0.0260641,15.5978
0.0260756,15.6144
0.0260874,15.6308
0.0260993,15.6472
0.0261117,15.6634
0.0261247,15.6792
0.0261379,15.6951
0.0261484,15.7107
0.0261618,15.7264
0.0261751,15.7422
0.0261888,15.7577
0.0262031,15.773
0.0262177,15.7881
0.0262297,15.8031
0.0262445,15.8181
0.0262592,15.8332
0.0262736,15.8484
0.0262879,15.8636
0.0263023,15.8789
0.0263164,15.8942
0.0263301,15.9098
0.0263433,15.9255
0.0263561,15.9415
0.0263657,15.9576
0.0263779,15.9739
0.0263931,15.99
0.0264059,16.0061
0.0264218,16.022
0.0264349,16.0377
0.0264483,16.0534
0.0264616,16.0692
0.026475,16.0848
0.0264912,16.1006
0.0265073,16.1163
0.0265206,16.1322
0.0265336,16.1481
0.026549,16.1642
0.0265611,16.1804
0.0265758,16.1969
0.0265871,16.2136
0.0265983,16.2303
0.0266124,16.2471
0.0266237,16.2637
0.0266382,16.2803
0.0266494,16.297
0.0266605,16.3137
0.0266719,16.3304
0.0266833,16.347
0.0266977,16.3636
0.0267063,16.3802
0.0267207,16.3968
0.026732,16.4134
0.0267431,16.4303
0.0267538,16.4472
0.0267676,16.4641
0.0267784,16.4811
0.026792,16.498
0.0268024,16.5151
0.0268155,16.5323
0.0268284,16.5497
0.0268415,16.5668
0.0268545,16.5841
0.0268677,16.6012
0.0268807,16.6185
0.0268939,16.6356
0.0269073,16.6527
0.0269209,16.6697
0.0269345,16.6866
0.0269484,16.7035
0.0269622,16.7203
0.0269758,16.7373
0.0269893,16.7544
0.0270025,16.7715
0.0270186,16.7887
0.0270341,16.8061
0.0270465,16.8237
0.0270582,16.8415
0.0270726,16.8595
0.0270866,16.8777
0.0271005,16.8959
0.0271114,16.914
0.0271222,16.9325
0.0271331,16.9507
0.0271439,16.969
0.0271579,16.9872
0.027169,17.0052
0.0271805,17.0233
0.0271921,17.0411
0.0272038,17.0591
0.0272156,17.0769
0.0272273,17.0947
0.0272391,17.1125
0.027251,17.1304
0.027263,17.1481
0.0272749,17.1659
0.0272898,17.1836
0.0273018,17.2013
0.0273139,17.219
0.027323,17.2367
0.0273381,17.2544
0.0273505,17.2718
0.0273631,17.2893
0.0273756,17.3067
0.0273879,17.3243
0.0274005,17.3419
0.0274126,17.3595
0.0274246,17.3772
0.0274392,17.3951
0.0274536,17.4131
0.0274648,17.4311
0.0274757,17.4494
0.0274891,17.4679
0.0274993,17.4864
0.0275152,17.5051
0.0275251,17.5238
0.027538,17.5425
0.0275508,17.5613
0.0275606,17.5799
0.0275731,17.5989
0.0275826,17.6178
0.0275948,17.6368
0.0276099,17.6559
0.0276221,17.6748
0.0276317,17.6937
0.0276468,17.7128
0.0276559,17.7318
0.0276647,17.7511
0.0276764,17.7702
0.0276882,17.7895
0.0277002,17.8086
0.0277093,17.8277
0.0277242,17.8468
0.027733,17.8661
0.027742,17.8855
0.0277542,17.9049
0.0277662,17.9243
0.0277781,17.9438
0.0277897,17.9635
0.0278012,17.9831
0.0278155,18.0029
0.0278271,18.0226
0.0278389,18.0422
0.0278505,18.0619
0.0278622,18.0814
0.0278741,18.1009
0.0278858,18.1206
0.0279006,18.1401
0.0279127,18.1595
0.0279276,18.1789
0.0279393,18.1986
0.0279507,18.2184
0.0279618,18.2383
0.0279757,18.2583
0.0279895,18.2782
0.0280004,18.2982
0.0280143,18.3182
0.0280252,18.3382
0.0280387,18.3584
0.0280493,18.3785
0.028063,18.3985
0.0280769,18.4184
0.028091,18.4383
0.0281024,18.4581
0.0281168,18.4779
0.0281287,18.4974
0.0281408,18.5167
0.028153,18.5361
0.0281657,18.5553
0.0281815,18.5743
0.0281945,18.5932
0.0282075,18.6123
0.0282204,18.6313
0.0282364,18.6503
0.0282522,18.6693
0.0282649,18.6885
0.0282774,18.7076
0.0282929,18.7269
0.0283051,18.7462
0.0283171,18.7657
0.0283319,18.7853
0.0283466,18.8048
0.0283584,18.8243
0.0283701,18.844
0.0283847,18.8636
0.0283961,18.8834
0.0284102,18.9032
0.0284238,18.9233
0.0284375,18.9433
0.0284479,18.9636
0.028461,18.984
0.0284739,19.0044
0.0284866,19.0249
0.0284989,19.0456
0.0285111,19.0664
0.0285203,19.0873
0.0285324,19.108
0.0285476,19.1288
0.0285569,19.1496
0.0285661,19.1704
0.0285783,19.1911
0.0285907,19.2119
0.0286029,19.2326
0.028615,19.2535
0.028627,19.2743
0.0286392,19.2951
0.0286483,19.316
0.0286572,19.3369
0.0286718,19.358
0.0286807,19.379
0.0286925,19.3999
0.0287064,19.4199
0.0287209,19.4396
0.028736,19.459
0.0287512,19.4783
0.0287692,19.4975
0.0287844,19.517
0.0288022,19.5364
0.0288175,19.5558
0.0288325,19.5752
0.0288501,19.5947
0.0288654,19.6153
0.0288769,19.6365
0.0288903,19.6581
0.0289005,19.6798
0.0289138,19.7015
0.028927,19.7232
0.0289402,19.7449
0.0289532,19.7667
0.0289664,19.7884
0.0289796,19.81
0.0289926,19.8319
0.029006,19.8535
0.0290165,19.8751
0.0290299,19.8967
0.0290429,19.9184
0.0290559,19.9403
0.0290687,19.9621
0.0290785,19.9841
0.0290909,20.0062
0.0291032,20.0283
0.0291127,20.0504
0.0291251,20.0725
0.0291376,20.0945
0.0291531,20.1166
0.0291626,20.1385
0.0291748,20.1607
0.0291842,20.1828
0.0291997,20.2049
0.0292126,20.2268
0.0292256,20.2485
0.0292383,20.2705
0.029251,20.2923
0.0292607,20.3143
0.0292761,20.3364
0.0292887,20.3584
0.0293012,20.3805
0.0293166,20.4024
0.0293287,20.4248
0.0293435,20.4471
0.029355,20.4696
0.0293694,20.492
0.0293839,20.5146
0.0293953,20.5371
0.0294096,20.5597
0.029421,20.5823
0.0294322,20.605
0.0294433,20.6277
0.0294544,20.6504
0.0294683,20.6731
0.0294792,20.6959
0.0294903,20.7186
0.029504,20.7414
0.0295145,20.7645
0.0295277,20.7876
0.0295379,20.8108
0.0295512,20.8338
0.0295614,20.857
0.0295742,20.8802
0.0295838,20.9036
0.029596,20.9272
0.0296082,20.9509
0.0296202,20.9746
0.029632,20.9983
0.0296408,21.0222
0.0296522,21.0461
0.0296634,21.0702
0.0296745,21.0943
0.0296855,21.1185
0.0296995,21.1425
0.0297102,21.167
0.0297206,21.1914
0.0297309,21.2158
0.029744,21.2403
0.0297569,21.265
0.0297698,21.2896
0.0297825,21.3144
0.0297922,21.3392
0.0298048,21.364
0.0298147,21.3886
0.029828,21.4132
0.0298387,21.4375
0.0298529,21.4615
0.0298644,21.4854
0.0298795,21.509
0.0298917,21.5326
0.029904,21.5561
0.0299163,21.5797
0.0299284,21.6032
0.0299433,21.6269
0.0299552,21.6507
0.0299665,21.6748
0.0299802,21.6991
0.0299935,21.7235
0.0300035,21.7481
0.0300134,21.7728
0.0300261,21.7976
0.0300357,21.8223
0.030048,21.8472
0.0300602,21.8723
0.0300694,21.8973
0.0300814,21.9224
0.0300906,21.9475
0.0301028,21.9725
0.0301148,21.9975
0.0301239,22.0227
0.0301359,22.0477
0.0301478,22.0728
0.0301597,22.098
0.0301717,22.123
0.0301837,22.1482
0.0301958,22.1732
0.0302078,22.1982
0.0302199,22.2233
0.0302291,22.2484
0.0302413,22.2734
0.0302505,22.2983
0.03026,22.3232
0.0302724,22.3481
0.0302819,22.373
0.0302942,22.3979
0.0303063,22.4229
0.0303153,22.4481
0.0303271,22.4732
0.0303416,22.4985
0.0303502,22.5239
0.0303615,22.5493
0.0303755,22.5748
0.0303864,22.6004
0.0304002,22.6261
0.0304111,22.6517
0.0304254,22.6771
0.0304373,22.7022
0.0304523,22.7273
0.0304647,22.7522
0.0304798,22.7772
0.030495,22.8021
0.0305101,22.827
0.0305252,22.852
0.0305374,22.877
0.0305522,22.9022
0.0305695,22.9275
0.0305806,22.953
0.0305945,22.9786
0.0306052,23.0044
0.0306188,23.03
0.0306293,23.0559
0.0306429,23.0816
0.0306535,23.1073
0.0306672,23.133
0.0306809,23.1587
0.0306915,23.1844
0.030702,23.2102
0.0307152,23.2362
0.0307254,23.262
0.0307387,23.2879
0.0307516,23.314
0.0307618,23.3399
0.0307754,23.3657
0.0307891,23.3913
0.0308028,23.417
0.0308167,23.4426
0.0308304,23.4682
0.0308437,23.4941
0.030857,23.52
0.0308701,23.5459
0.0308835,23.5717
0.0308968,23.5976
0.0309123,23.6237
0.030925,23.65
0.0309402,23.6762
0.0309527,23.7026
0.0309652,23.7288
0.0309779,23.755
0.030991,23.7808
0.0310041,23.8068
0.0310145,23.8327
0.0310304,23.8587
0.0310404,23.8847
0.0310529,23.911
0.0310654,23.9372
0.0310774,23.9637
0.0310892,23.9903
0.0311038,24.0169
0.0311177,24.0439
0.0311284,24.071
0.0311387,24.0983
0.0311487,24.1258
0.0311615,24.1533
0.0311742,24.1809
0.0311893,24.2087
0.0311986,24.2364
0.0312104,24.2645
0.0312248,24.2926
0.0312334,24.3208
0.031245,24.3488
0.0312595,24.3769
0.0312721,24.4045
0.031285,24.432
0.031298,24.4593
0.0313144,24.4865
0.0313282,24.5135
0.0313423,24.5404
0.0313568,24.5671
0.0313712,24.5938
0.0313824,24.6207
0.0313968,24.6474
0.0314103,24.6746
0.0314204,24.702
0.0314333,24.7295
0.0314428,24.7572
0.0314552,24.7849
0.0314673,24.8127
0.0314792,24.8407
0.0314911,24.8686
0.0315027,24.8967
0.0315141,24.9249
0.031525,24.9533
0.031533,24.9818
0.0315465,25.0103
0.031557,25.0389
0.0315672,25.0677
0.03158,25.0965
0.0315898,25.1256
0.031602,25.1547
0.0316114,25.1839
0.0316238,25.213
0.0316335,25.242
0.0316461,25.271
0.0316587,25.3
0.0316684,25.3289
0.0316784,25.3579
0.0316913,25.3868
0.0317012,25.4156
0.0317114,25.4444
0.0317218,25.4731
0.0317346,25.5019
0.0317447,25.5307
0.0317544,25.5598
0.0317667,25.5889
0.0317788,25.6181
0.0317906,25.6475
0.0318025,25.677
0.0318142,25.7064
0.0318257,25.7359
0.031837,25.7655
0.0318481,25.7952
0.031859,25.825
0.0318697,25.8549
0.0318804,25.885
0.0318939,25.9149
0.0319071,25.945
0.0319173,25.9752
0.0319272,26.0055
0.0319398,26.0358
0.0319523,26.0664
0.0319618,26.0969
0.0319743,26.1273
0.031984,26.1577
0.0319969,26.1879
0.0320069,26.2182
0.0320171,26.2484
0.0320302,26.2785
0.0320409,26.3086
0.0320517,26.3383
0.0320596,26.3682
0.0320734,26.398
0.0320842,26.4279
0.0320951,26.4578
0.0321059,26.4876
0.0321167,26.5175
0.0321275,26.5474
0.0321382,26.5774
0.0321487,26.6074
0.0321591,26.6374
0.0321695,26.6674
0.0321797,26.6977
0.0321929,26.7277
0.0322058,26.758
0.0322186,26.7883
0.0322285,26.8187
0.0322411,26.8491
0.0322509,26.8794
0.0322638,26.9096
0.0322739,26.9399
0.0322868,26.9702
0.032297,27.0003
0.0323071,27.0305
0.0323175,27.0606
0.0323278,27.0908
0.0323411,27.1208
0.0323514,27.151
0.0323617,27.181
0.032372,27.2111
0.0323849,27.2414
0.0323948,27.2717
0.032405,27.302
0.0324178,27.3322
0.0324307,27.3624
0.0324435,27.3928
0.0324531,27.4233
0.0324628,27.4537
0.032475,27.4842
0.03249,27.515
0.0325019,27.5456
0.0325138,27.5764
0.0325254,27.6073
0.0325369,27.6381
0.0325513,27.6691
0.0325626,27.7002
0.0325739,27.7312
0.0325826,27.7622
0.0325977,27.7927
0.0326069,27.8233
0.0326194,27.8538
0.0326289,27.8844
0.0326414,27.9148
0.0326538,27.9453
0.0326632,27.9759
0.0326757,28.0063
0.0326882,28.0368
0.0327004,28.0673
0.0327121,28.0982
0.0327209,28.1291
0.0327324,28.16
0.0327441,28.1909
0.0327557,28.2218
0.0327643,28.2526
0.0327786,28.2837
0.0327899,28.3147
0.0328011,28.3458
0.0328123,28.3769
0.0328265,28.4079
0.0328403,28.4392
0.0328512,28.4704
0.0328618,28.5017
0.0328726,28.5329
0.0328864,28.5642
0.0328973,28.5954
0.0329082,28.6267
0.0329189,28.6579
0.0329298,28.6892
0.0329407,28.7204
0.0329488,28.7517
0.0329624,28.7829
0.0329731,28.8142
0.0329835,28.8457
0.0329936,28.8774
0.0330061,28.9091
0.0330156,28.9411
0.0330276,28.9733
0.0330392,29.0056
0.0330474,29.038
0.0330614,29.0705
0.0330719,29.1035
0.0330851,29.1364
0.033095,29.1694
0.0331075,29.2028
0.0331171,29.236
0.0331295,29.2692
0.0331419,29.3027
0.0331546,29.3359
0.0331644,29.3689
0.0331773,29.4021
0.0331878,29.4348
0.0332016,29.4675
0.0332125,29.5002
0.0332237,29.5327
0.033235,29.5651
0.0332462,29.5976
0.0332599,29.6303
0.0332708,29.6628
0.0332814,29.6958
0.0332948,29.7285
0.0333078,29.7614
0.0333174,29.7949
0.0333301,29.8281
0.0333395,29.8613
0.0333519,29.8947
0.0333641,29.9279
0.0333763,29.9614
0.0333854,29.9948
0.0333971,30.0285
0.033409,30.0622
0.0334211,30.0957
0.0334333,30.1291
0.0334484,30.1626
0.0334606,30.1958
0.0334728,30.2292
0.0334823,30.2627
0.0334948,30.2959
0.0335048,30.3288
0.0335151,30.3618
0.0335311,30.3947
0.0335408,30.4279
0.0335507,30.4611
0.0335633,30.4943
0.0335729,30.5275
0.0335881,30.561
0.0336001,30.5944
0.033609,30.6281
0.0336229,30.6621
0.0336365,30.6962
0.0336468,30.7304
0.0336598,30.7651
0.0336722,30.7998
0.0336844,30.8344
0.0336966,30.8693
0.0337056,30.9043
0.0337205,30.9392
0.0337295,30.9741
0.0337418,31.009
0.0337545,31.0434
0.0337676,31.0778
0.0337789,31.1118
0.0337933,31.1455
0.0338052,31.1789
0.0338204,31.2124
0.0338301,31.2456
0.0338458,31.2788
0.0338618,31.3117
0.0338748,31.3447
0.0338901,31.3779
0.0339025,31.4113
0.0339141,31.445
0.0339284,31.4787
0.0339398,31.5127
0.0339565,31.5466
0.0339704,31.5808
0.0339811,31.6147
0.0339947,31.6489
0.0340053,31.6831
0.0340216,31.7172
0.0340353,31.7514
0.0340487,31.7856
0.0340626,31.8198
0.0340763,31.8537
0.0340872,31.8877
0.0341013,31.9216
0.0341151,31.9558
0.0341259,31.9897
0.0341366,32.0239
0.0341501,32.0581
0.0341606,32.0922
0.0341739,32.1267
0.034187,32.1611
0.0341999,32.1955
0.0342156,32.2299
0.0342282,32.2646
0.0342404,32.2995
0.0342523,32.3344
0.034267,32.3693
0.0342785,32.4045
0.0342924,32.4399
0.0343061,32.4755
0.0343192,32.5112
0.0343291,32.5471
0.0343414,32.5832
0.0343539,32.6193
0.0343663,32.6555
0.0343789,32.6916
0.0343888,32.7275
0.0343989,32.7634
0.0344093,32.799
0.0344228,32.8347
0.034434,32.8698
0.0344452,32.9052
0.0344566,32.9404
0.0344677,32.9758
0.0344785,33.0112
0.034489,33.0468
0.0345023,33.0825
0.0345122,33.1184
0.0345216,33.1547
0.0345336,33.1909
0.0345449,33.2275
0.0345559,33.2644
0.0345665,33.3015
0.0345768,33.3386
0.034587,33.3757
0.0345973,33.4128
0.0346076,33.4499
0.0346178,33.487
0.0346312,33.5241
0.0346386,33.5612
0.034649,33.5984
0.0346594,33.6355
0.0346699,33.6726
0.0346802,33.7097
0.0346908,33.7465
0.0347039,33.7839
0.0347137,33.8213
0.0347235,33.8586
0.034736,33.8962
0.0347483,33.9336
0.0347602,33.9714
0.0347718,34.0092
0.0347833,34.0473
0.0347947,34.0852
0.0348088,34.1235
0.0348201,34.1613
0.0348342,34.1994
0.0348456,34.2375
0.0348571,34.2756
0.034872,34.3132
0.034884,34.351
0.0348963,34.3886
0.0349087,34.426
0.0349213,34.4633
0.034934,34.5009
0.0349465,34.5383
0.0349594,34.5756
0.0349694,34.613
0.0349823,34.6501
0.034992,34.6877
0.0350047,34.7251
0.0350202,34.7624
0.0350299,34.7998
0.0350422,34.8374
0.0350573,34.875
0.0350693,34.9128
0.0350809,34.9506
0.0350954,34.9885
0.0351069,35.0266
0.0351184,35.0644
0.0351331,35.1023
0.0351449,35.1401
0.0351569,35.1779
0.0351718,35.2155
0.0351842,35.2531
0.035197,35.2905
0.0352099,35.3276
0.0352227,35.365
0.0352354,35.4023
0.0352481,35.4399
0.0352604,35.4773
0.0352756,35.5149
0.0352903,35.5527
0.0353048,35.5905
0.035319,35.6286
0.0353328,35.667
0.0353464,35.7053
0.0353626,35.7439
0.0353756,35.7824
0.0353912,35.8213
0.0354041,35.8598
0.0354172,35.8984
0.0354333,35.937
0.0354442,35.9753
0.0354582,36.0134
0.0354727,36.0515
0.0354848,36.0891
0.0354969,36.1267
0.0355125,36.164
0.0355253,36.2014
0.0355412,36.2387
0.0355538,36.2761
0.0355669,36.3132
0.0355795,36.3508
0.0355918,36.3882
0.0356068,36.426
0.0356156,36.4639
0.0356302,36.5017
0.0356445,36.5398
0.0356558,36.5776
0.0356699,36.616
0.0356841,36.6538
0.0356955,36.6919
0.0357098,36.73
0.0357244,36.7678
0.0357362,36.8057
0.0357482,36.8433
0.0357632,36.8811
0.0357753,36.9187
0.0357904,36.9563
0.0358026,36.9939
0.0358148,37.0315
0.0358268,37.0693
0.0358387,37.1069
0.0358534,37.1448
0.0358649,37.1829
0.0358791,37.2209
0.0358901,37.259
0.0359041,37.2971
0.0359177,37.3354
0.0359311,37.374
0.0359442,37.4126
0.0359572,37.4512
0.0359701,37.49
0.0359827,37.5288
0.0359983,37.5676
0.0360112,37.6062
0.0360213,37.6448
0.0360343,37.6836
0.0360444,37.7222
0.0360547,37.7607
0.036068,37.7991
0.0360786,37.8376
0.0360891,37.876
0.0361004,37.9141
0.0361119,37.9519
0.0361233,37.99
0.0361349,38.0278
0.0361494,38.0659
0.036161,38.1038
0.0361755,38.1416
0.0361898,38.1797
0.0362039,38.2178
0.0362152,38.2559
0.0362287,38.2942
0.0362419,38.3328
0.0362519,38.3713
0.0362647,38.4102
0.0362774,38.449
0.0362874,38.4875
0.0363002,38.5264
0.0363101,38.5652
0.036323,38.6038
0.036333,38.6426
0.0363428,38.6814
0.0363552,38.7202
0.0363677,38.759
0.0363767,38.7983
0.0363885,38.8374
0.0363996,38.877
0.0364102,38.9167
0.0364204,38.9568
0.0364328,38.9971
0.0364448,39.0376
0.0364564,39.0784
0.0364679,39.1191
0.0364791,39.1602
0.0364906,39.2009
0.0365051,39.2415
0.0365171,39.282
0.0365298,39.3223
0.0365429,39.3623
0.0365535,39.4021
0.0365674,39.4417
0.0365786,39.4812
0.03659,39.5205
0.0366047,39.5598
0.0366194,39.5991
0.0366339,39.6382
0.0366453,39.6777
0.0366594,39.7173
0.0366706,39.7568
0.0366847,39.7964
0.0366988,39.8357
0.036713,39.8752
0.03673,39.9148
0.036744,39.9543
0.0367607,39.9939
0.0367745,40.0337
0.0367886,40.0732
0.0368026,40.1128
0.0368166,40.1523
0.0368305,40.1919
0.0368445,40.2314
0.0368553,40.271
0.0368719,40.3108
0.0368828,40.3503
0.0368994,40.3901
0.0369101,40.4299
0.0369231,40.47
0.0369388,40.51
0.0369514,40.5503
0.0369668,40.5906
0.0369818,40.6311
0.0369968,40.6716
0.0370116,40.7122
0.0370232,40.7529
0.0370409,40.7935
0.0370534,40.8337
0.0370691,40.8738
0.0370852,40.9138
0.0371014,40.9536
0.0371179,40.9934
0.0371292,41.033
0.0371434,41.0725
0.0371608,41.1118
0.0371754,41.1511
0.0371899,41.1904
0.037204,41.2297
0.0372178,41.2695
0.0372342,41.3093
0.0372473,41.3494
0.0372601,41.3894
0.0372725,41.4297
0.0372876,41.4702
0.0372994,41.5107
0.0373141,41.5515
0.0373258,41.592
0.0373429,41.6328
0.0373548,41.6736
0.0373701,41.7139
0.0373829,41.7539
0.0373988,41.7939
0.0374124,41.8337
0.0374264,41.8733
0.0374407,41.9128
0.0374552,41.9521
0.0374698,41.9915
0.0374847,42.0305
0.0375021,42.0698
0.0375196,42.1091
0.0375375,42.1482
0.0406045,40.7185
