"Maximum force",26.1949,"N"
"Gage length ",0.939597,"mm"
"Strain energy",0.380708,"mJ"
"Deformation at maximum force",0.0313171,"mm"
"Standard travel","Standard force"
"mm","N"
0,0.22712
3.54648e-006,0.228188
4.20585e-006,0.229256
5.04404e-006,0.230233
5.93439e-006,0.231194
7.02217e-006,0.232056
8.0727e-006,0.232933
6.31437e-006,0.233769
7.49156e-006,0.234585
8.6762e-006,0.235402
6.98492e-006,0.236206
1.11274e-005,0.236981
9.80124e-006,0.237626
1.14776e-005,0.238205
1.02483e-005,0.238793
1.18725e-005,0.239396
1.07922e-005,0.239914
1.24983e-005,0.240475
1.15447e-005,0.240933
1.35265e-005,0.241364
1.26511e-005,0.241785
1.16304e-005,0.242272
1.06841e-005,0.242718
1.26064e-005,0.243182
1.15708e-005,0.243674
1.07624e-005,0.244059
1.27889e-005,0.244473
1.19656e-005,0.244866
1.10902e-005,0.245282
1.31316e-005,0.245688
1.23903e-005,0.246041
1.1716e-005,0.246361
1.38767e-005,0.246706
1.30497e-005,0.247107
1.24387e-005,0.247397
1.17421e-005,0.247725
1.10008e-005,0.248078
1.04196e-005,0.248352
9.77516e-006,0.248658
1.21295e-005,0.248917
1.1459e-005,0.249237
1.093e-005,0.249487
1.03004e-005,0.249787
9.95398e-006,0.249951
9.45851e-006,0.250186
1.17682e-005,0.250467
1.12727e-005,0.250703
1.06469e-005,0.251001
1.01179e-005,0.251251
9.63733e-006,0.251479
9.17353e-006,0.251698
8.67806e-006,0.251934
8.23103e-006,0.252145
7.72066e-006,0.252387
7.2252e-006,0.252623
6.80983e-006,0.252819
6.39632e-006,0.253014
5.99958e-006,0.253203
5.58607e-006,0.253398
8.00006e-006,0.253625
7.61636e-006,0.253813
7.10599e-006,0.254056
9.56468e-006,0.254261
9.02079e-006,0.254526
1.1405e-005,0.25477
1.36849e-005,0.255067
1.30143e-005,0.255388
1.53091e-005,0.25567
1.74399e-005,0.256038
1.65794e-005,0.256454
1.85464e-005,0.256893
2.33743e-005,0.257354
2.5237e-005,0.257854
2.7189e-005,0.25831
2.89325e-005,0.258859
3.36412e-005,0.259382
3.53921e-005,0.259931
3.98625e-005,0.260557
4.15314e-005,0.261156
4.60614e-005,0.261751
4.76185e-005,0.262399
5.48605e-005,0.263097
5.61718e-005,0.263856
6.01653e-005,0.264719
6.43078e-005,0.265501
7.1222e-005,0.266355
7.51857e-005,0.26724
7.90898e-005,0.268136
8.283e-005,0.269128
8.63764e-005,0.270204
9.26349e-005,0.271371
9.60771e-005,0.272493
0.000102276,0.273683
0.000108385,0.274911
0.000114137,0.276323
0.00011974,0.277795
0.000122333,0.279329
0.000127519,0.281
0.000132794,0.282632
0.000137949,0.284318
0.000146056,0.285997
0.000151003,0.287782
0.00015589,0.28959
0.00016352,0.29149
0.000168229,0.29339
0.000172669,0.295404
0.000179881,0.29751
0.000184083,0.299646
0.000188136,0.301858
0.000194902,0.304147
0.000201548,0.306528
0.000205139,0.308954
0.000211516,0.311441
0.000215063,0.313898
0.000221292,0.316446
0.00022761,0.318963
0.000231037,0.321466
0.000237415,0.323968
0.000243792,0.32644
0.0002502,0.328912
0.000256369,0.331506
0.000259394,0.334207
0.000265235,0.336938
0.000270838,0.339792
0.000276441,0.34266
0.000281895,0.345575
0.000287229,0.348566
0.000295216,0.351648
0.000300044,0.354883
0.000307733,0.358118
0.000312591,0.361322
0.000317479,0.364526
0.000325227,0.367731
0.000330472,0.370767
0.000338579,0.373788
0.000343973,0.376764
0.000352198,0.379755
0.000360424,0.382745
0.000365669,0.385751
0.000373596,0.388895
0.000381405,0.392068
0.000386322,0.395257
0.000394011,0.398508
0.000401253,0.401956
0.000408376,0.405466
0.00041523,0.409112
0.000421816,0.412881
0.000428254,0.416711
0.000437552,0.420557
0.000441158,0.424371
0.000450516,0.428186
0.000457013,0.432001
0.00046351,0.435815
0.000472749,0.439691
0.000478948,0.443628
0.000484819,0.447748
0.00049364,0.451837
0.000502342,0.455957
0.000508124,0.460107
0.000513846,0.464288
0.00052231,0.46853
0.000530714,0.472833
0.00053894,0.477197
0.000547105,0.481561
0.000552351,0.485986
0.000563378,0.490411
0.000568533,0.494867
0.00057652,0.499322
0.000584448,0.503808
0.000592256,0.508386
0.000602866,0.512994
0.000610495,0.517633
0.000618661,0.522027
0.000626648,0.526514
0.000637615,0.530969
0.000648642,0.535394
0.000656808,0.539758
0.000665033,0.544153
0.00067612,0.548547
0.000687027,0.553033
0.000694836,0.55758
0.000705266,0.56228
0.000714863,0.567377
0.000721538,0.572473
0.000730956,0.577661
0.000740195,0.58291
0.000746215,0.588312
0.000757957,0.593774
0.00076359,0.599389
0.000772173,0.604944
0.000781054,0.610376
0.000790233,0.615655
0.000800366,0.620508
0.000810856,0.625177
0.000821883,0.629602
0.000832969,0.633966
0.000844115,0.63833
0.000855083,0.642785
0.000866288,0.647119
0.000877196,0.651575
0.000887865,0.656183
0.000898356,0.660852
0.000907833,0.666009
0.000919932,0.671289
0.000928814,0.676721
0.000937516,0.682214
0.000949437,0.687616
0.000958735,0.692834
0.000971014,0.698022
0.000980729,0.703058
0.000993246,0.708154
0.00100547,0.713373
0.00101751,0.718683
0.00102925,0.724145
0.00104057,0.729791
0.00104898,0.735467
0.00106,0.741266
0.00106877,0.746759
0.00108039,0.752252
0.00108885,0.757898
0.0011,0.763605
0.00110858,0.76922
0.00112026,0.774682
0.00113511,0.780054
0.00114804,0.784936
0.00116115,0.789728
0.00117111,0.794671
0.00118309,0.799982
0.00119489,0.805444
0.00120669,0.810846
0.00121855,0.816247
0.00123023,0.821741
0.0012418,0.827295
0.00125312,0.832941
0.00126367,0.838952
0.00127422,0.844995
0.00128471,0.851007
0.00129812,0.857049
0.00130844,0.863183
0.00131863,0.869379
0.00132864,0.875665
0.0013414,0.882013
0.00135105,0.888452
0.00136059,0.894952
0.00137293,0.901483
0.00138223,0.908105
0.00139456,0.914667
0.00140362,0.92138
0.00141572,0.928033
0.00142502,0.934686
0.00143432,0.941278
0.00144672,0.947809
0.00145649,0.954187
0.00146925,0.960535
0.00148206,0.966852
0.00149202,0.973138
0.00150167,0.979608
0.00151449,0.985925
0.00152718,0.992303
0.00153976,0.998743
0.00155258,1.00506
0.00156235,1.01144
0.00157493,1.01788
0.0015875,1.02432
0.0015999,1.03085
0.00161224,1.03741
0.00162458,1.04394
0.00163674,1.05059
0.00164598,1.05721
0.00165843,1.06371
0.00167083,1.07021
0.00168317,1.07678
0.00169819,1.08343
0.00171023,1.09011
0.00172221,1.09686
0.00173413,1.10357
0.00174623,1.11025
0.00175541,1.11694
0.00176751,1.12359
0.00178199,1.13049
0.0017935,1.13744
0.0018078,1.14443
0.00181901,1.15151
0.00183296,1.15869
0.00184386,1.16592
0.00185751,1.17321
0.00186806,1.1806
0.00188136,1.1881
0.00189155,1.19564
0.00190162,1.20327
0.00191438,1.21099
0.00192707,1.21877
0.00193977,1.22653
0.0019524,1.23431
0.00196516,1.24203
0.00197511,1.24972
0.00198793,1.25741
0.001998,1.26504
0.00201082,1.27273
0.00202393,1.2803
0.00203412,1.28787
0.00204724,1.29543
0.00206041,1.30294
0.0020737,1.31045
0.00208675,1.31805
0.00210249,1.32568
0.00211262,1.33331
0.00212567,1.34091
0.00213879,1.34844
0.00215184,1.35607
0.00216519,1.36349
0.0021789,1.37078
0.00219285,1.37792
0.00220709,1.38497
0.00222152,1.3919
0.002236,1.3988
0.00224763,1.40569
0.00226211,1.41259
0.00227653,1.41955
0.00229102,1.42645
0.00230228,1.43353
0.00231599,1.44079
0.00232928,1.44827
0.00234234,1.45583
0.00235503,1.46359
0.00236773,1.47137
0.00238019,1.47918
0.00239252,1.48718
0.00240743,1.49523
0.00241929,1.50341
0.00243091,1.51165
0.00243967,1.51989
0.00245124,1.52819
0.00246542,1.53661
0.00247663,1.5451
0.00248742,1.55377
0.00249808,1.56249
0.00250875,1.57122
0.00251954,1.57983
0.00253307,1.58856
0.00254374,1.59728
0.00255429,1.60607
0.00256472,1.61492
0.00257515,1.62371
0.00258827,1.63268
0.00259858,1.64153
0.00260895,1.65045
0.00261914,1.65936
0.00263196,1.66845
0.00264459,1.67761
0.00265419,1.68682
0.00266677,1.69604
0.00267904,1.70538
0.00268834,1.71472
0.00270068,1.72405
0.00271302,1.73333
0.00272524,1.74267
0.00273746,1.75207
0.00274664,1.76147
0.00276189,1.77075
0.00277435,1.78002
0.00278377,1.7893
0.00279658,1.79839
0.00280654,1.80749
0.00281965,1.8164
0.00283276,1.82531
0.00284582,1.83428
0.00285881,1.84332
0.00287198,1.85223
0.0028851,1.86114
0.00290095,1.87017
0.00291389,1.87921
0.00292664,1.8883
0.00293928,1.89745
0.00295174,1.90667
0.00296115,1.91601
0.00297617,1.92541
0.00298827,1.93481
0.00300037,1.94427
0.00301247,1.95367
0.00302451,1.96313
0.00303947,1.97259
0.00304859,1.98199
0.00306349,1.99151
0.00307547,2.00097
0.00309032,2.01043
0.00309961,2.01983
0.00311469,2.02917
0.00312668,2.03869
0.00313568,2.04815
0.0031476,2.05767
0.00315958,2.06713
0.00317436,2.07665
0.00318616,2.08624
0.0031979,2.09582
0.00320959,2.1054
0.00322115,2.11511
0.00323569,2.12475
0.00324749,2.13433
0.0032593,2.14385
0.0032739,2.15344
0.00328832,2.16314
0.00329971,2.17291
0.00331127,2.18261
0.00332552,2.19238
0.0033397,2.20214
0.00335103,2.21197
0.00336509,2.2218
0.00337874,2.23187
0.00339233,2.24194
0.00340604,2.25201
0.00342005,2.2619
0.00343412,2.27172
0.00344532,2.28161
0.00345951,2.29138
0.00347393,2.30108
0.003488,2.31097
0.00350224,2.32073
0.00351643,2.3305
0.00353044,2.34045
0.00354421,2.3504
0.00355768,2.36059
0.00357389,2.37078
0.00358998,2.38104
0.00360006,2.39149
0.00361568,2.40193
0.00362903,2.41218
0.0036422,2.42244
0.00365532,2.43275
0.00366879,2.44288
0.003685,2.45308
0.00369835,2.46333
0.00371152,2.47358
0.00372464,2.48396
0.00374073,2.49421
0.00375384,2.50453
0.00376642,2.51509
0.00377888,2.52571
0.00379426,2.53633
0.00380659,2.54701
0.00381613,2.55763
0.00383187,2.56807
0.00384492,2.57844
0.00385773,2.58888
0.00387359,2.59925
0.00388652,2.60969
0.00389678,2.61995
0.00391323,2.63008
0.00392688,2.64015
0.00394082,2.6501
0.00395477,2.65998
0.00397146,2.66999
0.00398803,2.68
0.00400186,2.69001
0.00401587,2.6999
0.00402975,2.70985
0.0040437,2.7198
0.00405753,2.72975
0.0040741,2.73976
0.00408763,2.74989
0.00410104,2.76008
0.00411451,2.77021
0.00413108,2.78028
0.00414193,2.79029
0.0041585,2.8003
0.00417245,2.81025
0.00418616,2.82026
0.00420273,2.83033
0.00421649,2.84034
0.00423026,2.85035
0.00424695,2.86036
0.00426316,2.87056
0.00427914,2.88087
0.00429213,2.89131
0.00430763,2.90181
0.00432039,2.9123
0.00433576,2.92292
0.00434852,2.93342
0.00436098,2.94404
0.00437623,2.95472
0.00439161,2.96534
0.00440425,2.9759
0.00441987,2.98634
0.00443548,2.99684
0.00444836,3.00734
0.00446397,3.01783
0.00447959,3.02833
0.00449509,3.03889
0.00451058,3.04945
0.00452608,3.06001
0.00454158,3.07057
0.00455427,3.08107
0.00456989,3.09156
0.00458563,3.102
0.00460112,3.11262
0.00461388,3.12312
0.00462938,3.13362
0.00464189,3.14424
0.00465435,3.15492
0.00467259,3.16554
0.00468517,3.1761
0.00470031,3.18684
0.00471258,3.19752
0.0047276,3.20832
0.00474286,3.21901
0.00475794,3.22975
0.00477296,3.24055
0.00478834,3.25111
0.00480092,3.26173
0.00481606,3.27247
0.00483126,3.28315
0.00484646,3.29383
0.0048616,3.30458
0.00487972,3.31526
0.00489521,3.32588
0.00490868,3.33601
0.00492585,3.34571
0.00494635,3.35536
0.00496412,3.36482
0.00498212,3.37422
0.005,3.38362
0.00501776,3.39314
0.0050354,3.40266
0.00505293,3.41224
0.00507319,3.42195
0.00508952,3.43208
0.00510502,3.4427
0.0051201,3.45344
0.00513482,3.46437
0.00514949,3.47529
0.00516421,3.48628
0.00518173,3.4972
0.00519645,3.50819
0.00521082,3.51924
0.00522518,3.53035
0.00523949,3.54145
0.00525385,3.55256
0.00527102,3.56367
0.00528556,3.57472
0.00530023,3.5857
0.00531501,3.59663
0.00533003,3.60737
0.00534541,3.61799
0.00536114,3.62849
0.005377,3.63881
0.00539059,3.64894
0.00541014,3.65895
0.00542683,3.66896
0.0054434,3.67897
0.00546009,3.68898
0.00547654,3.69911
0.00549299,3.70924
0.00550932,3.71937
0.00552541,3.72963
0.00554151,3.73994
0.00555724,3.75038
0.0055725,3.76106
0.00558496,3.77168
0.00560022,3.78236
0.00561536,3.7931
0.00563085,3.80366
0.00564707,3.81392
0.00566423,3.82362
0.00568247,3.8329
0.00570107,3.84199
0.00572002,3.8509
0.00573945,3.85963
0.00575614,3.86824
0.00577903,3.87672
0.00579906,3.88508
0.00581908,3.89351
0.00583852,3.90217
0.00585389,3.91145
0.00587225,3.92067
0.00589562,3.92891
0.00591338,3.93696
0.00593388,3.94514
0.00595403,3.95356
0.0059737,3.96205
0.00599027,3.97078
0.0060091,3.97975
0.00602758,3.9889
0.00604594,3.99812
0.00606287,4.00801
0.00607413,4.01918
0.00608748,4.03077
0.00610066,4.04243
0.00611371,4.05415
0.00612653,4.06599
0.00613946,4.07777
0.00614953,4.08955
0.00616235,4.10133
0.0061751,4.11323
0.00618798,4.12501
0.00620371,4.13685
0.00621379,4.14863
0.00622672,4.16041
0.0062396,4.17219
0.00625271,4.18391
0.00626558,4.19569
0.00627578,4.20741
0.00628907,4.21901
0.00630254,4.23054
0.00631631,4.24189
0.00633019,4.25325
0.00634116,4.26454
0.00635773,4.27595
0.00636864,4.28736
0.00638521,4.29878
0.00639898,4.31019
0.00641251,4.32167
0.00642598,4.33314
0.00643933,4.34474
0.00645238,4.35646
0.00646532,4.36824
0.00647831,4.38002
0.00649417,4.39174
0.0065074,4.40339
0.00652081,4.41493
0.00653398,4.42659
0.00654704,4.4383
0.00656003,4.45008
0.00657332,4.46168
0.00658942,4.47334
0.00660539,4.485
0.00661838,4.49678
0.00663114,4.50868
0.00664652,4.52064
0.00665927,4.53254
0.0066756,4.54408
0.00669015,4.55507
0.00670803,4.56587
0.00672323,4.57661
0.00674123,4.58735
0.00675935,4.59803
0.00677496,4.60853
0.00679082,4.61891
0.00680942,4.62941
0.00682754,4.64009
0.00684494,4.65113
0.00686115,4.66273
0.00687379,4.67463
0.00688899,4.68672
0.00690413,4.69886
0.00691939,4.71089
0.00693465,4.72297
0.00695002,4.73494
0.00696671,4.74635
0.00698269,4.7566
0.00700367,4.766
0.00702656,4.77443
0.00704909,4.78166
0.00707364,4.78791
0.00710225,4.79362
0.00713217,4.79878
0.00716007,4.80342
0.0071888,4.80772
0.00722027,4.81211
0.00724721,4.81727
0.00727296,4.82295
0.00729442,4.82933
0.00731719,4.83641
0.007339,4.84401
0.0073601,4.85188
0.00738073,4.86006
0.00740147,4.86811
0.00742162,4.8751
0.00745547,4.87699
0.00749076,4.8767
0.00753367,4.87571
0.00757134,4.87435
0.00761259,4.87276
0.0076536,4.87118
0.00769198,4.86957
0.00773013,4.86803
0.00776756,4.86681
0.00780523,4.8668
0.00782633,4.87199
0.0078454,4.87947
0.00786042,4.88753
0.00787783,4.89583
0.00789499,4.90419
0.00790942,4.91249
0.00792659,4.92085
0.00794411,4.92909
0.00796151,4.93739
0.00797641,4.94551
0.00799465,4.95338
0.00801325,4.96107
0.0080322,4.96861
0.00804806,4.97624
0.00806642,4.98405
0.00808454,4.99205
0.00810218,5.00023
0.00811643,5.00865
0.00813347,5.01701
0.00815267,5.02586
0.00816816,5.03508
0.00818306,5.04454
0.00819421,5.05436
0.00820798,5.06444
0.00822145,5.07451
0.00823188,5.08476
0.00824547,5.09483
0.00825906,5.10496
0.00826943,5.11516
0.00828284,5.12535
0.00829339,5.13548
0.00830686,5.14561
0.00832021,5.15587
0.00833368,5.166
0.00835514,5.17232
0.00838006,5.17705
0.00840616,5.18123
0.00843024,5.18493
0.00845814,5.18831
0.00848329,5.19151
0.00851178,5.19452
0.00854087,5.19729
0.00856745,5.19984
0.00859714,5.20231
0.00861621,5.20839
0.00863517,5.21592
0.00865007,5.22404
0.00866407,5.23253
0.00868052,5.24125
0.00869399,5.25004
0.00870723,5.25889
0.00872332,5.2678
0.00873643,5.27678
0.00875241,5.28569
0.00876552,5.29466
0.00878149,5.30357
0.00879461,5.31254
0.00880754,5.32158
0.00882328,5.33061
0.00883627,5.33964
0.00885177,5.3488
0.00886405,5.35814
0.00887889,5.36766
0.00889045,5.37736
0.00890482,5.38707
0.00891584,5.39696
0.00892675,5.40696
0.00894058,5.41691
0.00895143,5.42692
0.00896508,5.43699
0.00897867,5.44706
0.0089925,5.45707
0.0090065,5.46696
0.00902051,5.47685
0.00903136,5.48686
0.0090453,5.49675
0.00905925,5.5067
0.00907618,5.51658
0.00908709,5.52653
0.00910121,5.53642
0.00911862,5.546
0.00913328,5.55565
0.00914788,5.56523
0.00916296,5.57463
0.0091787,5.58366
0.00919515,5.59239
0.00921208,5.60093
0.00922615,5.60942
0.00924039,5.61778
0.00926018,5.62633
0.00927389,5.63499
0.00929022,5.64378
0.00930631,5.65269
0.00931901,5.66185
0.00933391,5.67131
0.00934512,5.68113
0.00935596,5.69114
0.00936657,5.70128
0.00937975,5.71153
0.00939256,5.72197
0.00940526,5.73253
0.00941813,5.74296
0.00942803,5.7534
0.00944352,5.76396
0.00945598,5.77458
0.00946558,5.7852
0.00948084,5.79588
0.00949013,5.80662
0.00950247,5.8173
0.00951487,5.82792
0.00952441,5.83861
0.00953961,5.84929
0.009552,5.85997
0.00956726,5.87059
0.00957656,5.88133
0.00959158,5.89213
0.00960368,5.90294
0.0096156,5.9138
0.0096274,5.92473
0.00963921,5.93571
0.00965089,5.9467
0.00966233,5.95781
0.00967634,5.96904
0.00969035,5.98033
0.00970125,5.99168
0.00971234,6.00297
0.00972325,6.01433
0.00973731,6.02556
0.00975132,6.03685
0.00976205,6.04826
0.00977588,6.05961
0.00978726,6.07072
0.00980407,6.08067
0.0098185,6.09038
0.00983614,6.09996
0.0098539,6.10942
0.0098688,6.11888
0.00988656,6.1284
0.00990147,6.13786
0.00991959,6.14714
0.00993478,6.15648
0.00995529,6.16606
0.00996798,6.17656
0.00998026,6.1873
0.00999534,6.19804
0.0100075,6.20884
0.0100227,6.21953
0.010035,6.23021
0.0100502,6.24089
0.0100625,6.25163
0.0100779,6.26219
0.0100902,6.27293
0.0101023,6.28367
0.0101173,6.29454
0.0101293,6.30534
0.0101443,6.31614
0.010159,6.32707
0.0101709,6.33793
0.0101857,6.34886
0.0102005,6.35978
0.010212,6.37083
0.0102266,6.38182
0.0102413,6.39274
0.0102561,6.40367
0.0102677,6.41466
0.0102795,6.42564
0.0102943,6.43651
0.0103091,6.44743
0.0103238,6.45836
0.0103387,6.46922
0.0103509,6.47996
0.0103689,6.49064
0.0103841,6.50139
0.0103992,6.51213
0.0104145,6.52281
0.0104295,6.53361
0.0104473,6.54448
0.0104621,6.55534
0.0104768,6.56627
0.0104942,6.57725
0.0105086,6.58842
0.0105227,6.59965
0.0105394,6.61101
0.0105531,6.62242
0.0105665,6.63395
0.0105829,6.64549
0.0105994,6.6569
0.0106162,6.66826
0.0106334,6.67936
0.0106468,6.68956
0.0106673,6.69908
0.0106887,6.7083
0.0107105,6.71721
0.01073,6.72587
0.0107527,6.73442
0.0107727,6.74284
0.0107957,6.75126
0.0108156,6.75969
0.0108354,6.76823
0.0108564,6.77757
0.0108736,6.78734
0.01089,6.79741
0.0109062,6.80766
0.0109221,6.81804
0.0109379,6.82847
0.0109541,6.83867
0.0109705,6.84886
0.0109869,6.85899
0.0110031,6.86912
0.0110194,6.87944
0.0110381,6.88981
0.0110512,6.90013
0.0110701,6.91044
0.0110858,6.92088
0.0111015,6.93138
0.0111164,6.94218
0.0111312,6.95317
0.0111456,6.96422
0.01116,6.97526
0.0111774,6.98631
0.0111918,6.99736
0.0112063,7.00847
0.0112208,7.01945
0.0112355,7.03038
0.0112501,7.04136
0.0112675,7.05241
0.0112793,7.06334
0.0112968,7.07438
0.0113115,7.08531
0.0113263,7.09617
0.0113442,7.10698
0.0113592,7.11778
0.0113769,7.12871
0.0113889,7.13951
0.0114068,7.15031
0.0114244,7.16124
0.0114391,7.17222
0.0114537,7.18321
0.0114709,7.19432
0.0114877,7.20561
0.0115014,7.21702
0.0115148,7.22862
0.011528,7.24028
0.0115436,7.25212
0.0115562,7.26408
0.0115717,7.27604
0.0115871,7.28801
0.0115995,7.30003
0.011612,7.3121
0.0116272,7.32412
0.0116393,7.33627
0.0116514,7.34848
0.0116661,7.36074
0.0116779,7.37307
0.0116898,7.38534
0.0117043,7.39773
0.0117158,7.41018
0.0117273,7.42263
0.0117414,7.43533
0.0117556,7.44784
0.011767,7.46029
0.0117814,7.47281
0.0117959,7.4852
0.0118075,7.49759
0.0118191,7.51004
0.0118337,7.52237
0.0118483,7.53476
0.0118628,7.54721
0.0118741,7.55972
0.011888,7.57241
0.0119046,7.58517
0.0119155,7.59799
0.01193,7.61038
0.0119452,7.6224
0.0119604,7.63455
0.0119755,7.64663
0.0119937,7.65872
0.012006,7.67074
0.0120242,7.68277
0.0120396,7.69473
0.0120521,7.70675
0.0120674,7.71878
0.0120846,7.73129
0.0120952,7.74423
0.0121085,7.75717
0.0121247,7.77017
0.0121346,7.78335
0.0121502,7.7966
0.0121628,7.8099
0.0121782,7.82327
0.0121908,7.83658
0.0122035,7.84988
0.0122161,7.86319
0.0122321,7.87631
0.0122466,7.8887
0.0122621,7.9006
0.0122783,7.9122
0.012298,7.92355
0.0123124,7.9346
0.0123328,7.94558
0.0123508,7.95639
0.0123686,7.96725
0.0123868,7.97787
0.0124049,7.98855
0.012422,7.99978
0.0124384,8.01126
0.0124548,8.02279
0.0124709,8.03445
0.0124868,8.04617
0.0125028,8.05789
0.0125185,8.06973
0.0125343,8.08151
0.0125499,8.09347
0.012565,8.10556
0.0125801,8.1177
0.0125948,8.13003
0.0126066,8.1423
0.0126212,8.15469
0.012636,8.16696
0.0126509,8.17917
0.0126667,8.19095
0.0126833,8.20236
0.0127008,8.21335
0.0127221,8.22397
0.0127407,8.2344
0.0127598,8.24466
0.0127787,8.25491
0.0127978,8.26516
0.012817,8.27536
0.0128359,8.28567
0.0128572,8.29629
0.0128748,8.30722
0.0128917,8.31851
0.0129079,8.33004
0.012924,8.34176
0.0129399,8.35354
0.0129559,8.36526
0.012972,8.37686
0.0129921,8.38803
0.0130108,8.3984
0.0130314,8.40793
0.0130541,8.41641
0.0130782,8.42434
0.0130999,8.43197
0.0131279,8.43933
0.0131537,8.44635
0.01318,8.45324
0.0132064,8.45996
0.0132293,8.46701
0.013254,8.47464
0.0132743,8.48288
0.0132958,8.49197
0.0133137,8.50143
0.0133344,8.51089
0.0133519,8.52047
0.0133689,8.5303
0.0133856,8.54031
0.0134024,8.55032
0.0134217,8.56039
0.0134379,8.57065
0.0134568,8.58096
0.0134724,8.59146
0.0134878,8.60214
0.0135055,8.61294
0.0135201,8.62399
0.0135374,8.63504
0.0135547,8.64615
0.0135685,8.6575
0.0135879,8.66903
0.0136041,8.68057
0.0136169,8.69241
0.0136326,8.70425
0.0136479,8.71628
0.0136633,8.7283
0.0136786,8.74032
0.0136909,8.75241
0.013706,8.76449
0.0137183,8.77664
0.0137335,8.78872
0.0137486,8.80081
0.0137639,8.81289
0.0137817,8.82504
0.0137967,8.83725
0.0138087,8.84951
0.0138235,8.86178
0.0138381,8.87411
0.0138527,8.88644
0.0138673,8.89889
0.0138787,8.91134
0.0138928,8.92392
0.0139099,8.93649
0.0139241,8.94906
0.0139384,8.96158
0.0139525,8.97421
0.0139665,8.98684
0.0139803,8.99954
0.0139939,9.01242
0.0140074,9.0253
0.0140182,9.03805
0.0140317,9.05093
0.0140451,9.06387
0.0140584,9.07687
0.0140716,9.08987
0.0140849,9.10287
0.0140982,9.11581
0.0141117,9.12875
0.0141251,9.14163
0.0141385,9.15457
0.014149,9.16751
0.0141626,9.18039
0.0141763,9.19314
0.01419,9.20596
0.0142037,9.21878
0.0142173,9.23153
0.0142307,9.24453
0.014244,9.25747
0.0142573,9.27047
0.0142703,9.2836
0.0142833,9.29672
0.014296,9.31003
0.0143113,9.32339
0.0143238,9.33676
0.0143362,9.35019
0.0143483,9.36368
0.0143636,9.3771
0.0143763,9.39041
0.014386,9.40371
0.0144016,9.41696
0.0144144,9.4302
0.0144271,9.44345
0.0144428,9.45669
0.0144554,9.47
0.0144676,9.48349
0.0144828,9.49698
0.0144951,9.5104
0.0145099,9.52401
0.0145217,9.53769
0.0145363,9.55148
0.0145506,9.5654
0.0145652,9.57913
0.014577,9.5928
0.0145918,9.60647
0.0146068,9.62002
0.0146187,9.63363
0.0146333,9.64737
0.014645,9.6611
0.0146567,9.67483
0.0146715,9.6885
0.0146832,9.70224
0.0146976,9.71609
0.0147089,9.73001
0.0147202,9.74392
0.0147344,9.75784
0.0147458,9.77176
0.01476,9.78567
0.0147746,9.79947
0.0147869,9.81289
0.0148031,9.82583
0.014817,9.83859
0.0148368,9.85116
0.0148511,9.86374
0.0148681,9.87631
0.0148854,9.88882
0.0149024,9.90133
0.0149198,9.91378
0.0149364,9.92654
0.0149524,9.93966
0.0149673,9.95327
0.0149818,9.96707
0.0149959,9.98105
0.0150131,9.9949
0.015028,10.0086
0.0150445,10.0213
0.0150632,10.0332
0.0150832,10.0443
0.0151039,10.0552
0.0151251,10.0658
0.0151437,10.0763
0.0151683,10.0866
0.0151872,10.097
0.0152123,10.1071
0.0152338,10.1176
0.015254,10.1287
0.0152725,10.1406
0.0152899,10.153
0.0153044,10.1654
0.0153217,10.1779
0.0153389,10.1904
0.0153564,10.2027
0.0153712,10.2151
0.0153886,10.2274
0.015406,10.2398
0.0154202,10.2524
0.0154371,10.265
0.015451,10.2777
0.0154681,10.2903
0.0154823,10.3029
0.0154994,10.3154
0.0155134,10.3281
0.0155301,10.3408
0.0155439,10.3536
0.01556,10.3665
0.0155735,10.3795
0.0155899,10.3924
0.0156032,10.4054
0.0156188,10.4186
0.0156342,10.432
0.0156491,10.4456
0.0156609,10.4593
0.0156757,10.4729
0.0156904,10.4866
0.0157024,10.5002
0.0157172,10.5139
0.015732,10.5275
0.0157441,10.541
0.0157594,10.5545
0.0157746,10.5679
0.0157901,10.5812
0.0158056,10.5945
0.0158182,10.6079
0.0158335,10.6212
0.0158487,10.6347
0.0158639,10.6482
0.0158816,10.6618
0.0158963,10.6756
0.0159074,10.6895
0.0159242,10.7036
0.0159381,10.7177
0.0159518,10.7319
0.0159656,10.746
0.0159794,10.7601
0.0159933,10.7742
0.0160072,10.7882
0.0160209,10.8025
0.0160345,10.8167
0.016048,10.8309
0.0160614,10.8452
0.0160716,10.8596
0.0160855,10.8738
0.0160988,10.8881
0.016112,10.9025
0.0161248,10.9171
0.0161373,10.9319
0.0161497,10.9466
0.016162,10.9615
0.0161742,10.9763
0.0161861,10.9914
0.016198,11.0064
0.0162088,11.0219
0.0162195,11.0376
0.0162297,11.0533
0.0162401,11.0691
0.016253,11.0849
0.016263,11.1009
0.0162727,11.1169
0.0162853,11.133
0.016295,11.1491
0.0163074,11.1652
0.0163166,11.1815
0.0163288,11.1978
0.0163409,11.2141
0.0163531,11.2303
0.0163651,11.2467
0.0163769,11.2632
0.0163858,11.2796
0.0163975,11.2961
0.016409,11.3127
0.0164207,11.3292
0.0164327,11.3455
0.0164447,11.3619
0.0164569,11.3781
0.0164724,11.3943
0.0164854,11.4101
0.0164988,11.4257
0.0165153,11.4414
0.0165291,11.4569
0.016543,11.4723
0.0165571,11.4878
0.0165712,11.503
0.0165855,11.5183
0.0166002,11.5334
0.016615,11.5484
0.0166271,11.5633
0.0166419,11.5784
0.0166568,11.5934
0.0166714,11.6085
0.0166862,11.6235
0.0166978,11.6386
0.0167121,11.6539
0.0167259,11.6694
0.0167363,11.6851
0.016749,11.7011
0.0167614,11.7174
0.0167734,11.7336
0.0167823,11.7501
0.0167939,11.7667
0.0168023,11.7833
0.0168134,11.8001
0.0168246,11.8169
0.0168357,11.8336
0.0168469,11.8503
0.0168578,11.8672
0.0168685,11.8841
0.0168793,11.9011
0.0168899,11.9181
0.0169006,11.935
0.0169141,11.9521
0.0169248,11.9691
0.0169352,11.9862
0.0169486,12.0033
0.0169589,12.0204
0.0169691,12.0376
0.0169822,12.0548
0.0169921,12.0721
0.0170021,12.0894
0.0170147,12.1069
0.0170244,12.1244
0.0170371,12.1418
0.0170467,12.1593
0.0170595,12.1766
0.0170691,12.1941
0.0170791,12.2114
0.0170919,12.2287
0.017102,12.2459
0.0171151,12.2632
0.0171255,12.2802
0.0171389,12.2973
0.0171524,12.3144
0.0171631,12.3314
0.0171743,12.3481
0.0171863,12.3643
0.0172018,12.3805
0.0172151,12.3962
0.0172318,12.4118
0.0172461,12.427
0.0172668,12.4419
0.0172824,12.4566
0.0173014,12.471
0.0173207,12.4853
0.0173369,12.4997
0.0173553,12.5144
0.0173704,12.5293
0.0173879,12.5443
0.0174021,12.5597
0.0174186,12.5753
0.0174346,12.591
0.0174501,12.6071
0.0174651,12.6235
0.0174769,12.6399
0.0174915,12.6563
0.0175091,12.6728
0.0175205,12.6895
0.0175351,12.706
0.017547,12.7224
0.017562,12.7386
0.01758,12.755
0.017595,12.7713
0.0176069,12.7877
0.0176246,12.804
0.0176364,12.8205
0.0176507,12.8371
0.0176652,12.8537
0.0176793,12.8705
0.0176932,12.8873
0.0177065,12.9044
0.0177198,12.9215
0.0177331,12.9386
0.0177435,12.9558
0.0177568,12.9727
0.0177702,12.99
0.0177835,13.007
0.0177938,13.0241
0.0178069,13.0413
0.0178201,13.0586
0.0178302,13.0758
0.0178434,13.093
0.0178566,13.1101
0.01787,13.1272
0.0178809,13.144
0.0178949,13.1607
0.0179066,13.1773
0.0179245,13.1937
0.0179395,13.2099
0.0179547,13.2262
0.017967,13.2424
0.0179823,13.2585
0.0180003,13.2747
0.0180125,13.291
0.0180302,13.3075
0.0180445,13.3241
0.0180586,13.3408
0.018072,13.3579
0.0180856,13.3748
0.0180985,13.3922
0.0181144,13.4094
0.0181272,13.4267
0.0181402,13.4441
0.0181559,13.4614
0.0181655,13.4788
0.0181811,13.4963
0.0181937,13.5138
0.0182064,13.5311
0.0182188,13.5487
0.0182342,13.5661
0.0182471,13.5835
0.0182597,13.6009
0.0182722,13.6184
0.0182848,13.6358
0.0183006,13.653
0.0183106,13.6704
0.0183262,13.6878
0.0183393,13.705
0.0183524,13.7223
0.0183653,13.7395
0.0183777,13.757
0.0183901,13.7746
0.0184022,13.7923
0.0184166,13.8103
0.0184306,13.8285
0.0184415,13.8466
0.0184549,13.8651
0.0184681,13.8836
0.0184812,13.9022
0.0184913,13.9209
0.0185016,13.9394
0.0185148,13.958
0.0185312,13.9763
0.018545,13.9946
0.018562,14.0127
0.0185761,14.0309
0.0185903,14.0489
0.0186047,14.0669
0.0186191,14.0848
0.0186365,14.1027
0.0186509,14.1207
0.0186649,14.1389
0.0186786,14.1572
0.0186948,14.1756
0.0187074,14.1944
0.0187199,14.2133
0.018735,14.2324
0.0187498,14.2516
0.0187612,14.2708
0.0187725,14.2904
0.0187837,14.3099
0.018795,14.3293
0.0188059,14.349
0.0188165,14.3686
0.0188302,14.3884
0.0188411,14.4081
0.0188517,14.4277
0.0188653,14.4475
0.0188761,14.4671
0.0188868,14.4869
0.0188974,14.5067
0.0189111,14.5264
0.0189228,14.5456
0.0189375,14.5648
0.0189526,14.5838
0.0189647,14.6029
0.0189801,14.6217
0.0189923,14.6407
0.0190043,14.6598
0.0190192,14.6789
0.0190339,14.6981
0.0190483,14.7175
0.019062,14.7372
0.0190752,14.7571
0.019088,14.7772
0.0190975,14.7975
0.0191127,14.8179
0.019122,14.8382
0.0191373,14.8585
0.0191496,14.8789
0.0191618,14.8993
0.0191742,14.9195
0.019187,14.9397
0.0191973,14.9596
0.0192107,14.9794
0.0192217,14.999
0.0192383,15.0187
0.0192492,15.0382
0.0192603,15.0578
0.0192743,15.0773
0.0192885,15.0968
0.0193024,15.1163
0.019313,15.1361
0.0193291,15.156
0.019342,15.1761
0.0193519,15.1962
0.0193648,15.2163
0.0193772,15.2366
0.0193897,15.2568
0.0194019,15.2772
0.0194169,15.2976
0.0194288,15.3182
0.0194404,15.3389
0.019452,15.3595
0.0194663,15.3802
0.0194812,15.4007
0.0194964,15.421
0.0195089,15.4414
0.0195241,15.4617
0.0195393,15.482
0.0195546,15.5023
0.01957,15.5226
0.0195856,15.5427
0.0195982,15.563
0.0196141,15.583
0.0196293,15.6033
0.0196442,15.6238
0.0196593,15.6442
0.0196748,15.6644
0.0196878,15.6844
0.0197043,15.7041
0.0197212,15.7236
0.0197385,15.743
0.0197531,15.7623
0.0197675,15.7816
0.0197847,15.801
0.0197989,15.8204
0.019813,15.84
0.0198268,15.8596
0.019843,15.8794
0.0198558,15.8995
0.019871,15.9198
0.0198831,15.9403
0.0198952,15.9608
0.0199102,15.9812
0.0199253,16.0016
0.0199376,16.022
0.0199526,16.0423
0.0199647,16.0627
0.0199801,16.083
0.0199955,16.1033
0.020011,16.1235
0.0200237,16.1437
0.0200394,16.1638
0.020052,16.1839
0.0200646,16.2042
0.0200804,16.2241
0.0200968,16.244
0.0201137,16.2635
0.0201309,16.2829
0.0201487,16.302
0.0201671,16.3209
0.020186,16.3393
0.0202055,16.3578
0.0202254,16.3758
0.0202429,16.3938
0.0202613,16.4112
0.020285,16.4275
0.0203063,16.4436
0.0203277,16.4597
0.0203459,16.4758
0.0203699,16.4919
0.0203907,16.5083
0.0204111,16.5248
0.0204342,16.5414
0.020454,16.5581
0.0204727,16.5754
0.0204916,16.5941
0.0205064,16.6133
0.0205209,16.6326
0.0205378,16.6521
0.0205516,16.6717
0.0205651,16.6915
0.0205816,16.7112
0.0205951,16.7309
0.0206114,16.7508
0.0206284,16.7704
0.020646,16.7894
0.0206612,16.8085
0.0206796,16.8273
0.0206981,16.8461
0.0207165,16.8649
0.0207348,16.8838
0.0207504,16.9026
0.0207686,16.9214
0.0207897,16.9403
0.0208045,16.9596
0.0208186,16.979
0.0208357,16.9985
0.0208526,17.0181
0.0208697,17.0375
0.020884,17.0569
0.0208983,17.0763
0.0209152,17.0958
0.0209295,17.1152
0.0209468,17.1345
0.0209614,17.1538
0.0209786,17.1732
0.0209927,17.1927
0.0210069,17.2121
0.0210238,17.2317
0.0210377,17.2512
0.0210545,17.2709
0.0210682,17.2905
0.021082,17.3102
0.0210984,17.3299
0.0211119,17.3497
0.0211285,17.3694
0.021142,17.3891
0.0211577,17.4093
0.0211704,17.4294
0.0211857,17.4497
0.0212011,17.47
0.0212163,17.4903
0.0212311,17.5109
0.021243,17.5314
0.0212605,17.552
0.021275,17.5727
0.0212893,17.5934
0.0213008,17.6141
0.0213149,17.635
0.0213291,17.6559
0.0213404,17.6766
0.0213548,17.6974
0.0213691,17.7181
0.0213835,17.7389
0.0213979,17.7596
0.0214094,17.7803
0.0214241,17.8009
0.0214388,17.8215
0.0214509,17.8419
0.0214662,17.8622
0.021482,17.8824
0.0214985,17.9026
0.0215128,17.9223
0.0215308,17.9416
0.0215497,17.9606
0.0215722,17.9792
0.0215891,17.9978
0.021612,18.0161
0.021629,18.0347
0.0216489,18.0531
0.0216691,18.0714
0.0216922,18.0897
0.0217122,18.1081
0.0217318,18.1268
0.0217534,18.1457
0.0217716,18.165
0.0217895,18.1846
0.0218072,18.204
0.0218281,18.2234
0.0218461,18.2428
0.0218667,18.2623
0.0218841,18.282
0.0219017,18.3015
0.0219193,18.3212
0.0219369,18.3407
0.0219545,18.3602
0.0219692,18.3799
0.0219868,18.3994
0.0220045,18.4189
0.0220222,18.4385
0.0220397,18.4581
0.0220545,18.4776
0.0220718,18.4973
0.0220864,18.517
0.0221038,18.5366
0.0221218,18.556
0.0221404,18.5751
0.0221562,18.5941
0.0221752,18.613
0.0221914,18.6318
0.0222107,18.6506
0.0222301,18.6693
0.0222467,18.688
0.0222661,18.7067
0.0222854,18.7255
0.0223014,18.7444
0.0223198,18.7635
0.0223379,18.7829
0.0223558,18.8022
0.0223709,18.8216
0.022389,18.8409
0.0224073,18.8602
0.0224254,18.8795
0.0224408,18.8988
0.0224593,18.918
0.0224775,18.9372
0.022496,18.9564
0.0225146,18.9755
0.0225365,18.9944
0.0225525,19.0133
0.0225713,19.0322
0.0225873,19.0513
0.0226039,19.0699
0.0226205,19.0885
0.0226406,19.1069
0.0226581,19.1251
0.0226759,19.1432
0.0226966,19.1612
0.0227145,19.1793
0.0227325,19.1973
0.0227505,19.2153
0.0227713,19.2333
0.0227891,19.2513
0.0228101,19.2693
0.0228309,19.2873
0.0228488,19.3053
0.0228698,19.3232
0.0228904,19.3413
0.0229114,19.3594
0.0229293,19.3773
0.02295,19.3954
0.0229676,19.4136
0.0229879,19.4319
0.0230081,19.4502
0.0230249,19.4687
0.0230445,19.4873
0.0230608,19.5061
0.02308,19.525
0.0230988,19.5439
0.0231173,19.5631
0.023133,19.5821
0.0231517,19.6012
0.0231708,19.62
0.0231901,19.6388
0.0232128,19.6573
0.0232301,19.6756
0.0232507,19.6937
0.0232687,19.7118
0.0232899,19.7296
0.0233086,19.7472
0.0233278,19.7646
0.0233472,19.7818
0.0233664,19.7993
0.0233882,19.8169
0.0234071,19.8343
0.0234257,19.852
0.0234445,19.8696
0.0234605,19.8872
0.0234794,19.9046
0.0234984,19.9222
0.0235172,19.9398
0.0235358,19.9575
0.0235545,19.9751
0.0235736,19.9925
0.0235929,20.0099
0.0236099,20.027
0.023631,20.0436
0.0236525,20.0598
0.0236714,20.0759
0.0236963,20.0919
0.0237155,20.108
0.0237377,20.1239
0.0237602,20.1398
0.0237825,20.1556
0.0238046,20.1715
0.023829,20.1879
0.0238461,20.2048
0.0238656,20.2222
0.0238819,20.2395
0.0239037,20.2571
0.0239197,20.2745
0.0239382,20.2923
0.0239535,20.3102
0.0239687,20.3281
0.0239864,20.3462
0.0240043,20.3642
0.0240192,20.3823
0.0240369,20.4005
0.0240515,20.4187
0.024066,20.437
0.0240831,20.4554
0.0241003,20.4737
0.0241146,20.4921
0.0241318,20.5105
0.0241461,20.5288
0.0241603,20.5472
0.0241744,20.5657
0.0241916,20.584
0.0242088,20.6024
0.0242232,20.6207
0.0242407,20.6389
0.0242553,20.6571
0.024273,20.6753
0.0242907,20.6933
0.0243062,20.7112
0.0243258,20.7284
0.0243462,20.7452
0.0243643,20.7617
0.0243854,20.7782
0.0244036,20.7947
0.0244251,20.811
0.0244434,20.8274
0.024465,20.8436
0.0244893,20.8598
0.0245105,20.8763
0.0245278,20.8933
0.0245474,20.9105
0.0245638,20.9278
0.0245805,20.9451
0.0245974,20.9621
0.0246144,20.9792
0.0246318,20.9961
0.0246493,21.0128
0.0246673,21.0294
0.0246854,21.046
0.0247038,21.0624
0.0247221,21.0787
0.0247405,21.0951
0.0247587,21.1116
0.0247771,21.128
0.0247951,21.1445
0.024816,21.1611
0.0248336,21.178
0.024851,21.1948
0.0248683,21.2117
0.0248855,21.2286
0.0249025,21.2457
0.024916,21.263
0.0249328,21.2803
0.0249494,21.2975
0.0249664,21.3144
0.024984,21.3313
0.0250019,21.3479
0.025023,21.3644
0.0250384,21.3808
0.0250599,21.3971
0.0250788,21.4132
0.0250985,21.4289
0.0251183,21.4447
0.0251416,21.4601
0.0251635,21.4748
0.025186,21.4892
0.0252092,21.5033
0.025233,21.5171
0.0252545,21.5305
0.0252825,21.5436
0.025305,21.5567
0.0253307,21.5695
0.0253566,21.5823
0.0253793,21.5952
0.0254007,21.6087
0.0254213,21.6226
0.0254443,21.6368
0.0254672,21.651
0.0254872,21.6651
0.0255075,21.6792
0.0255279,21.6933
0.025551,21.7073
0.025571,21.7215
0.0255944,21.7355
0.0256144,21.7497
0.0256374,21.7638
0.0256572,21.7782
0.0256768,21.7926
0.0256982,21.8075
0.025716,21.8227
0.025736,21.8384
0.0257529,21.854
0.0257695,21.8699
0.0257884,21.8861
0.0258069,21.9023
0.0258252,21.9188
0.0258433,21.9353
0.0258611,21.952
0.0258789,21.9686
0.0258964,21.9855
0.025911,22.0023
0.0259312,22.0193
0.0259457,22.036
0.0259632,22.0528
0.0259811,22.0694
0.0259991,22.086
0.0260142,22.1026
0.0260323,22.1191
0.0260506,22.1356
0.026069,22.152
0.0260875,22.1683
0.026103,22.1847
0.0261214,22.201
0.0261366,22.2175
0.0261526,22.2338
0.0261718,22.2496
0.0261888,22.2654
0.026206,22.2809
0.0262233,22.2964
0.0262408,22.3119
0.0262612,22.3273
0.0262787,22.3426
0.0262964,22.358
0.0263145,22.3731
0.026335,22.3885
0.0263523,22.404
0.0263692,22.4197
0.0263886,22.4355
0.0264079,22.4515
0.0264243,22.4675
0.0264432,22.4836
0.0264593,22.4997
0.0264751,22.5159
0.0264932,22.5324
0.0265112,22.549
0.0265291,22.5656
0.0265439,22.5823
0.0265614,22.5992
0.0265789,22.6159
0.0265937,22.6327
0.0266085,22.6493
0.0266266,22.6659
0.0266449,22.6823
0.0266636,22.6985
0.0266827,22.7146
0.0266986,22.7308
0.0267177,22.7468
0.0267343,22.7626
0.0267542,22.7784
0.0267716,22.7938
0.0267891,22.8092
0.0268099,22.8244
0.0268279,22.8396
0.0268459,22.8548
0.026864,22.8699
0.0268851,22.885
0.026904,22.8997
0.0269238,22.914
0.026944,22.9281
0.0269659,22.9415
0.0269893,22.954
0.0270163,22.9662
0.0270411,22.9781
0.0270664,22.9897
0.0270918,23.0013
0.0271177,23.0127
0.027143,23.0243
0.0271707,23.0362
0.0271951,23.0483
0.0272181,23.061
0.0272428,23.0743
0.0272613,23.0879
0.0272853,23.1016
0.0273062,23.1153
0.0273276,23.1289
0.0273493,23.1423
0.0273712,23.1555
0.0273941,23.1684
0.0274146,23.1809
0.0274414,23.1932
0.0274656,23.2054
0.0274901,23.2175
0.0275146,23.2295
0.0275392,23.2414
0.0275609,23.2534
0.0275882,23.2656
0.0276095,23.2776
0.0276335,23.29
0.027657,23.3025
0.0276771,23.3152
0.0277,23.328
0.0277199,23.3408
0.0277395,23.3538
0.0277619,23.3669
0.0277811,23.3801
0.0278002,23.3933
0.0278191,23.4066
0.0278381,23.4199
0.0278598,23.4333
0.0278753,23.4469
0.0278936,23.4605
0.0279116,23.4742
0.0279266,23.4881
0.0279472,23.502
0.0279676,23.516
0.027985,23.53
0.0280023,23.5441
0.0280195,23.5584
0.0280364,23.5726
0.0280565,23.5867
0.0280735,23.601
0.0280904,23.6153
0.0281074,23.6295
0.0281245,23.6438
0.0281445,23.658
0.0281617,23.6721
0.0281818,23.6863
0.0281962,23.7004
0.0282135,23.7145
0.0282337,23.7285
0.0282514,23.7424
0.028269,23.7564
0.0282865,23.7704
0.0283041,23.7844
0.0283243,23.7985
0.0283415,23.8126
0.0283556,23.8269
0.0283752,23.8413
0.0283916,23.8558
0.0284107,23.8704
0.0284266,23.8853
0.0284424,23.9
0.0284583,23.9149
0.0284741,23.9296
0.0284901,23.9444
0.0285063,23.9591
0.0285226,23.9736
0.0285363,23.9881
0.0285529,24.0025
0.0285697,24.0169
0.0285837,24.0311
0.0286008,24.0454
0.0286153,24.0594
0.0286296,24.0736
0.0286496,24.0878
0.0286638,24.102
0.0286803,24.1164
0.0286998,24.1309
0.028716,24.1455
0.0287351,24.1602
0.0287512,24.1748
0.028767,24.1897
0.0287853,24.2047
0.028798,24.2196
0.0288162,24.2346
0.0288314,24.2498
0.0288494,24.265
0.0288616,24.2801
0.0288796,24.2953
0.0288946,24.3105
0.0289094,24.3258
0.0289268,24.3413
0.0289412,24.3568
0.0289553,24.3724
0.0289697,24.388
0.0289868,24.4036
0.0290037,24.4192
0.0290176,24.4349
0.0290345,24.4507
0.0290485,24.4663
0.0290624,24.4821
0.0290824,24.4977
0.0290969,24.5132
0.0291084,24.5287
0.0291257,24.5442
0.0291404,24.5596
0.0291551,24.5749
0.02917,24.5902
0.029185,24.6054
0.0292031,24.6205
0.0292157,24.6355
0.029234,24.6505
0.0292498,24.6654
0.0292655,24.6802
0.0292815,24.695
0.0292976,24.7097
0.0293138,24.7243
0.0293301,24.7388
0.0293465,24.7534
0.0293626,24.7681
0.029379,24.7826
0.0293984,24.7971
0.0294118,24.8117
0.0294311,24.8262
0.0294472,24.8409
0.0294634,24.8555
0.0294796,24.8701
0.0294956,24.8849
0.0295146,24.8996
0.0295278,24.9143
0.0295435,24.9291
0.0295594,24.9439
0.029575,24.9588
0.0295904,24.9738
0.0296089,24.9888
0.0296241,25.0039
0.0296424,25.0189
0.0296576,25.0341
0.0296729,25.0491
0.029688,25.0643
0.0297061,25.0794
0.0297244,25.0944
0.0297402,25.1093
0.029756,25.1241
0.0297717,25.1389
0.0297876,25.1538
0.0298064,25.1685
0.0298197,25.1832
0.0298387,25.1978
0.0298549,25.2125
0.0298712,25.227
0.0298876,25.2416
0.0299041,25.2561
0.0299211,25.2703
0.0299382,25.2846
0.0299554,25.2987
0.0299758,25.3127
0.0299933,25.3267
0.0300111,25.3406
0.0300288,25.3544
0.0300465,25.3684
0.0300668,25.3825
0.030084,25.3966
0.0301037,25.411
0.0301205,25.4253
0.030137,25.4398
0.0301532,25.4544
0.030175,25.4691
0.0301907,25.484
0.0302093,25.4989
0.0302252,25.5137
0.0302408,25.5286
0.0302592,25.5436
0.0302775,25.5586
0.0302929,25.5736
0.0303114,25.5886
0.0303295,25.6037
0.0303449,25.6187
0.0303632,25.6337
0.0303786,25.6488
0.030397,25.6638
0.0304153,25.6788
0.0304305,25.6939
0.0304488,25.7089
0.030467,25.724
0.0304824,25.739
0.0304979,25.7539
0.0305132,25.769
0.0305286,25.784
0.030547,25.799
0.0305624,25.814
0.030581,25.8289
0.0305971,25.8436
0.0306134,25.8582
0.0306297,25.8728
0.0306494,25.8872
0.0306664,25.9013
0.0306813,25.9152
0.0307019,25.9292
0.0307199,25.9429
0.0307383,25.9565
0.0307571,25.9699
0.0307762,25.9831
0.0307958,25.9961
0.0308191,26.0087
0.0308395,26.0213
0.0308606,26.0336
0.0308824,26.0455
0.0309053,26.0569
0.0309292,26.0678
0.030954,26.0783
0.0309798,26.0883
0.0310061,26.098
0.0310328,26.1076
0.0310626,26.1171
0.0310872,26.1262
0.0311146,26.1355
0.0311418,26.1448
0.0311688,26.1542
0.031199,26.1635
0.0312267,26.1726
0.0312548,26.1815
0.0312816,26.1896
0.0313171,26.1949
0.0327972,25.5035
0.0352081,24.3629
0.0376038,23.2222
0.0400146,22.0816
