"Maximum force",39.2685,"N"
"Gage length ",0.939483,"mm"
"Strain energy",0.408665,"mJ"
"Deformation at maximum force",0.0289258,"mm"
"Standard travel","Standard force"
"mm","N"
0,0.214035
3.27826e-006,0.215233
3.64333e-006,0.216438
4.13507e-006,0.217582
4.72739e-006,0.218681
5.51715e-006,0.21968
6.35535e-006,0.220665
7.27922e-006,0.221603
8.367e-006,0.222465
6.45965e-006,0.223373
7.51764e-006,0.224243
8.70228e-006,0.225059
6.90669e-006,0.225914
8.28505e-006,0.226635
6.70552e-006,0.227386
8.13603e-006,0.228084
6.88434e-006,0.228679
8.72463e-006,0.229179
7.6592e-006,0.22969
9.56655e-006,0.230161
8.71345e-006,0.230568
7.73743e-006,0.231031
9.82359e-006,0.231414
8.90717e-006,0.231853
8.11368e-006,0.232229
1.02744e-005,0.232582
9.33558e-006,0.233028
8.3074e-006,0.233514
1.01998e-005,0.233991
9.23127e-006,0.234455
8.03918e-006,0.235019
6.93649e-006,0.235542
8.93325e-006,0.235967
8.15466e-006,0.236343
7.57352e-006,0.236618
6.7465e-006,0.237009
6.10203e-006,0.237314
5.40912e-006,0.237644
4.8615e-006,0.237901
4.1835e-006,0.238224
3.78676e-006,0.238412
3.47383e-006,0.23856
6.00703e-006,0.238733
5.65127e-006,0.238906
5.07385e-006,0.239178
4.71063e-006,0.239352
4.19654e-006,0.239595
3.83332e-006,0.239768
3.33786e-006,0.240002
5.88596e-006,0.240167
5.64847e-006,0.240285
5.36721e-006,0.240417
5.05429e-006,0.240567
4.60725e-006,0.240778
4.24404e-006,0.24095
3.84729e-006,0.241138
3.41702e-006,0.241342
2.96999e-006,0.241554
2.441e-006,0.241804
2.14297e-006,0.241946
1.61398e-006,0.242196
1.03656e-006,0.24247
4.40516e-007,0.242753
2.72039e-006,0.243043
2.02376e-006,0.243378
4.24404e-006,0.243701
6.50901e-006,0.244006
5.88689e-006,0.244303
8.21147e-006,0.244578
1.03572e-005,0.244939
1.2503e-005,0.245299
1.45892e-005,0.245682
1.65412e-005,0.246136
2.1548e-005,0.246522
2.36044e-005,0.24692
2.83727e-005,0.247407
3.32305e-005,0.247868
3.50708e-005,0.248376
3.95114e-005,0.249028
4.08972e-005,0.249749
4.79603e-005,0.250523
5.21624e-005,0.251282
5.33396e-005,0.252114
6.0075e-005,0.253049
6.38152e-005,0.254033
6.75851e-005,0.255005
7.13551e-005,0.255971
7.77328e-005,0.257077
8.40807e-005,0.258191
8.74335e-005,0.259366
9.06819e-005,0.260586
9.65828e-005,0.261922
0.000102543,0.263226
0.000105553,0.264554
0.000111365,0.265927
0.000117236,0.267277
0.000122749,0.268796
0.000128322,0.270291
0.000133746,0.271847
0.000139111,0.27345
0.000144296,0.275113
0.000149512,0.276768
0.000157499,0.278485
0.00015951,0.280308
0.000167199,0.282155
0.00017167,0.284169
0.000178882,0.286275
0.000183054,0.288426
0.000189849,0.290715
0.000193694,0.293019
0.000197449,0.295384
0.000203975,0.297795
0.000210294,0.300297
0.000213751,0.3028
0.000219741,0.30547
0.000225493,0.308262
0.000228547,0.310948
0.00023427,0.31374
0.00024023,0.316426
0.000246131,0.319142
0.000252002,0.321873
0.000257903,0.324574
0.000263714,0.327336
0.000269406,0.330144
0.000275009,0.332997
0.000280642,0.33585
0.000286126,0.33875
0.000291609,0.341664
0.000299954,0.344594
0.000305169,0.34763
0.000313097,0.350743
0.000317776,0.354054
0.000325226,0.357411
0.000329667,0.360814
0.000336909,0.364262
0.000341379,0.367665
0.000348502,0.371174
0.000355505,0.37473
0.0003623,0.378407
0.000369095,0.382069
0.000372746,0.385853
0.000382164,0.389653
0.000385799,0.393452
0.000392296,0.397252
0.000398942,0.40099
0.000405529,0.404759
0.000412055,0.408558
0.000421532,0.412312
0.000424975,0.416203
0.000434094,0.42014
0.000440382,0.424046
0.000446611,0.427983
0.000455909,0.431843
0.000462287,0.435704
0.000468397,0.439702
0.000477099,0.443822
0.000485563,0.448094
0.000490719,0.452519
0.000495904,0.456975
0.000503832,0.461461
0.000511699,0.466008
0.000519448,0.470555
0.000527048,0.475255
0.000534409,0.480046
0.000541651,0.484868
0.000548833,0.48972
0.000555926,0.494633
0.000563019,0.499516
0.000570231,0.504368
0.000577473,0.509221
0.000587725,0.513981
0.000592285,0.518712
0.000602358,0.523564
0.000612431,0.528447
0.000619614,0.53333
0.000626558,0.538304
0.000636631,0.543156
0.000643753,0.548039
0.000653648,0.552983
0.000663483,0.557957
0.000673079,0.563054
0.000679516,0.568272
0.000688695,0.573582
0.000697696,0.578953
0.000706577,0.584355
0.000715637,0.589726
0.000721478,0.595219
0.000730061,0.600804
0.000738465,0.60645
0.000749611,0.612187
0.000757777,0.617955
0.000765764,0.623814
0.000773811,0.629643
0.000781917,0.635472
0.000790023,0.64127
0.000797951,0.64713
0.000809037,0.652897
0.000817382,0.658574
0.000825786,0.66425
0.000836932,0.669987
0.000848078,0.675725
0.000856482,0.68137
0.000867688,0.687108
0.000875973,0.692784
0.000887119,0.698521
0.000898444,0.704198
0.000909531,0.709965
0.000920319,0.715855
0.000928127,0.721806
0.000938618,0.727849
0.000946128,0.733952
0.000956082,0.740239
0.000966036,0.746525
0.000975811,0.752904
0.000985407,0.759404
0.000994706,0.765996
0.00100377,0.77274
0.00101289,0.779423
0.001022,0.786137
0.0010313,0.792729
0.00104084,0.799229
0.00105079,0.805546
0.00106075,0.811864
0.0010707,0.81815
0.00108095,0.824315
0.00109121,0.830449
0.00110438,0.836644
0.00111475,0.842717
0.00112792,0.848881
0.00113829,0.854985
0.00114843,0.86121
0.00115832,0.867528
0.00117078,0.874028
0.00118306,0.880589
0.00119224,0.887272
0.00120112,0.894078
0.0012131,0.900792
0.00122502,0.907536
0.00123396,0.914342
0.00124278,0.921178
0.00125428,0.928105
0.00126579,0.935063
0.00127443,0.94199
0.00128599,0.948918
0.00129446,0.955907
0.00130608,0.962803
0.00131466,0.969731
0.00132897,0.976719
0.00133761,0.983678
0.00134965,0.990361
0.00136193,0.996922
0.00137415,1.00354
0.00138661,1.01004
0.001399,1.01654
0.00141164,1.02295
0.00142142,1.02933
0.00143751,1.0355
0.00145152,1.04126
0.00146522,1.04715
0.00147816,1.05341
0.00149085,1.05982
0.00150033,1.06632
0.00151523,1.07303
0.00152703,1.07984
0.00153866,1.08674
0.0015498,1.09385
0.00156023,1.10129
0.00157239,1.10929
0.00158157,1.11734
0.00159069,1.1254
0.00160273,1.13346
0.00161215,1.14139
0.00162461,1.14927
0.00163438,1.15705
0.00164702,1.16483
0.00165983,1.17255
0.00166961,1.1803
0.00168278,1.18787
0.00169631,1.19523
0.0017071,1.20249
0.00172081,1.20978
0.00173434,1.21714
0.00174775,1.22455
0.00176092,1.23206
0.00177392,1.23969
0.00178745,1.24707
0.00179961,1.2537
0.00181439,1.26047
0.00182881,1.2674
0.00184312,1.27442
0.00185444,1.28144
0.00186827,1.28867
0.00188496,1.29587
0.00189873,1.30314
0.00190934,1.31049
0.00192239,1.31809
0.00193384,1.32645
0.00194522,1.33481
0.00195935,1.34324
0.00197061,1.35172
0.00198182,1.36014
0.00199338,1.36844
0.00200506,1.37668
0.00201993,1.38485
0.00203232,1.39272
0.00204484,1.40053
0.0020576,1.40828
0.00207053,1.41591
0.00208382,1.42339
0.00209723,1.43084
0.00211059,1.43828
0.00212131,1.44558
0.00213777,1.45293
0.00215136,1.46028
0.00216179,1.46773
0.00217764,1.47533
0.00219069,1.48293
0.00220035,1.49074
0.00221573,1.49862
0.00222795,1.50661
0.00224005,1.51461
0.00225197,1.52278
0.00226371,1.53096
0.00227867,1.53902
0.00229059,1.5472
0.00230251,1.55532
0.0023142,1.56356
0.00232612,1.57167
0.00234084,1.57985
0.00235276,1.58797
0.00236784,1.59597
0.00237976,1.60408
0.00239466,1.6122
0.00240634,1.62038
0.00241809,1.62862
0.00242995,1.63674
0.00244461,1.64498
0.00245611,1.65328
0.00247024,1.66176
0.00248121,1.67031
0.0024948,1.67903
0.00250535,1.68782
0.00251864,1.69667
0.00253145,1.70571
0.00254409,1.71486
0.00255369,1.72414
0.00256895,1.73342
0.00257854,1.74263
0.00259124,1.75179
0.00260381,1.76101
0.00261657,1.7701
0.00262956,1.77907
0.00264274,1.78798
0.00265716,1.79628
0.0026723,1.80428
0.00268756,1.81221
0.00270282,1.82015
0.00271802,1.82808
0.00273328,1.83596
0.00274889,1.84377
0.00276415,1.85164
0.00277941,1.85958
0.00279705,1.86769
0.00280796,1.87636
0.00282107,1.88527
0.00283407,1.89431
0.00284688,1.90334
0.00285952,1.91256
0.00287186,1.92183
0.00288402,1.93123
0.00289606,1.94069
0.00290768,1.95028
0.00291954,1.95986
0.0029314,1.96938
0.00294326,1.9789
0.0029553,1.98836
0.0029708,1.99752
0.00298379,2.00655
0.00299691,2.01546
0.00301038,2.02419
0.00302385,2.03298
0.00303464,2.04164
0.00304835,2.05031
0.00306503,2.05892
0.0030788,2.06758
0.00308929,2.07637
0.00310515,2.08541
0.00311767,2.09456
0.00312983,2.10396
0.00314473,2.11342
0.00315355,2.12307
0.00316821,2.13259
0.00317971,2.14229
0.0031911,2.15206
0.00320517,2.16195
0.00321613,2.17189
0.00322728,2.18178
0.00324087,2.19185
0.00325482,2.20174
0.00326906,2.21157
0.00328408,2.22097
0.00329636,2.2303
0.0033115,2.23964
0.00332378,2.24898
0.003336,2.25832
0.00335138,2.26754
0.00336985,2.27669
0.00338583,2.28566
0.0033993,2.29445
0.00341587,2.30312
0.00343196,2.31203
0.0034477,2.32106
0.00346063,2.3301
0.00347613,2.33931
0.00349413,2.34865
0.00350909,2.35811
0.00352345,2.36782
0.00353752,2.3777
0.00355057,2.38802
0.00356303,2.3987
0.00357203,2.40956
0.00358401,2.42043
0.00359879,2.43129
0.00361054,2.44228
0.00362258,2.45308
0.00363468,2.46389
0.0036469,2.47463
0.00365923,2.48531
0.00367175,2.49593
0.00368689,2.50661
0.00369911,2.51735
0.00371133,2.5281
0.00372367,2.53878
0.00373612,2.5494
0.0037487,2.56002
0.00375824,2.57058
0.00377063,2.58126
0.00378285,2.592
0.00379489,2.6028
0.00380717,2.61354
0.00382225,2.62429
0.00383423,2.63515
0.00384586,2.64614
0.00385742,2.65718
0.00386874,2.66841
0.00387989,2.67965
0.00389372,2.691
0.00390463,2.70235
0.00391553,2.7137
0.00392632,2.72512
0.00393711,2.73653
0.0039479,2.74794
0.00395875,2.7593
0.00397252,2.77071
0.00398348,2.78206
0.00399445,2.79335
0.0040053,2.80477
0.00401907,2.81618
0.00402974,2.82766
0.00404333,2.83907
0.00405435,2.85042
0.00406806,2.86177
0.00407873,2.87325
0.00409214,2.88478
0.00410567,2.89632
0.00411902,2.90792
0.00412945,2.91945
0.00414287,2.93105
0.00415669,2.9424
0.00416772,2.95369
0.00418429,2.96511
0.00419514,2.97652
0.00421147,2.98806
0.00422202,2.99959
0.00423531,3.01119
0.00424837,3.02291
0.00426148,3.03456
0.00427453,3.04628
0.00428794,3.05788
0.0043032,3.06856
0.00432228,3.07875
0.00433599,3.08882
0.00435601,3.09859
0.00437073,3.10817
0.00439124,3.11769
0.00440674,3.12691
0.00442533,3.13601
0.00444393,3.1451
0.00446181,3.15456
0.00447767,3.16487
0.00449292,3.17562
0.00450777,3.18648
0.00451951,3.19747
0.00453417,3.20839
0.00454901,3.21926
0.00456362,3.23024
0.00457494,3.24141
0.00458936,3.25246
0.00460373,3.26357
0.00461809,3.27468
0.0046349,3.28597
0.00464593,3.29732
0.00466274,3.30855
0.00467663,3.31997
0.00469039,3.33132
0.00470685,3.34279
0.00472103,3.35402
0.00473486,3.36531
0.00474893,3.37661
0.00476305,3.38778
0.00478022,3.39894
0.00479208,3.40987
0.00480948,3.42086
0.00482701,3.43184
0.00484137,3.44295
0.0048558,3.45406
0.0048701,3.46517
0.00488715,3.47634
0.00490128,3.48757
0.00491796,3.49892
0.00493191,3.51021
0.00494836,3.52169
0.00496195,3.53322
0.00497805,3.54488
0.00499098,3.5566
0.00500374,3.5685
0.00501899,3.58052
0.00503437,3.59255
0.00504963,3.60457
0.00506215,3.6166
0.00507735,3.62862
0.00508951,3.64083
0.00510477,3.65285
0.0051205,3.66463
0.00513397,3.67623
0.00514798,3.68746
0.0051655,3.69838
0.00518088,3.70906
0.00519662,3.7195
0.00521557,3.72982
0.0052319,3.73995
0.00525157,3.7499
0.00526814,3.75997
0.00528459,3.7701
0.00530104,3.78017
0.00531749,3.7903
0.00533645,3.80062
0.00535218,3.81105
0.00536768,3.82161
0.0053827,3.83242
0.00540058,3.84322
0.00541262,3.85402
0.00542735,3.86495
0.00544511,3.87587
0.00545965,3.88686
0.00547449,3.89772
0.00548939,3.90859
0.00550441,3.91933
0.00551949,3.93013
0.00553738,3.94094
0.00555252,3.95168
0.00557064,3.96236
0.00558613,3.97292
0.00560449,3.98348
0.00562011,3.99404
0.00563584,4.00447
0.0056548,4.01479
0.00567101,4.02498
0.00569044,4.03505
0.00570773,4.04476
0.00572811,4.0544
0.0057454,4.06411
0.00576316,4.07363
0.00578056,4.08327
0.00579797,4.09291
0.00581764,4.10286
0.00583361,4.11324
0.00584923,4.12368
0.00586747,4.1343
0.00588273,4.14504
0.00589745,4.15596
0.00591521,4.16677
0.00592999,4.17775
0.00594764,4.18868
0.00596248,4.19954
0.00597744,4.21035
0.00599317,4.22078
0.00600879,4.23128
0.00602476,4.24166
0.00604086,4.25191
0.00605719,4.26204
0.00607686,4.27205
0.00609379,4.28194
0.00611131,4.29146
0.00612919,4.30092
0.00614755,4.3102
0.00616877,4.31942
0.00618736,4.32851
0.00620608,4.33748
0.00622492,4.34645
0.00624387,4.35543
0.00626259,4.36446
0.00628106,4.37355
0.00629918,4.38295
0.00631683,4.39247
0.00633709,4.40212
0.00635414,4.41201
0.00637083,4.42195
0.00639014,4.43209
0.00640897,4.44246
0.00642471,4.4529
0.00644033,4.4634
0.00645606,4.47383
0.00647454,4.48439
0.00649016,4.49489
0.00650577,4.50539
0.00652103,4.51607
0.00653665,4.52657
0.00655536,4.53701
0.00657181,4.54708
0.00659113,4.55727
0.00660782,4.56722
0.00662737,4.57723
0.00664417,4.58718
0.00666361,4.59731
0.0066797,4.60756
0.00669889,4.61776
0.00671749,4.62819
0.00673245,4.639
0.00674962,4.65017
0.00676344,4.66152
0.00677954,4.67318
0.00679229,4.68502
0.00680755,4.69704
0.00682269,4.70919
0.00683497,4.72127
0.00684719,4.73342
0.0068628,4.74526
0.00687598,4.75698
0.00688927,4.76857
0.00690584,4.77993
0.00691979,4.79128
0.00693391,4.80251
0.00694828,4.81362
0.00696282,4.8246
0.00698035,4.83559
0.00699507,4.84652
0.00700961,4.85756
0.0070269,4.86861
0.00703834,4.87972
0.00705527,4.89101
0.00706916,4.9023
0.00708287,4.91371
0.00709651,4.92519
0.00711022,4.93654
0.00712375,4.94808
0.00713716,4.95961
0.00715022,4.97133
0.00716572,4.98323
0.00717853,4.99507
0.00719117,5.00704
0.00720374,5.01894
0.00721644,5.03084
0.00723182,5.04287
0.00724445,5.05477
0.00725715,5.06667
0.00727014,5.07845
0.00728624,5.09005
0.0073003,5.10128
0.00731467,5.11245
0.00733219,5.12337
0.00734703,5.13423
0.0073648,5.1451
0.00738005,5.15578
0.00739794,5.16658
0.00741302,5.17739
0.00743066,5.18831
0.00744496,5.19942
0.00746177,5.21071
0.00747798,5.22231
0.00749116,5.23397
0.00750725,5.24569
0.00752054,5.25728
0.00753664,5.26894
0.00755005,5.28048
0.0075665,5.29195
0.00758009,5.30342
0.00759678,5.31478
0.00761096,5.32595
0.0076258,5.33687
0.00764357,5.34767
0.00765859,5.35854
0.00767325,5.36946
0.00768773,5.38051
0.00770478,5.39168
0.00771903,5.40285
0.00773607,5.41408
0.00775014,5.42531
0.00776373,5.43679
0.00777982,5.44844
0.00779568,5.46016
0.00780861,5.472
0.00782423,5.48391
0.00783716,5.49569
0.00785016,5.5074
0.00786589,5.51918
0.00787877,5.53102
0.00789426,5.54299
0.00790976,5.55489
0.00792502,5.56691
0.00793748,5.57894
0.00795273,5.59096
0.00796501,5.60311
0.00797997,5.61531
0.00799499,5.62746
0.00800733,5.63948
0.00802271,5.65151
0.00803833,5.66335
0.00805394,5.67525
0.00806956,5.68715
0.00808226,5.69905
0.00809745,5.71114
0.00811271,5.72316
0.00812809,5.73513
0.00814061,5.74715
0.00815885,5.75917
0.00817387,5.77132
0.00818615,5.7834
0.00820099,5.79567
0.00821565,5.808
0.00823031,5.82033
0.00824784,5.83266
0.00825958,5.84505
0.00827686,5.85744
0.00829123,5.87001
0.00830506,5.88271
0.00831877,5.89547
0.0083323,5.90834
0.00834344,5.92098
0.0083618,5.93294
0.00837825,5.94448
0.00839256,5.95559
0.00841056,5.96633
0.00842617,5.97683
0.00844525,5.98708
0.00846492,5.99703
0.0084853,6.00661
0.00850342,6.01595
0.00852476,6.0251
0.00854217,6.03475
0.00855921,6.04464
0.0085784,6.05477
0.00859736,6.06508
0.00861309,6.07558
0.00863145,6.08614
0.00864981,6.0967
0.00866781,6.10744
0.00867967,6.11843
0.00869708,6.12941
0.00871556,6.13991
0.00873463,6.15017
0.00875156,6.16005
0.00876896,6.16976
0.00878958,6.17922
0.00880735,6.18874
0.00882809,6.1982
0.00884657,6.20729
0.00886898,6.21596
0.00889163,6.22457
0.00891344,6.23348
0.00893204,6.24257
0.00895326,6.25185
0.00897138,6.26113
0.0089926,6.27034
0.00901155,6.27925
0.00903349,6.28817
0.00905196,6.29732
0.00907271,6.30672
0.00909011,6.31642
0.00911002,6.32631
0.00912659,6.33632
0.00914626,6.34627
0.00916509,6.35665
0.00918071,6.36715
0.00919847,6.37801
0.00921313,6.389
0.0092303,6.4001
0.00924419,6.41146
0.00925796,6.42281
0.00927405,6.43447
0.00928716,6.44619
0.00930278,6.45809
0.0093153,6.47005
0.00932764,6.48207
0.00933979,6.49422
0.00935458,6.50649
0.00936638,6.51882
0.00937824,6.53115
0.00939022,6.54335
0.00940268,6.55538
0.00941567,6.5671
0.00943272,6.57833
0.00945143,6.5887
0.00946824,6.59865
0.00948546,6.60846
0.00950895,6.61792
0.0095304,6.62701
0.00955007,6.63562
0.00957332,6.64392
0.00959513,6.65146
0.00962076,6.65863
0.0096427,6.66614
0.00966344,6.67419
0.00968669,6.68243
0.00970957,6.69086
0.00972912,6.69952
0.00975094,6.70843
0.00976894,6.71783
0.00978623,6.72754
0.0098047,6.7381
0.00982187,6.74927
0.00983564,6.76062
0.00985197,6.77215
0.00986794,6.78387
0.0098838,6.79565
0.00989965,6.80737
0.00991551,6.81921
0.00992791,6.83124
0.00994299,6.84338
0.00995795,6.85559
0.00997285,6.8678
0.00998775,6.88
0.0100025,6.89233
0.0100171,6.90466
0.0100291,6.91687
0.0100442,6.92901
0.0100595,6.9411
0.0100752,6.95288
0.0100914,6.96448
0.010108,6.97589
0.010122,6.98718
0.0101389,6.99847
0.010156,7.00964
0.0101699,7.02093
0.0101864,7.03247
0.0102024,7.04407
0.0102182,7.05591
0.0102334,7.06793
0.0102454,7.08026
0.0102598,7.09265
0.0102711,7.10528
0.0102848,7.11804
0.0102985,7.1308
0.0103121,7.14368
0.0103256,7.15655
0.010336,7.16949
0.0103495,7.18243
0.010363,7.19531
0.0103765,7.20819
0.0103899,7.22113
0.0104032,7.23407
0.0104167,7.24701
0.01043,7.25995
0.0104432,7.27295
0.0104566,7.28589
0.010467,7.29889
0.0104803,7.31189
0.0104934,7.32495
0.0105064,7.33807
0.0105223,7.35119
0.010535,7.36444
0.0105502,7.37793
0.0105625,7.39136
0.0105747,7.40484
0.010587,7.41833
0.0105988,7.43201
0.0106136,7.44568
0.0106254,7.45935
0.0106401,7.47308
0.0106516,7.48688
0.0106631,7.50067
0.0106804,7.51452
0.0106948,7.52838
0.0107063,7.54223
0.0107205,7.55615
0.0107322,7.56994
0.0107437,7.58374
0.0107555,7.59747
0.0107701,7.6112
0.0107817,7.62494
0.0107964,7.63861
0.0108081,7.65234
0.01082,7.66601
0.0108346,7.67981
0.010849,7.6936
0.0108602,7.70758
0.0108744,7.7215
0.0108853,7.73566
0.0108992,7.74969
0.0109102,7.76379
0.0109242,7.77777
0.0109355,7.79175
0.0109496,7.80566
0.010964,7.81952
0.0109785,7.83331
0.0109902,7.84704
0.0110022,7.86066
0.0110174,7.87414
0.0110329,7.88745
0.0110486,7.90063
0.0110644,7.91382
0.0110777,7.92682
0.0110938,7.93982
0.0111099,7.95288
0.011126,7.96594
0.0111421,7.97894
0.011158,7.99206
0.0111736,8.00531
0.0111894,8.01849
0.0112019,8.03186
0.0112201,8.04523
0.0112351,8.05884
0.0112499,8.07245
0.0112622,8.08594
0.01128,8.09949
0.0112953,8.11297
0.0113132,8.12646
0.0113288,8.13977
0.011344,8.1532
0.011362,8.16669
0.0113775,8.18005
0.0113929,8.19342
0.0114112,8.20672
0.0114265,8.22015
0.0114419,8.23358
0.0114571,8.24701
0.0114722,8.2605
0.0114869,8.27417
0.0115015,8.28796
0.0115163,8.30163
0.0115306,8.31549
0.0115421,8.32928
0.0115593,8.3432
0.011571,8.35693
0.0115884,8.37073
0.0116032,8.38434
0.0116182,8.39789
0.0116331,8.4115
0.0116483,8.42499
0.0116603,8.4386
0.0116753,8.45215
0.0116904,8.4657
0.0117085,8.47912
0.0117236,8.49261
0.0117389,8.50604
0.0117543,8.51941
0.0117697,8.53271
0.0117854,8.54596
0.0118011,8.55914
0.011817,8.57232
0.011836,8.58526
0.0118521,8.59833
0.0118682,8.61139
0.0118842,8.62445
0.0119029,8.63763
0.0119152,8.65112
0.0119331,8.66467
0.011945,8.67834
0.0119625,8.69201
0.0119771,8.70581
0.0119911,8.71985
0.0120079,8.73388
0.0120215,8.74811
0.0120349,8.76245
0.0120511,8.77679
0.0120644,8.7912
0.0120773,8.80566
0.0120932,8.82019
0.0121062,8.83471
0.0121196,8.84906
0.0121329,8.86334
0.0121465,8.87756
0.0121633,8.89166
0.0121745,8.90564
0.0121918,8.91949
0.0122064,8.93323
0.0122215,8.94671
0.0122367,8.9602
0.0122517,8.97369
0.0122666,8.9873
0.0122815,9.00091
0.0122962,9.01465
0.0123076,9.0285
0.0123219,9.04242
0.0123384,9.05658
0.0123518,9.07092
0.0123676,9.08545
0.0123805,9.10003
0.012396,9.11474
0.0124084,9.12945
0.0124236,9.14429
0.0124358,9.15918
0.0124509,9.17407
0.0124662,9.1889
0.0124814,9.20367
0.0124941,9.21838
0.0125093,9.23315
0.0125217,9.24798
0.0125368,9.26288
0.0125518,9.27777
0.0125668,9.29272
0.0125816,9.30774
0.0125962,9.32281
0.0126076,9.33813
0.0126219,9.35339
0.0126363,9.36859
0.012654,9.3836
0.0126659,9.39862
0.0126809,9.41357
0.0126961,9.4284
0.0127113,9.44324
0.0127269,9.45788
0.0127426,9.47247
0.0127554,9.48712
0.0127709,9.50177
0.0127861,9.51654
0.0128016,9.53131
0.012817,9.54602
0.0128327,9.56061
0.0128492,9.57489
0.0128654,9.58917
0.012876,9.60345
0.0128925,9.61767
0.0129092,9.63183
0.0129257,9.64599
0.0129398,9.66003
0.0129565,9.67419
0.0129702,9.68829
0.0129837,9.70257
0.0129992,9.71728
0.013015,9.73181
0.0130275,9.74652
0.013043,9.76123
0.0130586,9.77588
0.0130741,9.79053
0.0130894,9.80536
0.0131047,9.82013
0.0131198,9.83502
0.0131348,9.84997
0.013147,9.86487
0.0131649,9.87976
0.0131773,9.89459
0.0131926,9.90936
0.0132051,9.92407
0.0132211,9.93854
0.0132371,9.953
0.0132533,9.96734
0.0132667,9.98169
0.0132859,9.99597
0.013299,10.0104
0.0133177,10.025
0.0133335,10.0395
0.013349,10.0543
0.0133642,10.069
0.0133792,10.084
0.0133943,10.0989
0.0134093,10.1138
0.0134241,10.1288
0.0134389,10.1439
0.0134507,10.159
0.0134654,10.174
0.01348,10.1891
0.0134943,10.2044
0.0135084,10.2197
0.0135194,10.2352
0.0135358,10.2508
0.0135464,10.2664
0.013563,10.282
0.0135738,10.2975
0.0135877,10.313
0.0136016,10.3284
0.0136156,10.3439
0.0136301,10.3591
0.0136475,10.3742
0.0136593,10.3892
0.0136772,10.4042
0.0136891,10.4192
0.0137065,10.4343
0.0137239,10.4495
0.0137383,10.4648
0.0137551,10.4802
0.0137689,10.4957
0.013785,10.5115
0.0137978,10.5275
0.013816,10.5436
0.0138282,10.5599
0.0138431,10.5763
0.013855,10.5926
0.0138695,10.6091
0.0138839,10.6257
0.0138924,10.6423
0.0139065,10.6592
0.0139203,10.676
0.0139314,10.6927
0.0139451,10.7097
0.0139588,10.7266
0.0139697,10.7435
0.0139833,10.7605
0.013994,10.7775
0.0140077,10.7944
0.0140187,10.8112
0.0140329,10.8279
0.0140445,10.8444
0.0140592,10.861
0.0140712,10.8772
0.0140838,10.8933
0.0140995,10.9093
0.0141155,10.925
0.0141289,10.9408
0.0141452,10.9564
0.0141586,10.9722
0.0141749,10.9879
0.014188,11.0037
0.014201,11.0195
0.0142167,11.0355
0.0142291,11.0518
0.0142442,11.068
0.0142594,11.0842
0.0142712,11.1006
0.0142858,11.1171
0.0142975,11.1337
0.0143119,11.1501
0.0143235,11.1667
0.0143379,11.1833
0.0143521,11.2001
0.0143661,11.2168
0.0143801,11.2336
0.014394,11.2504
0.0144081,11.2671
0.0144223,11.2838
0.0144365,11.3005
0.0144509,11.3171
0.0144656,11.3336
0.0144806,11.3499
0.014493,11.3661
0.0145085,11.3821
0.0145243,11.3981
0.0145399,11.4141
0.0145557,11.4299
0.0145716,11.4459
0.0145845,11.4618
0.0146003,11.4778
0.0146156,11.4939
0.014631,11.51
0.0146434,11.5261
0.0146585,11.5424
0.0146736,11.5587
0.0146856,11.5751
0.0147003,11.5916
0.0147146,11.6082
0.014729,11.6248
0.0147403,11.6414
0.0147544,11.6581
0.0147682,11.675
0.0147819,11.6919
0.0147954,11.709
0.0148116,11.7261
0.014825,11.7432
0.0148412,11.7603
0.0148547,11.7772
0.0148712,11.7943
0.0148849,11.8112
0.0148989,11.8279
0.0149159,11.8447
0.0149302,11.8613
0.0149471,11.878
0.0149644,11.8947
0.0149784,11.9115
0.0149925,11.9282
0.0150128,11.9434
0.0150327,11.9574
0.0150566,11.9709
0.0150809,11.9841
0.0151059,11.997
0.0151313,12.0098
0.0151542,12.0223
0.0151802,12.0348
0.0152035,12.0472
0.0152268,12.0596
0.015247,12.0735
0.0152648,12.0884
0.0152815,12.1039
0.0152947,12.1197
0.0153102,12.1357
0.0153224,12.152
0.0153373,12.1683
0.015352,12.1848
0.0153666,12.2013
0.015381,12.2179
0.0153954,12.2345
0.0154094,12.2512
0.0154233,12.2681
0.0154372,12.2849
0.015448,12.3019
0.0154586,12.3188
0.015475,12.3359
0.0154856,12.3529
0.0154992,12.3699
0.0155124,12.3871
0.0155225,12.4043
0.0155354,12.4216
0.0155482,12.439
0.015561,12.4563
0.0155733,12.4739
0.0155831,12.4912
0.0155986,12.5087
0.0156081,12.5262
0.0156233,12.5438
0.0156357,12.5614
0.015648,12.579
0.015663,12.5967
0.0156753,12.6143
0.0156874,12.632
0.0157026,12.6494
0.0157146,12.6672
0.0157265,12.6851
0.0157385,12.7028
0.0157532,12.7206
0.015765,12.7384
0.0157766,12.7563
0.0157884,12.7742
0.015803,12.792
0.0158148,12.8098
0.0158265,12.8278
0.0158384,12.8455
0.0158503,12.8633
0.0158653,12.881
0.0158774,12.8987
0.0158894,12.9164
0.0159046,12.934
0.0159139,12.9515
0.015929,12.9692
0.0159412,12.9868
0.0159562,13.0045
0.0159684,13.0222
0.0159833,13.0399
0.015995,13.0577
0.0160067,13.0757
0.0160213,13.0935
0.0160359,13.1114
0.0160474,13.1294
0.0160616,13.1475
0.0160728,13.1655
0.0160866,13.1838
0.0160972,13.2021
0.0161105,13.2207
0.0161236,13.2393
0.0161364,13.2579
0.0161493,13.2767
0.0161617,13.2955
0.0161741,13.3145
0.0161863,13.3335
0.0161986,13.3525
0.0162108,13.3715
0.0162199,13.3906
0.0162321,13.4097
0.0162444,13.4285
0.0162571,13.4473
0.0162703,13.4659
0.0162835,13.4844
0.016297,13.5028
0.016311,13.521
0.016325,13.5391
0.0163393,13.5571
0.0163511,13.5749
0.0163662,13.5926
0.0163815,13.6101
0.0163969,13.6277
0.0164091,13.6453
0.0164243,13.6628
0.0164396,13.6804
0.0164547,13.698
0.0164699,13.7156
0.016485,13.7333
0.0164998,13.751
0.0165145,13.7689
0.0165261,13.7867
0.0165407,13.8047
0.0165552,13.8226
0.0165695,13.8406
0.0165835,13.8588
0.0165944,13.877
0.0166082,13.8953
0.0166247,13.9136
0.0166384,13.9319
0.0166516,13.9504
0.0166645,13.9691
0.0166802,13.9879
0.0166928,14.0067
0.0167083,14.0255
0.0167212,14.0442
0.0167342,14.0629
0.016747,14.0815
0.01676,14.1002
0.016773,14.1188
0.0167892,14.1374
0.0168026,14.1558
0.0168159,14.1742
0.016829,14.1928
0.0168422,14.2113
0.0168584,14.2299
0.0168715,14.2484
0.0168848,14.2669
0.0168981,14.2854
0.0169111,14.304
0.0169239,14.3228
0.0169366,14.3416
0.0169461,14.3605
0.0169614,14.3794
0.0169736,14.3983
0.0169885,14.4175
0.0170003,14.4367
0.0170148,14.456
0.0170261,14.4755
0.0170406,14.4948
0.0170551,14.5141
0.0170669,14.5332
0.0170821,14.5522
0.0170973,14.5712
0.0171126,14.5901
0.0171277,14.609
0.017143,14.6281
0.0171582,14.647
0.0171762,14.666
0.017191,14.6852
0.0172056,14.7044
0.0172199,14.7238
0.0172339,14.7433
0.0172507,14.763
0.0172645,14.7826
0.0172812,14.8022
0.017295,14.8218
0.0173086,14.8416
0.0173225,14.8611
0.0173333,14.8808
0.01735,14.9004
0.0173638,14.9201
0.0173774,14.9399
0.0173911,14.9595
0.0174018,14.9792
0.0174153,14.9989
0.0174287,15.0188
0.0174419,15.0387
0.0174551,15.0586
0.0174653,15.0786
0.0174811,15.0987
0.017491,15.1187
0.0175066,15.1388
0.017519,15.1592
0.017531,15.1797
0.0175429,15.2002
0.0175546,15.2209
0.0175663,15.2415
0.0175806,15.2622
0.0175919,15.283
0.0176059,15.304
0.0176168,15.325
0.0176307,15.346
0.0176416,15.367
0.0176554,15.388
0.0176663,15.409
0.0176803,15.4298
0.0176913,15.4508
0.0177054,15.4717
0.0177194,15.4926
0.0177338,15.5133
0.0177486,15.5338
0.0177603,15.5545
0.0177752,15.575
0.0177873,15.5954
0.0177995,15.6158
0.0178144,15.6363
0.0178293,15.6568
0.0178414,15.6772
0.0178565,15.6977
0.0178685,15.7181
0.0178833,15.7386
0.0178957,15.7589
0.0179108,15.7793
0.0179257,15.7997
0.0179407,15.8202
0.0179529,15.8406
0.017968,15.861
0.0179831,15.8814
0.0179983,15.9018
0.0180134,15.9222
0.0180284,15.9425
0.018043,15.9632
0.0180571,15.984
0.0180715,16.0048
0.0180857,16.0255
0.0180999,16.0464
0.018117,16.0673
0.0181339,16.0882
0.0181476,16.1092
0.0181615,16.1302
0.0181788,16.1509
0.0181933,16.1715
0.0182081,16.192
0.0182256,16.2127
0.0182405,16.2332
0.0182585,16.2536
0.0182768,16.2738
0.0182923,16.2941
0.0183084,16.314
0.0183242,16.334
0.0183367,16.3543
0.018355,16.3745
0.0183674,16.3948
0.0183857,16.4151
0.0184007,16.4356
0.0184155,16.4561
0.0184304,16.4766
0.0184452,16.4971
0.0184598,16.5177
0.0184743,16.5385
0.0184915,16.5591
0.0185031,16.5799
0.0185178,16.6005
0.0185354,16.621
0.0185477,16.6414
0.0185659,16.6617
0.0185808,16.6822
0.0185957,16.7027
0.0186075,16.7232
0.0186252,16.7437
0.0186397,16.7644
0.0186567,16.7853
0.0186678,16.8062
0.0186814,16.8273
0.0186972,16.8487
0.0187127,16.8703
0.0187252,16.892
0.0187372,16.9139
0.0187523,16.9356
0.0187644,16.9574
0.0187797,16.979
0.0187892,17.0008
0.0188016,17.0224
0.0188143,17.044
0.0188269,17.0656
0.0188396,17.0871
0.0188494,17.1086
0.0188653,17.1299
0.0188779,17.1515
0.0188905,17.1731
0.018903,17.1947
0.0189154,17.2165
0.0189275,17.2382
0.0189395,17.2602
0.0189542,17.282
0.0189689,17.304
0.0189833,17.3261
0.0189945,17.3483
0.0190085,17.3706
0.0190221,17.3931
0.0190327,17.4156
0.0190462,17.4381
0.0190597,17.4607
0.0190757,17.4834
0.0190888,17.5061
0.0191018,17.5288
0.0191118,17.5517
0.0191245,17.5746
0.0191399,17.5976
0.0191525,17.6205
0.019165,17.6436
0.0191773,17.6667
0.0191894,17.6899
0.0192018,17.7129
0.0192139,17.7361
0.0192262,17.7592
0.0192387,17.7821
0.0192513,17.8051
0.0192642,17.8279
0.0192771,17.8507
0.0192902,17.8734
0.019304,17.8963
0.019318,17.919
0.0193293,17.9416
0.0193435,17.9643
0.0193575,17.987
0.0193713,18.0098
0.0193822,18.0326
0.0193959,18.0555
0.0194094,18.0784
0.0194227,18.1015
0.019436,18.1245
0.019452,18.1476
0.0194648,18.1709
0.0194775,18.1942
0.0194902,18.2177
0.0195026,18.2411
0.0195177,18.2647
0.0195296,18.2885
0.0195415,18.3122
0.0195564,18.3358
0.019571,18.3597
0.019583,18.3833
0.019598,18.407
0.0196106,18.4305
0.0196266,18.4535
0.0196405,18.4764
0.0196576,18.4989
0.0196722,18.5213
0.0196901,18.5436
0.0197055,18.5656
0.0197185,18.5874
0.0197376,18.609
0.019754,18.6305
0.0197706,18.6521
0.0197869,18.6736
0.0198064,18.6952
0.0198234,18.7163
0.0198439,18.7375
0.0198614,18.7585
0.0198819,18.7793
0.0198993,18.8004
0.0199195,18.8216
0.019939,18.8431
0.0199583,18.8645
0.0199771,18.8864
0.0199951,18.9086
0.0200092,18.9313
0.0200255,18.9543
0.0200414,18.9774
0.0200601,19.0008
0.0200728,19.0241
0.0200888,19.0472
0.0201081,19.0701
0.0201251,19.0929
0.0201396,19.1154
0.0201576,19.1375
0.0201761,19.1595
0.0201921,19.1812
0.0202111,19.2029
0.0202275,19.2245
0.0202467,19.2461
0.0202625,19.268
0.0202809,19.2899
0.0202961,19.312
0.0203105,19.3346
0.0203244,19.3573
0.0203409,19.3803
0.0203538,19.4035
0.0203696,19.4268
0.0203851,19.4501
0.0203979,19.4734
0.0204105,19.4969
0.0204228,19.5204
0.0204349,19.544
0.0204501,19.5675
0.0204623,19.5911
0.0204774,19.6148
0.0204925,19.6383
0.0205044,19.662
0.020519,19.6858
0.0205334,19.7099
0.0205446,19.7339
0.0205589,19.7578
0.0205731,19.7819
0.0205872,19.8059
0.0206011,19.8301
0.020615,19.8543
0.0206291,19.8783
0.0206434,19.9023
0.0206549,19.9262
0.0206693,19.9501
0.0206808,19.974
0.0206952,19.998
0.020707,20.0218
0.0207187,20.0457
0.0207336,20.0692
0.0207486,20.0929
0.0207635,20.1166
0.0207782,20.1404
0.0207897,20.1643
0.020804,20.1883
0.0208183,20.2123
0.0208354,20.2362
0.0208464,20.2604
0.0208602,20.2847
0.0208739,20.3089
0.0208903,20.3333
0.0209037,20.3577
0.0209171,20.3821
0.0209306,20.4064
0.0209442,20.4308
0.0209608,20.455
0.0209747,20.4792
0.020992,20.5031
0.02101,20.5268
0.0210249,20.5504
0.0210429,20.574
0.0210609,20.5976
0.0210761,20.6211
0.0210944,20.6446
0.0211127,20.668
0.021128,20.6916
0.0211433,20.715
0.0211613,20.7386
0.0211732,20.7624
0.0211881,20.786
0.0212031,20.8097
0.0212211,20.8333
0.0212336,20.8567
0.0212494,20.8799
0.0212624,20.9031
0.0212785,20.9262
0.0212946,20.9493
0.0213111,20.9722
0.0213274,20.9953
0.0213409,21.0182
0.0213571,21.0413
0.0213707,21.0641
0.021387,21.0872
0.0214031,21.1103
0.0214191,21.1335
0.0214321,21.1566
0.0214478,21.18
0.0214664,21.2032
0.0214821,21.2265
0.0214976,21.2499
0.0215103,21.2733
0.0215284,21.2968
0.0215436,21.3203
0.0215557,21.344
0.0215707,21.3676
0.0215867,21.3908
0.0216036,21.4135
0.0216236,21.4361
0.0216381,21.4585
0.0216557,21.481
0.0216737,21.5032
0.0216891,21.5252
0.0217081,21.5469
0.0217274,21.5684
0.0217467,21.59
0.0217623,21.6118
0.0217774,21.6342
0.0217948,21.6566
0.0218122,21.6791
0.0218292,21.7018
0.0218457,21.7246
0.0218615,21.748
0.0218768,21.7714
0.0218917,21.7951
0.0219061,21.819
0.0219201,21.8432
0.0219336,21.8675
0.0219469,21.892
0.0219599,21.9165
0.0219729,21.9412
0.0219859,21.9659
0.0219986,21.9905
0.0220116,22.0152
0.0220244,22.0398
0.0220403,22.0644
0.0220503,22.0891
0.0220661,22.1137
0.0220765,22.1382
0.0220898,22.1626
0.0221032,22.187
0.0221137,22.2115
0.0221272,22.2358
0.0221407,22.2602
0.0221542,22.2846
0.0221651,22.3087
0.0221789,22.3329
0.0221895,22.3573
0.0222028,22.3817
0.0222129,22.4064
0.0222257,22.4311
0.0222383,22.4558
0.0222507,22.4807
0.0222628,22.5058
0.0222747,22.5309
0.0222833,22.5563
0.0222976,22.5817
0.0223088,22.6071
0.0223199,22.6326
0.0223311,22.6581
0.0223452,22.6835
0.0223565,22.709
0.022368,22.7343
0.0223824,22.7597
0.0223943,22.7848
0.0224062,22.81
0.0224179,22.8351
0.02243,22.8601
0.0224423,22.8852
0.0224573,22.9102
0.0224697,22.9351
0.0224822,22.9599
0.0224947,22.9848
0.02251,23.0097
0.0225193,23.0347
0.0225315,23.0596
0.0225439,23.0845
0.0225559,23.1095
0.0225708,23.1347
0.0225824,23.1599
0.0225968,23.1852
0.0226079,23.2108
0.0226215,23.2365
0.0226322,23.2622
0.0226455,23.2881
0.0226582,23.3142
0.0226708,23.3405
0.0226832,23.3667
0.022698,23.3932
0.02271,23.4197
0.0227245,23.4464
0.022736,23.4732
0.0227501,23.5
0.0227641,23.527
0.0227752,23.5539
0.0227893,23.5808
0.0228004,23.6077
0.0228144,23.6347
0.0228255,23.6615
0.0228396,23.6884
0.0228506,23.7154
0.0228647,23.7422
0.0228761,23.7691
0.0228873,23.7959
0.0228985,23.8228
0.0229097,23.8496
0.0229208,23.8766
0.0229318,23.9036
0.022943,23.9305
0.0229569,23.9574
0.0229709,23.9844
0.022985,24.0113
0.0229957,24.0384
0.0230096,24.0653
0.0230205,24.0923
0.0230313,24.1194
0.0230452,24.1464
0.0230561,24.1734
0.0230697,24.2005
0.0230832,24.2277
0.0230968,24.2548
0.0231101,24.282
0.0231235,24.3092
0.0231368,24.3366
0.0231498,24.3639
0.0231629,24.3913
0.0231759,24.4187
0.0231893,24.446
0.0232026,24.4732
0.0232132,24.5004
0.0232266,24.5276
0.0232402,24.5547
0.0232509,24.5818
0.0232647,24.6088
0.0232785,24.6359
0.0232924,24.6629
0.0233062,24.6899
0.0233168,24.7171
0.0233301,24.7443
0.0233432,24.7716
0.0233559,24.7992
0.0233681,24.8269
0.0233831,24.8549
0.023395,24.8827
0.0234095,24.9109
0.0234235,24.9392
0.0234346,24.9676
0.0234483,24.996
0.023459,25.0244
0.0234754,25.0531
0.0234859,25.0817
0.0234993,25.1103
0.0235126,25.1389
0.0235257,25.1678
0.0235392,25.1963
0.0235529,25.2248
0.0235638,25.2532
0.023578,25.2815
0.0235895,25.3096
0.023604,25.3377
0.023616,25.3655
0.0236312,25.3933
0.0236437,25.4209
0.0236564,25.4485
0.0236719,25.4761
0.0236847,25.5037
0.0237,25.5313
0.0237124,25.559
0.0237246,25.5868
0.0237401,25.6144
0.0237554,25.6421
0.0237677,25.67
0.0237831,25.6975
0.0237983,25.7253
0.0238138,25.753
0.023826,25.7807
0.0238411,25.8085
0.0238533,25.8363
0.0238711,25.8642
0.0238831,25.8921
0.0238978,25.9201
0.0239126,25.948
0.0239271,25.9761
0.0239418,26.0041
0.0239564,26.0321
0.0239711,26.0601
0.0239861,26.0879
0.0239981,26.1159
0.0240132,26.1437
0.0240252,26.1715
0.0240371,26.1995
0.0240517,26.2276
0.0240629,26.2558
0.0240767,26.2842
0.0240904,26.3128
0.0241065,26.3415
0.0241193,26.3704
0.0241323,26.3991
0.0241456,26.4278
0.024162,26.4565
0.0241761,26.4847
0.0241932,26.5129
0.0242076,26.5411
0.0242247,26.5693
0.0242387,26.5976
0.0242556,26.6259
0.0242695,26.6543
0.0242858,26.6829
0.0243016,26.7118
0.0243142,26.7409
0.024326,26.7702
0.0243375,26.7997
0.0243487,26.8294
0.02436,26.859
0.0243712,26.8887
0.0243825,26.9184
0.0243938,26.948
0.0244079,26.9777
0.024419,27.0075
0.02443,27.0373
0.0244379,27.0671
0.0244516,27.097
0.0244596,27.1267
0.0244702,27.1568
0.0244808,27.1867
0.0244941,27.2167
0.0245045,27.2469
0.0245143,27.2771
0.0245269,27.3077
0.024536,27.3383
0.024548,27.3691
0.0245596,27.3999
0.024571,27.4309
0.0245795,27.462
0.0245906,27.493
0.0246016,27.5242
0.0246096,27.5555
0.0246208,27.5865
0.0246322,27.6175
0.0246408,27.6485
0.0246524,27.6794
0.024664,27.7102
0.0246727,27.7411
0.0246848,27.7718
0.0246969,27.8024
0.0247092,27.8329
0.0247212,27.8637
0.024733,27.8944
0.0247446,27.9253
0.024756,27.9563
0.0247699,27.9875
0.0247806,28.0187
0.0247967,28.0502
0.0248064,28.0822
0.0248155,28.1142
0.0248302,28.1464
0.0248388,28.1789
0.0248501,28.2111
0.0248642,28.2438
0.0248754,28.2763
0.0248835,28.3088
0.0248975,28.3412
0.0249084,28.3739
0.0249196,28.4064
0.0249311,28.4389
0.0249394,28.4714
0.0249509,28.5036
0.0249596,28.5358
0.0249712,28.5683
0.0249826,28.6005
0.0249913,28.633
0.0249999,28.6652
0.0250116,28.6974
0.0250198,28.7299
0.025031,28.7626
0.0250419,28.7951
0.0250526,28.8278
0.0250631,28.8608
0.0250734,28.8937
0.0250834,28.9267
0.0250933,28.9599
0.0251058,28.9931
0.0251181,29.0265
0.0251276,29.0597
0.025137,29.0932
0.0251491,29.1266
0.0251582,29.1601
0.0251671,29.1938
0.0251759,29.2272
0.0251849,29.2609
0.0251967,29.2944
0.0252059,29.328
0.0252178,29.3615
0.0252268,29.3949
0.0252358,29.4286
0.025245,29.4621
0.0252574,29.4953
0.0252667,29.5287
0.025276,29.5622
0.0252882,29.5956
0.0253002,29.6291
0.0253122,29.6625
0.0253269,29.6962
0.0253384,29.7299
0.0253525,29.7638
0.0253661,29.798
0.0253768,29.8322
0.0253899,29.8664
0.0254029,29.9008
0.0254129,29.9355
0.0254257,29.9699
0.0254356,30.0043
0.0254485,30.039
0.025456,30.0732
0.0254667,30.1073
0.0254778,30.1413
0.0254891,30.1752
0.025498,30.2087
0.02551,30.2421
0.0255193,30.2756
0.0255346,30.309
0.0255443,30.3422
0.0255568,30.3754
0.0255691,30.4089
0.0255811,30.4423
0.0255931,30.4757
0.0256046,30.5094
0.0256163,30.5431
0.0256277,30.5771
0.0256391,30.6108
0.0256501,30.6447
0.0256607,30.6789
0.0256713,30.7131
0.0256848,30.7472
0.0256957,30.7814
0.0257093,30.8156
0.0257202,30.8495
0.0257308,30.8837
0.0257387,30.9179
0.0257496,30.9518
0.0257603,30.986
0.0257712,31.0199
0.0257822,31.0539
0.0257902,31.0881
0.0258007,31.1222
0.0258112,31.1564
0.0258216,31.1908
0.0258347,31.225
0.0258448,31.2597
0.0258574,31.2941
0.0258701,31.3288
0.0258796,31.3634
0.0258891,31.3981
0.0259017,31.4328
0.0259142,31.4674
0.0259268,31.5021
0.0259392,31.5368
0.0259515,31.5717
0.0259638,31.6064
0.0259763,31.641
0.0259889,31.6757
0.0260013,31.7104
0.026011,31.745
0.0260203,31.7797
0.0260328,31.8144
0.0260422,31.8493
0.0260518,31.884
0.0260615,31.9184
0.0260711,31.9533
0.0260808,31.9877
0.0260907,32.0224
0.0261035,32.0568
0.0261133,32.0915
0.0261229,32.1261
0.0261355,32.1606
0.0261451,32.1952
0.0261579,32.2299
0.0261707,32.2643
0.0261807,32.2987
0.0261934,32.3334
0.0262062,32.3678
0.0262189,32.4025
0.0262317,32.4369
0.0262446,32.4716
0.0262548,32.5058
0.0262712,32.5402
0.0262818,32.5744
0.0262953,32.6086
0.026306,32.6425
0.0263166,32.6767
0.0263303,32.7109
0.0263411,32.745
0.0263548,32.779
0.0263684,32.8132
0.0263784,32.8476
0.0263913,32.8822
0.0264033,32.9169
0.0264152,32.9521
0.0264263,32.9872
0.02644,33.0229
0.0264531,33.0585
0.0264658,33.0946
0.0264752,33.1308
0.0264901,33.1672
0.0265026,33.203
0.0265148,33.2394
0.0265274,33.2753
0.0265432,33.3112
0.0265538,33.3468
0.0265706,33.3822
0.0265822,33.4174
0.0265974,33.4521
0.0266129,33.4867
0.0266258,33.5212
0.0266384,33.5558
0.0266538,33.5905
0.0266659,33.6254
0.0266808,33.6603
0.0266951,33.6955
0.0267092,33.7309
0.02672,33.7663
0.0267331,33.8022
0.0267457,33.8381
0.0267582,33.8742
0.0267705,33.9103
0.0267857,33.9465
0.0268009,33.9826
0.0268131,34.019
0.0268257,34.0549
0.0268382,34.091
0.0268534,34.1271
0.0268633,34.163
0.0268761,34.1989
0.026889,34.2348
0.026902,34.2707
0.0269148,34.3066
0.0269275,34.3427
0.02694,34.3786
0.0269522,34.415
0.0269671,34.4513
0.0269789,34.4877
0.0269903,34.5243
0.0270043,34.561
0.0270182,34.5978
0.0270319,34.6347
0.0270424,34.6718
0.0270585,34.7089
0.0270687,34.746
0.0270816,34.7834
0.0270944,34.8207
0.027107,34.8581
0.0271197,34.8954
0.0271324,34.9328
0.0271454,34.9701
0.027156,35.007
0.0271696,35.0441
0.0271835,35.0807
0.0271947,35.1176
0.0272092,35.154
0.0272211,35.1903
0.027236,35.2267
0.0272512,35.2629
0.0272636,35.299
0.0272786,35.3354
0.0272902,35.3717
0.0273046,35.4084
0.0273161,35.445
0.0273303,35.4816
0.0273442,35.5182
0.0273579,35.5553
0.0273716,35.5922
0.0273851,35.6291
0.0273986,35.6662
0.0274122,35.703
0.0274261,35.7399
0.0274404,35.7765
0.0274547,35.8132
0.0274694,35.8495
0.0274817,35.8857
0.0274972,35.9218
0.0275099,35.9577
0.0275256,35.9936
0.0275387,36.0295
0.0275544,36.0653
0.0275703,36.1012
0.0275858,36.1371
0.0276011,36.1733
0.027616,36.2096
0.0276304,36.2463
0.0276445,36.2829
0.0276614,36.3195
0.0276781,36.3564
0.0276919,36.3932
0.0277082,36.4303
0.0277246,36.4674
0.0277379,36.5046
0.027754,36.5417
0.0277672,36.5788
0.0277803,36.6159
0.0277934,36.653
0.0278092,36.6903
0.0278224,36.7275
0.0278354,36.7648
0.0278513,36.8019
0.0278641,36.8393
0.0278742,36.8766
0.027887,36.914
0.0279,36.9511
0.0279134,36.9882
0.0279298,37.0251
0.0279409,37.0619
0.0279573,37.0988
0.0279711,37.1357
0.0279846,37.1728
0.0280009,37.2096
0.0280175,37.2467
0.0280341,37.2836
0.0280506,37.3205
0.028064,37.3576
0.0280801,37.3947
0.0280933,37.4318
0.0281094,37.4689
0.0281228,37.506
0.0281393,37.5429
0.0281531,37.5798
0.0281697,37.6166
0.0281834,37.6537
0.0281969,37.6906
0.028213,37.7277
0.028229,37.7648
0.0282418,37.8022
0.0282574,37.8398
0.0282752,37.8774
0.02829,37.9152
0.0283044,37.953
0.0283188,37.9911
0.028336,38.029
0.0283474,38.0671
0.0283645,38.1051
0.0283818,38.1432
0.0283965,38.1811
0.0284113,38.2187
0.0284266,38.2563
0.028439,38.2939
0.0284546,38.3312
0.0284733,38.3683
0.0284894,38.4057
0.0285027,38.4428
0.0285191,38.4797
0.0285325,38.5168
0.0285488,38.5536
0.0285648,38.591
0.0285809,38.6281
0.0285938,38.6654
0.0286124,38.7026
0.0286282,38.7399
0.0286439,38.7773
0.028663,38.8144
0.0286793,38.8515
0.0286961,38.8881
0.0287135,38.9247
0.0287316,38.9609
0.0287505,38.9967
0.02877,39.0321
0.0287878,39.0671
0.028812,39.1017
0.0288313,39.1359
0.0288539,39.1698
0.0288777,39.2035
0.0288995,39.2365
0.0289258,39.2685
0.0291414,39.2111
0.0331697,37.3049
