"Maximum force",37.7489,"N"
"Gage length ",0.930337,"mm"
"Strain energy",0.347199,"mJ"
"Deformation at maximum force",0.0325109,"mm"
"Standard travel","Standard force"
"mm","N"
0,0.155957
2.48849e-006,0.156155
4.87268e-006,0.156404
7.28667e-006,0.15664
9.74536e-006,0.156852
1.19954e-005,0.157157
1.42157e-005,0.157485
1.61231e-005,0.157956
1.80602e-005,0.158418
1.6965e-005,0.158944
1.84923e-005,0.159593
1.99899e-005,0.16026
2.12938e-005,0.161019
2.27094e-005,0.161725
2.10479e-005,0.162515
2.23294e-005,0.163281
2.07499e-005,0.164037
2.23741e-005,0.164639
2.13757e-005,0.165118
2.34768e-005,0.165494
2.27094e-005,0.165862
2.20463e-005,0.166175
2.15992e-005,0.166388
2.41473e-005,0.166552
2.71127e-005,0.166529
2.74926e-005,0.16635
3.07858e-005,0.166161
3.13558e-005,0.165896
3.16557e-005,0.165753
3.4919e-005,0.165581
3.5191e-005,0.165456
3.55057e-005,0.165307
3.54729e-005,0.165322
3.81104e-005,0.165447
3.77025e-005,0.165643
3.71921e-005,0.165886
3.64284e-005,0.166246
3.52736e-005,0.166792
3.69798e-005,0.167356
3.59144e-005,0.167867
3.46776e-005,0.168455
3.35823e-005,0.16897
3.25914e-005,0.169443
3.19283e-005,0.169756
3.12354e-005,0.170086
3.05425e-005,0.170414
3.31353e-005,0.170556
3.30985e-005,0.17058
3.32466e-005,0.17051
3.32801e-005,0.170494
3.35278e-005,0.170376
3.3973e-005,0.170165
3.4584e-005,0.169875
3.52284e-005,0.169569
3.86557e-005,0.16932
3.91437e-005,0.169092
3.93933e-005,0.168974
3.95591e-005,0.168895
3.97575e-005,0.168801
3.96261e-005,0.168864
4.24574e-005,0.168895
4.18874e-005,0.169168
4.40779e-005,0.169505
4.31763e-005,0.169936
4.49719e-005,0.170459
4.68197e-005,0.170963
4.83172e-005,0.171626
4.98372e-005,0.172286
5.11187e-005,0.173053
4.98595e-005,0.173656
5.43001e-005,0.1743
5.59392e-005,0.174903
6.06778e-005,0.175403
6.25404e-005,0.175906
6.77558e-005,0.176189
7.00059e-005,0.176501
7.56683e-005,0.176565
7.84548e-005,0.176628
8.43259e-005,0.176597
8.73806e-005,0.176535
9.32517e-005,0.176503
9.90632e-005,0.176503
0.000104577,0.176643
0.000109941,0.176855
0.000114948,0.177238
0.000119686,0.177738
0.000126988,0.178421
0.00013116,0.179188
0.000135094,0.18008
0.000141531,0.181171
0.000144854,0.182346
0.000151053,0.183544
0.000154272,0.184772
0.000160262,0.186062
0.000166461,0.187252
0.000172839,0.188373
0.000179366,0.189403
0.000182972,0.190456
0.000189528,0.191471
0.000198886,0.192547
0.000202969,0.193378
0.000212685,0.194279
0.000219867,0.195007
0.000227168,0.195682
0.000234381,0.196388
0.000241623,0.197094
0.000248626,0.197906
0.0002556,0.198738
0.000265494,0.199543
0.000272528,0.200352
0.000278995,0.20142
0.000288472,0.202434
0.000297651,0.203587
0.000303731,0.204845
0.000309512,0.206234
0.000317797,0.207813
0.000323072,0.209454
0.00033398,0.211162
0.000338957,0.212948
0.000346884,0.214695
0.000351623,0.216587
0.000359372,0.218403
0.000366852,0.220386
0.000374541,0.22224
0.000379458,0.224056
0.000390306,0.22578
0.00039877,0.227306
0.000404373,0.228771
0.000416056,0.230114
0.000424817,0.23148
0.000433877,0.232693
0.000442699,0.234013
0.000451759,0.235248
0.00046368,0.236477
0.000472501,0.237804
0.000481382,0.239094
0.000492707,0.24062
0.000500933,0.242229
0.000508622,0.244099
0.000516221,0.246021
0.000526533,0.24799
0.000536785,0.250034
0.000543937,0.252155
0.000553772,0.254368
0.000563547,0.256626
0.000570372,0.25893
0.000580147,0.261173
0.000590042,0.263355
0.000597164,0.265491
0.000607237,0.267597
0.000617311,0.269733
0.000627741,0.271679
0.000638291,0.273548
0.000648961,0.275379
0.000659749,0.277157
0.000673577,0.278873
0.000684366,0.280651
0.000695214,0.282398
0.000706062,0.28413
0.000717029,0.285839
0.000730738,0.287586
0.000741408,0.289417
0.000751838,0.29137
0.000765011,0.2934
0.000774905,0.295597
0.000784382,0.297977
0.00079684,0.300327
0.000806198,0.302799
0.000818238,0.305332
0.000827059,0.308063
0.000838861,0.310734
0.000847385,0.313587
0.000855908,0.316441
0.000867352,0.319263
0.000879154,0.321949
0.000891254,0.324451
0.000903353,0.327015
0.00091283,0.329395
0.000925467,0.331669
0.00093846,0.33379
0.000948474,0.335911
0.000961349,0.338077
0.000971541,0.340137
0.000984296,0.34235
0.000997171,0.344532
0.00100695,0.34676
0.00101958,0.349033
0.00103174,0.351536
0.00104372,0.354145
0.00105529,0.356922
0.00106667,0.359806
0.00107799,0.362675
0.00108938,0.365543
0.00110047,0.368565
0.00111114,0.371769
0.00112163,0.37508
0.00113224,0.3783
0.00114284,0.38155
0.00115632,0.3848
0.00116681,0.388096
0.00117742,0.391331
0.00118832,0.394428
0.00119923,0.397526
0.00121342,0.40044
0.00122498,0.403217
0.00123642,0.406055
0.00125109,0.408771
0.00126283,0.411472
0.00127773,0.414036
0.00128983,0.416553
0.00130199,0.419071
0.00131403,0.421619
0.00132905,0.424168
0.00134401,0.426701
0.00135581,0.429386
0.00137059,0.432011
0.0013818,0.434971
0.00139581,0.437962
0.0014066,0.441105
0.00142304,0.444368
0.00143317,0.447816
0.00144599,0.451371
0.00145838,0.455155
0.00146756,0.459062
0.00147674,0.462968
0.00148872,0.466905
0.00150106,0.470735
0.00151352,0.474458
0.00152609,0.478135
0.00153623,0.481614
0.00155256,0.48488
0.00156353,0.487947
0.00157753,0.490953
0.0015947,0.493837
0.00160906,0.49669
0.00162075,0.499406
0.00163815,0.502168
0.00165317,0.504686
0.00166807,0.50728
0.00168274,0.50998
0.00169704,0.512849
0.00171373,0.515916
0.00172738,0.51912
0.00174073,0.522416
0.0017567,0.525895
0.00176958,0.529435
0.00178216,0.533097
0.00179104,0.537156
0.00180278,0.541246
0.00181434,0.545396
0.00182895,0.549516
0.00183765,0.553636
0.00185249,0.557634
0.00186441,0.561601
0.00187937,0.565538
0.00189141,0.569474
0.00190351,0.573381
0.00191609,0.577073
0.00193158,0.580751
0.00194696,0.584443
0.00195984,0.588014
0.00197283,0.591493
0.00198606,0.594865
0.0019993,0.598252
0.00201539,0.601609
0.0020285,0.605058
0.00204424,0.608583
0.00205693,0.61226
0.00207201,0.61612
0.00208703,0.620027
0.0020958,0.624147
0.00211004,0.628389
0.00212119,0.632753
0.00213502,0.637239
0.00214574,0.641755
0.00215915,0.646455
0.00217274,0.651033
0.00218335,0.65561
0.00219414,0.660157
0.00220809,0.664552
0.00221924,0.668916
0.00223044,0.67328
0.00224487,0.67743
0.00225685,0.681398
0.00227193,0.685304
0.00228432,0.689057
0.00229958,0.692842
0.00231508,0.696534
0.0023307,0.700151
0.00234327,0.703828
0.00235877,0.70746
0.00237129,0.711213
0.00238601,0.715211
0.00240037,0.719453
0.0024145,0.723786
0.00242851,0.728181
0.00244228,0.732637
0.00245283,0.737275
0.0024629,0.742158
0.00247577,0.747071
0.00248841,0.752107
0.00250099,0.757173
0.00251344,0.762269
0.00252572,0.767488
0.00253532,0.772584
0.00254784,0.77765
0.00256077,0.782533
0.00257108,0.787324
0.00258455,0.791963
0.0025982,0.79651
0.00261203,0.800965
0.00262336,0.805238
0.00263784,0.809388
0.0026497,0.813417
0.00266746,0.817384
0.00267909,0.821534
0.00269345,0.825746
0.00270758,0.830049
0.0027217,0.834382
0.00273535,0.838929
0.00275157,0.843629
0.00276188,0.84842
0.00277761,0.853303
0.00279073,0.858155
0.0028033,0.863221
0.002816,0.868196
0.00282822,0.873414
0.00284038,0.878694
0.00285254,0.883943
0.00286475,0.889161
0.00288001,0.894349
0.00289217,0.899598
0.00290451,0.904786
0.00291685,0.909944
0.00292955,0.914949
0.00294552,0.91977
0.00295887,0.92447
0.00297532,0.929048
0.00298927,0.933473
0.00300345,0.937776
0.00301782,0.941987
0.00303248,0.946046
0.00304709,0.950135
0.00306437,0.954316
0.00308154,0.958589
0.00309542,0.963044
0.00310884,0.967713
0.00312201,0.972505
0.00313721,0.977693
0.00315235,0.982911
0.00316415,0.988313
0.00317857,0.993898
0.00319264,0.999604
0.00320343,1.00556
0.00321684,1.01157
0.00323043,1.01752
0.00324158,1.02326
0.00325576,1.02896
0.00327036,1.03442
0.00328473,1.04001
0.00329629,1.04553
0.00331113,1.05093
0.00332335,1.05612
0.00333909,1.0611
0.00335482,1.06598
0.00337056,1.07092
0.00338343,1.07587
0.00339929,1.08072
0.00341222,1.08563
0.00342498,1.09061
0.0034406,1.09558
0.00345579,1.1008
0.00346801,1.10602
0.00348291,1.11136
0.0034977,1.11676
0.0035092,1.12232
0.00352321,1.12808
0.00353388,1.13403
0.00354747,1.13999
0.00356094,1.14603
0.00357143,1.15207
0.0035846,1.1582
0.00359789,1.16434
0.003611,1.1705
0.00362442,1.17655
0.00363509,1.1825
0.00364903,1.18829
0.00366304,1.19406
0.00367717,1.19974
0.00369189,1.20517
0.00370679,1.21051
0.00372187,1.21573
0.00373701,1.22098
0.00375215,1.2262
0.00376705,1.23154
0.00378469,1.23691
0.00379936,1.2424
0.00381336,1.24814
0.00382743,1.25388
0.00384376,1.25989
0.00385753,1.26581
0.00386802,1.27185
0.00388131,1.27796
0.00389693,1.28427
0.00390956,1.29071
0.00392494,1.29721
0.00393484,1.30353
0.00395081,1.30975
0.00396076,1.31604
0.00397948,1.3223
0.0039923,1.32864
0.00400815,1.33487
0.00401858,1.341
0.00403515,1.34686
0.00405196,1.35269
0.00406609,1.3584
0.00408289,1.3642
0.00409726,1.36981
0.00411466,1.37531
0.00412915,1.38089
0.00414608,1.3866
0.004163,1.39237
0.00417653,1.39835
0.00419275,1.40445
0.0042058,1.41065
0.00422154,1.41696
0.00423405,1.42343
0.00424889,1.43018
0.00426326,1.43713
0.00427476,1.44409
0.00428871,1.45126
0.00430266,1.45841
0.00431643,1.46567
0.00432745,1.47284
0.0043417,1.47986
0.00435594,1.48688
0.00437037,1.49381
0.00438527,1.50055
0.00439767,1.50705
0.00441376,1.51318
0.00443033,1.51911
0.0044444,1.52487
0.00446132,1.53058
0.00447861,1.53616
0.00449613,1.54163
0.00451127,1.54688
0.00452641,1.55209
0.00454429,1.5574
0.0045617,1.56293
0.00457863,1.56864
0.00459263,1.57443
0.00460908,1.58038
0.00462279,1.5863
0.00463865,1.59256
0.00465087,1.59915
0.00466565,1.60593
0.00467733,1.61279
0.00469182,1.61972
0.00470642,1.62659
0.0047178,1.63358
0.00473211,1.64057
0.00474367,1.64749
0.00475822,1.65436
0.00477324,1.66104
0.00478563,1.66754
0.00480113,1.67392
0.00481436,1.68009
0.00483058,1.68619
0.00484726,1.69205
0.00486383,1.69794
0.00488076,1.70371
0.00489757,1.70953
0.00491438,1.71533
0.00492821,1.72116
0.0049449,1.72702
0.00496135,1.73303
0.00497446,1.7392
0.00499032,1.74548
0.00500569,1.75192
0.00502095,1.75848
0.00503311,1.76514
0.00504766,1.77203
0.00506232,1.77884
0.00507388,1.78574
0.00508848,1.7926
0.00510291,1.79953
0.00511727,1.80652
0.0051314,1.8136
0.00514576,1.82056
0.00516031,1.82745
0.00517503,1.83423
0.00519023,1.84082
0.00520549,1.84732
0.00522087,1.85379
0.00523672,1.86005
0.00525293,1.86618
0.0052695,1.87207
0.00528631,1.8779
0.00530586,1.88376
0.00531993,1.88953
0.00533698,1.8952
0.00535688,1.90094
0.00537357,1.90683
0.00538979,1.91287
0.00540838,1.91925
0.00542096,1.92566
0.0054358,1.9324
0.00545082,1.93906
0.00546554,1.94586
0.00547717,1.95276
0.00549421,1.95978
0.00550584,1.96671
0.00552026,1.97363
0.0055351,1.98041
0.0055472,1.98706
0.0055652,1.99365
0.00558106,1.99991
0.00559739,2.00595
0.00561408,2.01181
0.00563101,2.01758
0.00564793,2.02332
0.00566558,2.02875
0.00568322,2.03278
0.00570802,2.03618
0.00572804,2.03908
0.00575093,2.04201
0.00577024,2.04526
0.00579253,2.04848
0.00581435,2.0519
0.00583593,2.05544
0.0058575,2.05901
0.00587801,2.06304
0.00589541,2.06856
0.00590906,2.07451
0.00592408,2.08116
0.00593898,2.08788
0.00595383,2.09462
0.00596509,2.1017
0.0059794,2.10869
0.00599406,2.11549
0.00600848,2.12245
0.00602315,2.12926
0.00603793,2.13603
0.00605253,2.1429
0.00606803,2.14934
0.00608388,2.15559
0.00609998,2.1617
0.00611655,2.16762
0.00613324,2.17348
0.00615004,2.17934
0.00616745,2.1848
0.00618497,2.19032
0.00620238,2.19585
0.00621978,2.20137
0.00623343,2.20729
0.00625274,2.2133
0.00626872,2.21947
0.00628469,2.22569
0.00630007,2.23219
0.00631521,2.23879
0.00632999,2.24553
0.00634519,2.25212
0.00636045,2.25865
0.00637571,2.26521
0.00639132,2.27159
0.00640682,2.27803
0.00642577,2.2842
0.00644223,2.29015
0.00645939,2.29576
0.00647668,2.30135
0.00649372,2.30705
0.00651065,2.31282
0.00652782,2.31847
0.00654761,2.3242
0.00656477,2.32988
0.00657902,2.33553
0.00659583,2.34129
0.00661264,2.34715
0.00662944,2.35292
0.00664923,2.35872
0.00666312,2.36452
0.00668029,2.37016
0.00669733,2.37587
0.0067145,2.38149
0.00672851,2.38725
0.0067452,2.39308
0.00676165,2.39909
0.00677458,2.40535
0.00678984,2.41188
0.00680218,2.41844
0.00681744,2.42497
0.00683204,2.43184
0.00684342,2.43886
0.00685779,2.44582
0.00687257,2.45259
0.00688473,2.45924
0.00690023,2.46565
0.0069162,2.47188
0.00693241,2.47792
0.00694887,2.4839
0.00696555,2.48982
0.00698236,2.49559
0.00699941,2.50127
0.00701634,2.50704
0.00702999,2.51299
0.00704942,2.51891
0.00706551,2.52507
0.00708125,2.53136
0.00709388,2.5378
0.007112,2.54436
0.0071241,2.55101
0.00713894,2.55776
0.00715367,2.56456
0.00716833,2.57137
0.00718269,2.57835
0.00719396,2.5854
0.00720815,2.59245
0.00722233,2.5995
0.00723634,2.60664
0.00725035,2.61379
0.00726423,2.62096
0.00727824,2.62813
0.00729207,2.63533
0.00730596,2.64253
0.00731984,2.6497
0.00733385,2.65685
0.00734786,2.66399
0.0073621,2.67104
0.00737939,2.67796
0.00739381,2.68489
0.00740818,2.69188
0.00742213,2.69905
0.00743589,2.70628
0.00745235,2.71361
0.0074657,2.72112
0.00747863,2.72875
0.00749389,2.73662
0.00750593,2.74468
0.00752035,2.75304
0.00753168,2.76146
0.00754288,2.76988
0.00755373,2.77855
0.00756452,2.78722
0.00757513,2.79595
0.00758902,2.80449
0.00760016,2.81297
0.00761167,2.82134
0.00762609,2.82964
0.00763772,2.83794
0.00765226,2.84618
0.00766406,2.85436
0.00767908,2.86235
0.00769124,2.87041
0.00770328,2.87846
0.00771824,2.88652
0.00773332,2.89452
0.00774554,2.90251
0.00775746,2.91063
0.00776926,2.91881
0.00778101,2.92705
0.00779543,2.93535
0.00780681,2.94371
0.00782076,2.95226
0.00783173,2.9608
0.0078452,2.96959
0.00785825,2.97856
0.00787083,2.98772
0.00788055,2.99693
0.007893,3.00615
0.00790528,3.01549
0.00791744,3.02489
0.0079268,3.03423
0.0079392,3.0435
0.00795171,3.05272
0.00796441,3.06188
0.00797412,3.07103
0.00798712,3.08
0.00800023,3.08897
0.00801364,3.09776
0.00802729,3.10643
0.00804374,3.11516
0.00805435,3.12389
0.0080677,3.13274
0.00808392,3.14159
0.00809691,3.15056
0.00811241,3.15978
0.00812445,3.16924
0.00813625,3.17876
0.00815061,3.18846
0.00816444,3.19847
0.00817541,3.20842
0.0081887,3.21861
0.00819877,3.22905
0.00821141,3.23955
0.00822417,3.25005
0.00823704,3.26048
0.00825015,3.2708
0.00826309,3.28117
0.00827596,3.29161
0.00828914,3.30193
0.00830219,3.31224
0.00831542,3.3225
0.00832883,3.33269
0.00834254,3.3427
0.00835637,3.35271
0.00837032,3.3626
0.0083817,3.37236
0.00839887,3.38207
0.00841043,3.39183
0.00842748,3.4016
0.00844166,3.41142
0.00845615,3.42107
0.00847057,3.43077
0.00848482,3.44054
0.00849596,3.45043
0.00850997,3.46031
0.00852362,3.47038
0.00853709,3.48052
0.00855026,3.49083
0.00856332,3.50115
0.00857334,3.51161
0.00858597,3.52211
0.00859879,3.53254
0.00861453,3.54298
0.00862758,3.55336
0.00863753,3.56379
0.00865082,3.57399
0.00866447,3.58406
0.00867854,3.59395
0.00869291,3.60365
0.00870727,3.61336
0.00872467,3.62306
0.00873892,3.63283
0.00875317,3.64259
0.00876735,3.65242
0.00878136,3.66231
0.00879781,3.67238
0.00881104,3.68263
0.00882415,3.69295
0.00883977,3.70344
0.00885259,3.71394
0.00886492,3.72462
0.00887744,3.73524
0.0088927,3.74586
0.00890492,3.7566
0.00891702,3.76741
0.00893204,3.77821
0.00894402,3.78908
0.00895868,3.8
0.00897346,3.81093
0.00898562,3.82167
0.00900088,3.83235
0.00901602,3.84309
0.0090311,3.85383
0.0090435,3.86452
0.00905912,3.87501
0.00907211,3.88539
0.0090913,3.89558
0.00910483,3.90565
0.00911848,3.91572
0.00913481,3.92592
0.00914834,3.93605
0.00916491,3.94612
0.00918172,3.95601
0.00919543,3.96602
0.009212,3.97609
0.00922517,3.9864
0.00924091,3.99684
0.00925641,4.0074
0.00926845,4.0182
0.00928329,4.02907
0.00929789,4.04005
0.00930952,4.0511
0.00932382,4.06227
0.00933801,4.07344
0.00934921,4.08461
0.00936364,4.09572
0.00937806,4.10676
0.00938968,4.11775
0.00940458,4.12861
0.00941657,4.13948
0.00943153,4.15028
0.00944643,4.16115
0.00946139,4.17195
0.00947647,4.18269
0.00949155,4.19349
0.00950365,4.2043
0.00951891,4.21492
0.0095344,4.22548
0.00954692,4.2361
0.0095623,4.24672
0.00957756,4.2574
0.00959556,4.26814
0.0096101,4.27919
0.00962459,4.29024
0.00963907,4.30122
0.00965314,4.31251
0.00966673,4.32393
0.00968026,4.33546
0.00969361,4.34706
0.00970684,4.35866
0.00972013,4.37031
0.00973348,4.38185
0.00975005,4.39326
0.00976376,4.40468
0.00977747,4.41609
0.00979148,4.42738
0.00980572,4.43855
0.00982301,4.4496
0.00983779,4.46052
0.00985299,4.47127
0.00987075,4.48207
0.00988583,4.49281
0.00990073,4.50367
0.00991838,4.5146
0.00993304,4.52559
0.00994746,4.53663
0.00996171,4.5478
0.00997554,4.55916
0.00999163,4.57081
0.0100015,4.58265
0.0100171,4.5945
0.010027,4.6064
0.0100425,4.6183
0.0100551,4.63026
0.0100675,4.64229
0.01008,4.65431
0.0100925,4.66627
0.0101079,4.67824
0.0101206,4.69008
0.0101337,4.70186
0.010147,4.71345
0.0101601,4.72511
0.0101737,4.73659
0.0101905,4.74788
0.0102015,4.75923
0.0102185,4.7704
0.0102329,4.78151
0.0102503,4.79255
0.0102647,4.80366
0.010279,4.81477
0.0102931,4.826
0.0103072,4.83723
0.010324,4.84852
0.0103407,4.85994
0.0103542,4.87141
0.0103674,4.88307
0.0103835,4.89473
0.0103994,4.90651
0.0104124,4.91823
0.0104255,4.92994
0.0104385,4.94166
0.0104514,4.95344
0.0104669,4.96534
0.0104795,4.97731
0.010495,4.98927
0.0105105,5.00123
0.010526,5.01314
0.0105387,5.02504
0.0105544,5.03688
0.0105701,5.04866
0.0105861,5.06038
0.0106023,5.07203
0.0106157,5.08357
0.0106323,5.09498
0.0106487,5.10646
0.0106656,5.11775
0.0106794,5.12916
0.0106961,5.14052
0.0107127,5.15193
0.0107262,5.16347
0.0107424,5.175
0.0107558,5.18666
0.010772,5.19819
0.0107854,5.20973
0.0108017,5.22133
0.0108118,5.23305
0.0108279,5.24476
0.0108441,5.25636
0.0108575,5.2679
0.010871,5.27937
0.0108846,5.29085
0.0109009,5.30238
0.0109143,5.31398
0.0109304,5.32557
0.0109442,5.33699
0.0109645,5.34804
0.010982,5.35902
0.0109967,5.36995
0.0110143,5.38093
0.0110317,5.39192
0.011049,5.40303
0.0110665,5.41401
0.011084,5.425
0.0111013,5.43605
0.0111182,5.44734
0.0111344,5.45894
0.0111502,5.47078
0.0111654,5.48286
0.0111775,5.49501
0.0111952,5.50728
0.0112101,5.51954
0.0112244,5.532
0.0112387,5.54451
0.0112531,5.55696
0.0112675,5.56947
0.0112824,5.58168
0.0113003,5.59388
0.0113156,5.60585
0.0113317,5.61751
0.0113483,5.62892
0.0113655,5.64009
0.01138,5.65114
0.0114009,5.66188
0.0114189,5.67262
0.0114371,5.68324
0.0114555,5.69386
0.0114738,5.70442
0.0114921,5.7151
0.0115096,5.72603
0.0115269,5.73713
0.011541,5.74836
0.0115608,5.75966
0.0115771,5.77119
0.0115933,5.78273
0.0116064,5.79451
0.0116218,5.80647
0.011637,5.81856
0.011652,5.8307
0.0116641,5.84291
0.0116792,5.85505
0.011691,5.86738
0.0117057,5.87971
0.0117175,5.89198
0.0117326,5.90413
0.0117482,5.91603
0.011764,5.92781
0.0117802,5.93934
0.011794,5.95082
0.0118105,5.96223
0.0118242,5.97365
0.0118437,5.985
0.0118607,5.99629
0.0118777,6.00752
0.0118945,6.01887
0.0119107,6.03041
0.0119269,6.04201
0.0119427,6.05385
0.0119582,6.06581
0.0119706,6.07783
0.0119884,6.09004
0.0120032,6.10231
0.0120178,6.1147
0.012032,6.12721
0.012046,6.13984
0.0120599,6.1526
0.0120737,6.16536
0.0120874,6.17811
0.0121041,6.19087
0.0121152,6.20357
0.0121321,6.21614
0.0121465,6.22859
0.0121637,6.2411
0.0121784,6.25343
0.0121933,6.26564
0.0122086,6.27772
0.0122241,6.28962
0.0122397,6.30153
0.0122585,6.31331
0.0122744,6.32503
0.0122875,6.33668
0.0123034,6.34846
0.0123195,6.36012
0.0123352,6.37196
0.0123537,6.38386
0.0123691,6.39589
0.0123841,6.40803
0.012396,6.4203
0.0124106,6.43263
0.0124249,6.44514
0.0124419,6.45778
0.012456,6.47041
0.0124699,6.48305
0.0124838,6.49574
0.0125005,6.5085
0.0125144,6.52125
0.0125255,6.53389
0.0125396,6.54646
0.0125568,6.55897
0.0125744,6.5713
0.0125891,6.58357
0.0126039,6.59584
0.0126219,6.60798
0.0126402,6.62001
0.0126558,6.63185
0.0126743,6.64375
0.0126899,6.65565
0.0127082,6.66762
0.0127266,6.67958
0.0127417,6.69172
0.0127569,6.70375
0.0127749,6.71596
0.0127896,6.72822
0.0128071,6.74061
0.0128214,6.75313
0.0128356,6.7657
0.0128525,6.77827
0.0128666,6.79091
0.0128833,6.80366
0.0128975,6.81624
0.0129174,6.82887
0.0129315,6.84144
0.012949,6.85377
0.0129641,6.86598
0.0129822,6.878
0.012998,6.88978
0.013017,6.9015
0.0130334,6.91298
0.0130505,6.92415
0.0130707,6.93525
0.0130884,6.94618
0.0131064,6.95692
0.0131273,6.96766
0.0131481,6.97847
0.0131661,6.98921
0.0131813,6.99995
0.0131991,7.01069
0.0132198,7.02162
0.0132342,7.03267
0.0132513,7.0439
0.0132682,7.05513
0.0132878,7.06654
0.0133015,7.07795
0.0133207,7.08955
0.0133366,7.10121
0.0133525,7.11299
0.0133684,7.12471
0.0133846,7.13637
0.0134007,7.14802
0.0134169,7.15956
0.0134361,7.17116
0.0134498,7.18257
0.0134694,7.19392
0.0134865,7.20509
0.0135039,7.2162
0.0135215,7.22706
0.0135423,7.23793
0.0135604,7.24861
0.0135788,7.25923
0.0136001,7.26973
0.0136186,7.28029
0.0136368,7.29091
0.0136579,7.30159
0.0136764,7.31209
0.0136949,7.32264
0.0137162,7.3332
0.0137344,7.34382
0.0137523,7.35463
0.0137697,7.36561
0.0137873,7.37666
0.0138049,7.38753
0.0138228,7.39839
0.0138407,7.40919
0.0138584,7.42006
0.0138765,7.43074
0.0138947,7.44148
0.0139103,7.45198
0.0139291,7.46229
0.0139485,7.47236
0.0139654,7.48231
0.0139859,7.49183
0.0140079,7.50068
0.0140277,7.50929
0.0140505,7.51771
0.0140735,7.52614
0.0140965,7.5345
0.0141197,7.5428
0.0141399,7.55116
0.0141626,7.55964
0.0141853,7.56819
0.0142044,7.57704
0.0142249,7.58656
0.0142478,7.59639
0.0142674,7.60634
0.0142839,7.61647
0.0143061,7.62666
0.0143221,7.63691
0.0143412,7.64717
0.0143605,7.6573
0.0143801,7.66731
0.0143998,7.67732
0.0144166,7.68721
0.0144366,7.69703
0.014454,7.70668
0.0144747,7.71608
0.0144957,7.72542
0.0145171,7.73463
0.0145388,7.7436
0.0145578,7.75252
0.0145799,7.7613
0.0146021,7.77015
0.0146214,7.77888
0.0146437,7.78755
0.0146661,7.79622
0.0146885,7.80494
0.0147108,7.81361
0.0147331,7.82234
0.0147551,7.83119
0.0147739,7.8401
0.0147929,7.84907
0.0148147,7.85798
0.0148339,7.86683
0.0148531,7.87568
0.0148753,7.88441
0.0148945,7.89326
0.0149138,7.90199
0.0149332,7.91066
0.014953,7.9192
0.014973,7.92763
0.0149934,7.93586
0.0150171,7.94392
0.0150351,7.95186
0.0150595,7.95967
0.0150781,7.96739
0.0151,7.9749
0.0151222,7.98228
0.0151419,7.98945
0.0151677,7.9965
0.0151909,8.00343
0.015214,8.01042
0.015234,8.0175
0.0152566,8.02461
0.0152763,8.03184
0.0152987,8.03917
0.015321,8.04649
0.01534,8.05403
0.0153618,8.06157
0.0153805,8.06926
0.0154021,8.07695
0.0154239,8.08449
0.0154427,8.09208
0.0154648,8.09956
0.0154842,8.10689
0.0155068,8.11403
0.0155269,8.12108
0.0155504,8.12782
0.0155712,8.1345
0.0155952,8.14104
0.0156166,8.14741
0.0156411,8.15373
0.0156629,8.15993
0.0156876,8.16612
0.0157094,8.17235
0.0157342,8.17848
0.015753,8.18468
0.0157776,8.19096
0.0157991,8.19728
0.0158206,8.20366
0.0158448,8.21007
0.0158659,8.2166
0.0158869,8.22319
0.0159076,8.2299
0.015928,8.23674
0.0159482,8.24373
0.0159683,8.25075
0.0159883,8.25776
0.0160084,8.26481
0.0160284,8.2718
0.0160454,8.27891
0.0160657,8.28584
0.0160862,8.29265
0.0161072,8.29921
0.0161289,8.30549
0.0161512,8.31145
0.0161741,8.31709
0.0161944,8.32258
0.0162186,8.32768
0.0162432,8.33256
0.0162654,8.33717
0.016288,8.34166
0.0163135,8.34608
0.0163364,8.35039
0.0163621,8.35475
0.0163843,8.35933
0.0164064,8.36403
0.0164279,8.369
0.0164517,8.37422
0.016472,8.37977
0.0164922,8.38536
0.016515,8.3911
0.0165348,8.39683
0.0165546,8.40263
0.0165745,8.40834
0.0165977,8.41386
0.0166182,8.41926
0.0166364,8.42448
0.0166604,8.42958
0.0166824,8.43437
0.0167043,8.4391
0.0167265,8.44374
0.0167492,8.4481
0.0167723,8.45234
0.0167955,8.45646
0.0168187,8.46062
0.0168422,8.46464
0.016866,8.46855
0.0168896,8.47249
0.0169107,8.47632
0.0169375,8.48015
0.0169613,8.48395
0.0169849,8.48794
0.0170081,8.49212
0.017028,8.49646
0.0170506,8.50088
0.0170728,8.50555
0.0170919,8.51028
0.0171138,8.51501
0.0171327,8.5198
0.0171543,8.52472
0.0171763,8.52951
0.0171953,8.53424
0.0172179,8.53873
0.0172378,8.543
0.0172614,8.547
0.0172827,8.55065
0.0173049,8.55393
0.0173304,8.557
0.0173534,8.55983
0.0173801,8.56237
0.0174041,8.56481
0.0174283,8.56708
0.0174526,8.56934
0.0174769,8.57158
0.0175041,8.57386
0.0175253,8.57621
0.0175489,8.57876
0.017575,8.58153
0.0175979,8.58451
0.0176201,8.58776
0.017639,8.59116
0.0176605,8.59475
0.017679,8.59839
0.0177004,8.60203
0.0177218,8.60566
0.0177432,8.60926
0.0177622,8.61269
0.0177842,8.61605
0.0178068,8.61913
0.0178297,8.62206
0.0178531,8.62467
0.0178744,8.62705
0.0178988,8.6292
0.0179238,8.63115
0.0179461,8.63298
0.0179719,8.63453
0.0179979,8.63602
0.0180213,8.63727
0.0180477,8.63856
0.0180712,8.63982
0.0180944,8.6412
0.0181174,8.64269
0.0181428,8.64444
0.0181646,8.64647
0.0181857,8.64886
0.0182061,8.65161
0.0182258,8.65468
0.0182452,8.65788
0.0182641,8.66134
0.0182825,8.66498
0.0183008,8.66876
0.0183189,8.67253
0.0183371,8.67633
0.0183582,8.68008
0.0183767,8.6837
0.0183955,8.68721
0.0184146,8.69056
0.0184338,8.69384
0.0184563,8.69696
0.0184764,8.69983
0.0184966,8.70263
0.0185202,8.70524
0.0185409,8.70787
0.0185618,8.71029
0.0185828,8.71278
0.0186039,8.71516
0.0186249,8.7176
0.0186459,8.72007
0.0186666,8.72261
0.0186871,8.72529
0.0187105,8.72799
0.0187277,8.73091
0.0187476,8.73387
0.0187671,8.73697
0.0187835,8.74026
0.0188024,8.74366
0.0188212,8.74714
0.0188371,8.75064
0.0188561,8.75407
0.018875,8.75749
0.0188941,8.76085
0.0189133,8.76413
0.0189303,8.76709
0.0189505,8.76994
0.0189714,8.77241
0.0189927,8.77475
0.0190119,8.77662
0.0190368,8.77725
0.0190632,8.77709
0.019091,8.77633
0.0191166,8.77521
0.0191429,8.77377
0.0191721,8.77237
0.0192013,8.77092
0.0192275,8.7695
0.0192534,8.76825
0.0192786,8.76731
0.0193011,8.76772
0.0193248,8.76888
0.019344,8.77075
0.0193626,8.77296
0.0193808,8.77536
0.0193987,8.77792
0.0194163,8.78054
0.0194339,8.78329
0.0194545,8.7859
0.0194725,8.78837
0.0194908,8.79072
0.0195094,8.7929
0.0195284,8.79496
0.0195503,8.79692
0.0195694,8.79893
0.0195886,8.80082
0.0196052,8.80266
0.0196276,8.80439
0.0196474,8.80604
0.0196672,8.80769
0.0196872,8.8092
0.0197071,8.81078
0.019727,8.81237
0.0197471,8.81388
0.0197668,8.81559
0.0197864,8.81731
0.0198057,8.81919
0.0198246,8.8212
0.0198431,8.82346
0.0198611,8.82596
0.0198784,8.8288
0.0198925,8.83178
0.0199094,8.83478
0.0199257,8.83808
0.0199423,8.84121
0.019959,8.84435
0.0199788,8.84734
0.0199933,8.85012
0.020014,8.85265
0.0200325,8.85492
0.0200542,8.85703
0.0200734,8.85898
0.0200926,8.86086
0.0201124,8.86253
0.0201323,8.86414
0.0201517,8.86589
0.0201713,8.86769
0.0201931,8.86972
0.0202118,8.87188
0.0202298,8.87439
0.0202475,8.87704
0.0202673,8.88005
0.020281,8.88319
0.0202999,8.88661
0.0203153,8.89033
0.0203275,8.89419
0.020345,8.89828
0.0203593,8.90255
0.020373,8.90707
0.0203837,8.91165
0.0204,8.91626
0.0204107,8.92086
0.0204271,8.9255
0.0204405,8.9302
0.0204538,8.9349
0.0204671,8.9396
0.0204808,8.94415
0.0204945,8.94867
0.0205084,8.95309
0.0205226,8.95739
0.0205368,8.96167
0.0205511,8.96588
0.0205655,8.97012
0.0205801,8.97424
0.020595,8.97818
0.0206098,8.98217
0.0206243,8.98632
0.0206385,8.9906
0.0206525,8.99502
0.0206688,8.99963
0.0206819,9.00448
0.0206946,9.00949
0.0207067,9.01474
0.0207216,9.02011
0.020733,9.02572
0.0207441,9.03146
0.0207552,9.03726
0.0207661,9.04306
0.0207774,9.04873
0.0207888,9.05438
0.0208035,9.05981
0.0208184,9.06515
0.0208305,9.07043
0.020843,9.07553
0.0208585,9.08056
0.0208718,9.08526
0.020888,9.08999
0.0209044,9.0946
0.020915,9.09924
0.0209284,9.10388
0.0209447,9.10861
0.0209604,9.11349
0.0209735,9.11834
0.020986,9.12344
0.0210009,9.12878
0.0210152,9.13437
0.0210264,9.1401
0.02104,9.14602
0.0210534,9.15207
0.0210639,9.15814
0.0210769,9.16439
0.0210902,9.1705
0.0211003,9.17669
0.0211132,9.18298
0.0211234,9.18921
0.0211363,9.19546
0.0211496,9.20153
0.0211635,9.20739
0.0211775,9.21316
0.0211915,9.21887
0.0212061,9.22439
0.0212204,9.22995
0.0212349,9.23553
0.0212495,9.24096
0.0212612,9.24649
0.0212786,9.25198
0.0212932,9.25747
0.0213075,9.26306
0.021322,9.26858
0.021336,9.27438
0.0213497,9.28027
0.0213632,9.28628
0.0213763,9.29245
0.0213892,9.29873
0.0214018,9.30517
0.0214148,9.31143
0.0214301,9.3179
0.0214425,9.32446
0.0214542,9.3313
0.0214661,9.33807
0.021478,9.34481
0.0214928,9.35159
0.021502,9.35821
0.0215172,9.36477
0.0215272,9.37106
0.021543,9.37738
0.0215561,9.38354
0.0215693,9.38971
0.0215853,9.39587
0.0215985,9.402
0.0216117,9.40817
0.021625,9.41427
0.0216382,9.42041
0.0216542,9.42657
0.0216677,9.43261
0.0216811,9.43866
0.0216975,9.44464
0.0217112,9.45056
0.0217279,9.45642
0.0217415,9.4624
0.0217578,9.46841
0.0217713,9.47442
0.0217845,9.48053
0.021798,9.48657
0.0218107,9.49292
0.0218258,9.49957
0.0218406,9.50631
0.0218522,9.51321
0.0218638,9.52014
0.0218786,9.52688
0.0218913,9.53323
0.0219042,9.53955
0.0219201,9.54571
0.021933,9.55206
0.0219487,9.55838
0.0219617,9.56463
0.0219774,9.57092
0.0219904,9.57718
0.0220088,9.58361
0.0220211,9.59021
0.0220352,9.59729
0.0220487,9.60464
0.0220619,9.61218
0.0220718,9.61987
0.0220841,9.6278
0.0220961,9.63592
0.0221077,9.64422
0.0221161,9.65258
0.0221303,9.66101
0.0221414,9.66949
0.0221525,9.67797
0.0221638,9.68646
0.0221748,9.695
0.0221834,9.70337
0.022198,9.71154
0.0222099,9.71966
0.022225,9.72766
0.0222369,9.73577
0.0222489,9.74389
0.0222608,9.75207
0.0222725,9.76025
0.0222842,9.76849
0.0222988,9.77673
0.0223103,9.78509
0.0223215,9.79358
0.0223326,9.80206
0.0223433,9.81073
0.0223569,9.81945
0.0223703,9.82824
0.0223836,9.83709
0.0223908,9.84607
0.0224037,9.85516
0.0224162,9.86438
0.0224255,9.87371
0.0224348,9.88311
0.0224473,9.89227
0.0224569,9.90155
0.0224695,9.91076
0.0224789,9.92004
0.0224886,9.9292
0.0225013,9.93835
0.0225141,9.94744
0.0225244,9.95636
0.0225378,9.96508
0.0225483,9.97393
0.0225585,9.98291
0.0225686,9.99188
0.0225819,10.0007
0.0225923,10.0095
0.0226058,10.0183
0.0226195,10.027
0.0226303,10.0356
0.0226435,10.0445
0.0226562,10.0536
0.0226659,10.0628
0.0226781,10.0721
0.0226904,10.0815
0.0227022,10.0911
0.0227139,10.1006
0.0227283,10.1104
0.0227394,10.1203
0.0227502,10.1303
0.0227581,10.1403
0.022769,10.1503
0.0227799,10.1603
0.0227937,10.1703
0.0228015,10.1804
0.0228153,10.1904
0.0228263,10.2003
0.0228369,10.2104
0.0228475,10.2206
0.0228609,10.2307
0.0228716,10.2408
0.0228825,10.2508
0.0228965,10.2607
0.0229074,10.2706
0.0229185,10.2806
0.0229298,10.2903
0.022944,10.3002
0.0229553,10.31
0.0229664,10.3199
0.0229802,10.3298
0.0229909,10.3399
0.0230039,10.3503
0.0230138,10.3607
0.0230263,10.3713
0.0230386,10.382
0.0230501,10.3931
0.0230583,10.4044
0.0230694,10.4156
0.0230806,10.4269
0.0230922,10.4379
0.0231037,10.449
0.0231155,10.46
0.0231272,10.4709
0.0231391,10.4818
0.0231513,10.4925
0.0231615,10.5029
0.0231748,10.5131
0.0231883,10.5233
0.0232018,10.5334
0.023212,10.5437
0.0232223,10.554
0.0232356,10.5641
0.0232487,10.5745
0.0232617,10.5848
0.0232744,10.5954
0.0232833,10.6063
0.0232947,10.6174
0.023306,10.6286
0.0233172,10.6398
0.0233253,10.6511
0.023339,10.6625
0.0233497,10.674
0.0233573,10.6855
0.0233678,10.6971
0.0233781,10.7087
0.0233913,10.7204
0.0234018,10.732
0.0234122,10.7435
0.0234256,10.7551
0.0234359,10.7668
0.0234492,10.7784
0.0234595,10.79
0.0234728,10.8016
0.0234835,10.8131
0.0234972,10.8245
0.0235078,10.836
0.0235212,10.8475
0.0235318,10.8591
0.0235479,10.8707
0.0235581,10.8824
0.0235708,10.8943
0.0235832,10.9064
0.0235952,10.9186
0.0236067,10.931
0.0236178,10.9437
0.0236285,10.9565
0.023639,10.9694
0.023649,10.9825
0.0236588,10.9958
0.0236684,11.0092
0.023678,11.0225
0.0236876,11.0359
0.0236999,11.0494
0.0237094,11.0628
0.0237185,11.0764
0.0237278,11.0899
0.0237367,11.1035
0.0237488,11.1171
0.0237608,11.1307
0.0237672,11.1442
0.0237792,11.1578
0.023791,11.1714
0.0238,11.1851
0.023806,11.1988
0.0238178,11.2125
0.0238267,11.2262
0.0238383,11.2399
0.0238469,11.2538
0.0238552,11.2678
0.0238662,11.2818
0.0238746,11.2958
0.0238835,11.3095
0.0238951,11.3232
0.0239036,11.3371
0.0239149,11.3511
0.0239227,11.3652
0.0239336,11.3794
0.0239415,11.3936
0.0239521,11.4078
0.0239626,11.4221
0.0239724,11.4368
0.0239787,11.4517
0.0239879,11.4666
0.0239967,11.4817
0.0240028,11.4968
0.0240115,11.5118
0.0240172,11.5271
0.0240253,11.5425
0.0240363,11.558
0.0240442,11.5735
0.0240519,11.5892
0.0240622,11.6049
0.0240695,11.6207
0.0240768,11.6365
0.0240838,11.6525
0.0240908,11.6685
0.0241005,11.6845
0.02411,11.7007
0.0241164,11.717
0.0241255,11.7333
0.0241344,11.7497
0.0241432,11.7663
0.0241517,11.7829
0.024157,11.7996
0.0241653,11.8163
0.0241736,11.8331
0.0241818,11.8499
0.02419,11.8666
0.0241983,11.8834
0.0242064,11.9002
0.0242116,11.917
0.0242226,11.9339
0.0242275,11.9507
0.0242356,11.9676
0.0242433,11.9847
0.0242508,12.0018
0.0242585,12.0187
0.0242657,12.0359
0.024273,12.0533
0.024277,12.0706
0.0242866,12.0881
0.024293,12.1056
0.0242993,12.1233
0.0243081,12.1413
0.0243166,12.1592
0.0243218,12.1774
0.0243296,12.1959
0.0243372,12.2143
0.0243447,12.2327
0.0243489,12.2514
0.0243558,12.2702
0.0243625,12.289
0.0243691,12.3079
0.0243786,12.3268
0.0243849,12.346
0.0243911,12.365
0.0243972,12.3842
0.0244032,12.4033
0.024412,12.4226
0.0244178,12.4419
0.0244264,12.4612
0.0244347,12.4807
0.0244401,12.5001
0.0244481,12.5198
0.0244562,12.5394
0.0244644,12.559
0.0244723,12.5786
0.0244801,12.5983
0.0244847,12.6182
0.0244926,12.6378
0.0244977,12.6575
0.0245087,12.677
0.0245139,12.6965
0.0245219,12.7162
0.02453,12.7359
0.0245349,12.7555
0.0245428,12.7752
0.0245507,12.7949
0.0245584,12.8146
0.024566,12.8345
0.0245706,12.8543
0.0245809,12.8742
0.0245881,12.8943
0.0245952,12.9143
0.0246022,12.9343
0.0246093,12.9544
0.0246165,12.9745
0.0246235,12.9945
0.0246304,13.0147
0.0246402,13.0348
0.0246467,13.0552
0.0246559,13.0756
0.024662,13.0961
0.024668,13.1167
0.0246766,13.1375
0.0246817,13.1585
0.0246893,13.1796
0.0246998,13.2008
0.024704,13.2222
0.0247082,13.2437
0.0247177,13.2653
0.0247242,13.287
0.0247307,13.3087
0.0247369,13.3306
0.0247458,13.3526
0.0247518,13.3745
0.0247578,13.3964
0.0247637,13.4185
0.0247725,13.4404
0.0247785,13.4624
0.0247874,13.4843
0.0247936,13.5062
0.0248024,13.5282
0.0248084,13.5502
0.0248149,13.5719
0.0248245,13.5934
0.0248312,13.6151
0.0248407,13.6367
0.0248472,13.6585
0.0248564,13.6803
0.0248625,13.7022
0.0248714,13.7241
0.0248802,13.7461
0.0248887,13.7683
0.0248964,13.7908
0.0249037,13.8135
0.0249109,13.8363
0.0249206,13.8593
0.0249273,13.8822
0.0249338,13.9053
0.024943,13.9285
0.0249491,13.9518
0.0249553,13.975
0.0249644,13.9983
0.0249732,14.0216
0.024982,14.0451
0.0249907,14.0684
0.0249993,14.0919
0.025005,14.1154
0.0250134,14.1389
0.025022,14.1625
0.0250302,14.186
0.0250412,14.2097
0.0250493,14.2335
0.0250575,14.2571
0.0250656,14.2809
0.0250764,14.3047
0.0250843,14.3285
0.0250921,14.3523
0.0251,14.3761
0.0251078,14.3999
0.0251156,14.4238
0.0251235,14.4476
0.0251313,14.4714
0.0251392,14.4953
0.0251471,14.5192
0.0251549,14.543
0.0251626,14.5668
0.0251705,14.5907
0.0251783,14.6145
0.0251833,14.6383
0.0251941,14.6621
0.0252017,14.686
0.0252092,14.7101
0.0252166,14.7341
0.0252268,14.7582
0.0252339,14.7824
0.0252408,14.8067
0.0252503,14.8311
0.0252566,14.8556
0.0252655,14.8804
0.0252771,14.9052
0.0252829,14.9299
0.0252917,14.9547
0.0253004,14.9795
0.0253092,15.0043
0.0253177,15.0292
0.0253264,15.054
0.0253349,15.0789
0.0253435,15.1038
0.025352,15.1286
0.0253604,15.1536
0.0253687,15.1785
0.0253739,15.2036
0.0253847,15.2288
0.0253926,15.254
0.0254004,15.2792
0.0254081,15.3045
0.0254158,15.3297
0.0254234,15.3551
0.0254307,15.3805
0.0254381,15.406
0.0254453,15.4315
0.0254523,15.457
0.0254592,15.4828
0.0254688,15.5086
0.0254782,15.5343
0.0254846,15.5602
0.0254935,15.5863
0.0255021,15.6126
0.0255078,15.6388
0.025516,15.6652
0.0255239,15.6918
0.0255315,15.7185
0.0255389,15.7453
0.0255459,15.7722
0.0255528,15.7992
0.0255625,15.8263
0.0255665,15.8534
0.0255763,15.8804
0.0255831,15.9075
0.0255901,15.9345
0.025597,15.9616
0.0256013,15.9884
0.0256084,16.0153
0.0256157,16.0421
0.0256232,16.069
0.0256306,16.0957
0.0256351,16.1226
0.0256452,16.1494
0.0256525,16.1763
0.0256596,16.2033
0.025667,16.23
0.025677,16.257
0.0256842,16.2838
0.0256912,16.3108
0.025698,16.3379
0.0257048,16.365
0.0257113,16.3922
0.0257206,16.4194
0.0257268,16.4468
0.0257328,16.4743
0.0257411,16.502
0.0257495,16.5297
0.0257547,16.5575
0.0257627,16.5855
0.0257734,16.6134
0.0257811,16.6415
0.0257887,16.6696
0.0257963,16.6976
0.0258038,16.7257
0.0258113,16.7539
0.025819,16.7819
0.0258267,16.8099
0.0258346,16.8379
0.0258427,16.8657
0.0258477,16.8937
0.0258556,16.9216
0.0258636,16.9495
0.0258713,16.9776
0.025879,17.0055
0.0258863,17.0337
0.0258963,17.0621
0.0259029,17.0907
0.0259117,17.1195
0.0259205,17.1484
0.0259265,17.1773
0.0259383,17.2061
0.0259438,17.2351
0.0259522,17.2642
0.0259602,17.2935
0.025971,17.3229
0.0259815,17.3523
0.0259892,17.3817
0.026,17.411
0.0260108,17.4403
0.0260215,17.4697
0.0260354,17.4989
0.0260436,17.5281
0.0260545,17.5573
0.0260628,17.5864
0.026074,17.6156
0.0260854,17.6447
0.0260965,17.6738
0.0261042,17.7033
0.0261118,17.7327
0.0261189,17.7623
0.0261281,17.7924
0.0261371,17.8226
0.026143,17.8529
0.0261519,17.8833
0.0261586,17.9137
0.0261676,17.9445
0.0261769,17.9751
0.026189,18.0057
0.0261951,18.0365
0.0262039,18.0673
0.0262155,18.0982
0.0262241,18.1292
0.0262322,18.1603
0.0262403,18.1914
0.0262482,18.2227
0.0262591,18.2539
0.0262666,18.2854
0.0262768,18.3169
0.0262869,18.3486
0.026294,18.3804
0.0263038,18.4121
0.0263108,18.4436
0.0263212,18.4751
0.0263284,18.5068
0.0263387,18.5383
0.0263462,18.5698
0.0263537,18.6013
0.0263643,18.6326
0.0263718,18.6641
0.026382,18.6956
0.0263922,18.7273
0.0263992,18.759
0.0264089,18.7908
0.0264184,18.8228
0.0264305,18.8547
0.0264394,18.887
0.0264481,18.9192
0.0264562,18.9517
0.0264673,18.9844
0.0264782,19.0171
0.0264859,19.0498
0.0264964,19.0825
0.0265064,19.1157
0.0265167,19.1487
0.0265269,19.1817
0.026537,19.2146
0.0265474,19.2476
0.0265579,19.2803
0.0265685,19.313
0.0265763,19.3457
0.0265872,19.3784
0.0265955,19.4109
0.0266066,19.4434
0.0266179,19.4758
0.0266263,19.5083
0.0266377,19.5408
0.0266487,19.5733
0.026657,19.6057
0.0266681,19.6384
0.026679,19.6709
0.0266871,19.7036
0.0266978,19.7363
0.0267087,19.7688
0.0267194,19.8015
0.02673,19.8345
0.0267407,19.8672
0.0267514,19.8999
0.0267619,19.9326
0.0267725,19.9653
0.0267888,19.9983
0.0267993,20.031
0.02681,20.064
0.0268206,20.0967
0.0268341,20.1294
0.0268447,20.1621
0.0268552,20.1951
0.0268655,20.228
0.0268756,20.261
0.0268827,20.294
0.0268926,20.3272
0.0269052,20.3604
0.0269144,20.3938
0.0269233,20.4275
0.026932,20.4612
0.026946,20.4951
0.0269538,20.5293
0.0269642,20.5635
0.0269745,20.5979
0.0269843,20.6323
0.0269936,20.6672
0.0270027,20.7022
0.0270115,20.7371
0.027023,20.7722
0.0270314,20.8076
0.0270399,20.8428
0.0270512,20.8779
0.0270596,20.9133
0.027071,20.9485
0.0270769,20.9834
0.0270859,21.0183
0.0270952,21.0532
0.0271048,21.0879
0.0271147,21.1223
0.0271246,21.157
0.0271346,21.1914
0.0271417,21.2258
0.0271519,21.2603
0.0271619,21.2947
0.0271717,21.3294
0.0271817,21.3638
0.0271914,21.3984
0.0272009,21.4331
0.02721,21.468
0.0272187,21.5032
0.0272303,21.5383
0.0272382,21.5737
0.0272489,21.6091
0.0272593,21.645
0.0272666,21.6807
0.0272794,21.7166
0.0272862,21.7527
0.0272959,21.7886
0.0273055,21.8247
0.0273122,21.8609
0.027322,21.8967
0.0273319,21.9326
0.0273389,21.9685
0.0273487,22.0047
0.0273553,22.0408
0.0273646,22.0769
0.0273737,22.1133
0.0273854,22.1497
0.027394,22.1863
0.0274054,22.2229
0.0274136,22.2595
0.0274272,22.2966
0.0274317,22.3338
0.0274448,22.3709
0.0274578,22.4082
0.0274676,22.4453
0.0274773,22.4829
0.02749,22.5203
0.0274968,22.5576
0.0275093,22.5952
0.027519,22.6326
0.027529,22.6699
0.0275389,22.707
0.0275491,22.7444
0.027559,22.7817
0.027569,22.8191
0.0275763,22.8562
0.0275864,22.8933
0.0275964,22.9307
0.0276033,22.968
0.0276128,23.0056
0.0276249,23.0432
0.0276341,23.0808
0.0276402,23.1187
0.0276521,23.1565
0.0276608,23.1943
0.027672,23.2324
0.0276799,23.2708
0.0276907,23.3091
0.0277012,23.3474
0.0277117,23.386
0.027719,23.4246
0.0277291,23.4631
0.027739,23.502
0.0277461,23.5405
0.027753,23.5794
0.0277628,23.6182
0.0277701,23.6567
0.0277802,23.6953
0.0277902,23.7339
0.0278002,23.7727
0.0278073,23.8113
0.027817,23.8501
0.0278268,23.8889
0.0278362,23.928
0.0278454,23.9671
0.0278571,24.0064
0.0278684,24.0457
0.0278764,24.0855
0.0278867,24.1253
0.027897,24.1653
0.0279099,24.2053
0.02792,24.2454
0.0279299,24.2857
0.0279401,24.3255
0.0279505,24.3655
0.0279583,24.4053
0.0279665,24.4446
0.027975,24.4841
0.0279842,24.5232
0.0279935,24.5623
0.0280031,24.6011
0.0280158,24.6399
0.0280257,24.6785
0.0280355,24.7173
0.0280451,24.7564
0.0280546,24.7952
0.028064,24.8342
0.028076,24.8733
0.028088,24.9124
0.0280971,24.9514
0.0281091,24.9907
0.0281179,25.0298
0.0281297,25.0691
0.0281417,25.1082
0.0281508,25.1472
0.0281633,25.1863
0.0281729,25.2251
0.0281826,25.2639
0.0281953,25.3027
0.0282051,25.3416
0.0282178,25.3804
0.0282277,25.419
0.0282403,25.4578
0.0282469,25.4968
0.0282591,25.5357
0.0282709,25.575
0.0282826,25.6143
0.0282915,25.6536
0.028303,25.6929
0.0283142,25.7324
0.0283253,25.772
0.0283363,25.8115
0.0283499,25.8513
0.0283606,25.8911
0.0283711,25.9309
0.0283817,25.9707
0.0283952,26.0105
0.0284057,26.0503
0.0284163,26.0901
0.0284298,26.1299
0.0284376,26.1697
0.0284455,26.2092
0.0284564,26.249
0.0284675,26.2886
0.0284727,26.3281
0.0284867,26.3677
0.0284949,26.4072
0.0285058,26.447
0.0285138,26.4866
0.0285244,26.5264
0.0285351,26.5662
0.0285455,26.606
0.0285558,26.646
0.0285657,26.686
0.0285757,26.7261
0.0285855,26.7664
0.0285982,26.8067
0.028611,26.8467
0.0286207,26.887
0.0286277,26.927
0.0286376,26.9671
0.0286476,27.0073
0.0286578,27.0474
0.0286679,27.0872
0.0286782,27.1272
0.0286882,27.1672
0.028698,27.2075
0.0287045,27.2478
0.0287138,27.2883
0.0287255,27.3289
0.0287367,27.3699
0.0287477,27.4109
0.0287591,27.4517
0.0287705,27.4924
0.0287851,27.5332
0.0287975,27.5735
0.0288131,27.6138
0.0288289,27.6538
0.028842,27.6939
0.0288588,27.7334
0.0288735,27.7727
0.0288883,27.8118
0.0289056,27.8511
0.0289172,27.8906
0.0289312,27.9299
0.028945,27.9697
0.0289581,28.0097
0.0289712,28.0495
0.028984,28.0898
0.0289959,28.1303
0.0290073,28.1711
0.0290185,28.2121
0.0290323,28.2531
0.0290432,28.2942
0.0290567,28.3354
0.0290668,28.3769
0.02908,28.4182
0.0290931,28.4597
0.0291064,28.501
0.029117,28.5422
0.0291304,28.5835
0.0291411,28.6245
0.0291517,28.6657
0.029162,28.707
0.0291754,28.7483
0.029186,28.7895
0.0291995,28.8308
0.0292096,28.872
0.0292226,28.9135
0.0292323,28.9553
0.0292448,28.997
0.0292571,29.0388
0.0292719,29.0808
0.0292838,29.1228
0.0292954,29.1648
0.0293067,29.207
0.0293207,29.2495
0.0293347,29.2917
0.0293459,29.3342
0.0293601,29.3764
0.0293715,29.4187
0.0293828,29.4609
0.0293946,29.5029
0.0294034,29.5449
0.0294153,29.5869
0.0294276,29.6286
0.02944,29.6704
0.0294527,29.7121
0.0294651,29.7539
0.0294777,29.7954
0.0294901,29.8371
0.0295024,29.8789
0.0295145,29.9209
0.0295266,29.9626
0.0295384,30.0046
0.0295526,30.0471
0.0295641,30.0891
0.0295784,30.1313
0.0295927,30.1736
0.0296042,30.2158
0.0296189,30.2578
0.0296311,30.2995
0.0296436,30.3413
0.0296561,30.383
0.0296689,30.4245
0.0296789,30.466
0.0296918,30.5075
0.0297045,30.549
0.0297199,30.5908
0.0297348,30.6328
0.0297465,30.6748
0.0297604,30.7173
0.0297739,30.7597
0.0297903,30.8025
0.0298008,30.8452
0.0298144,30.8877
0.0298306,30.9304
0.0298439,30.9731
0.0298572,31.0158
0.0298707,31.0583
0.0298841,31.101
0.0298978,31.1435
0.0299115,31.186
0.0299253,31.2285
0.029936,31.271
0.0299497,31.3137
0.0299602,31.3562
0.0299738,31.3989
0.0299872,31.4414
0.0299975,31.4841
0.0300107,31.5271
0.0300237,31.5698
0.0300367,31.6128
0.0300493,31.6557
0.0300616,31.6989
0.0300764,31.7422
0.0300882,31.7856
0.0300997,31.8293
0.0301113,31.8728
0.0301258,31.9162
0.0301373,31.9599
0.0301489,32.0034
0.0301604,32.0471
0.0301719,32.0906
0.0301836,32.134
0.0301955,32.1775
0.0302102,32.2209
0.030222,32.2644
0.0302365,32.3078
0.0302478,32.3515
0.0302587,32.3952
0.0302753,32.4392
0.0302858,32.4834
0.0303022,32.5273
0.0303152,32.5715
0.0303311,32.6159
0.0303467,32.6601
0.0303596,32.7046
0.0303754,32.7488
0.0303858,32.7929
0.0304023,32.8369
0.0304162,32.8808
0.0304274,32.9245
0.0304415,32.9682
0.0304559,33.0117
0.0304676,33.0552
0.030482,33.0989
0.0304966,33.1423
0.0305107,33.186
0.0305247,33.2297
0.0305356,33.2737
0.0305491,33.3176
0.0305652,33.3618
0.0305784,33.406
0.0305915,33.4502
0.0306074,33.4944
0.0306177,33.5386
0.0306338,33.5827
0.0306476,33.6267
0.0306615,33.6704
0.0306725,33.7143
0.0306894,33.758
0.0307037,33.8017
0.0307149,33.8454
0.0307316,33.8891
0.0307454,33.9331
0.0307591,33.977
0.0307786,34.021
0.030795,34.0649
0.0308084,34.1091
0.0308247,34.1531
0.0308437,34.1972
0.0308598,34.2414
0.030876,34.2854
0.0308954,34.3296
0.0309126,34.373
0.0309301,34.4165
0.030945,34.4599
0.0309603,34.5029
0.030976,34.5459
0.0309919,34.5888
0.0310081,34.6316
0.0310249,34.674
0.031039,34.7163
0.0310562,34.7585
0.031073,34.801
0.0310865,34.8435
0.0311028,34.8862
0.0311189,34.9289
0.0311349,34.9717
0.0311507,35.0146
0.0311662,35.0576
0.0311816,35.1008
0.0311971,35.1438
0.0312125,35.187
0.0312282,35.23
0.0312442,35.2727
0.0312573,35.3154
0.0312734,35.3581
0.0312867,35.4009
0.0313002,35.4436
0.0313138,35.4861
0.0313301,35.5288
0.0313465,35.5713
0.0313629,35.614
0.0313791,35.6567
0.0313921,35.6994
0.0314078,35.7424
0.0314233,35.7856
0.0314386,35.8286
0.0314566,35.8718
0.0314719,35.915
0.0314874,35.958
0.0315031,36.001
0.0315191,36.0439
0.0315353,36.0866
0.031549,36.1291
0.031566,36.1714
0.0315805,36.2136
0.0315953,36.2556
0.0316105,36.2973
0.0316289,36.3388
0.0316446,36.3806
0.0316602,36.4221
0.0316756,36.4638
0.031691,36.5053
0.0317095,36.5471
0.0317251,36.5886
0.0317437,36.6301
0.0317595,36.6716
0.0317758,36.7129
0.0317953,36.7541
0.0318153,36.7949
0.0318332,36.8354
0.0318549,36.8755
0.0318711,36.9153
0.0318909,36.9548
0.0319114,36.9941
0.0319294,37.0332
0.0319539,37.072
0.0319754,37.1106
0.0319975,37.1491
0.0320194,37.1877
0.0320442,37.2261
0.0320658,37.2649
0.0320873,37.3037
0.0321117,37.3425
0.0321364,37.3811
0.0321585,37.4194
0.0321874,37.4575
0.0322142,37.4951
0.032242,37.5322
0.0322679,37.5688
0.0322983,37.6045
0.0323309,37.6394
0.0323672,37.6723
0.0324048,37.7033
0.0324466,37.7309
0.0325109,37.7489
