"Maximum force",29.3389,"N"
"Gage length ",0.957744,"mm"
"Strain energy",0.28943,"mJ"
"Deformation at maximum force",0.0238825,"mm"
"Standard travel","Standard force"
"mm","N"
0,0.250517
1.12504e-006,0.251352
-4.02331e-007,0.252085
1.08778e-006,0.252748
2.83867e-006,0.253298
1.72108e-006,0.253832
6.63102e-007,0.254331
-5.06639e-007,0.254888
1.3113e-006,0.255396
1.63913e-007,0.255945
-9.46224e-007,0.256472
9.16421e-007,0.256964
-2.38419e-007,0.257513
-1.27405e-006,0.258005
5.96046e-007,0.258493
-4.24683e-007,0.25898
-1.59442e-006,0.259533
-2.63751e-006,0.260029
-7.97212e-007,0.260528
-1.79559e-006,0.261009
-2.70829e-006,0.26144
-3.43472e-006,0.261784
-3.94881e-006,0.262028
-4.44427e-006,0.262262
-5.13718e-006,0.26259
-2.902e-006,0.262905
-3.55393e-006,0.263218
-4.14997e-006,0.2635
-4.77955e-006,0.263798
-5.37187e-006,0.26408
-5.91949e-006,0.264339
-6.57886e-006,0.264652
-7.16001e-006,0.264927
-7.85291e-006,0.265255
-8.40053e-006,0.265514
-9.01148e-006,0.265804
-9.65595e-006,0.266109
-1.03004e-005,0.266415
-7.79703e-006,0.266603
-8.05594e-006,0.266728
-8.38749e-006,0.266886
-8.58586e-006,0.26698
-9.01613e-006,0.267183
-9.42964e-006,0.267379
-9.90648e-006,0.267606
-1.03218e-005,0.267803
-1.05863e-005,0.267928
-1.07186e-005,0.26799
-1.09999e-005,0.268123
-1.14134e-005,0.26832
-1.18753e-005,0.268539
-1.24192e-005,0.268796
-1.30823e-005,0.269111
-1.3479e-005,0.269299
-1.39428e-005,0.269518
-1.42409e-005,0.269659
-1.45873e-005,0.269823
-1.49338e-005,0.269988
-1.52485e-005,0.270137
-1.55801e-005,0.270294
-1.5893e-005,0.270442
-1.60756e-005,0.270529
-1.61256e-005,0.270553
-1.61752e-005,0.270576
-1.62413e-005,0.270608
-1.63573e-005,0.270662
-1.64895e-005,0.270725
-1.67373e-005,0.270843
-1.69356e-005,0.270937
-1.71508e-005,0.271039
-1.72663e-005,0.271094
-1.7514e-005,0.271211
-1.76956e-005,0.271297
-1.78446e-005,0.271368
-1.79443e-005,0.271415
-1.81594e-005,0.271516
-1.83578e-005,0.271611
-1.8457e-005,0.271658
-1.87047e-005,0.271775
-1.89198e-005,0.271877
-1.91508e-005,0.271987
-1.93659e-005,0.272088
-1.94982e-005,0.272151
-1.97794e-005,0.272284
-1.99778e-005,0.272378
-2.03075e-005,0.272535
-2.05238e-005,0.272637
-2.09522e-005,0.27284
-2.11515e-005,0.272935
-2.13498e-005,0.273029
-2.14821e-005,0.273092
-2.15487e-005,0.273123
-2.18281e-005,0.273255
-2.1978e-005,0.273326
-2.23245e-005,0.27349
-2.24912e-005,0.273569
-2.28544e-005,0.273742
-2.00977e-005,0.273812
-2.04441e-005,0.273976
-1.80152e-005,0.274196
-1.56311e-005,0.274446
-1.34555e-005,0.274791
-1.41037e-005,0.275104
-9.1863e-006,0.275527
-7.17465e-006,0.27595
-2.28707e-006,0.276389
-3.64816e-007,0.276853
4.46316e-006,0.277314
9.14213e-006,0.277844
1.09973e-005,0.278356
1.55869e-005,0.278935
2.01168e-005,0.279538
2.46468e-005,0.280149
2.91469e-005,0.28077
3.37067e-005,0.281358
3.8177e-005,0.281999
4.53296e-005,0.282735
4.65589e-005,0.283544
5.35625e-005,0.284348
5.74368e-005,0.285268
6.42019e-005,0.286191
7.10863e-005,0.287068
7.46774e-005,0.288114
7.84474e-005,0.28909
8.5302e-005,0.289968
9.19479e-005,0.290944
9.86832e-005,0.291894
0.000105121,0.292977
0.000111379,0.294137
0.000117667,0.295289
0.000123658,0.296586
0.00012935,0.29802
0.000135102,0.299424
0.000140406,0.301034
0.000145205,0.302896
0.000149973,0.304765
0.000157364,0.306779
0.000161656,0.308869
0.000165977,0.31096
0.000172891,0.313188
0.000179775,0.315446
0.000183679,0.317719
0.000190266,0.320115
0.000193887,0.322526
0.000200324,0.324983
0.000206612,0.327516
0.000209756,0.330155
0.000215926,0.332734
0.000221767,0.335481
0.000227757,0.338151
0.000230678,0.340913
0.00023631,0.343751
0.000241854,0.34662
0.000247099,0.349656
0.000252225,0.352723
0.000260033,0.355897
0.000265129,0.35901
0.000269898,0.36226
0.000277348,0.365617
0.00028164,0.369096
0.000285872,0.37259
0.000292845,0.376176
0.000299789,0.379777
0.000303753,0.383393
0.000307776,0.38701
0.000317432,0.390687
0.000321247,0.394395
0.000327893,0.398133
0.000334628,0.401826
0.000338294,0.40561
0.000344612,0.409486
0.00035096,0.413377
0.000357159,0.417314
0.000363209,0.421342
0.00036902,0.425462
0.000374742,0.429643
0.000383206,0.433885
0.00038869,0.438188
0.000393935,0.442582
0.000402101,0.446977
0.000407465,0.45131
0.000415571,0.455735
0.000420787,0.46016
0.000428893,0.464585
0.00043682,0.469102
0.000441857,0.473588
0.000449606,0.478196
0.000457295,0.482774
0.000462152,0.487382
0.000469573,0.492143
0.000476815,0.496964
0.000483968,0.501847
0.000490971,0.506791
0.000497826,0.511796
0.000504799,0.51677
0.000511475,0.521867
0.00051833,0.526872
0.000524827,0.53206
0.000531324,0.537248
0.000537969,0.542375
0.000544437,0.547563
0.000553794,0.552781
0.000563033,0.55803
0.000569441,0.563279
0.00057552,0.56865
0.000581719,0.573991
0.0005906,0.579392
0.000596799,0.584733
0.00060574,0.590135
0.000611641,0.595597
0.000620224,0.601151
0.000625916,0.606736
0.000634142,0.612473
0.000642307,0.618241
0.000650473,0.62404
0.000658401,0.629899
0.000663497,0.635758
0.000671096,0.641801
0.000681706,0.647813
0.000686266,0.653916
0.000696637,0.659989
0.000704147,0.666093
0.000711657,0.672166
0.000718989,0.67833
0.000725992,0.684648
0.000736006,0.690934
0.000743099,0.697221
0.000750281,0.703477
0.000760176,0.709764
0.00077007,0.716111
0.000776865,0.72252
0.000783302,0.729112
0.000792601,0.735734
0.00080178,0.742417
0.000811078,0.749009
0.000820019,0.755784
0.000828781,0.762681
0.000834383,0.76967
0.000842728,0.776719
0.000853993,0.783769
0.000859596,0.790757
0.000868179,0.797715
0.000876881,0.804612
0.000885465,0.81157
0.000894048,0.818498
0.000908651,0.823991
0.000923433,0.828019
0.000938513,0.831895
0.000956632,0.835679
0.00097213,0.839326
0.000990369,0.843095
0.00100557,0.846925
0.00102405,0.850572
0.00104765,0.851762
0.00106934,0.852506
0.00108806,0.854672
0.0011063,0.858426
0.00112114,0.862393
0.00113855,0.866544
0.00115279,0.870816
0.00116984,0.875119
0.00118712,0.8793
0.00120131,0.883634
0.00121025,0.890439
0.00121812,0.897702
0.00122914,0.904874
0.00124071,0.911801
0.00125007,0.918393
0.00126264,0.924832
0.00127599,0.930905
0.00128732,0.936521
0.001299,0.942044
0.0013136,0.947507
0.00132821,0.95297
0.00134049,0.958158
0.0013561,0.963162
0.0013688,0.968167
0.00138453,0.973111
0.00140003,0.978147
0.00141511,0.983426
0.00142638,0.989072
0.00143746,0.99487
0.00145105,1.00079
0.00146458,1.0068
0.00147472,1.013
0.00148437,1.01947
0.00149665,1.02603
0.00150821,1.03296
0.00151972,1.03988
0.00153092,1.04699
0.00153927,1.05404
0.00155059,1.06109
0.00156186,1.06814
0.00157342,1.07504
0.00158475,1.08206
0.00159595,1.08917
0.00160722,1.09625
0.00161884,1.10312
0.0016307,1.10989
0.00163976,1.1166
0.0016487,1.12338
0.00166044,1.13022
0.00167213,1.13708
0.00168381,1.14395
0.00169561,1.15075
0.00170753,1.1575
0.00172208,1.16436
0.00173346,1.17138
0.00174127,1.17871
0.00175194,1.18603
0.00176255,1.19342
0.00177602,1.2008
0.00178681,1.20807
0.00179736,1.21548
0.00181083,1.2229
0.00182102,1.23044
0.00183127,1.23797
0.00184456,1.24545
0.00185547,1.25268
0.00186697,1.25961
0.00188199,1.26629
0.00189433,1.27282
0.00190971,1.27932
0.00192324,1.28531
0.00194172,1.29028
0.00195888,1.29455
0.00197939,1.29864
0.00199965,1.30276
0.00201694,1.30697
0.00203637,1.31158
0.00205497,1.31653
0.00207035,1.32162
0.00208823,1.32696
0.00210217,1.33273
0.0021169,1.33954
0.00212739,1.34695
0.0021405,1.35449
0.00215385,1.36197
0.00216458,1.36926
0.00217573,1.3764
0.00219015,1.38333
0.00220475,1.39016
0.00221971,1.39685
0.00223211,1.40338
0.00224737,1.40991
0.00226299,1.41629
0.00227872,1.4226
0.00229458,1.42886
0.00230829,1.43478
0.00232295,1.44021
0.0023419,1.44497
0.00236348,1.44858
0.00238637,1.45147
0.00240735,1.45395
0.00243203,1.45599
0.00245694,1.45797
0.00248209,1.45981
0.00250439,1.46168
0.00252572,1.46397
0.00254897,1.46672
0.00256804,1.47004
0.00258497,1.47444
0.00260333,1.4795
0.00261769,1.48509
0.00263415,1.49104
0.00264732,1.49724
0.00266013,1.50355
0.00267533,1.51011
0.00268749,1.51677
0.00269947,1.52351
0.00271402,1.53038
0.00272838,1.53734
0.00274221,1.54454
0.00274996,1.55189
0.00276319,1.55943
0.00277606,1.56706
0.00278608,1.57472
0.00279627,1.58229
0.00280944,1.58983
0.00282232,1.59749
0.00283495,1.6053
0.00284717,1.61323
0.00285671,1.62111
0.00286613,1.62904
0.00287829,1.6371
0.00289056,1.64503
0.00290249,1.65315
0.00291435,1.66133
0.00292585,1.66963
0.00293712,1.67805
0.00294814,1.6866
0.00295923,1.69514
0.00297049,1.70356
0.00298176,1.71199
0.00299332,1.72029
0.00300489,1.72859
0.00302241,1.73683
0.00303111,1.74507
0.00304279,1.75331
0.0030546,1.76149
0.0030664,1.76967
0.00307814,1.77791
0.00309239,1.78633
0.00310365,1.79475
0.00311468,1.8033
0.00312845,1.8119
0.00313935,1.82051
0.00315002,1.82924
0.00316367,1.8379
0.003175,1.84633
0.00318698,1.85444
0.00320212,1.86238
0.00321732,1.87031
0.00322977,1.87819
0.00324223,1.88612
0.00325761,1.89393
0.00327299,1.90181
0.00328551,1.90968
0.00330112,1.91737
0.00331364,1.92524
0.0033258,1.93324
0.00334118,1.94111
0.00335387,1.94886
0.00336669,1.95659
0.00337944,1.96431
0.00339542,1.97191
0.00341115,1.97957
0.00342426,1.98716
0.00343708,1.99485
0.00345282,2.00255
0.00346533,2.01036
0.00348035,2.01841
0.00349227,2.02653
0.0035039,2.03483
0.00351844,2.04307
0.00353269,2.05143
0.00354425,2.05974
0.00355557,2.06816
0.00356964,2.07664
0.00358067,2.08519
0.00359444,2.09379
0.00360785,2.10258
0.00361864,2.11125
0.0036327,2.11973
0.00364385,2.12828
0.00365786,2.13676
0.00367174,2.14537
0.00368265,2.15391
0.0036966,2.16252
0.00371055,2.171
0.00372169,2.17949
0.00373606,2.18785
0.00375018,2.19633
0.00376401,2.20494
0.0037776,2.2136
0.00379107,2.22239
0.00380126,2.23137
0.00381438,2.24028
0.00382719,2.24937
0.00384001,2.25847
0.00385252,2.26762
0.00386474,2.27702
0.00387994,2.28636
0.00388918,2.2957
0.00390438,2.30504
0.00391386,2.31437
0.00392924,2.32359
0.00394187,2.33275
0.00395463,2.34184
0.00396744,2.35093
0.00398056,2.35985
0.00399677,2.3687
0.00401048,2.37736
0.00402419,2.38603
0.00403801,2.39464
0.0040547,2.40324
0.00407175,2.41166
0.00408594,2.42015
0.00410012,2.42851
0.00411788,2.43669
0.00413386,2.44423
0.004154,2.45121
0.00417105,2.45829
0.00418822,2.46531
0.00420538,2.4723
0.00422255,2.47932
0.00423984,2.48631
0.004257,2.4933
0.00427417,2.50032
0.00429074,2.50761
0.00430594,2.51561
0.00431988,2.52409
0.00433341,2.53288
0.00434677,2.54167
0.00436274,2.55064
0.00437567,2.55967
0.00438813,2.56889
0.00440005,2.57841
0.0044143,2.58818
0.00442258,2.59807
0.00443635,2.60808
0.00444696,2.61815
0.00446127,2.62791
0.00446967,2.63768
0.00448368,2.64756
0.00449769,2.65751
0.00450573,2.6674
0.0045195,2.67747
0.00453023,2.68754
0.00454364,2.69767
0.00455389,2.70799
0.00456677,2.71843
0.00457851,2.72935
0.0045896,2.74064
0.00460062,2.75194
0.00460831,2.76347
0.00461904,2.77488
0.00462673,2.78642
0.00463734,2.79789
0.00465075,2.80949
0.00465817,2.82109
0.00467271,2.83073
0.00469203,2.83812
0.00471265,2.84486
0.00473351,2.85151
0.00475747,2.85804
0.00477655,2.86418
0.00480241,2.86979
0.00482876,2.87523
0.00485224,2.88063
0.0048762,2.88579
0.00489313,2.89293
0.00490863,2.90214
0.00492341,2.91166
0.0049379,2.92131
0.00495256,2.93089
0.00496633,2.9409
0.00497938,2.95121
0.00499267,2.96147
0.00500662,2.97142
0.00502063,2.98124
0.00503451,2.99119
0.00505108,3.00126
0.0050645,3.01146
0.00507779,3.02171
0.00509078,3.03203
0.00510354,3.04252
0.00511903,3.05308
0.00513119,3.06389
0.00513966,3.07499
0.00515086,3.08622
0.00516219,3.09739
0.00517673,3.10838
0.00518597,3.11918
0.00519843,3.1298
0.00521392,3.14036
0.00522364,3.15086
0.00523663,3.1613
0.00524981,3.17155
0.00526322,3.18174
0.00527657,3.19194
0.00528992,3.20213
0.00530303,3.21245
0.00531579,3.22294
0.00532848,3.23344
0.00534422,3.24388
0.00535775,3.25401
0.00537116,3.2642
0.00538469,3.27427
0.00539816,3.28447
0.00541163,3.2946
0.00542487,3.30485
0.00543828,3.31498
0.00545425,3.3253
0.00546712,3.3358
0.00547958,3.34642
0.00548864,3.35728
0.00550366,3.36808
0.00551862,3.37889
0.00553037,3.38981
0.00554497,3.4008
0.00555683,3.41173
0.00556851,3.42271
0.00558049,3.43358
0.00559277,3.44426
0.00560815,3.45494
0.00562388,3.46537
0.00563668,3.47585
0.00565302,3.48593
0.0056678,3.49551
0.00568616,3.50472
0.00570249,3.51345
0.00572252,3.52188
0.00574397,3.52966
0.00576543,3.53604
0.00579106,3.54177
0.00581693,3.54745
0.00584268,3.55313
0.00586497,3.55908
0.00588917,3.56552
0.00590717,3.57214
0.00593042,3.57907
0.00594722,3.58624
0.00596856,3.59402
0.00598156,3.60299
0.0059992,3.61251
0.00601368,3.62222
0.00603085,3.63198
0.00604217,3.64175
0.00605678,3.65139
0.00607192,3.66073
0.00608968,3.67019
0.00610428,3.67983
0.00611853,3.6896
0.0061326,3.69949
0.00614905,3.70956
0.00616276,3.71963
0.00617629,3.72976
0.00618946,3.74002
0.00620496,3.75057
0.006217,3.76138
0.00622886,3.7723
0.00624078,3.78317
0.00625252,3.79415
0.00626146,3.80502
0.00627636,3.81588
0.0062884,3.82675
0.00630062,3.83749
0.0063157,3.84823
0.00633096,3.85891
0.00634312,3.86965
0.00635862,3.88021
0.00637131,3.89071
0.00638717,3.90115
0.00640028,3.91146
0.00641637,3.92172
0.00642955,3.93203
0.00644236,3.94247
0.00645798,3.95297
0.00647324,3.96365
0.00648843,3.97433
0.00650048,3.98519
0.00651538,3.996
0.0065304,4.0068
0.00654494,4.01785
0.00655632,4.02896
0.00657337,4.04019
0.00658744,4.05142
0.00659852,4.06265
0.00661277,4.07382
0.00662719,4.08486
0.00664162,4.09597
0.00665259,4.10726
0.00666326,4.1188
0.00668006,4.13009
0.00669163,4.14114
0.00670623,4.15212
0.00672095,4.16305
0.00673591,4.17385
0.00675099,4.18466
0.00676387,4.19509
0.0067796,4.20547
0.00679582,4.21572
0.00681191,4.22604
0.00682478,4.23641
0.00683712,4.2471
0.00685238,4.25778
0.0068643,4.2687
0.00687896,4.27963
0.00689363,4.29055
0.00690448,4.30197
0.00691783,4.31356
0.006931,4.32522
0.00694113,4.33694
0.00695407,4.34872
0.00696688,4.36056
0.00697666,4.37246
0.00698923,4.38442
0.00700163,4.39645
0.00701081,4.40859
0.00702303,4.42074
0.00703525,4.43283
0.00705027,4.44497
0.00705969,4.45706
0.00707477,4.4692
0.00708424,4.48123
0.0070967,4.49325
0.00710946,4.50509
0.00712275,4.51675
0.00713765,4.52755
0.00715803,4.53713
0.00717901,4.54513
0.00720357,4.55142
0.00723182,4.55593
0.00726616,4.55891
0.00730001,4.56074
0.00733506,4.56203
0.0073713,4.56285
0.0074073,4.56362
0.00744545,4.56489
0.00747835,4.56713
0.00750565,4.57081
0.00753557,4.5759
0.00755631,4.58259
0.00757431,4.59058
0.00759267,4.59974
0.00760704,4.6095
0.00762361,4.61957
0.00763696,4.62977
0.00765007,4.64008
0.00766628,4.65027
0.00768029,4.66022
0.00769442,4.67005
0.00770896,4.67969
0.00772368,4.68921
0.00774168,4.69861
0.00775694,4.70783
0.0077722,4.71717
0.00779008,4.72657
0.00780516,4.73603
0.00782268,4.74561
0.00783353,4.75562
0.00784939,4.766
0.00786173,4.77668
0.00787347,4.78766
0.007887,4.7978
0.00790667,4.80768
0.00792079,4.81757
0.0079376,4.82746
0.00795417,4.83753
0.00796752,4.84778
0.0079835,4.85804
0.00799971,4.86829
0.00801264,4.87873
0.00802528,4.88923
0.00803863,4.90082
0.00805109,4.91285
0.00806337,4.92493
0.00807243,4.9372
0.00808149,4.94941
0.00809305,4.9618
0.00810456,4.97425
0.00811588,4.98682
0.00812715,4.9994
0.00813847,5.01191
0.00814932,5.02466
0.00816005,5.03748
0.00817024,5.0506
0.00818294,5.06385
0.00819533,5.07728
0.00820475,5.0907
0.00821697,5.10419
0.00822591,5.11786
0.00823771,5.13154
0.00824618,5.14545
0.0082575,5.15937
0.00826894,5.17322
0.00827735,5.18714
0.00828897,5.20093
0.00829761,5.21473
0.00830894,5.22864
0.00831728,5.24256
0.00832879,5.25641
0.00833731,5.27033
0.0083487,5.28419
0.0083571,5.2981
0.00836831,5.31208
0.00837957,5.32606
0.00839078,5.34003
0.00839906,5.35395
0.00841045,5.36786
0.00841873,5.38184
0.00842964,5.39594
0.00843775,5.41004
0.00844865,5.42414
0.00845932,5.43836
0.00846689,5.4527
0.00847708,5.46711
0.00848704,5.4817
0.00849687,5.49634
0.00850641,5.51111
0.00851607,5.52582
0.00852542,5.54066
0.00853472,5.55555
0.00854414,5.57032
0.00855654,5.58515
0.0085659,5.59998
0.00857531,5.61481
0.00858461,5.62971
0.00859379,5.6446
0.00860595,5.65949
0.00861817,5.67438
0.00862741,5.68928
0.00863939,5.70429
0.00865113,5.71937
0.00865971,5.73456
0.00867116,5.74982
0.00867968,5.76508
0.00869112,5.78028
0.00870245,5.7956
0.00871056,5.81104
0.00872134,5.8266
0.00873517,5.84211
0.00874292,5.85767
0.00875365,5.87324
0.00876456,5.88874
0.00877541,5.9043
0.00878321,5.91987
0.00879394,5.93543
0.00880479,5.95093
0.00881564,5.9665
0.00882643,5.982
0.00883728,5.99756
0.00884836,6.01295
0.00885927,6.02845
0.0088731,6.04395
0.00888108,6.05945
0.00889473,6.07502
0.00890552,6.09058
0.00891619,6.10615
0.00892674,6.12177
0.00894045,6.13733
0.008951,6.15296
0.00896131,6.16871
0.0089718,6.18445
0.00898533,6.20008
0.00899618,6.21558
0.00900709,6.23115
0.009018,6.24659
0.00903177,6.26209
0.00904553,6.27765
0.00905912,6.29322
0.00906979,6.30884
0.00908082,6.32429
0.00909423,6.33991
0.0091074,6.35578
0.00912034,6.37165
0.00913023,6.38764
0.00914573,6.40363
0.00915813,6.41987
0.00917058,6.43598
0.0091831,6.45209
0.00919562,6.46821
0.00920778,6.48444
0.0092228,6.5008
0.00923478,6.51716
0.00924366,6.53351
0.0092585,6.54999
0.0092706,6.56623
0.00928264,6.58259
0.0092976,6.59894
0.00930964,6.61518
0.00932186,6.63154
0.0093342,6.64765
0.00934993,6.66364
0.00936025,6.67939
0.00937372,6.69501
0.00938737,6.71064
0.0093981,6.7262
0.00941186,6.74177
0.00942563,6.75727
0.0094422,6.77283
0.00945538,6.78858
0.00946831,6.80445
0.00948106,6.82044
0.0094906,6.83668
0.00950574,6.85291
0.00951754,6.86927
0.00952934,6.88575
0.00954103,6.90223
0.00955259,6.91883
0.0095669,6.93543
0.00957834,6.95215
0.00958961,6.96876
0.00960367,6.98548
0.00961476,7.00233
0.00962555,7.01929
0.00963926,7.03614
0.00965004,7.05311
0.00966363,7.07007
0.00967418,7.08704
0.00968765,7.10413
0.00970101,7.12122
0.00971138,7.13831
0.00972139,7.15565
0.00973403,7.1731
0.00974374,7.19044
0.0097562,7.20801
0.00976812,7.22571
0.00977998,7.24354
0.00979178,7.26136
0.00980067,7.27918
0.00981235,7.29712
0.00982409,7.31495
0.00983583,7.33277
0.00984465,7.35071
0.00985634,7.36854
0.00986814,7.38636
0.00987726,7.40406
0.00988924,7.42176
0.00990104,7.43958
0.00990974,7.45753
0.00992142,7.47547
0.00993025,7.49329
0.00994211,7.51111
0.00995409,7.52881
0.00996601,7.54664
0.00997477,7.56446
0.00998341,7.5824
0.00999468,7.60047
0.0100057,7.61866
0.0100166,7.63697
0.01003,7.6554
0.0100403,7.67396
0.0100531,7.69263
0.0100628,7.71143
0.0100722,7.73047
0.0100843,7.74952
0.0100933,7.76856
0.010105,7.78785
0.0101167,7.80713
0.0101252,7.82654
0.0101367,7.84583
0.0101479,7.86536
0.0101591,7.88477
0.0101702,7.90442
0.0101781,7.92396
0.0101891,7.94361
0.0101998,7.96326
0.0102105,7.98304
0.0102211,8.00281
0.0102318,8.02259
0.0102422,8.04236
0.0102557,8.06214
0.0102664,8.08191
0.010277,8.10169
0.0102881,8.12122
0.0102962,8.14075
0.0103075,8.16028
0.0103189,8.17969
0.0103303,8.19898
0.0103418,8.21839
0.0103536,8.23755
0.0103652,8.25684
0.0103773,8.27588
0.0103896,8.29481
0.0104017,8.31397
0.0104135,8.33314
0.0104256,8.35218
0.0104377,8.37122
0.0104468,8.39026
0.0104585,8.40955
0.0104741,8.42835
0.010488,8.44666
0.0105014,8.46497
0.0105148,8.4834
0.0105283,8.50184
0.0105448,8.52015
0.0105615,8.53846
0.0105753,8.55677
0.0105892,8.57496
0.0106061,8.59302
0.010619,8.6117
0.0106337,8.63099
0.0106481,8.65027
0.0106597,8.66956
0.0106743,8.68885
0.010686,8.70814
0.0107033,8.72742
0.0107149,8.74671
0.0107264,8.76612
0.0107409,8.78541
0.0107525,8.80469
0.0107672,8.82386
0.0107822,8.84302
0.0107943,8.86207
0.0108064,8.88111
0.010821,8.90027
0.010836,8.91944
0.0108478,8.9386
0.0108623,8.95789
0.0108769,8.97706
0.0108887,8.99634
0.0109033,9.01563
0.0109144,9.03516
0.0109281,9.05482
0.0109416,9.07459
0.0109551,9.09437
0.0109683,9.11426
0.0109815,9.13416
0.0109946,9.15418
0.0110103,9.1742
0.0110229,9.19446
0.011035,9.21485
0.0110471,9.23536
0.0110618,9.25587
0.0110733,9.27662
0.0110847,9.29737
0.0110958,9.31837
0.01111,9.33912
0.0111238,9.36011
0.0111375,9.38111
0.0111487,9.40198
0.011163,9.42286
0.0111744,9.44361
0.0111888,9.46436
0.0112004,9.48499
0.0112149,9.50562
0.0112263,9.52637
0.0112379,9.54712
0.0112495,9.56775
0.0112641,9.58838
0.0112787,9.60901
0.0112904,9.62964
0.011302,9.65027
0.0113144,9.67066
0.01133,9.69068
0.0113429,9.71082
0.0113561,9.73072
0.0113693,9.75074
0.0113854,9.77064
0.0113985,9.79053
0.0114116,9.81055
0.0114279,9.83033
0.0114415,9.84998
0.0114547,9.87
0.0114703,9.89014
0.0114832,9.91016
0.0114987,9.93043
0.0115113,9.95057
0.011527,9.97071
0.0115399,9.99073
0.0115529,10.0107
0.0115681,10.031
0.0115803,10.0515
0.0115951,10.072
0.0116096,10.0927
0.011624,10.1134
0.011638,10.1343
0.0116492,10.1553
0.0116628,10.1763
0.0116762,10.1975
0.0116866,10.2188
0.0116977,10.2396
0.0117127,10.2601
0.0117251,10.2804
0.0117407,10.3005
0.0117535,10.3207
0.0117693,10.3407
0.0117851,10.3608
0.0117978,10.3809
0.0118136,10.401
0.0118263,10.4211
0.0118411,10.4417
0.0118549,10.4627
0.0118653,10.4839
0.011878,10.5055
0.0118903,10.5271
0.0119028,10.5488
0.011915,10.5706
0.0119243,10.5923
0.0119392,10.6141
0.0119513,10.636
0.0119641,10.6575
0.0119804,10.6787
0.0119944,10.6996
0.0120114,10.7205
0.0120288,10.7411
0.0120431,10.762
0.0120573,10.7827
0.0120743,10.8036
0.0120912,10.8245
0.0121077,10.8456
0.0121206,10.8671
0.0121355,10.8889
0.0121471,10.911
0.0121613,10.9331
0.0121725,10.9555
0.0121837,10.9777
0.0121981,10.9998
0.0122096,11.0219
0.0122215,11.0437
0.0122307,11.0656
0.012243,11.0873
0.0122558,11.1088
0.012269,11.13
0.0122823,11.1513
0.0122958,11.1724
0.0123094,11.1936
0.0123228,11.2148
0.0123361,11.236
0.0123499,11.257
0.0123667,11.278
0.0123808,11.2989
0.0123944,11.32
0.012408,11.341
0.0124219,11.362
0.0124357,11.383
0.01245,11.4038
0.0124676,11.4244
0.0124797,11.4447
0.0124974,11.4654
0.012512,11.486
0.0125297,11.5065
0.0125444,11.5271
0.0125619,11.5476
0.0125769,11.5682
0.0125951,11.5884
0.0126106,11.6086
0.0126289,11.6289
0.0126444,11.6491
0.01266,11.6692
0.0126756,11.6894
0.0126943,11.7095
0.0127104,11.7294
0.0127266,11.7493
0.0127425,11.7693
0.0127613,11.7892
0.0127747,11.8091
0.0127907,11.829
0.012807,11.8489
0.012826,11.8688
0.0128421,11.8887
0.0128607,11.9088
0.0128761,11.9291
0.0128911,11.9495
0.0129088,11.9701
0.0129228,11.991
0.0129361,12.0122
0.0129519,12.0337
0.0129645,12.0552
0.0129768,12.0769
0.0129891,12.0987
0.0130041,12.1205
0.0130163,12.1422
0.0130314,12.1641
0.0130463,12.1859
0.0130583,12.2078
0.0130732,12.2296
0.0130848,12.2516
0.0130994,12.2737
0.0131138,12.2958
0.0131282,12.3179
0.0131397,12.34
0.0131541,12.3621
0.0131657,12.3842
0.0131775,12.4062
0.0131922,12.4281
0.0132012,12.45
0.0132141,12.4715
0.0132278,12.4925
0.0132417,12.5135
0.0132559,12.5342
0.0132731,12.555
0.0132873,12.5758
0.0133017,12.5966
0.013319,12.6172
0.0133337,12.6379
0.013351,12.6586
0.0133621,12.6795
0.0133777,12.701
0.0133902,12.7227
0.0134027,12.7443
0.0134146,12.7661
0.0134296,12.788
0.0134415,12.81
0.013453,12.8319
0.0134641,12.8543
0.0134777,12.8767
0.0134879,12.8994
0.0135009,12.9223
0.0135138,12.9451
0.013526,12.9682
0.0135384,12.9912
0.0135474,13.0146
0.0135589,13.038
0.0135674,13.0616
0.0135789,13.085
0.0135906,13.1084
0.0135995,13.1317
0.0136114,13.1549
0.0136235,13.1781
0.0136327,13.2013
0.0136448,13.2246
0.013654,13.2477
0.0136665,13.2708
0.0136761,13.2937
0.0136888,13.3167
0.0137016,13.3395
0.0137115,13.3625
0.0137242,13.3853
0.0137366,13.4084
0.0137491,13.4313
0.0137615,13.4544
0.013774,13.4775
0.0137861,13.5005
0.0137981,13.5238
0.0138098,13.5472
0.013824,13.5707
0.0138382,13.5944
0.0138492,13.6181
0.0138631,13.6418
0.0138739,13.6656
0.0138904,13.6895
0.013901,13.7133
0.0139173,13.7373
0.0139312,13.761
0.0139451,13.7847
0.0139607,13.8077
0.0139791,13.8293
0.013996,13.8501
0.0140197,13.8705
0.0140415,13.8905
0.0140612,13.9102
0.0140844,13.9295
0.0141054,13.9484
0.0141298,13.9671
0.0141519,13.9856
0.014173,14.0046
0.0141943,14.0247
0.014212,14.0453
0.0142319,14.0662
0.0142482,14.0873
0.014267,14.1087
0.0142825,14.1303
0.0143008,14.152
0.0143155,14.174
0.0143305,14.1957
0.0143484,14.2176
0.0143668,14.2392
0.0143824,14.2607
0.0144011,14.2821
0.01442,14.3034
0.0144367,14.3245
0.0144576,14.3449
0.0144788,14.3651
0.0145004,14.3852
0.0145215,14.4054
0.0145395,14.4259
0.0145602,14.4463
0.0145778,14.467
0.0145981,14.4876
0.0146153,14.5083
0.0146321,14.5293
0.0146476,14.5509
0.0146655,14.5728
0.0146804,14.5946
0.0146948,14.6167
0.0147092,14.6388
0.0147263,14.661
0.0147407,14.6831
0.0147551,14.7052
0.0147691,14.7276
0.0147827,14.75
0.0147989,14.7726
0.014812,14.7953
0.0148273,14.8184
0.0148397,14.8415
0.0148521,14.8645
0.0148671,14.8877
0.0148818,14.911
0.0148961,14.9346
0.0149105,14.958
0.014922,14.9815
0.0149366,15.0049
0.0149513,15.0282
0.0149664,15.0514
0.0149784,15.0746
0.0149961,15.0979
0.0150084,15.121
0.0150235,15.1442
0.0150416,15.1673
0.0150542,15.1902
0.0150696,15.2132
0.0150849,15.2362
0.0151002,15.2593
0.0151157,15.2823
0.0151282,15.3053
0.0151405,15.3284
0.0151554,15.3516
0.0151702,15.3749
0.0151851,15.3982
0.0151969,15.4214
0.0152117,15.4449
0.0152262,15.4682
0.0152381,15.4915
0.0152525,15.5149
0.0152642,15.5384
0.0152816,15.5618
0.0152931,15.5852
0.0153045,15.6088
0.0153186,15.6324
0.0153325,15.6562
0.0153465,15.6798
0.0153573,15.7036
0.0153708,15.7275
0.015384,15.7515
0.0153968,15.7758
0.0154096,15.8001
0.0154222,15.8244
0.0154351,15.8485
0.0154507,15.8728
0.0154636,15.897
0.0154735,15.9213
0.0154868,15.9452
0.0155032,15.9692
0.0155169,15.993
0.0155284,16.0164
0.015543,16.0398
0.0155582,16.0629
0.0155751,16.0852
0.0155902,16.107
0.015609,16.1283
0.0156274,16.1486
0.0156498,16.1682
0.0156731,16.1875
0.0156969,16.2066
0.0157211,16.2254
0.0157457,16.2441
0.0157731,16.2627
0.0157931,16.2821
0.015818,16.302
0.015839,16.3224
0.0158575,16.3439
0.0158777,16.366
0.0158941,16.3886
0.0159099,16.4114
0.0159249,16.4346
0.0159392,16.4582
0.015953,16.482
0.0159694,16.5058
0.0159857,16.5297
0.0159991,16.5537
0.0160123,16.5778
0.0160251,16.602
0.016038,16.6261
0.016054,16.6503
0.0160643,16.6744
0.0160776,16.6983
0.0160937,16.7223
0.0161042,16.7463
0.0161176,16.7703
0.0161311,16.7942
0.0161446,16.8182
0.0161581,16.842
0.0161718,16.8658
0.0161852,16.8897
0.0161956,16.9137
0.0162088,16.9378
0.0162217,16.962
0.0162343,16.9864
0.0162466,17.0108
0.0162588,17.0353
0.0162708,17.06
0.0162826,17.0846
0.0162937,17.1097
0.0163046,17.1348
0.0163183,17.1599
0.0163292,17.1851
0.0163398,17.2105
0.0163533,17.2358
0.0163638,17.261
0.0163744,17.2863
0.0163879,17.3116
0.0164013,17.337
0.0164119,17.3622
0.0164255,17.3875
0.0164361,17.4128
0.0164465,17.438
0.0164572,17.4633
0.0164706,17.4887
0.0164812,17.514
0.0164946,17.5392
0.0165051,17.5646
0.0165155,17.59
0.0165286,17.6154
0.0165416,17.641
0.0165544,17.6665
0.016564,17.6923
0.0165765,17.7181
0.0165891,17.7438
0.0166015,17.7696
0.0166139,17.7954
0.0166262,17.8212
0.0166414,17.8471
0.0166538,17.8728
0.0166702,17.8986
0.016684,17.9242
0.0167007,17.9499
0.0167147,17.9754
0.0167284,18.0011
0.0167421,18.0268
0.0167588,18.0524
0.0167729,18.0779
0.0167871,18.1033
0.0168042,18.1287
0.0168187,18.154
0.0168358,18.1794
0.0168505,18.2046
0.0168652,18.2298
0.01688,18.2549
0.0168978,18.2799
0.0169127,18.3051
0.0169245,18.3302
0.0169419,18.3555
0.0169535,18.3809
0.0169678,18.4063
0.0169821,18.4316
0.0169963,18.4571
0.0170103,18.4826
0.0170242,18.5081
0.0170382,18.5336
0.0170521,18.5591
0.0170661,18.5848
0.017083,18.6103
0.0170971,18.6358
0.0171111,18.6613
0.017128,18.6868
0.0171448,18.7123
0.0171619,18.7378
0.0171762,18.7631
0.0171935,18.7885
0.017208,18.8138
0.0172255,18.839
0.0172402,18.8642
0.017255,18.8893
0.01727,18.9143
0.0172879,18.9394
0.0173028,18.9645
0.0173178,18.9895
0.0173328,19.0146
0.0173479,19.0396
0.0173628,19.0646
0.0173776,19.0898
0.0173953,19.1149
0.0174069,19.1402
0.0174244,19.1654
0.017439,19.1907
0.0174565,19.2159
0.0174739,19.2411
0.0174917,19.2663
0.0175091,19.2915
0.0175241,19.3166
0.0175425,19.3415
0.017561,19.3661
0.0175798,19.3908
0.0175953,19.4156
0.0176138,19.4403
0.0176324,19.465
0.0176506,19.4899
0.017672,19.5147
0.0176903,19.5396
0.0177083,19.5645
0.0177261,19.5896
0.0177407,19.6148
0.0177584,19.6399
0.0177764,19.665
0.0177887,19.69
0.0178068,19.7149
0.0178223,19.7397
0.0178377,19.7646
0.0178533,19.7892
0.0178689,19.814
0.0178844,19.8388
0.0179001,19.8634
0.017916,19.8881
0.0179321,19.9126
0.0179451,19.9372
0.017964,19.9618
0.0179771,19.9864
0.0179931,20.0109
0.0180117,20.0356
0.0180273,20.0603
0.0180402,20.085
0.0180585,20.1098
0.0180769,20.1347
0.0180919,20.1597
0.018107,20.1847
0.0181221,20.2096
0.01814,20.2347
0.0181549,20.2598
0.0181669,20.2848
0.0181847,20.31
0.0182027,20.335
0.0182176,20.36
0.0182328,20.3849
0.0182454,20.4098
0.0182606,20.4347
0.018276,20.4595
0.0182917,20.4843
0.0183078,20.5088
0.0183239,20.5332
0.0183404,20.5577
0.0183537,20.5821
0.0183728,20.6065
0.0183861,20.631
0.0184022,20.6556
0.0184211,20.68
0.0184371,20.7046
0.0184527,20.7293
0.0184679,20.7543
0.0184858,20.7793
0.0184974,20.8046
0.0185146,20.83
0.0185289,20.8554
0.0185428,20.8809
0.0185594,20.9067
0.0185759,20.9324
0.0185893,20.9582
0.0186028,20.9839
0.0186194,21.0097
0.018633,21.0353
0.0186467,21.0609
0.0186605,21.0866
0.0186746,21.1121
0.0186887,21.1375
0.0187032,21.1629
0.0187178,21.188
0.0187354,21.2133
0.0187498,21.2386
0.0187613,21.264
0.0187758,21.2891
0.0187904,21.3145
0.0188078,21.3398
0.018819,21.3651
0.0188331,21.3907
0.018847,21.4162
0.0188606,21.4419
0.0188741,21.4677
0.0188875,21.4934
0.0189009,21.5193
0.0189109,21.5453
0.0189236,21.5714
0.018936,21.5978
0.0189511,21.6242
0.0189632,21.6507
0.0189779,21.6773
0.0189894,21.704
0.0190036,21.7309
0.0190148,21.7577
0.0190258,21.7846
0.0190398,21.8116
0.0190511,21.8384
0.0190625,21.8651
0.019077,21.8919
0.0190856,21.9186
0.0190973,21.9452
0.0191121,21.9717
0.0191211,21.9983
0.0191357,22.0249
0.0191475,22.0515
0.0191593,22.078
0.0191737,22.1049
0.0191849,22.1318
0.0191987,22.1587
0.0192096,22.1857
0.0192231,22.2129
0.0192365,22.2401
0.0192466,22.2675
0.0192624,22.295
0.0192722,22.3225
0.0192844,22.3504
0.0192994,22.3782
0.0193111,22.4062
0.0193226,22.4344
0.0193371,22.4624
0.0193516,22.4905
0.0193631,22.5187
0.0193777,22.5467
0.0193895,22.5747
0.0194043,22.6027
0.0194165,22.6304
0.0194321,22.658
0.0194454,22.6852
0.0194593,22.7122
0.0194761,22.7392
0.0194903,22.766
0.0195046,22.7928
0.0195187,22.8197
0.019533,22.8465
0.0195474,22.8732
0.019562,22.8998
0.0195764,22.9265
0.0195906,22.9534
0.0196073,22.9804
0.0196239,23.0075
0.0196402,23.0347
0.0196533,23.062
0.0196663,23.0895
0.0196793,23.117
0.0196948,23.1445
0.0197103,23.1722
0.0197227,23.1999
0.0197377,23.2277
0.0197527,23.2555
0.0197647,23.2834
0.0197796,23.3113
0.0197946,23.3392
0.0198098,23.3669
0.019822,23.3947
0.0198375,23.4223
0.0198503,23.4498
0.0198663,23.4771
0.0198797,23.5044
0.0198933,23.5315
0.0199101,23.5584
0.0199245,23.5853
0.0199419,23.6119
0.0199563,23.6386
0.0199738,23.6652
0.0199884,23.6919
0.0200053,23.7188
0.0200225,23.7457
0.0200393,23.7726
0.0200529,23.7997
0.0200692,23.827
0.0200856,23.8541
0.0201048,23.8813
0.0201216,23.9083
0.0201386,23.9351
0.0201556,23.962
0.0201755,23.9889
0.0201925,24.0158
0.0202091,24.0429
0.0202262,24.0698
0.0202429,24.0967
0.0202624,24.1238
0.0202791,24.1508
0.0202957,24.1779
0.020312,24.2051
0.0203287,24.2321
0.0203456,24.2591
0.0203596,24.2861
0.0203772,24.3127
0.0203918,24.3393
0.0204096,24.3658
0.0204246,24.3923
0.0204423,24.4188
0.02046,24.4452
0.0204777,24.4719
0.0204924,24.4985
0.0205098,24.5251
0.0205274,24.5517
0.020542,24.5783
0.0205622,24.605
0.020577,24.6316
0.0205945,24.6583
0.0206093,24.6847
0.0206272,24.7112
0.0206422,24.7376
0.0206632,24.764
0.0206816,24.7902
0.0206972,24.8163
0.020719,24.8423
0.0207359,24.8678
0.0207562,24.8931
0.0207771,24.9181
0.0207923,24.9432
0.0208104,24.9681
0.0208318,24.9927
0.0208535,25.0174
0.0208721,25.042
0.0208907,25.0668
0.0209087,25.0918
0.0209259,25.1171
0.0209453,25.1429
0.0209612,25.169
0.0209766,25.1952
0.0209944,25.2216
0.0210118,25.2483
0.0210285,25.2753
0.0210449,25.3025
0.0210608,25.3299
0.0210766,25.3575
0.0210887,25.3853
0.0211066,25.4131
0.0211213,25.4411
0.0211359,25.4692
0.0211502,25.4974
0.0211641,25.5257
0.0211809,25.5541
0.0211919,25.5824
0.021206,25.6108
0.0212231,25.639
0.0212348,25.667
0.0212497,25.6949
0.0212619,25.7227
0.0212774,25.7503
0.0212932,25.7778
0.0213066,25.805
0.0213232,25.8321
0.0213372,25.8589
0.0213569,25.8859
0.0213708,25.913
0.0213848,25.9399
0.0214014,25.967
0.0214154,25.9939
0.0214318,26.021
0.0214509,26.0483
0.0214642,26.0756
0.0214802,26.103
0.0214961,26.1303
0.0215121,26.1578
0.0215281,26.1851
0.0215442,26.2125
0.021564,26.2393
0.0215812,26.2662
0.0215988,26.2928
0.0216169,26.319
0.0216354,26.3453
0.021654,26.3714
0.0216701,26.3973
0.0216892,26.423
0.0217089,26.4487
0.0217254,26.4744
0.0217446,26.5003
0.0217603,26.5263
0.0217789,26.5524
0.0217941,26.5788
0.021812,26.6053
0.0218296,26.6318
0.0218498,26.6586
0.0218635,26.6856
0.0218825,26.7129
0.0218986,26.7403
0.0219141,26.7679
0.0219352,26.7956
0.0219472,26.8234
0.0219616,26.8516
0.0219787,26.8798
0.0219928,26.9081
0.0220094,26.9366
0.0220262,26.9649
0.0220431,26.9933
0.0220572,27.0215
0.0220742,27.0499
0.0220884,27.0781
0.0221031,27.1061
0.0221183,27.1338
0.0221367,27.1614
0.0221523,27.189
0.0221684,27.2162
0.0221845,27.2436
0.0221979,27.2709
0.0222142,27.298
0.0222315,27.3248
0.0222494,27.3512
0.0222672,27.3777
0.022285,27.4042
0.0223029,27.4307
0.0223181,27.4571
0.0223358,27.4836
0.0223537,27.5099
0.0223687,27.5364
0.0223861,27.5632
0.0224055,27.5903
0.0224215,27.6176
0.0224372,27.6452
0.0224526,27.6728
0.0224711,27.7004
0.0224866,27.728
0.0225023,27.7554
0.0225215,27.7826
0.0225381,27.8097
0.0225523,27.8366
0.0225697,27.8633
0.0225873,27.8899
0.0226051,27.9163
0.0226203,27.9428
0.0226382,27.9692
0.0226563,27.9955
0.0226714,28.0219
0.0226889,28.0485
0.0227093,28.0752
0.0227268,28.1019
0.0227439,28.1287
0.0227612,28.1554
0.0227782,28.1823
0.0227953,28.2092
0.0228153,28.2359
0.0228295,28.2627
0.0228524,28.2896
0.0228695,28.3165
0.0228868,28.3432
0.0229071,28.3699
0.0229246,28.3965
0.0229452,28.423
0.022963,28.4495
0.0229836,28.4761
0.0230045,28.5025
0.0230255,28.5289
0.0230441,28.555
0.0230662,28.5807
0.0230858,28.6064
0.0231059,28.6318
0.0231268,28.6568
0.0231481,28.6816
0.0231673,28.706
0.0231874,28.73
0.0232112,28.7536
0.0232359,28.7768
0.0232584,28.7996
0.0232844,28.8221
0.0233082,28.8443
0.0233327,28.8661
0.0233575,28.8879
0.023383,28.9092
0.023409,28.9303
0.0234349,28.9516
0.0234636,28.9728
0.0234863,28.9941
0.0235145,29.0157
0.0235393,29.0373
0.0235666,29.0593
0.0235908,29.0812
0.0236145,29.1034
0.023638,29.1258
0.0236612,29.1482
0.0236846,29.1706
0.0237079,29.193
0.0237286,29.2154
0.0237523,29.2376
0.0237768,29.2594
0.0237995,29.2808
0.0238267,29.3013
0.0238531,29.3209
0.0238825,29.3389
0.0240226,29.305
0.0262962,28.2425
0.0287376,27.094
0.031179,25.9456
0.0336204,24.7972
0.0360771,23.6409
0.0385338,22.4925
