"Maximum force",42.3978,"N"
"Gage length ",0.930901,"mm"
"Strain energy",0.257761,"mJ"
"Deformation at maximum force",0.014388,"mm"
"Standard travel","Standard force"
"mm","N"
0,0.173277
6.55651e-007,0.174338
4.39584e-006,0.175322
5.19305e-006,0.176321
5.88596e-006,0.177374
6.83963e-006,0.178297
7.86036e-006,0.179194
1.19731e-005,0.179999
1.32099e-005,0.180792
1.45584e-005,0.181528
1.5676e-005,0.182371
1.39996e-005,0.183173
1.53109e-005,0.183924
1.66446e-005,0.184668
1.82986e-005,0.185263
1.70842e-005,0.185843
1.87606e-005,0.186423
1.75089e-005,0.187022
1.9148e-005,0.187617
1.80677e-005,0.188132
1.98111e-005,0.188681
1.88723e-005,0.189129
1.78143e-005,0.189629
2.00197e-005,0.189959
1.93641e-005,0.190272
1.87047e-005,0.190586
2.09101e-005,0.190914
2.00234e-005,0.191338
2.21245e-005,0.191714
2.11261e-005,0.192192
2.02842e-005,0.192591
2.23853e-005,0.192969
2.15694e-005,0.19336
2.06158e-005,0.193814
1.96025e-005,0.194292
2.1629e-005,0.194708
2.06232e-005,0.195185
2.26349e-005,0.195608
2.17445e-005,0.196032
2.09846e-005,0.196392
2.04556e-005,0.196642
2.27205e-005,0.19694
2.2335e-005,0.197129
2.1955e-005,0.197309
2.15247e-005,0.197513
2.09473e-005,0.197786
2.0599e-005,0.197952
2.3162e-005,0.198108
2.27615e-005,0.198304
2.23145e-005,0.198516
2.17855e-005,0.198766
2.13552e-005,0.19897
2.09436e-005,0.199167
2.03326e-005,0.199457
1.9785e-005,0.199714
1.9107e-005,0.200036
1.8429e-005,0.200357
1.78367e-005,0.200639
2.0355e-005,0.200819
2.00309e-005,0.200976
1.95671e-005,0.201195
1.90903e-005,0.201423
1.85762e-005,0.201665
2.102e-005,0.201877
2.06213e-005,0.202073
2.02581e-005,0.202245
2.27317e-005,0.202449
2.23368e-005,0.202637
2.49594e-005,0.202771
2.44677e-005,0.203005
2.68072e-005,0.203272
2.60845e-005,0.203616
2.83197e-005,0.20393
3.07187e-005,0.204173
3.30135e-005,0.204463
3.54871e-005,0.204666
3.78415e-005,0.204924
4.00618e-005,0.205254
4.5009e-005,0.205653
4.71547e-005,0.206023
5.21615e-005,0.206398
5.41881e-005,0.206822
5.89564e-005,0.207314
6.06999e-005,0.207871
6.53192e-005,0.208428
6.99088e-005,0.209008
7.43791e-005,0.209641
7.89687e-005,0.210221
8.32006e-005,0.21098
8.7522e-005,0.211685
9.17837e-005,0.212414
9.60156e-005,0.213158
0.000100248,0.213909
0.000107251,0.214726
0.000111423,0.2155
0.000118457,0.216309
0.00012251,0.217141
0.000129215,0.218087
0.00013303,0.219044
0.000139646,0.220036
0.000146024,0.22115
0.000152521,0.222203
0.000158869,0.223324
0.000165157,0.224469
0.000171117,0.225788
0.000176869,0.227185
0.000182562,0.228627
0.000188075,0.230137
0.000193588,0.231663
0.000198834,0.233303
0.000207119,0.23489
0.000212304,0.236569
0.00021749,0.23824
0.000225596,0.239895
0.000227623,0.241703
0.000235371,0.243527
0.00024011,0.245426
0.000247858,0.247258
0.000255667,0.249066
0.000260524,0.250897
0.000268273,0.252743
0.000275724,0.254727
0.000280254,0.256695
0.000284575,0.258786
0.000291966,0.260784
0.000299178,0.26289
0.00030648,0.264935
0.000310712,0.267056
0.000317656,0.269268
0.000324808,0.271389
0.000331692,0.273648
0.000335775,0.275845
0.000342421,0.27821
0.000348948,0.280621
0.000355504,0.283017
0.000364982,0.285397
0.000368513,0.287884
0.000377513,0.290493
0.000383563,0.293148
0.000389226,0.295971
0.000397809,0.298764
0.000403471,0.301617
0.000411756,0.304547
0.000417389,0.307415
0.000426032,0.310208
0.000431813,0.31297
0.000440516,0.315731
0.000446327,0.318493
0.000455208,0.321164
0.000464149,0.323803
0.000474162,0.32594
0.000484653,0.327862
0.000492521,0.329647
0.000503071,0.331539
0.000515945,0.333706
0.00052271,0.33601
0.000532247,0.33836
0.000544645,0.340756
0.000553645,0.343396
0.000562228,0.346188
0.000569828,0.349484
0.000576653,0.353146
0.000583269,0.3569
0.000593103,0.360501
0.000600792,0.363736
0.000608303,0.367077
0.000618555,0.370465
0.000628866,0.373852
0.000636138,0.377301
0.000646271,0.380749
0.000656165,0.384335
0.000663199,0.38789
0.000673033,0.391476
0.000682272,0.395382
0.000690557,0.399685
0.000698723,0.40411
0.000703849,0.408566
0.000711598,0.413143
0.000719465,0.417691
0.000727274,0.422238
0.000734903,0.426876
0.000742264,0.431668
0.000749238,0.436642
0.000756152,0.441616
0.000762738,0.446774
0.000772275,0.45187
0.000778861,0.457028
0.00078816,0.462246
0.000794448,0.467556
0.000803329,0.472958
0.0008092,0.478451
0.000817783,0.484036
0.000826187,0.489682
0.000831641,0.495388
0.000840105,0.501004
0.000848509,0.506649
0.000856556,0.512478
0.000864483,0.518368
0.000869311,0.52435
0.000876702,0.530484
0.000884034,0.536648
0.000891156,0.542935
0.000898339,0.54916
0.000908233,0.555508
0.000915118,0.561886
0.000921763,0.568386
0.000931181,0.574917
0.000937678,0.581478
0.000943936,0.588162
0.000950314,0.594784
0.000956692,0.601406
0.00096599,0.607998
0.000969313,0.614712
0.000978313,0.621456
0.000984214,0.628323
0.000992797,0.63525
0.000998609,0.642147
0.00100725,0.649044
0.00101285,0.656063
0.00102138,0.663021
0.0010296,0.670162
0.00103485,0.677304
0.00104295,0.684475
0.00105094,0.691708
0.00105598,0.698971
0.00106379,0.706295
0.00107136,0.713742
0.00107884,0.721218
0.00108629,0.728695
0.00109067,0.736264
0.00110062,0.743923
0.00110748,0.751705
0.00111695,0.759579
0.00112342,0.767575
0.00112977,0.77557
0.00113612,0.783566
0.00114506,0.791745
0.001154,0.799862
0.00115981,0.808163
0.00116532,0.816586
0.0011709,0.824948
0.00117912,0.833432
0.00118723,0.841976
0.00119539,0.850521
0.00120332,0.859127
0.00121107,0.867855
0.0012187,0.876644
0.00122603,0.885617
0.00123333,0.894528
0.00124048,0.9035
0.00124731,0.912716
0.0012572,0.921749
0.00126397,0.930966
0.00127047,0.940304
0.00127687,0.949642
0.00128593,0.959103
0.00129505,0.968563
0.00130122,0.978024
0.0013101,0.987606
0.00131603,0.997189
0.00132485,1.00677
0.0013335,1.01648
0.00133925,1.02612
0.00134777,1.03589
0.00135332,1.04565
0.00135868,1.05548
0.00136685,1.06537
0.00137489,1.07537
0.001383,1.08526
0.00139093,1.09533
0.00139873,1.10534
0.00140648,1.11548
0.00141417,1.12561
0.00142171,1.1358
0.00142901,1.14611
0.00143933,1.15637
0.0014466,1.16674
0.0014536,1.17718
0.00146049,1.18768
0.00146725,1.19824
0.00147697,1.2088
0.00148358,1.21942
0.00149294,1.23016
0.00149947,1.24084
0.0015093,1.25134
0.00151601,1.26196
0.00152265,1.27258
0.00152939,1.28314
0.0015391,1.29364
0.00154605,1.3042
0.00155588,1.31463
0.00156697,1.32458
0.00157853,1.33423
0.00158723,1.34387
0.00159844,1.3537
0.00160976,1.36346
0.00161835,1.37323
0.00162973,1.38299
0.00164082,1.39288
0.00165179,1.40283
0.00166252,1.4129
0.00166901,1.42358
0.00168046,1.43469
0.00168603,1.4458
0.00169419,1.45709
0.00170224,1.46844
0.00170713,1.47992
0.00171473,1.49145
0.00172218,1.50305
0.00172936,1.51483
0.00173634,1.52667
0.00174307,1.53863
0.00174987,1.55053
0.00175928,1.56262
0.00176572,1.5747
0.00177192,1.58691
0.00177797,1.59924
0.00178679,1.61157
0.00179525,1.62408
0.00180086,1.63659
0.00180944,1.64904
0.00181796,1.6615
0.00182637,1.67407
0.00183176,1.68664
0.00183987,1.69934
0.0018478,1.71209
0.00185566,1.72491
0.00186055,1.73779
0.00186824,1.75067
0.00187599,1.76349
0.00188338,1.77655
0.00189351,1.78961
0.00190064,1.80279
0.00190767,1.81598
0.00191452,1.82928
0.0019243,1.84253
0.00193372,1.85595
0.00194015,1.86944
0.00194933,1.88299
0.00195529,1.89673
0.00196406,1.91046
0.0019727,1.92425
0.00198122,1.93811
0.00198697,1.95196
0.00199556,1.96582
0.00200426,1.97955
0.00201326,1.99322
0.00201916,2.00695
0.00202512,2.02063
0.00203382,2.03442
0.00204252,2.04821
0.00205111,2.06207
0.00205981,2.07586
0.00206798,2.08984
0.00207614,2.10388
0.00208109,2.1181
0.00209158,2.13238
0.00209629,2.14672
0.00210383,2.16101
0.00211426,2.17535
0.00212168,2.18975
0.00212898,2.20422
0.0021359,2.21881
0.00214278,2.23346
0.00215244,2.24817
0.00215902,2.263
0.00216838,2.27783
0.00217494,2.2926
0.00218417,2.30749
0.00219031,2.32251
0.00219914,2.33764
0.00220784,2.35278
0.00221648,2.36798
0.00222211,2.38318
0.00223326,2.39856
0.00224148,2.414
0.00224935,2.4295
0.00225421,2.44513
0.00226559,2.46038
0.00227704,2.47564
0.00228538,2.49096
0.00229671,2.50622
0.00230493,2.52166
0.00231572,2.53717
0.00232645,2.55279
0.00233402,2.56842
0.00234159,2.58416
0.0023547,2.59991
0.00236081,2.61639
0.00236952,2.63287
0.0023781,2.64947
0.00238644,2.6662
0.00239449,2.68304
0.00240283,2.69976
0.00241106,2.71649
0.00241917,2.73333
0.00242745,2.75006
0.00243562,2.7669
0.00244372,2.78363
0.002449,2.80047
0.00245728,2.8172
0.00246563,2.83392
0.0024715,2.8504
0.00248312,2.86688
0.00249224,2.88324
0.00249868,2.89947
0.00250804,2.91571
0.00251745,2.93194
0.00252687,2.94806
0.00253343,2.96429
0.00254571,2.98053
0.00255512,2.99664
0.00256496,3.01275
0.00257485,3.02862
0.00258433,3.04486
0.00259381,3.06097
0.00260299,3.07733
0.00261491,3.09369
0.00262397,3.11004
0.00263565,3.12652
0.00264435,3.14312
0.00265264,3.15985
0.00266033,3.17682
0.00266757,3.19415
0.00267746,3.21148
0.00268432,3.22882
0.00269374,3.2464
0.00270327,3.26397
0.00270962,3.28155
0.00271874,3.29937
0.00272786,3.31707
0.00273698,3.33477
0.00274604,3.35247
0.0027548,3.37042
0.00276362,3.38824
0.00277238,3.40619
0.00278132,3.42389
0.00279116,3.44134
0.00280195,3.45819
0.00281601,3.47503
0.00282418,3.49176
0.0028361,3.50811
0.00284808,3.52447
0.00286036,3.54071
0.00287288,3.55682
0.00288825,3.57293
0.00290053,3.58917
0.00291174,3.60589
0.00292205,3.6231
0.00293224,3.64032
0.00294255,3.65741
0.00294947,3.67486
0.00295877,3.69244
0.00297093,3.71014
0.00297963,3.72796
0.00299113,3.74591
0.0029996,3.76397
0.00301068,3.78216
0.00301879,3.80035
0.00302928,3.81878
0.00303649,3.83746
0.00304352,3.85614
0.00305336,3.87494
0.00306313,3.89373
0.0030699,3.91253
0.00307926,3.93145
0.00308564,3.9505
0.00309762,3.96966
0.00310361,3.98883
0.00311237,4.00811
0.00311779,4.02752
0.00312858,4.04718
0.00313621,4.06707
0.00314628,4.08709
0.00315052,4.10711
0.00316041,4.12713
0.00317018,4.1474
0.00317704,4.16754
0.00318666,4.18782
0.00319324,4.20809
0.00320296,4.22823
0.00321002,4.24825
0.00321723,4.26827
0.00322471,4.28816
0.00323225,4.30806
0.00324,4.32771
0.00325079,4.34749
0.0032586,4.36714
0.00326635,4.38692
0.00327416,4.40657
0.00328184,4.42635
0.00328927,4.44625
0.00330005,4.46602
0.00330792,4.48567
0.00331877,4.50533
0.00332926,4.5251
0.00333939,4.54512
0.00334666,4.56514
0.00335406,4.58504
0.00336425,4.60494
0.00337158,4.62496
0.00338541,4.64449
0.00339301,4.66438
0.00340421,4.68379
0.00341601,4.70296
0.00342805,4.72212
0.00344021,4.74117
0.00345208,4.76033
0.00346358,4.77962
0.00347777,4.79915
0.00348867,4.81868
0.00349845,4.83882
0.00350781,4.85921
0.00351573,4.88033
0.00352256,4.90181
0.00353174,4.92366
0.00354044,4.94563
0.00354637,4.96773
0.00355209,4.9897
0.00355787,5.0118
0.00356634,5.03401
0.00357498,5.05599
0.00358055,5.0782
0.00358914,5.1003
0.00359504,5.12227
0.00360094,5.14424
0.00360687,5.16634
0.00361557,5.18831
0.00362153,5.21028
0.00363035,5.23226
0.003639,5.25435
0.00364758,5.27645
0.00365333,5.29854
0.00366483,5.32063
0.00367294,5.34297
0.00367816,5.36531
0.00368614,5.38765
0.00369693,5.41011
0.00370486,5.43245
0.00371291,5.45491
0.00372089,5.47725
0.00373126,5.49983
0.00373857,5.52266
0.00374852,5.54549
0.00375835,5.56832
0.00376777,5.59139
0.00377963,5.6147
0.00378851,5.63802
0.00379379,5.6617
0.00380446,5.68563
0.00381501,5.70955
0.00382276,5.73335
0.00383039,5.75728
0.00384094,5.78121
0.00384863,5.80513
0.00385715,5.82869
0.00386901,5.85201
0.00387801,5.8752
0.00389029,5.89839
0.00389989,5.92134
0.00390954,5.94429
0.00392242,5.96712
0.00393225,5.99007
0.00393928,6.0129
0.00395192,6.03584
0.00396128,6.05892
0.00397123,6.08174
0.00398399,6.10457
0.00399364,6.12764
0.00400574,6.15084
0.00401468,6.17415
0.00402327,6.19759
0.00403757,6.22115
0.00404592,6.24471
0.00405694,6.26839
0.00406726,6.29244
0.00407363,6.31697
0.00408543,6.34163
0.00409119,6.36653
0.00409983,6.39131
0.00411133,6.41622
0.00411968,6.44112
0.0041279,6.46614
0.00413589,6.49129
0.00414727,6.51619
0.00415657,6.54073
0.00416998,6.56465
0.00418143,6.58821
0.00419335,6.61141
0.00420551,6.6346
0.00422077,6.65767
0.00423322,6.68074
0.00424568,6.70369
0.0042582,6.72676
0.00427024,6.74996
0.00428496,6.77327
0.00429295,6.79708
0.0043057,6.82125
0.00431482,6.8459
0.00432364,6.87068
0.00433509,6.89559
0.00434349,6.92049
0.00435446,6.94563
0.00436239,6.97078
0.004373,6.99605
0.00438295,7.02156
0.00439273,7.04732
0.00440262,7.07283
0.00441263,7.09847
0.00442283,7.12386
0.00443296,7.14937
0.00444273,7.17513
0.00445275,7.20064
0.00446252,7.22627
0.0044726,7.25191
0.00448261,7.27742
0.00449507,7.30318
0.00450454,7.32894
0.00451653,7.35494
0.00452222,7.38118
0.00453348,7.40755
0.00454201,7.43379
0.00455035,7.46016
0.00455876,7.48653
0.00456722,7.51277
0.0045764,7.53877
0.00458909,7.56441
0.00459887,7.59004
0.00461216,7.61543
0.00462289,7.6407
0.00463362,7.66585
0.00464453,7.691
0.00465573,7.71602
0.00466724,7.74092
0.00468106,7.76595
0.00469096,7.79158
0.00470336,7.81746
0.0047123,7.84346
0.00472052,7.86983
0.00473113,7.89656
0.00474174,7.92317
0.00475199,7.95003
0.00475876,7.97713
0.004768,8.00435
0.0047742,8.03182
0.00478314,8.05916
0.0047919,8.08675
0.0048006,8.11434
0.00480924,8.14192
0.00481795,8.16939
0.00482647,8.1971
0.00483499,8.22469
0.00484656,8.25228
0.00485222,8.27986
0.00486104,8.30745
0.00486706,8.33492
0.00487892,8.36226
0.004885,8.38973
0.00489424,8.41707
0.00490312,8.44454
0.00491206,8.47188
0.00492064,8.49959
0.00492917,8.52718
0.00494043,8.55489
0.00495122,8.58284
0.00495879,8.61092
0.00496928,8.63899
0.00497965,8.66719
0.0049866,8.69551
0.00499935,8.72396
0.00500889,8.75252
0.00501554,8.78108
0.00502758,8.80977
0.00503646,8.83858
0.0050454,8.86739
0.00505696,8.89632
0.00506536,8.92549
0.00507359,8.95467
0.00508486,8.98372
0.00509308,9.0129
0.00510125,9.04207
0.00510947,9.07125
0.00511746,9.10042
0.00512563,9.12972
0.00513659,9.15889
0.00514756,9.18819
0.00515525,9.21761
0.00516276,9.24703
0.00516729,9.27657
0.00517453,9.30623
0.00518454,9.33589
0.00519146,9.36568
0.00519822,9.39559
0.00520752,9.42562
0.00521387,9.45564
0.0052237,9.48543
0.00523378,9.51509
0.00524409,9.54463
0.00525145,9.57417
0.00526164,9.60372
0.00527148,9.6335
0.00527833,9.66341
0.00528817,9.69307
0.00529836,9.72273
0.00530891,9.75215
0.00532202,9.78182
0.00532953,9.81124
0.00533978,9.8409
0.00535004,9.87044
0.00536065,9.89986
0.00537149,9.92916
0.00538246,9.95833
0.00539361,9.9875
0.0054044,10.0168
0.00541465,10.0463
0.00542448,10.0763
0.00543077,10.1063
0.00544222,10.1367
0.00545038,10.1672
0.00546093,10.1981
0.00547124,10.229
0.00547848,10.26
0.00548796,10.2912
0.00550036,10.3225
0.00550641,10.3542
0.00551523,10.3857
0.00552399,10.4174
0.00553579,10.4489
0.00554468,10.4807
0.00555368,10.5122
0.00556566,10.5437
0.0055746,10.5752
0.0055867,10.6066
0.005596,10.6381
0.00560565,10.6694
0.00561537,10.7006
0.00562514,10.7318
0.00563516,10.7628
0.00564523,10.7939
0.005655,10.825
0.00566478,10.8563
0.00567163,10.8874
0.00568415,10.9187
0.00569381,10.9499
0.0057034,10.9812
0.0057127,11.0127
0.005722,11.0439
0.00573136,11.0754
0.00574364,11.1066
0.00575287,11.1381
0.0057676,11.1696
0.00577642,11.2014
0.00578494,11.2331
0.00579609,11.2651
0.00580688,11.2971
0.00582065,11.3291
0.00582851,11.3613
0.005839,11.3935
0.00584943,11.4257
0.00585992,11.458
0.00587071,11.4899
0.00587894,11.5219
0.00589044,11.5537
0.00590201,11.5854
0.00591095,11.6169
0.00591995,11.6484
0.00593157,11.6801
0.00594289,11.7119
0.00595082,11.7441
0.00596137,11.7763
0.00597466,11.8085
0.00598766,11.8408
0.00599743,11.8735
0.00600971,11.9062
0.00602169,11.9392
0.0060301,11.9724
0.00604124,12.0056
0.00604941,12.0388
0.00606026,12.0722
0.00607396,12.1057
0.00608446,12.1394
0.00609459,12.1731
0.00610454,12.207
0.00611742,12.2409
0.00612472,12.2746
0.00613235,12.3081
0.00614308,12.3415
0.00615118,12.375
0.00616257,12.4082
0.00617401,12.4414
0.00618277,12.4743
0.00619159,12.5073
0.00620036,12.5402
0.00621234,12.5732
0.00622128,12.6062
0.00623314,12.6391
0.00624208,12.6721
0.00625376,12.705
0.0062624,12.7382
0.00627367,12.7714
0.00628488,12.8046
0.00629334,12.8378
0.00630449,12.871
0.00631527,12.9047
0.00632576,12.9382
0.0063362,12.9719
0.00634633,13.0056
0.00635646,13.0393
0.00636647,13.0732
0.00637667,13.1069
0.00638385,13.1408
0.00639374,13.1745
0.00640388,13.2085
0.00641413,13.2421
0.00642438,13.2758
0.00643165,13.3095
0.00644184,13.3432
0.00645216,13.3769
0.00645955,13.4106
0.0064729,13.4443
0.00648369,13.4777
0.00649436,13.5112
0.00650467,13.5449
0.00651474,13.5786
0.00652529,13.6123
0.00653572,13.646
0.00654907,13.6794
0.00655909,13.7133
0.0065719,13.7473
0.00658424,13.7812
0.00659616,13.8156
0.0066051,13.8498
0.00661696,13.8842
0.00662602,13.9184
0.00663759,13.9528
0.00664647,13.9873
0.00665839,14.0217
0.00666751,14.0559
0.00667386,14.09
0.00668578,14.1242
0.00669206,14.1586
0.00670405,14.1928
0.00671316,14.227
0.00672217,14.2614
0.00673403,14.2956
0.00674321,14.3298
0.00675292,14.364
0.00676288,14.3977
0.00677271,14.4316
0.00678553,14.4655
0.0067953,14.4995
0.00680788,14.5334
0.00682039,14.5673
0.00683267,14.6015
0.00684501,14.6357
0.00685401,14.6699
0.0068654,14.7045
0.00687642,14.7392
0.00688465,14.7739
0.00689585,14.8085
0.00690414,14.8432
0.00691528,14.8779
0.00692649,14.9126
0.00693472,14.9472
0.00694264,14.9819
0.00695272,15.017
0.00696249,15.0524
0.00697179,15.0878
0.00698091,15.1235
0.00698943,15.1594
0.00699754,15.1955
0.00700821,15.2319
0.00701822,15.2685
0.00702806,15.3051
0.00703747,15.342
0.00704659,15.3789
0.00705536,15.4162
0.007064,15.4533
0.00707222,15.4907
0.00708337,15.5283
0.00709148,15.5656
0.00709958,15.6032
0.00710769,15.6406
0.00711573,15.6782
0.00712396,15.7155
0.0071323,15.7529
0.00714041,15.7905
0.00714858,15.8278
0.00715662,15.8654
0.00716479,15.9028
0.00717576,15.9404
0.00718386,15.9777
0.00719507,16.0151
0.00720317,16.0527
0.00721122,16.0903
0.00721933,16.1276
0.00723047,16.165
0.00724162,16.2026
0.00725283,16.2399
0.00726397,16.2773
0.00727208,16.3147
0.0072862,16.3523
0.00729389,16.3898
0.00730462,16.4274
0.00731219,16.4653
0.00732268,16.5029
0.00733305,16.5407
0.00734325,16.5786
0.00735058,16.6164
0.00736053,16.6545
0.0073706,16.6923
0.00738008,16.7304
0.00738676,16.7688
0.00739892,16.8071
0.00740792,16.8454
0.00741662,16.884
0.00742794,16.9228
0.00743611,16.9616
0.00744666,17.0007
0.00745691,17.0398
0.00746675,17.0793
0.00747634,17.1189
0.00748594,17.1584
0.00749834,17.198
0.00750498,17.2375
0.00751738,17.2771
0.0075268,17.3166
0.00753327,17.3564
0.00754268,17.396
0.00754942,17.4355
0.00755913,17.4748
0.00756891,17.5144
0.00757851,17.5539
0.00758774,17.5935
0.00759692,17.6333
0.00760574,17.6731
0.00761463,17.7131
0.00762047,17.7529
0.00763203,17.7929
0.00764032,17.833
0.00764848,17.8732
0.00765844,17.9133
0.00766857,17.9533
0.00768186,17.9934
0.00769241,18.0332
0.00770308,18.073
0.00771661,18.1127
0.00772752,18.1523
0.00773848,18.1919
0.00774659,18.2316
0.00776072,18.271
0.00776852,18.3107
0.00777884,18.3508
0.00778602,18.3908
0.00779579,18.4309
0.00780819,18.4714
0.00782023,18.5119
0.00783209,18.5524
0.00784121,18.593
0.00785313,18.6335
0.00786488,18.674
0.00787644,18.7148
0.00789074,18.7556
0.00790183,18.7966
0.00791286,18.8376
0.00792675,18.8786
0.00793807,18.9194
0.0079522,18.9604
0.00796293,19.0017
0.00797073,19.0427
0.00798122,19.0839
0.00799195,19.1252
0.00800262,19.1662
0.00801371,19.2072
0.00802497,19.248
0.0080332,19.289
0.00804423,19.33
0.00805501,19.371
0.00806545,19.4123
0.00807562,19.454
0.00808546,19.4955
0.00809488,19.5372
0.008104,19.579
0.00811562,19.6212
0.008127,19.6634
0.00813827,19.7057
0.0081493,19.7482
0.00816342,19.7904
0.00817183,19.8326
0.00818011,19.8749
0.00819156,19.9171
0.00820008,19.9593
0.00820884,20.0016
0.00821766,20.0436
0.00822648,20.0856
0.00823805,20.1278
0.00824919,20.17
0.00826004,20.2125
0.00827047,20.2552
0.00828084,20.298
0.00829402,20.3407
0.00830403,20.3837
0.00831643,20.4269
0.00832841,20.4701
0.00834015,20.5135
0.00835463,20.557
0.00836322,20.6007
0.00837776,20.6441
0.00838706,20.6874
0.00839952,20.7306
0.00840911,20.7735
0.00841919,20.8165
0.0084295,20.8592
0.00844297,20.9017
0.00845376,20.9444
0.00846747,20.9869
0.00847539,21.0294
0.00848588,21.0719
0.0084987,21.1149
0.00850794,21.1581
0.00851968,21.2018
0.00853106,21.2452
0.00853935,21.2889
0.0085533,21.3329
0.00856414,21.3766
0.00857517,21.4205
0.00858638,21.4642
0.0085977,21.5079
0.00860938,21.5514
0.00862131,21.5948
0.00863066,21.6378
0.0086402,21.681
0.00865236,21.7242
0.00866202,21.7674
0.00867465,21.8104
0.00868723,21.8534
0.00870243,21.8966
0.00871155,21.94
0.00872335,21.9833
0.00873765,22.027
0.00875172,22.0707
0.00876257,22.1146
0.00877914,22.1586
0.00879237,22.2027
0.00880525,22.2469
0.00881788,22.2914
0.00883052,22.3358
0.00884315,22.3802
0.00885299,22.4247
0.00886598,22.4689
0.00887933,22.513
0.00889024,22.557
0.00889847,22.6007
0.00890997,22.6441
0.00892189,22.6876
0.00893405,22.7308
0.00894639,22.774
0.00895581,22.8172
0.00896797,22.8605
0.00897989,22.9037
0.00898859,22.9474
0.00900283,22.9911
0.0090169,23.0348
0.00903073,23.0785
0.00904134,23.1224
0.00905171,23.1666
0.009065,23.2108
0.00907519,23.255
0.00908267,23.2992
0.00909615,23.3431
0.00910705,23.3871
0.0091179,23.4308
0.00912881,23.4747
0.00913674,23.5187
0.00914752,23.5626
0.00915849,23.6063
0.00917232,23.6503
0.00918329,23.694
0.00919384,23.7381
0.00920701,23.7823
0.00921959,23.8268
0.00923222,23.8712
0.00924444,23.9159
0.00925356,23.9606
0.00926536,24.0052
0.00927699,24.0502
0.00928849,24.0953
0.00929713,24.1402
0.00930876,24.1852
0.00931495,24.2298
0.00932723,24.2745
0.00933659,24.319
0.00934583,24.3636
0.00935525,24.4083
0.0093646,24.453
0.00937378,24.4977
0.00938565,24.5423
0.00939447,24.5873
0.00940633,24.6319
0.00941473,24.6771
0.00942576,24.7223
0.00943673,24.7674
0.00944483,24.8129
0.00945878,24.858
0.00946718,24.9029
0.00948179,24.9479
0.00949073,24.9928
0.00949973,25.0375
0.00950885,25.0821
0.00952137,25.1266
0.00953132,25.171
0.00954419,25.2154
0.00955731,25.2596
0.00957036,25.3038
0.00958312,25.3483
0.00959557,25.3927
0.00961059,25.4374
0.0096193,25.4823
0.0096333,25.5275
0.00964671,25.5729
0.00965971,25.6185
0.0096724,25.6644
0.00968766,25.7103
0.00969976,25.7565
0.00971168,25.8026
0.00972331,25.849
0.00973505,25.8951
0.00974393,25.9415
0.00975275,25.9877
0.00976169,26.0338
0.00977337,26.0802
0.00978529,26.1263
0.00979429,26.1725
0.00980604,26.2189
0.00981772,26.265
0.0098294,26.3114
0.00983793,26.3578
0.00984943,26.4042
0.00986397,26.4505
0.0098756,26.4969
0.0098871,26.5433
0.00990129,26.5897
0.00991255,26.6361
0.00992399,26.6825
0.00993556,26.7289
0.00994396,26.7755
0.00995851,26.8216
0.00996709,26.868
0.00997847,26.9147
0.0099895,26.961
0.0100004,27.0079
0.0100113,27.0546
0.0100246,27.1014
0.0100375,27.1485
0.0100499,27.1959
0.0100619,27.2435
0.0100736,27.2911
0.0100853,27.3387
0.0100998,27.3866
0.0101147,27.4342
0.0101269,27.4816
0.0101392,27.5289
0.0101489,27.576
0.0101618,27.6234
0.0101754,27.67
0.010187,27.7164
0.0102018,27.7626
0.0102137,27.8087
0.0102286,27.8548
0.0102432,27.9012
0.0102548,27.9476
0.0102665,27.9938
0.010281,28.0401
0.0102955,28.0865
0.0103125,28.1329
0.0103261,28.1798
0.0103397,28.2264
0.0103532,28.2733
0.0103698,28.3202
0.0103834,28.3668
0.0103971,28.4137
0.0104077,28.4603
0.0104212,28.5072
0.0104315,28.5541
0.0104445,28.6012
0.0104572,28.6483
0.0104665,28.6959
0.0104812,28.7435
0.0104926,28.7914
0.0105064,28.8395
0.0105198,28.8878
0.0105298,28.9361
0.0105431,28.9845
0.0105565,29.0328
0.0105699,29.0812
0.0105866,29.1293
0.0105979,29.1771
0.0106128,29.2245
0.0106281,29.2718
0.0106411,29.319
0.0106543,29.3658
0.0106679,29.4127
0.0106812,29.4596
0.0106945,29.5065
0.0107079,29.5533
0.0107209,29.6004
0.0107338,29.6476
0.0107464,29.6949
0.0107586,29.7423
0.0107704,29.7899
0.0107819,29.8378
0.0107965,29.8854
0.010811,29.9332
0.0108252,29.9811
0.0108395,30.0289
0.010851,30.0768
0.010865,30.1246
0.0108731,30.1727
0.0108869,30.2208
0.0109009,30.2687
0.010912,30.3168
0.0109253,30.3651
0.0109382,30.4134
0.0109508,30.4623
0.0109628,30.5111
0.0109774,30.5602
0.0109917,30.6095
0.0110059,30.6588
0.0110201,30.7081
0.0110341,30.7574
0.011049,30.8063
0.0110642,30.8551
0.0110769,30.9037
0.0110898,30.9523
0.0111058,31.0006
0.0111191,31.0489
0.0111326,31.0973
0.0111461,31.1454
0.0111595,31.1937
0.0111727,31.2421
0.0111851,31.2909
0.0111971,31.3397
0.0112087,31.389
0.0112228,31.4383
0.0112367,31.4877
0.0112504,31.5372
0.0112612,31.5868
0.0112745,31.6366
0.0112877,31.6861
0.0112981,31.7359
0.0113112,31.7858
0.0113218,31.8353
0.0113354,31.8849
0.0113463,31.9344
0.0113572,31.984
0.011368,32.0336
0.0113815,32.0831
0.011392,32.1327
0.0114082,32.1825
0.0114213,32.2323
0.0114368,32.2823
0.0114486,32.3329
0.0114631,32.3834
0.0114778,32.4337
0.0114925,32.4842
0.0115077,32.5345
0.0115206,32.5843
0.0115339,32.6341
0.0115476,32.6837
0.0115588,32.733
0.0115704,32.7821
0.0115858,32.8309
0.0115987,32.8793
0.0116143,32.9278
0.0116272,32.9764
0.0116397,33.0253
0.0116549,33.0738
0.011667,33.1229
0.0116818,33.172
0.0116936,33.2208
0.0117085,33.2699
0.0117232,33.319
0.0117381,33.3678
0.0117506,33.4166
0.0117632,33.4652
0.0117788,33.5138
0.0117913,33.5626
0.0118041,33.6112
0.0118197,33.6598
0.0118294,33.7084
0.0118449,33.7569
0.0118576,33.8055
0.0118725,33.8546
0.011887,33.9037
0.0118982,33.953
0.011912,34.0025
0.0119255,34.0521
0.0119417,34.1019
0.0119551,34.1515
0.0119685,34.2013
0.0119845,34.2511
0.0119977,34.3009
0.0120082,34.3504
0.0120217,34.4
0.0120324,34.4496
0.0120409,34.4989
0.0120525,34.548
0.0120645,34.597
0.0120763,34.6461
0.0120911,34.6949
0.0120999,34.7442
0.0121115,34.7933
0.0121257,34.8426
0.0121369,34.892
0.0121483,34.941
0.0121628,34.9903
0.0121778,35.0392
0.0121898,35.088
0.0122052,35.1368
0.012218,35.1854
0.0122311,35.2337
0.0122445,35.2821
0.012258,35.3302
0.0122689,35.3783
0.0122852,35.4266
0.012298,35.4752
0.0123098,35.5243
0.0123209,35.5736
0.012334,35.6234
0.0123464,35.6734
0.0123612,35.724
0.0123724,35.7748
0.0123863,35.8255
0.0124,35.8766
0.0124106,35.9276
0.0124212,35.9786
0.012435,36.0294
0.0124462,36.0802
0.0124577,36.1307
0.0124695,36.1813
0.0124785,36.2316
0.0124903,36.2821
0.0125023,36.3324
0.0125138,36.3829
0.0125281,36.4337
0.0125394,36.4842
0.0125504,36.5353
0.0125641,36.586
0.0125781,36.6368
0.0125923,36.6876
0.0126067,36.7381
0.0126214,36.7887
0.0126333,36.839
0.0126483,36.8893
0.0126576,36.9396
0.0126728,36.9899
0.0126853,37.0399
0.0126976,37.0902
0.0127094,37.1405
0.0127238,37.191
0.0127377,37.2421
0.0127513,37.2928
0.0127673,37.3441
0.01278,37.3956
0.0127923,37.4471
0.0128073,37.4989
0.0128195,37.5506
0.0128346,37.6022
0.0128468,37.6539
0.0128592,37.7054
0.0128748,37.7569
0.0128849,37.8082
0.0128985,37.859
0.0129125,37.91
0.0129268,37.9606
0.0129386,38.0111
0.0129531,38.0616
0.0129676,38.1122
0.0129791,38.1627
0.0129932,38.2135
0.0130071,38.2643
0.0130207,38.3153
0.0130371,38.3663
0.0130507,38.4173
0.0130641,38.4684
0.0130807,38.5191
0.0130947,38.5702
0.0131088,38.6207
0.0131203,38.6712
0.0131351,38.7218
0.0131497,38.7723
0.0131614,38.8229
0.0131759,38.8734
0.0131902,38.9239
0.0132071,38.9747
0.0132207,39.0257
0.0132341,39.0768
0.0132501,39.128
0.0132688,39.1793
0.0132846,39.2308
0.0132975,39.2821
0.0133134,39.3334
0.0133294,39.3844
0.013346,39.4354
0.0133599,39.4862
0.0133742,39.537
0.0133885,39.5875
0.0134059,39.638
0.0134206,39.6886
0.0134354,39.7389
0.0134506,39.7892
0.0134687,39.8395
0.0134837,39.8898
0.0134984,39.94
0.0135127,39.9908
0.0135297,40.0416
0.0135467,40.0921
0.0135636,40.1429
0.0135806,40.1937
0.0135947,40.2445
0.0136115,40.2953
0.0136254,40.3463
0.0136422,40.3971
0.0136561,40.4479
0.0136702,40.4986
0.013684,40.5494
0.0137003,40.6004
0.0137164,40.6517
0.0137346,40.7032
0.0137525,40.755
0.0137668,40.807
0.0137835,40.8592
0.0138001,40.9117
0.0138138,40.964
0.0138305,41.0162
0.0138445,41.0685
0.013859,41.1205
0.013874,41.1722
0.0138907,41.223
0.0139056,41.2735
0.0139242,41.3233
0.0139431,41.3732
0.0139626,41.4227
0.0139794,41.4723
0.013999,41.5216
0.0140218,41.5709
0.0140418,41.6202
0.014062,41.6695
0.0140815,41.7191
0.0141034,41.7689
0.0141229,41.8185
0.0141398,41.8678
0.0141603,41.9169
0.0141814,41.9654
0.0142028,42.0143
0.0142246,42.0626
0.0142409,42.1109
0.0142631,42.159
0.0142885,42.2071
0.0143113,42.2552
0.014337,42.3031
0.0143604,42.3507
0.014388,42.3978
0.018279,40.5775
