"Maximum force",50.4695,"N"
"Gage length ",0.905853,"mm"
"Strain energy",0.466722,"mJ"
"Deformation at maximum force",0.021532,"mm"
"Standard travel","Standard force"
"mm","N"
0,0.152015
3.32296e-006,0.15319
6.63102e-006,0.15438
7.05943e-006,0.155555
7.71508e-006,0.156623
1.1351e-005,0.157646
9.3244e-006,0.158622
1.30348e-005,0.159606
1.3981e-005,0.160541
1.49347e-005,0.161468
1.58884e-005,0.162391
1.70581e-005,0.163215
1.82502e-005,0.164028
1.96658e-005,0.164733
2.11187e-005,0.165424
2.26162e-005,0.166088
2.13049e-005,0.166717
2.28621e-005,0.16735
2.4613e-005,0.1679
2.32942e-005,0.168525
2.23033e-005,0.168996
2.42256e-005,0.16946
2.64309e-005,0.169788
2.58014e-005,0.170093
2.79322e-005,0.170454
2.70866e-005,0.170862
2.89492e-005,0.171354
2.80105e-005,0.171802
2.99476e-005,0.172256
2.90498e-005,0.172687
2.8044e-005,0.173166
2.70009e-005,0.173658
2.89828e-005,0.174091
2.8152e-005,0.174489
2.72915e-005,0.174898
2.64831e-005,0.175281
2.59206e-005,0.175548
2.53431e-005,0.175821
2.7772e-005,0.176041
2.76682e-005,0.176097
2.75359e-005,0.176159
3.04715e-005,0.176144
3.03597e-005,0.176198
3.00133e-005,0.176362
2.98307e-005,0.176449
2.95495e-005,0.176582
2.9136e-005,0.176778
2.8823e-005,0.176927
2.8458e-005,0.1771
2.7929e-005,0.17735
2.74838e-005,0.177561
2.98084e-005,0.177836
2.91192e-005,0.178164
2.85716e-005,0.178423
2.79271e-005,0.178729
2.7562e-005,0.178901
2.73469e-005,0.179004
2.70675e-005,0.179136
2.67527e-005,0.179285
2.62423e-005,0.179528
2.57767e-005,0.179748
2.7997e-005,0.180068
2.74791e-005,0.18032
2.69799e-005,0.180554
2.9379e-005,0.18079
2.89283e-005,0.181009
3.1238e-005,0.181292
3.0627e-005,0.181581
3.2892e-005,0.181879
3.51868e-005,0.182169
3.73474e-005,0.182522
3.95975e-005,0.182835
4.19966e-005,0.183078
4.44609e-005,0.18329
4.97657e-005,0.183517
5.19711e-005,0.18386
5.40572e-005,0.184245
5.60242e-005,0.184692
5.77974e-005,0.185229
6.25062e-005,0.185748
6.41304e-005,0.186359
6.89286e-005,0.186837
7.33989e-005,0.187478
7.76905e-005,0.188199
8.19522e-005,0.188928
8.31964e-005,0.189721
9.02298e-005,0.190511
9.42829e-005,0.191343
9.84552e-005,0.192132
0.000102538,0.192948
0.000109661,0.193708
0.000113654,0.19457
0.000120479,0.195462
0.000124353,0.196389
0.000130821,0.197442
0.000134471,0.19848
0.00014076,0.199632
0.000144246,0.20073
0.000150535,0.201883
0.000156674,0.203103
0.000162873,0.204293
0.000168923,0.20556
0.000174824,0.206903
0.000180605,0.208291
0.000186238,0.209748
0.000191841,0.211236
0.000197354,0.212747
0.000202838,0.21428
0.000211183,0.215844
0.000216487,0.217454
0.000224236,0.219285
0.000226128,0.221154
0.000233817,0.222993
0.000241357,0.224946
0.000248957,0.226861
0.000253636,0.228776
0.000261265,0.230653
0.000268776,0.232621
0.000273186,0.234666
0.000280488,0.236711
0.00028767,0.238816
0.000294823,0.240937
0.000298935,0.243119
0.000305999,0.245286
0.000315714,0.247544
0.00032236,0.24991
0.000328827,0.252366
0.000335026,0.25493
0.000341285,0.257478
0.000347454,0.260072
0.000353504,0.262712
0.000362206,0.265474
0.000368107,0.268174
0.000373978,0.270921
0.000382859,0.273591
0.00038876,0.276307
0.000394631,0.279023
0.000400561,0.281724
0.000406492,0.284425
0.000415194,0.287202
0.000421065,0.289918
0.000429768,0.29268
0.000435311,0.295564
0.000443596,0.298509
0.000452,0.301423
0.000457335,0.304414
0.000465501,0.30742
0.000473964,0.310304
0.00048213,0.313325
0.000490356,0.316301
0.00049572,0.319276
0.000506866,0.322251
0.000515032,0.325257
0.000523019,0.328386
0.000530827,0.331559
0.000538516,0.334794
0.000549066,0.338075
0.00055601,0.341661
0.000562924,0.345277
0.0005727,0.348909
0.000579196,0.352708
0.000585693,0.356538
0.000594813,0.360444
0.000600982,0.364412
0.000606793,0.368562
0.000615436,0.372712
0.000624019,0.376924
0.000632483,0.381166
0.000640887,0.385469
0.000648994,0.389863
0.000657219,0.394227
0.000665206,0.398713
0.000673133,0.40323
0.00068118,0.407685
0.000689167,0.412141
0.000697094,0.416658
0.000704724,0.421327
0.000712472,0.425904
0.000720161,0.430543
0.000727642,0.435243
0.000734914,0.440065
0.000744927,0.444947
0.00075506,0.4498
0.000761944,0.454805
0.000768739,0.45987
0.000775594,0.464875
0.000785369,0.46988
0.000796098,0.474427
0.000804442,0.47873
0.000816006,0.482911
0.00082739,0.487123
0.000838834,0.491365
0.00085004,0.495698
0.000861126,0.500093
0.000872153,0.504518
0.000880021,0.509034
0.000893551,0.513642
0.000902731,0.518922
0.000911135,0.524598
0.000919062,0.530458
0.00092687,0.536439
0.000937599,0.542329
0.000945348,0.548341
0.000952977,0.554353
0.000963408,0.560426
0.000970799,0.56656
0.000977981,0.572816
0.000988174,0.578981
0.000998128,0.585298
0.00100501,0.591676
0.00101202,0.597993
0.00101875,0.604432
0.00102841,0.610902
0.00103502,0.617402
0.0010442,0.624055
0.00105061,0.630677
0.00105684,0.637361
0.00106596,0.644044
0.00107514,0.650727
0.00108444,0.65735
0.00109361,0.664003
0.00109957,0.670839
0.0011084,0.677674
0.00111424,0.684541
0.00112592,0.691377
0.00113456,0.698304
0.00114327,0.705201
0.00115191,0.712129
0.00116049,0.719087
0.0011689,0.726106
0.001177,0.733308
0.00118505,0.74051
0.0011928,0.747865
0.00120055,0.75522
0.00121104,0.762635
0.00121843,0.770143
0.00122856,0.777742
0.00123556,0.785432
0.00124239,0.793214
0.00125181,0.801149
0.00126122,0.809083
0.00126787,0.816957
0.00127752,0.824769
0.0012842,0.832643
0.00129362,0.840577
0.00130327,0.84839
0.00130983,0.856263
0.00131919,0.864259
0.00132849,0.872255
0.00133486,0.88025
0.00134398,0.888307
0.0013531,0.896363
0.00136222,0.904481
0.00137104,0.91266
0.00137998,0.920839
0.00138857,0.929139
0.00139715,0.937501
0.00140544,0.945924
0.00141664,0.954408
0.00142195,0.962953
0.00143303,0.971437
0.00144102,0.980043
0.00144871,0.988832
0.00145926,0.99756
0.00146382,1.00647
0.00147425,1.01526
0.00148161,1.02417
0.001489,1.03308
0.00149925,1.04199
0.00150939,1.05097
0.00151645,1.06
0.00152333,1.06915
0.00153311,1.07831
0.00154282,1.08746
0.00155248,1.09668
0.00155868,1.10614
0.00156494,1.11554
0.00157388,1.12506
0.00158312,1.13446
0.00159254,1.1438
0.00160213,1.15302
0.00161173,1.16223
0.00162126,1.17151
0.00163086,1.18073
0.00164028,1.19006
0.00164993,1.19922
0.00166233,1.2085
0.00167181,1.21777
0.00168075,1.22736
0.00168921,1.23712
0.0017003,1.24695
0.00170805,1.25708
0.0017183,1.2674
0.00172539,1.27783
0.00173228,1.28833
0.00174181,1.29895
0.00174816,1.30969
0.00176026,1.3205
0.00176637,1.33136
0.00177531,1.34229
0.00178401,1.35333
0.00178998,1.36426
0.0017988,1.37525
0.0018075,1.38623
0.00181343,1.39722
0.00182219,1.4082
0.00183089,1.41925
0.00183978,1.43018
0.00184889,1.44104
0.00185506,1.45191
0.00186681,1.46283
0.00187274,1.47382
0.00188162,1.48474
0.00189348,1.49567
0.00189914,1.50678
0.00190743,1.51795
0.00191583,1.52911
0.00192364,1.54059
0.00193124,1.55213
0.00193875,1.56372
0.00194662,1.5752
0.00195407,1.58679
0.00196146,1.59845
0.00196956,1.60974
0.00197773,1.62103
0.00198864,1.63239
0.00199645,1.64386
0.00200706,1.65534
0.00201474,1.66687
0.00202228,1.67841
0.00203242,1.69013
0.00204249,1.70191
0.00205238,1.71375
0.00206097,1.7262
0.00206675,1.73865
0.00207503,1.75122
0.002086,1.76392
0.00209405,1.77661
0.00210198,1.78943
0.00210961,1.80231
0.00211679,1.81543
0.00212686,1.82855
0.00213378,1.84186
0.00214343,1.85516
0.00215291,1.86859
0.00215665,1.88196
0.00216636,1.89526
0.00217584,1.90863
0.00218234,1.92212
0.00218839,1.93579
0.00219751,1.94934
0.00220633,1.96307
0.00221503,1.97687
0.00222391,1.9906
0.00223244,2.00446
0.00224084,2.01837
0.00224889,2.03241
0.00225687,2.04657
0.00226754,2.06079
0.00227529,2.07501
0.00228286,2.08936
0.00229037,2.1037
0.00229782,2.1181
0.00230795,2.13257
0.00231535,2.14697
0.00232283,2.16132
0.0023329,2.17584
0.00234291,2.19037
0.00235012,2.2049
0.00235734,2.21936
0.00236461,2.23383
0.00237185,2.24829
0.0023821,2.2627
0.00238934,2.27716
0.00239653,2.29169
0.00240648,2.30621
0.00241357,2.3208
0.00242061,2.33539
0.00243056,2.34992
0.00243762,2.3645
0.00244734,2.37915
0.00245431,2.3938
0.00246385,2.40851
0.00247097,2.4231
0.00248093,2.43762
0.00248778,2.45227
0.00249756,2.46692
0.00250727,2.48163
0.00251383,2.4964
0.00252313,2.51129
0.00252956,2.52612
0.00253851,2.5412
0.00254751,2.55621
0.00255585,2.57153
0.0025639,2.58698
0.002572,2.60248
0.00257981,2.61804
0.0025875,2.63367
0.00259799,2.64929
0.00260249,2.66516
0.00261256,2.68103
0.00261951,2.69702
0.00262916,2.71301
0.0026387,2.72925
0.00264538,2.74536
0.00265181,2.7616
0.00266111,2.77783
0.00267017,2.79419
0.00267893,2.81067
0.00268793,2.82715
0.00269407,2.84351
0.00270307,2.85986
0.00271243,2.8761
0.00271872,2.89246
0.00272772,2.90881
0.00273672,2.92517
0.00274566,2.94165
0.00275454,2.95801
0.00276348,2.97449
0.00277213,2.99109
0.00278059,3.00769
0.00278631,3.02429
0.00279716,3.04114
0.00280241,3.05798
0.00281045,3.07483
0.00281826,3.0918
0.00282893,3.10877
0.00283379,3.12573
0.00284452,3.1427
0.00285191,3.15991
0.00285915,3.17713
0.00286904,3.19446
0.00287608,3.21179
0.00288585,3.22913
0.00289244,3.24671
0.00290203,3.26416
0.00291163,3.28174
0.00291819,3.2992
0.00292453,3.3169
0.00293407,3.33447
0.00294361,3.35193
0.00295291,3.36951
0.00296221,3.38721
0.00297121,3.40491
0.00298044,3.42261
0.00298938,3.44043
0.00299508,3.45838
0.00300646,3.47644
0.00301475,3.49451
0.00302643,3.51245
0.0030331,3.52991
0.00304365,3.54688
0.00305736,3.56384
0.00306815,3.58081
0.00308168,3.59778
0.00309211,3.61487
0.00310278,3.63184
0.00311345,3.6488
0.00312692,3.66589
0.00313664,3.68335
0.0031454,3.70117
0.00315607,3.71961
0.00316346,3.73804
0.00317079,3.75672
0.00318104,3.77527
0.00318837,3.79382
0.00319559,3.81238
0.00320256,3.83118
0.00321269,3.84973
0.00321988,3.86841
0.00322715,3.88696
0.00323415,3.90564
0.00324387,3.92444
0.00325376,3.94324
0.00326038,3.96216
0.00326705,3.98096
0.00327659,3.99988
0.00328678,4.01843
0.00329361,4.03735
0.0033004,4.05615
0.0033128,4.07507
0.00331921,4.094
0.00332857,4.11304
0.00333479,4.13208
0.00334397,4.15112
0.00335285,4.17041
0.00336132,4.18982
0.00336907,4.20947
0.00337991,4.22913
0.00338915,4.24817
0.00339833,4.26721
0.00341055,4.28626
0.00341973,4.3053
0.00343165,4.32446
0.00344345,4.34363
0.00345216,4.36304
0.00346086,4.38233
0.00347224,4.40161
0.00348065,4.42114
0.0034903,4.44129
0.00349984,4.46155
0.0035064,4.48193
0.00351546,4.50244
0.00352186,4.52283
0.00352797,4.54334
0.00353721,4.56372
0.00354615,4.58423
0.00355509,4.60486
0.0035609,4.62549
0.00356937,4.64624
0.00357753,4.66724
0.00358558,4.68811
0.00359097,4.70899
0.00360182,4.7301
0.00360981,4.7511
0.00361762,4.7721
0.00362525,4.79334
0.00363288,4.81445
0.00364343,4.83569
0.00365076,4.85706
0.00366101,4.8783
0.0036681,4.89978
0.00367487,4.92139
0.00368435,4.94299
0.0036937,4.96472
0.00370282,4.98657
0.00371486,5.00842
0.00372058,5.03052
0.00373197,5.05261
0.00374055,5.07483
0.00375158,5.09705
0.00375951,5.11951
0.00376726,5.14197
0.003775,5.16455
0.00378248,5.18713
0.00379297,5.20972
0.00380057,5.2323
0.00380817,5.25488
0.00381884,5.27734
0.00382638,5.29993
0.00383729,5.32239
0.0038454,5.34461
0.00385356,5.36694
0.00386167,5.38928
0.00386989,5.4115
0.0038808,5.43396
0.00388879,5.4563
0.0038969,5.47864
0.00390798,5.50098
0.00391925,5.52319
0.00392747,5.54541
0.00393838,5.56775
0.00394935,5.59009
0.00396031,5.61255
0.00396872,5.63464
0.00398207,5.65588
0.00399608,5.67676
0.00400782,5.69739
0.00402236,5.71802
0.0040372,5.73853
0.00405497,5.75903
0.00407017,5.77942
0.00408566,5.79968
0.00410402,5.81983
0.00411892,5.84033
0.00413215,5.86157
0.00414485,5.88318
0.00415689,5.90503
0.00417161,5.927
0.00418312,5.9491
0.00419462,5.97119
0.00420589,5.99341
0.00421661,6.01587
0.00422746,6.03821
0.00423824,6.06074
0.0042489,6.08321
0.00425963,6.10567
0.0042706,6.12801
0.00428175,6.15022
0.00429557,6.17256
0.00430672,6.1949
0.00431781,6.21712
0.00432872,6.23958
0.00433927,6.26216
0.00435262,6.28474
0.00436281,6.30745
0.0043755,6.33028
0.00438766,6.35347
0.00439619,6.37703
0.00440763,6.40047
0.00441604,6.42403
0.00442736,6.44759
0.00444179,6.47102
0.00445329,6.49458
0.00446479,6.51802
0.00447642,6.54146
0.00448798,6.5649
0.00450252,6.58833
0.00451426,6.61165
0.00452577,6.63509
0.00453691,6.65877
0.00454782,6.68257
0.00455837,6.7065
0.00456892,6.73042
0.00458233,6.75435
0.00459247,6.77852
0.00460242,6.80269
0.00461518,6.82698
0.00462197,6.85127
0.00463175,6.87556
0.00464128,6.89998
0.00465422,6.92415
0.00466924,6.94734
0.00468223,6.97005
0.00469552,6.99275
0.00470875,7.01533
0.00472205,7.03804
0.00473814,7.06062
0.00475447,7.08321
0.00476764,7.10591
0.0047807,7.12862
0.00479309,7.15169
0.00480621,7.17573
0.00481819,7.20039
0.00482653,7.22542
0.00483518,7.2502
0.00484358,7.27522
0.00485175,7.30025
0.00486265,7.32539
0.00487052,7.35054
0.00488119,7.37581
0.0048887,7.4012
0.00490169,7.42671
0.00490605,7.4521
0.00491618,7.47761
0.00492887,7.50337
0.00493585,7.52901
0.00494574,7.55452
0.00495275,7.58015
0.00495987,7.60567
0.00496994,7.6313
0.00497709,7.65681
0.00498741,7.6822
0.00499489,7.7076
0.00500514,7.73299
0.00501235,7.7585
0.0050223,7.78413
0.00502892,7.80989
0.0050412,7.83577
0.00504749,7.86177
0.00505637,7.88777
0.00506805,7.91402
0.00507634,7.94026
0.00508444,7.96675
0.00509493,7.99348
0.00510244,8.02022
0.00511246,8.0472
0.00511943,8.07417
0.00512897,8.10127
0.00513815,8.12862
0.00514715,8.15608
0.00515597,8.18355
0.00516449,8.21126
0.00517284,8.23897
0.005181,8.2668
0.00518917,8.29451
0.00520014,8.32246
0.00520842,8.35017
0.00521665,8.37801
0.00522505,8.40572
0.00523071,8.4333
0.00523918,8.46089
0.00525098,8.48836
0.00525986,8.51582
0.00526612,8.54317
0.00527518,8.57063
0.00528412,8.59798
0.00529312,8.62544
0.00530206,8.65291
0.00531368,8.6805
0.00531937,8.70808
0.0053279,8.73567
0.00533618,8.7635
0.00534715,8.79134
0.00535496,8.81929
0.00536265,8.84737
0.00537302,8.87544
0.00538285,8.90388
0.00538962,8.93233
0.00539904,8.96089
0.00540833,8.98958
0.00541733,9.01839
0.00542604,9.04732
0.00543492,9.07613
0.00544648,9.10506
0.00545506,9.13411
0.00546418,9.1628
0.00547366,9.19136
0.00548031,9.21992
0.00548996,9.24837
0.00549956,9.27693
0.00550921,9.30537
0.00551598,9.33394
0.00552534,9.3625
0.00553499,9.39095
0.00554757,9.41951
0.00555663,9.4482
0.00556551,9.47713
0.00557713,9.50594
0.00558578,9.53499
0.0055971,9.56404
0.00560837,9.59309
0.00561945,9.62227
0.00563018,9.65169
0.00563766,9.68123
0.0056475,9.71089
0.00565733,9.74068
0.00566979,9.77058
0.00568231,9.80049
0.00569196,9.8304
0.00570132,9.86043
0.00571366,9.89034
0.00572326,9.92024
0.00573607,9.94991
0.0057459,9.97969
0.00575592,10.0095
0.00576635,10.0389
0.00577726,10.0682
0.00578948,10.0969
0.00580277,10.125
0.00581695,10.1527
0.00583436,10.1803
0.00584914,10.2076
0.00586404,10.2351
0.0058765,10.2622
0.00589521,10.2891
0.00591131,10.3159
0.00592752,10.3427
0.00594397,10.3693
0.0059603,10.3961
0.00597675,10.4227
0.00599285,10.4494
0.00600918,10.4762
0.00602551,10.5029
0.00604446,10.5296
0.00606306,10.5567
0.00607522,10.5839
0.00609227,10.6116
0.00610788,10.6401
0.00611986,10.6689
0.00613077,10.6982
0.00614168,10.7274
0.00615491,10.7569
0.00616227,10.7866
0.00617258,10.8161
0.00618302,10.8455
0.00619667,10.875
0.00620769,10.9041
0.00621872,10.9333
0.00622951,10.9626
0.00624077,10.9918
0.00625186,11.021
0.00626903,11.05
0.00628035,11.0791
0.00629436,11.1082
0.00630521,11.1375
0.00631868,11.1669
0.00633161,11.1966
0.00634454,11.2263
0.00635718,11.2562
0.00636934,11.2862
0.00638102,11.3165
0.00639259,11.3468
0.00640373,11.3773
0.00641756,11.4079
0.00642871,11.4384
0.00644283,11.4689
0.00645726,11.4993
0.00646852,11.5299
0.0064805,11.56
0.00649332,11.5897
0.00650709,11.619
0.00651877,11.6479
0.00653397,11.6765
0.00654666,11.7049
0.0065624,11.7332
0.00657813,11.7616
0.00659411,11.7899
0.00661008,11.8181
0.00661998,11.8465
0.00663518,11.8751
0.00664698,11.9039
0.00665795,11.9332
0.00667154,11.9625
0.00668179,11.9921
0.00669442,12.0219
0.00670676,12.0518
0.00671868,12.0821
0.00673054,12.1123
0.00674515,12.1425
0.00675653,12.1729
0.00676804,12.2033
0.0067796,12.2336
0.00679158,12.2637
0.00680362,12.2939
0.00681608,12.3238
0.00682907,12.3535
0.00684254,12.3829
0.00685631,12.4122
0.00686728,12.4414
0.0068814,12.4705
0.00689249,12.4997
0.00690638,12.5289
0.00692009,12.5582
0.00693093,12.5875
0.00694774,12.6168
0.00696115,12.6462
0.00697439,12.6757
0.00698434,12.7055
0.00699692,12.7353
0.00700908,12.7653
0.007021,12.7955
0.00703286,12.8258
0.00704716,12.8562
0.00705974,12.8859
0.00707524,12.9158
0.00708781,12.9456
0.00710331,12.9755
0.00711607,13.0053
0.0071318,13.035
0.00714462,13.0648
0.00716047,13.0944
0.00717055,13.1241
0.00718354,13.1538
0.00719534,13.184
0.00720673,13.2144
0.00721841,13.2447
0.00722991,13.275
0.00723873,13.3053
0.00725036,13.3356
0.00726216,13.3658
0.00727396,13.3961
0.00728874,13.4262
0.00729774,13.4564
0.00730978,13.4865
0.00732176,13.5167
0.00733374,13.5467
0.00734602,13.5767
0.00735836,13.6068
0.00737374,13.6366
0.00738643,13.6665
0.00740169,13.6964
0.00741719,13.7262
0.00743257,13.7561
0.00744228,13.786
0.00745814,13.8156
0.00747071,13.8454
0.00748317,13.8753
0.00749837,13.9053
0.00750767,13.9354
0.00752251,13.9655
0.00753449,13.9957
0.00754647,14.0258
0.00756096,14.0561
0.00757258,14.0865
0.00758349,14.1171
0.00759404,14.1479
0.00760733,14.1788
0.00762014,14.2099
0.0076298,14.2412
0.00764476,14.2727
0.00765352,14.3042
0.00766741,14.3361
0.0076785,14.3681
0.00768899,14.4003
0.0077021,14.4328
0.00771491,14.4653
0.00772451,14.4978
0.00773703,14.5305
0.00774949,14.5632
0.00776206,14.5957
0.00777482,14.6284
0.00778483,14.6608
0.00779765,14.6933
0.00780766,14.7255
0.00781797,14.758
0.0078284,14.7902
0.00784181,14.8225
0.00785218,14.8547
0.00786244,14.8869
0.0078731,14.9191
0.00788395,14.9511
0.00789778,14.9831
0.00791179,15.0151
0.00792335,15.0468
0.00793933,15.078
0.00795625,15.1085
0.00797378,15.1387
0.00798874,15.1688
0.00800698,15.1988
0.00802182,15.229
0.00803934,15.2591
0.0080571,15.2893
0.00807475,15.3195
0.00809191,15.3499
0.00810765,15.3811
0.00812291,15.4123
0.00813477,15.4438
0.00814949,15.4755
0.00816398,15.5073
0.00817554,15.539
0.00818734,15.5705
0.008202,15.6022
0.00821398,15.6337
0.0082262,15.665
0.00824182,15.6962
0.00825779,15.7272
0.0082712,15.7581
0.00828777,15.7888
0.0083047,15.8194
0.00832175,15.8498
0.00833868,15.8803
0.00835835,15.911
0.0083748,15.9417
0.00839411,15.9726
0.00840996,16.0036
0.00842808,16.0349
0.00844316,16.0664
0.00846093,16.0979
0.00847589,16.1293
0.00849115,16.1606
0.00850938,16.1921
0.00852536,16.2231
0.00854121,16.2541
0.00855755,16.2849
0.008574,16.3156
0.00859069,16.3464
0.00860433,16.377
0.00862067,16.4079
0.008637,16.4387
0.00865023,16.4697
0.00866632,16.5006
0.00868194,16.5317
0.00869756,16.5629
0.00871282,16.5942
0.00872515,16.6254
0.00874029,16.6569
0.00875829,16.6884
0.00877331,16.7197
0.00878518,16.7514
0.00880008,16.7829
0.0088176,16.8144
0.00883244,16.8461
0.0088474,16.8776
0.00886218,16.9091
0.00887685,16.9406
0.00889175,16.9721
0.00890671,17.0036
0.00892191,17.0351
0.00893717,17.0664
0.00894974,17.0976
0.00896512,17.1289
0.00897794,17.1601
0.00899343,17.1912
0.00900917,17.2224
0.00902479,17.2535
0.00904291,17.2847
0.0090581,17.3162
0.00907271,17.348
0.00908689,17.3797
0.00910054,17.4117
0.00911974,17.4442
0.00913279,17.4764
0.00914549,17.5089
0.00916086,17.5416
0.00917594,17.5745
0.00919108,17.6073
0.00920604,17.64
0.00921898,17.6724
0.00923757,17.7037
0.0092576,17.7341
0.00927536,17.7642
0.00929301,17.7945
0.00931113,17.8244
0.00932925,17.8544
0.00934832,17.8841
0.00937109,17.9139
0.0093879,17.9437
0.00940733,17.9736
0.00942402,18.0048
0.0094394,18.0366
0.00945454,18.0686
0.00946652,18.1008
0.00948136,18.1328
0.00949626,18.165
0.00951366,18.1972
0.00952523,18.2297
0.00954215,18.2622
0.009553,18.2949
0.00956635,18.3276
0.00958292,18.3603
0.0095961,18.3933
0.00961231,18.4262
0.00962536,18.4592
0.0096411,18.4921
0.00965403,18.5253
0.00966697,18.5583
0.00968044,18.5913
0.00969385,18.624
0.00970744,18.6567
0.00972073,18.6897
0.00973414,18.7224
0.00975059,18.7553
0.00976704,18.788
0.00978051,18.8208
0.00979673,18.8535
0.00981049,18.8862
0.00982742,18.9189
0.00984757,18.9511
0.00986235,18.9834
0.00988023,19.0153
0.00989823,19.0473
0.00991909,19.0795
0.00993721,19.1115
0.00995569,19.1433
0.00997524,19.1745
0.0099967,19.2048
0.0100202,19.2342
0.0100456,19.2626
0.0100722,19.2905
0.0100998,19.3179
0.0101256,19.3447
0.0101552,19.371
0.0101841,19.3964
0.0102151,19.4209
0.0102494,19.4449
0.0102795,19.4697
0.010308,19.4953
0.0103355,19.5213
0.0103626,19.5476
0.0103924,19.5738
0.0104186,19.6004
0.0104418,19.6272
0.0104694,19.6545
0.0104897,19.6826
0.0105148,19.7113
0.0105368,19.7398
0.0105587,19.7686
0.01058,19.7976
0.0106011,19.8267
0.0106222,19.8559
0.0106436,19.8848
0.0106621,19.9138
0.0106836,19.9427
0.0107023,19.9715
0.0107244,20.0002
0.0107439,20.0286
0.0107669,20.0568
0.0107857,20.0842
0.0108117,20.111
0.0108382,20.1375
0.0108625,20.1637
0.0108878,20.1894
0.0109172,20.2144
0.0109443,20.2393
0.010972,20.2639
0.0110027,20.2883
0.0110331,20.3129
0.0110623,20.3381
0.0110902,20.364
0.0111171,20.3902
0.01114,20.4171
0.0111647,20.4444
0.0111853,20.4724
0.0112079,20.5008
0.0112302,20.5294
0.0112494,20.558
0.0112687,20.5865
0.0112912,20.615
0.0113086,20.643
0.0113292,20.671
0.0113477,20.6986
0.0113666,20.7259
0.0113889,20.753
0.0114086,20.78
0.011431,20.8071
0.0114505,20.8342
0.0114701,20.8613
0.0114892,20.8885
0.0115109,20.916
0.0115291,20.9436
0.0115467,20.9717
0.0115638,20.9999
0.0115806,21.0283
0.0115967,21.057
0.0116155,21.0858
0.0116307,21.115
0.0116452,21.1444
0.0116596,21.1739
0.0116766,21.2037
0.0116909,21.2333
0.011709,21.2623
0.0117245,21.2914
0.0117404,21.3202
0.0117539,21.3489
0.0117708,21.3771
0.0117878,21.4054
0.0118052,21.4334
0.0118226,21.4615
0.0118403,21.4895
0.0118548,21.5177
0.011871,21.5464
0.0118899,21.5751
0.0119028,21.604
0.0119182,21.633
0.0119361,21.6622
0.0119511,21.6915
0.0119661,21.7207
0.0119811,21.75
0.0119989,21.7793
0.0120137,21.8087
0.0120285,21.838
0.0120459,21.8675
0.012063,21.8971
0.012077,21.9269
0.0120906,21.9568
0.0121067,21.9869
0.0121198,22.0171
0.0121352,22.0475
0.0121505,22.078
0.0121598,22.1086
0.0121719,22.1393
0.0121839,22.17
0.0121987,22.2008
0.0122104,22.2315
0.0122191,22.2624
0.0122278,22.2933
0.0122389,22.3246
0.01225,22.3557
0.0122579,22.3869
0.0122716,22.4182
0.0122822,22.4494
0.0122926,22.4809
0.0123027,22.5127
0.0123128,22.5442
0.0123228,22.5759
0.0123327,22.6076
0.0123459,22.6391
0.0123561,22.6706
0.0123661,22.7024
0.0123758,22.7341
0.0123884,22.7661
0.0123981,22.7978
0.0124078,22.8296
0.0124205,22.8613
0.012433,22.8933
0.0124425,22.925
0.0124522,22.957
0.0124617,22.9887
0.0124713,23.0207
0.0124835,23.0527
0.0124928,23.0847
0.012502,23.1167
0.012514,23.1489
0.0125227,23.1811
0.0125339,23.2136
0.0125422,23.2461
0.0125529,23.2788
0.0125633,23.3117
0.0125736,23.3447
0.0125834,23.3779
0.012593,23.4111
0.0126049,23.4446
0.0126166,23.4782
0.0126252,23.5122
0.0126394,23.5459
0.0126505,23.5798
0.0126614,23.6137
0.0126724,23.6479
0.0126833,23.6819
0.0126917,23.7158
0.0127034,23.7495
0.0127152,23.7829
0.0127246,23.8164
0.012737,23.8496
0.0127469,23.8828
0.0127569,23.9157
0.01277,23.9487
0.01278,23.9819
0.0127899,24.0151
0.0128025,24.0483
0.0128148,24.0815
0.012827,24.115
0.0128387,24.1487
0.0128502,24.1824
0.0128586,24.2163
0.0128695,24.2502
0.0128833,24.2844
0.012894,24.3183
0.0129048,24.3525
0.0129155,24.3867
0.0129292,24.4206
0.012943,24.4548
0.0129539,24.4887
0.0129653,24.5227
0.0129734,24.5566
0.0129877,24.5906
0.0129988,24.6242
0.0130101,24.6582
0.0130186,24.6921
0.0130298,24.7258
0.0130411,24.7597
0.0130523,24.7937
0.0130665,24.8274
0.0130776,24.8615
0.0130884,24.8955
0.0131019,24.9297
0.0131155,24.9638
0.0131261,24.998
0.0131393,25.0324
0.0131524,25.0666
0.0131652,25.1013
0.0131778,25.136
0.0131933,25.1704
0.0132059,25.2051
0.0132191,25.2395
0.0132324,25.2737
0.0132461,25.3078
0.0132629,25.3418
0.0132771,25.3757
0.0132917,25.4094
0.0133035,25.4428
0.0133156,25.4763
0.0133305,25.51
0.0133452,25.5434
0.0133598,25.5771
0.013374,25.6111
0.0133886,25.6445
0.0134034,25.6782
0.0134153,25.7116
0.0134299,25.7453
0.0134448,25.7788
0.0134568,25.8125
0.0134717,25.8459
0.0134866,25.8794
0.0135015,25.9131
0.0135165,25.9463
0.0135309,25.9802
0.0135449,26.0141
0.0135588,26.0481
0.0135696,26.0823
0.0135831,26.1164
0.0135967,26.1506
0.0136103,26.1845
0.013624,26.2187
0.0136377,26.2529
0.0136486,26.2868
0.0136593,26.321
0.0136727,26.3552
0.0136859,26.3896
0.013696,26.424
0.0137058,26.4585
0.0137212,26.4931
0.0137364,26.5281
0.0137479,26.5632
0.013762,26.5984
0.0137727,26.634
0.0137833,26.6697
0.0137965,26.7053
0.0138095,26.7412
0.0138224,26.7771
0.0138319,26.8132
0.0138441,26.8493
0.0138562,26.8857
0.0138713,26.9219
0.0138835,26.958
0.0138956,26.9944
0.0139048,27.0305
0.013914,27.0669
0.0139261,27.103
0.0139382,27.1394
0.0139477,27.1755
0.0139599,27.2116
0.0139722,27.2478
0.0139815,27.2842
0.0139934,27.3205
0.0140025,27.3567
0.0140144,27.393
0.014026,27.4297
0.0140377,27.466
0.0140491,27.5027
0.0140574,27.5393
0.0140712,27.5761
0.014082,27.6133
0.0140924,27.6501
0.0141057,27.6872
0.0141161,27.7243
0.0141268,27.7612
0.0141406,27.7983
0.0141513,27.8352
0.0141621,27.872
0.0141729,27.9089
0.0141811,27.9458
0.0141951,27.9824
0.0142063,28.019
0.0142177,28.0556
0.0142316,28.0925
0.0142391,28.1296
0.0142522,28.1667
0.0142621,28.2041
0.0142747,28.2414
0.0142871,28.279
0.0143021,28.3166
0.0143138,28.3545
0.0143253,28.3926
0.0143363,28.4306
0.0143477,28.4687
0.0143624,28.5066
0.0143741,28.5444
0.0143892,28.582
0.0144019,28.6194
0.0144149,28.6567
0.014431,28.6938
0.0144414,28.7309
0.0144551,28.7678
0.0144689,28.8047
0.0144827,28.8415
0.0144962,28.8784
0.0145098,28.9155
0.0145232,28.9526
0.0145332,28.9897
0.0145487,29.0271
0.0145613,29.0647
0.0145738,29.102
0.0145831,29.1396
0.0145987,29.177
0.0146115,29.2143
0.0146272,29.2517
0.0146428,29.289
0.0146586,29.3264
0.0146717,29.3635
0.0146849,29.4009
0.0146984,29.4377
0.014712,29.4746
0.0147262,29.5115
0.0147396,29.5483
0.014753,29.5854
0.0147693,29.6225
0.0147796,29.6596
0.0147954,29.6968
0.0148051,29.7344
0.0148173,29.7719
0.0148348,29.8098
0.014849,29.8479
0.0148631,29.886
0.014877,29.924
0.014891,29.9624
0.0149014,30.0007
0.0149176,30.0393
0.0149307,30.0779
0.0149434,30.1167
0.0149565,30.1553
0.0149722,30.1941
0.0149856,30.2324
0.0150018,30.271
0.0150186,30.3091
0.0150298,30.3471
0.0150444,30.3852
0.0150565,30.4228
0.015072,30.4602
0.0150823,30.4973
0.0150957,30.5344
0.0151122,30.5713
0.0151258,30.6084
0.015139,30.6455
0.015152,30.6826
0.0151649,30.7199
0.0151802,30.7573
0.0151954,30.7951
0.0152075,30.8327
0.0152223,30.8706
0.015234,30.9084
0.0152485,30.9463
0.0152599,30.9844
0.0152746,31.0222
0.0152893,31.0598
0.0153012,31.0976
0.0153132,31.1355
0.0153252,31.1731
0.01534,31.2109
0.0153491,31.2485
0.015361,31.2864
0.0153759,31.324
0.0153879,31.3618
0.0153967,31.3996
0.0154111,31.4375
0.0154221,31.4758
0.0154359,31.5141
0.0154464,31.5525
0.0154599,31.5908
0.015473,31.6296
0.0154862,31.6679
0.015499,31.7068
0.0155088,31.7456
0.0155243,31.7844
0.0155373,31.823
0.0155475,31.8615
0.0155638,31.9001
0.0155717,31.9385
0.0155854,31.9768
0.0155965,32.0149
0.0156136,32.053
0.0156221,32.0908
0.0156368,32.1286
0.0156487,32.1665
0.0156601,32.2043
0.0156717,32.2424
0.0156829,32.2805
0.015697,32.3186
0.0157079,32.3569
0.0157187,32.395
0.0157319,32.4336
0.0157452,32.4721
0.0157551,32.511
0.0157678,32.5495
0.0157803,32.5886
0.0157929,32.6274
0.0158053,32.6662
0.0158148,32.7053
0.0158273,32.7441
0.0158398,32.7829
0.0158495,32.8218
0.0158621,32.8606
0.0158718,32.8994
0.0158815,32.9382
0.0158908,32.9773
0.0159031,33.0163
0.0159149,33.0554
0.0159267,33.0947
0.015938,33.1343
0.0159488,33.1738
0.0159591,33.2138
0.0159718,33.2541
0.015981,33.2944
0.0159926,33.3352
0.0160041,33.376
0.0160152,33.417
0.0160264,33.4577
0.0160402,33.499
0.0160481,33.54
0.016059,33.581
0.0160702,33.622
0.0160814,33.6628
0.016093,33.7036
0.0161018,33.7444
0.0161136,33.7849
0.016123,33.8252
0.016133,33.8655
0.0161462,33.9053
0.0161626,33.945
0.0161733,33.9848
0.0161868,34.0246
0.0161974,34.0644
0.0162107,34.1042
0.0162271,34.144
0.0162405,34.1841
0.0162533,34.2241
0.0162658,34.2644
0.0162808,34.3049
0.0162929,34.3454
0.0163079,34.386
0.0163202,34.4262
0.0163325,34.4665
0.016345,34.5068
0.0163574,34.5471
0.016367,34.5874
0.0163798,34.6277
0.0163923,34.6679
0.0164047,34.7082
0.0164197,34.7488
0.0164315,34.7893
0.016443,34.8301
0.016457,34.8711
0.016471,34.9121
0.0164848,34.9531
0.0164985,34.9941
0.0165119,35.0354
0.0165253,35.0766
0.0165387,35.1179
0.0165521,35.1592
0.0165685,35.2004
0.0165793,35.2414
0.0165931,35.2827
0.0166069,35.3237
0.0166209,35.3645
0.0166323,35.4055
0.0166468,35.4463
0.0166615,35.4868
0.0166733,35.5273
0.0166881,35.5678
0.0167027,35.6086
0.0167174,35.6491
0.0167291,35.6899
0.0167405,35.7307
0.0167546,35.7717
0.0167684,35.8127
0.0167819,35.854
0.016795,35.8952
0.0168081,35.9367
0.0168209,35.9782
0.0168338,36.0198
0.0168497,36.0613
0.0168626,36.1028
0.0168728,36.144
0.0168862,36.1853
0.0168967,36.2265
0.0169101,36.2678
0.0169207,36.3091
0.0169314,36.3501
0.0169418,36.3916
0.0169549,36.4328
0.0169706,36.4743
0.0169834,36.5161
0.0169956,36.5578
0.0170102,36.5998
0.0170216,36.6421
0.0170327,36.6845
0.0170464,36.727
0.0170599,36.7695
0.0170732,36.8122
0.0170836,36.855
0.0170968,36.8977
0.0171102,36.9404
0.0171238,36.9829
0.0171347,37.0254
0.0171455,37.0678
0.0171568,37.1101
0.0171683,37.1523
0.0171828,37.1946
0.0171918,37.2365
0.0172032,37.2785
0.0172178,37.3208
0.017229,37.363
0.01724,37.4055
0.0172507,37.448
0.0172643,37.4907
0.0172776,37.5332
0.0172905,37.5761
0.0173035,37.6191
0.0173139,37.6618
0.0173302,37.7043
0.0173439,37.7468
0.0173548,37.7893
0.017366,37.8318
0.0173802,37.874
0.0173944,37.9162
0.0174059,37.9585
0.0174177,38.0005
0.017432,38.0427
0.0174459,38.0849
0.0174596,38.1277
0.0174726,38.1704
0.0174854,38.2134
0.0175038,38.2563
0.0175132,38.2995
0.0175279,38.343
0.0175421,38.3867
0.017556,38.4306
0.0175699,38.4743
0.0175807,38.5183
0.0175974,38.562
0.0176116,38.6057
0.0176256,38.6496
0.0176396,38.6933
0.0176509,38.737
0.0176653,38.7805
0.0176798,38.8243
0.0176885,38.8677
0.0177027,38.9112
0.0177143,38.9549
0.0177284,38.9986
0.0177396,39.0423
0.0177537,39.086
0.0177646,39.1299
0.0177753,39.1739
0.0177888,39.2178
0.0178058,39.2615
0.01782,39.3052
0.0178345,39.3487
0.017849,39.3921
0.0178612,39.4356
0.0178764,39.4788
0.017889,39.5218
0.017902,39.5645
0.0179153,39.6072
0.0179315,39.6499
0.0179476,39.6927
0.0179639,39.7354
0.0179772,39.7781
0.0179933,39.8208
0.0180091,39.8638
0.018025,39.9065
0.0180433,39.9497
0.0180586,39.9927
0.0180737,40.0362
0.0180917,40.0794
0.0181064,40.1228
0.0181267,40.1663
0.0181413,40.2098
0.0181559,40.2532
0.0181736,40.2967
0.0181886,40.3399
0.0182012,40.3831
0.0182167,40.4261
0.0182328,40.4688
0.0182461,40.5115
0.0182602,40.5538
0.0182744,40.596
0.0182917,40.6382
0.0183063,40.6805
0.0183208,40.7225
0.0183354,40.7644
0.0183527,40.8067
0.0183701,40.8489
0.0183842,40.8912
0.0184011,40.9336
0.0184178,40.9761
0.0184342,41.0186
0.0184508,41.0611
0.0184675,41.1036
0.0184783,41.146
0.018495,41.1885
0.0185087,41.231
0.0185225,41.2735
0.0185363,41.316
0.0185503,41.3584
0.018567,41.4009
0.0185834,41.4434
0.018597,41.4859
0.0186099,41.5289
0.0186224,41.5721
0.0186373,41.6153
0.018652,41.6587
0.0186663,41.7024
0.0186807,41.7459
0.0186949,41.7896
0.0187122,41.833
0.0187246,41.8763
0.0187401,41.9195
0.0187535,41.962
0.0187702,42.0044
0.0187849,42.0464
0.0188,42.0884
0.0188156,42.1299
0.0188285,42.1714
0.0188443,42.2129
0.0188602,42.2544
0.0188755,42.2962
0.0188903,42.3382
0.0189018,42.3804
0.0189188,42.4226
0.0189328,42.4649
0.0189464,42.5076
0.0189598,42.5501
0.018976,42.5928
0.0189896,42.6355
0.019003,42.678
0.0190166,42.7207
0.0190334,42.763
0.0190446,42.8055
0.019059,42.8475
0.0190735,42.8897
0.0190882,42.9317
0.019103,42.9737
0.0191177,43.0157
0.0191323,43.0579
0.0191467,43.0999
0.0191638,43.1421
0.0191777,43.1846
0.0191939,43.2273
0.0192102,43.2701
0.0192258,43.313
0.0192413,43.356
0.0192593,43.3992
0.0192744,43.4424
0.0192922,43.4859
0.0193102,43.5291
0.0193256,43.5723
0.0193409,43.6153
0.0193567,43.6582
0.0193697,43.7012
0.0193831,43.7437
0.0193993,43.7864
0.0194156,43.8291
0.0194319,43.8719
0.0194452,43.9146
0.0194608,43.9576
0.019476,44.0008
0.019491,44.044
0.0195084,44.0874
0.0195224,44.1314
0.0195361,44.1751
0.0195527,44.219
0.019569,44.2632
0.0195827,44.3072
0.019599,44.3511
0.0196098,44.3951
0.0196238,44.4388
0.0196379,44.4825
0.0196524,44.5262
0.0196671,44.5696
0.0196816,44.6131
0.0196932,44.6565
0.0197079,44.7
0.019722,44.7437
0.019736,44.7874
0.0197524,44.8316
0.0197685,44.8755
0.019784,44.92
0.0197964,44.9646
0.0198113,45.0093
0.0198261,45.0542
0.0198409,45.0989
0.0198585,45.1438
0.0198738,45.1883
0.0198863,45.233
0.019902,45.2771
0.0199149,45.3216
0.0199285,45.3655
0.0199425,45.4092
0.0199565,45.4529
0.0199736,45.4966
0.0199878,45.5403
0.0200021,45.584
0.0200161,45.6277
0.0200303,45.6714
0.0200474,45.7151
0.0200614,45.7588
0.0200781,45.8028
0.0200948,45.8465
0.0201115,45.8904
0.0201254,45.9344
0.0201421,45.9781
0.0201588,46.022
0.0201729,46.0657
0.0201898,46.1094
0.0202007,46.1534
0.020214,46.1976
0.0202273,46.2415
0.0202404,46.2859
0.020256,46.3301
0.0202714,46.3746
0.0202836,46.4192
0.0202983,46.4642
0.0203124,46.5093
0.0203289,46.5547
0.0203425,46.5999
0.0203592,46.6453
0.0203699,46.6907
0.0203861,46.7361
0.0203996,46.7815
0.020413,46.8272
0.0204263,46.8726
0.0204396,46.918
0.0204533,46.9634
0.0204642,47.0086
0.020478,47.054
0.0204917,47.0992
0.0205026,47.1446
0.0205165,47.1897
0.0205301,47.2351
0.0205438,47.2806
0.0205543,47.326
0.0205676,47.3714
0.0205804,47.4173
0.0205926,47.4632
0.020605,47.5091
0.020617,47.5552
0.0206324,47.6011
0.0206447,47.6473
0.0206572,47.6929
0.0206699,47.7388
0.0206799,47.7845
0.0206929,47.8301
0.0207087,47.876
0.0207188,47.9217
0.0207313,47.9676
0.0207439,48.0132
0.0207558,48.0596
0.0207701,48.106
0.0207838,48.1526
0.0207971,48.1995
0.0208101,48.2466
0.0208257,48.2937
0.0208412,48.3411
0.0208539,48.3882
0.0208667,48.4356
0.0208825,48.4825
0.0208958,48.5296
0.0209124,48.5762
0.0209236,48.6228
0.0209377,48.6692
0.0209491,48.7156
0.0209635,48.762
0.0209755,48.8081
0.0209906,48.8543
0.0210027,48.9004
0.0210174,48.9466
0.0210291,48.993
0.0210434,49.0393
0.0210602,49.086
0.0210746,49.1324
0.0210888,49.1788
0.0211057,49.2254
0.0211198,49.2718
0.0211368,49.3184
0.0211481,49.3648
0.0211653,49.4114
0.021177,49.4576
0.0211918,49.5039
0.0212072,49.5498
0.0212196,49.5957
0.0212379,49.6416
0.0212502,49.6875
0.0212652,49.7337
0.0212828,49.7798
0.0212973,49.8262
0.0213143,49.8728
0.0213308,49.9195
0.0213469,49.9666
0.0213627,50.0137
0.0213754,50.0608
0.0213943,50.108
0.0214106,50.1546
0.0214274,50.2012
0.0214421,50.2476
0.0214573,50.2935
0.0214738,50.3389
0.0214922,50.3833
0.0215123,50.427
0.021532,50.4695
0.0243549,49.157
