"Maximum force",41.9704,"N"
"Gage length ",0.891821,"mm"
"Strain energy",0.453786,"mJ"
"Deformation at maximum force",0.0294799,"mm"
"Standard travel","Standard force"
"mm","N"
0,0.171972
4.20213e-006,0.172731
2.63005e-006,0.173482
7.011e-006,0.17415
8.59797e-006,0.174783
7.41333e-006,0.175348
9.14186e-006,0.175905
1.08555e-005,0.176469
1.25542e-005,0.177042
1.131e-005,0.177637
1.59293e-005,0.178194
1.51359e-005,0.178577
1.74306e-005,0.178859
1.96807e-005,0.179174
1.8999e-005,0.179502
1.82204e-005,0.17987
2.03364e-005,0.180238
2.24374e-005,0.180624
2.16179e-005,0.181015
2.08914e-005,0.18136
2.30074e-005,0.181728
2.21469e-005,0.182144
2.42181e-005,0.182535
2.68258e-005,0.182676
2.65017e-005,0.182833
2.61385e-005,0.183005
2.88058e-005,0.183115
3.14582e-005,0.183233
3.13553e-005,0.183288
3.41567e-005,0.183335
3.40142e-005,0.183405
3.40135e-005,0.183405
3.6815e-005,0.183452
3.62785e-005,0.18371
3.56825e-005,0.183992
3.81114e-005,0.184211
3.75637e-005,0.184478
3.71316e-005,0.184682
3.66548e-005,0.18491
3.92476e-005,0.185051
3.91125e-005,0.185121
3.87661e-005,0.185285
3.8319e-005,0.185497
4.0733e-005,0.185724
4.03158e-005,0.185928
3.99191e-005,0.186116
3.96378e-005,0.186249
3.93081e-005,0.186406
3.89933e-005,0.186555
3.86301e-005,0.186727
3.80527e-005,0.187
4.04071e-005,0.187259
3.99489e-005,0.18748
3.95353e-005,0.187675
3.92392e-005,0.187816
3.88573e-005,0.187997
4.14352e-005,0.188145
4.09882e-005,0.188365
4.06902e-005,0.188506
4.00308e-005,0.188819
3.95652e-005,0.189038
3.90064e-005,0.189305
4.14501e-005,0.189517
4.10664e-005,0.189705
4.36145e-005,0.189869
4.60732e-005,0.19008
4.8368e-005,0.19037
4.78353e-005,0.190628
5.00109e-005,0.190973
5.22311e-005,0.191295
5.15829e-005,0.191608
5.38777e-005,0.19189
5.90633e-005,0.192188
6.13283e-005,0.192493
6.33996e-005,0.192894
6.54559e-005,0.193292
6.7326e-005,0.193784
7.19454e-005,0.194341
7.37782e-005,0.19486
7.86658e-005,0.195299
8.05135e-005,0.195799
8.52223e-005,0.196325
8.68689e-005,0.19692
9.13094e-005,0.197561
9.57798e-005,0.198206
0.000100042,0.198934
0.000104393,0.199629
0.000108863,0.200266
0.000113214,0.200956
0.000117446,0.201708
0.000124509,0.202497
0.000128741,0.203233
0.000132943,0.204012
0.000139977,0.204809
0.00014397,0.205663
0.000150944,0.206495
0.000157918,0.207323
0.000161881,0.208193
0.000168766,0.209074
0.000173176,0.20973
0.000181759,0.209802
0.000189985,0.210013
0.000198151,0.210288
0.000209535,0.209021
0.000226225,0.205252
0.000243152,0.201361
0.000260199,0.197394
0.000277246,0.193457
0.000294055,0.189612
0.000310267,0.186057
0.000325168,0.183158
0.000340069,0.180228
0.00035503,0.177268
0.000366772,0.175833
0.000373835,0.176619
0.000381465,0.177134
0.000390823,0.17684
0.000408347,0.174033
0.000424917,0.17031
0.00044256,0.166098
0.000463302,0.161765
0.000481422,0.157309
0.000499899,0.152701
0.000518615,0.14794
0.000537093,0.143302
0.000558073,0.138907
0.000574643,0.135153
0.000586326,0.13378
0.000596101,0.133254
0.000605221,0.133072
0.000614281,0.132923
0.0006234,0.132711
0.0006324,0.132586
0.0006445,0.132359
0.000653739,0.132116
0.00066262,0.132053
0.000671203,0.132092
0.000682468,0.13228
0.000691111,0.132303
0.000700052,0.132218
0.000711853,0.132116
0.000720675,0.132076
0.000729437,0.132061
0.000740523,0.132303
0.000748391,0.132709
0.000759179,0.133102
0.000766868,0.133602
0.000777597,0.13401
0.000788505,0.134355
0.000799174,0.134809
0.000806774,0.135351
0.000816966,0.13603
0.00082394,0.136854
0.000833655,0.137762
0.000843431,0.138639
0.000853087,0.139566
0.000862862,0.140451
0.000872398,0.141428
0.000881637,0.142557
0.000890876,0.143686
0.000900413,0.144685
0.000910307,0.145521
0.000920619,0.146123
0.000931169,0.146631
0.000941778,0.147127
0.000955487,0.14751
0.000966335,0.147895
0.000974322,0.148239
0.000987972,0.148662
0.000998403,0.149219
0.00100848,0.14994
0.00102129,0.150768
0.00103083,0.151741
0.00104066,0.152603
0.00105062,0.153404
0.00106325,0.154289
0.00107291,0.15522
0.00108549,0.15615
0.0010952,0.15707
0.00110796,0.15789
0.00111827,0.158519
0.00113156,0.159114
0.00114217,0.159601
0.00115552,0.160139
0.00116881,0.160745
0.00117924,0.161317
0.00118973,0.161848
0.0012035,0.162202
0.00121721,0.162586
0.00123098,0.162962
0.00124463,0.163377
0.00125542,0.163761
0.00126931,0.164075
0.00128331,0.164318
0.00129744,0.164529
0.00131163,0.164694
0.00132259,0.164992
0.00133904,0.165469
0.00134947,0.166026
0.00136289,0.166564
0.00137588,0.167285
0.00138899,0.167975
0.00140175,0.168807
0.00141409,0.169844
0.00142613,0.171019
0.00143811,0.17224
0.0014505,0.173247
0.00146308,0.174182
0.00147584,0.175013
0.00148853,0.17589
0.00150206,0.176352
0.00151589,0.176682
0.00153282,0.176901
0.00154754,0.176855
0.00156262,0.17659
0.001578,0.176174
0.00159624,0.175821
0.00161144,0.175493
0.00162372,0.175196
0.00164183,0.174858
0.0016565,0.174795
0.00166752,0.17509
0.00168398,0.175546
0.00169709,0.176233
0.00170972,0.177125
0.00172224,0.178083
0.00173744,0.179136
0.00174966,0.180242
0.0017645,0.181448
0.00177636,0.182722
0.00178816,0.184011
0.00180307,0.185216
0.00181826,0.186285
0.00183364,0.187257
0.00184616,0.188215
0.00186118,0.189352
0.00187358,0.190382
0.00188896,0.191339
0.00190177,0.192171
0.00191739,0.193002
0.00193019,0.193865
0.00194593,0.194647
0.0019588,0.195452
0.00197167,0.196223
0.00198741,0.197043
0.00200315,0.197814
0.00201888,0.198649
0.00203438,0.199568
0.00204964,0.20056
0.00206215,0.201544
0.00207753,0.202506
0.00209279,0.203536
0.00210477,0.204764
0.00211943,0.206099
0.00213398,0.207472
0.00214864,0.208769
0.0021605,0.210036
0.00217516,0.211348
0.00218977,0.212706
0.00220097,0.214263
0.00221498,0.215918
0.00222833,0.217841
0.00223864,0.219824
0.00225152,0.222006
0.00226141,0.224219
0.00227387,0.226569
0.00228603,0.229056
0.00229819,0.231558
0.00230737,0.234107
0.00231935,0.236701
0.00233127,0.239295
0.00234319,0.241904
0.00235559,0.244315
0.00236781,0.246787
0.00238038,0.249076
0.00239576,0.251441
0.0024081,0.253867
0.00242038,0.256308
0.00243254,0.258795
0.00244499,0.261161
0.00245733,0.263571
0.00247003,0.265845
0.00248523,0.268256
0.00249804,0.270453
0.0025108,0.272681
0.00252653,0.274863
0.00253929,0.277075
0.0025521,0.279257
0.00256891,0.280951
0.00258036,0.282416
0.00259764,0.283835
0.00261248,0.285094
0.00262822,0.285899
0.00264407,0.286658
0.00266243,0.287558
0.00267817,0.28839
0.00269712,0.289046
0.00271333,0.289649
0.00272883,0.290545
0.00274683,0.291667
0.00276197,0.292765
0.00277669,0.294055
0.00279046,0.295787
0.00280411,0.297587
0.002818,0.299273
0.00283481,0.300906
0.0028515,0.302676
0.00286527,0.304415
0.00287904,0.306163
0.00289316,0.307734
0.00291009,0.309306
0.0029244,0.310816
0.00294144,0.312388
0.00295533,0.314089
0.00297154,0.315997
0.00298442,0.318179
0.00299705,0.320468
0.00301213,0.32297
0.00302346,0.325854
0.00303437,0.328952
0.00305058,0.332293
0.00306089,0.335681
0.00307072,0.339266
0.00308348,0.342868
0.00309606,0.346545
0.00310571,0.350238
0.00311829,0.35393
0.00313069,0.357699
0.0031404,0.361346
0.0031525,0.365252
0.00316472,0.369113
0.00317664,0.37311
0.0031885,0.377108
0.00319756,0.381076
0.0032124,0.385043
0.00322158,0.38901
0.00323625,0.393069
0.00324805,0.397097
0.00325967,0.401217
0.00327141,0.405307
0.0032831,0.409396
0.00329454,0.413638
0.00330604,0.417819
0.00332023,0.422122
0.00333155,0.426425
0.00334294,0.430667
0.00335456,0.434786
0.00336636,0.438815
0.00338109,0.442843
0.00339319,0.44678
0.00340529,0.450686
0.00342025,0.454592
0.00343252,0.458438
0.00344468,0.462313
0.00345976,0.466204
0.00346882,0.470172
0.00348337,0.474292
0.00349737,0.478656
0.00350828,0.483142
0.00351871,0.487841
0.00353189,0.492633
0.00354208,0.497424
0.00355489,0.502368
0.00356479,0.507342
0.00357742,0.512347
0.00358684,0.517535
0.00359906,0.522753
0.00360842,0.527972
0.00362076,0.53316
0.00363035,0.538226
0.00364299,0.543261
0.00365557,0.548327
0.00366814,0.553363
0.00367774,0.558459
0.00369067,0.563372
0.0037048,0.567706
0.00371618,0.571948
0.00373049,0.576159
0.00374485,0.580401
0.0037591,0.584643
0.0037734,0.588885
0.00378515,0.592974
0.00380023,0.596865
0.00381572,0.600482
0.00383134,0.604129
0.00384588,0.608279
0.00385727,0.61249
0.00386889,0.616641
0.00388349,0.62073
0.00389875,0.624499
0.00391449,0.628085
0.0039301,0.631732
0.00394536,0.635501
0.00396038,0.639407
0.00397546,0.643283
0.00399132,0.646792
0.00400765,0.650073
0.00402398,0.653323
0.00404019,0.656649
0.00405569,0.660327
0.00407053,0.664324
0.00408502,0.668475
0.0040995,0.672625
0.00411381,0.676867
0.00412751,0.681414
0.00414039,0.686328
0.00415279,0.691485
0.00416501,0.696704
0.00417699,0.702044
0.00418926,0.707232
0.00420166,0.71239
0.00421531,0.716937
0.00422944,0.72127
0.00424362,0.725573
0.00426091,0.729754
0.00427545,0.733874
0.00428994,0.738055
0.00430406,0.742358
0.00431819,0.746691
0.00433232,0.751025
0.00434948,0.755236
0.00436295,0.759906
0.0043763,0.764605
0.00439043,0.768908
0.00440509,0.772998
0.00442035,0.776782
0.00443668,0.780078
0.00445683,0.782916
0.00447483,0.785388
0.00449319,0.787707
0.00451155,0.790057
0.00453277,0.792361
0.00455065,0.79494
0.00456758,0.797915
0.00458391,0.801181
0.00459964,0.804766
0.00461466,0.808673
0.00462903,0.812884
0.00464286,0.81734
0.00465919,0.821978
0.00467248,0.826708
0.00468535,0.831652
0.00470097,0.836627
0.00471343,0.841723
0.00472589,0.846881
0.00473804,0.852099
0.00475307,0.857409
0.00476779,0.862841
0.00477947,0.868304
0.00479103,0.873858
0.00480242,0.879443
0.00481672,0.885089
0.00483097,0.890734
0.00484229,0.89638
0.00485398,0.901873
0.00486888,0.907183
0.0048839,0.912493
0.00489618,0.917681
0.00491155,0.922778
0.00492425,0.927783
0.00493724,0.932635
0.00495393,0.937121
0.00496907,0.940997
0.00498624,0.94385
0.00500436,0.946261
0.00502307,0.948443
0.00504501,0.950457
0.00506706,0.952357
0.00508649,0.954173
0.00510604,0.955943
0.00512559,0.957713
0.00514753,0.959696
0.00516565,0.962123
0.0051821,0.965357
0.00520046,0.96905
0.00521518,0.973109
0.00522943,0.977351
0.00524325,0.981837
0.00525678,0.986445
0.00527312,0.991084
0.00528641,0.995845
0.0053025,1.00057
0.00531544,1.00549
0.00532807,1.01052
0.00534327,1.01568
0.00535835,1.02093
0.00537057,1.02621
0.00538303,1.03131
0.0053956,1.03637
0.00541384,1.04147
0.005426,1.04672
0.00544084,1.05212
0.00545539,1.05761
0.00546671,1.06326
0.00548078,1.069
0.00549473,1.07479
0.00550516,1.08084
0.00551809,1.08712
0.00553067,1.09356
0.00554003,1.10012
0.00555218,1.10678
0.00556107,1.11361
0.00557281,1.12042
0.00558431,1.12734
0.00559582,1.1343
0.00560726,1.14129
0.0056218,1.14819
0.00563313,1.15518
0.0056441,1.16241
0.00565482,1.1697
0.00566257,1.17706
0.00567604,1.18444
0.00568647,1.19189
0.0056972,1.19918
0.00571085,1.20651
0.00572444,1.21386
0.00573493,1.22128
0.00574542,1.22869
0.00575895,1.23608
0.00576956,1.24343
0.00577993,1.25091
0.00579042,1.25833
0.0058008,1.2658
0.00581373,1.27346
0.00582654,1.28115
0.00583912,1.28897
0.00584854,1.2969
0.00585808,1.30477
0.00587024,1.31277
0.0058793,1.32089
0.00589128,1.329
0.00590308,1.33718
0.0059119,1.34536
0.00592364,1.3536
0.00593216,1.36196
0.00594361,1.37026
0.00595523,1.37857
0.00596364,1.38699
0.00597806,1.39529
0.00598676,1.40353
0.00599844,1.41177
0.00600715,1.42007
0.00601895,1.42825
0.00602759,1.43655
0.00603915,1.44485
0.00605054,1.45321
0.00606186,1.46163
0.00607307,1.47012
0.00608404,1.47866
0.00609208,1.48727
0.00610633,1.49563
0.00611497,1.50393
0.00612659,1.51223
0.00613923,1.52001
0.00615228,1.52761
0.00616581,1.53497
0.0061794,1.54229
0.00619329,1.54949
0.00620712,1.5567
0.00622077,1.56402
0.00623382,1.57162
0.00624646,1.57937
0.0062616,1.58737
0.00626994,1.59579
0.00628347,1.60452
0.00629373,1.61343
0.00630088,1.62246
0.00631357,1.63162
0.00632335,1.64071
0.00633301,1.64993
0.00634564,1.65908
0.00635229,1.66836
0.0063648,1.67758
0.00637428,1.68685
0.00638662,1.69613
0.00639574,1.70559
0.00640754,1.71517
0.0064194,1.7247
0.00643109,1.73434
0.00643678,1.74404
0.00644804,1.75381
0.00645937,1.76364
0.00646771,1.77346
0.0064788,1.78329
0.00648983,1.79324
0.00650103,1.80306
0.00651253,1.81277
0.00652416,1.82241
0.0065359,1.832
0.00654782,1.84152
0.00655992,1.85092
0.00657196,1.86038
0.00658388,1.8699
0.00659884,1.8793
0.00661088,1.88876
0.00662334,1.89804
0.00663556,1.90737
0.0066479,1.91671
0.00666012,1.92605
0.00667245,1.93533
0.00668479,1.94467
0.00669695,1.954
0.00670935,1.96334
0.00672163,1.97262
0.00673689,1.9819
0.00674589,1.99148
0.00676043,2.00106
0.00677176,2.01083
0.00677998,2.02072
0.00679077,2.03079
0.006804,2.04104
0.00681157,2.05123
0.00682457,2.06161
0.00683458,2.07205
0.00684721,2.08255
0.00685687,2.09317
0.00686921,2.10379
0.00687857,2.11453
0.00689079,2.12527
0.00690002,2.13601
0.00691236,2.14669
0.00692446,2.1575
0.00693382,2.16824
0.00694318,2.17892
0.00695534,2.18972
0.00696732,2.20053
0.00697942,2.21133
0.00699134,2.22219
0.00700314,2.23318
0.00701464,2.24423
0.00702627,2.25527
0.00703789,2.26632
0.00704945,2.27731
0.00706084,2.28848
0.00707264,2.2994
0.00708772,2.31015
0.00710298,2.32083
0.00711544,2.33145
0.00712521,2.34201
0.00714095,2.35244
0.00715376,2.36288
0.00716664,2.37332
0.00717939,2.38381
0.00719525,2.39419
0.0072077,2.40481
0.00721998,2.41555
0.00723488,2.42636
0.00724782,2.43679
0.00726439,2.4468
0.00727839,2.45669
0.0072952,2.46664
0.00730933,2.47647
0.00732638,2.48629
0.00734342,2.49612
0.00735779,2.50588
0.00737191,2.51571
0.00738616,2.52548
0.00740261,2.53561
0.00741543,2.54605
0.00742824,2.55648
0.00744118,2.56686
0.00745405,2.57736
0.0074699,2.58767
0.00748326,2.59793
0.0074972,2.60787
0.00751437,2.61758
0.00752897,2.62722
0.0075434,2.63693
0.00756068,2.64657
0.00757505,2.65634
0.00758929,2.6661
0.00760419,2.67556
0.00762041,2.68441
0.00764008,2.69302
0.00765408,2.7015
0.00767113,2.70999
0.00769151,2.71823
0.00770952,2.72622
0.00772811,2.73391
0.00775028,2.74133
0.00777007,2.7485
0.00779201,2.75601
0.00780965,2.76412
0.00782658,2.77267
0.00784291,2.78146
0.00786175,2.79043
0.00787677,2.79983
0.00789107,2.8096
0.00790436,2.81985
0.00791658,2.83059
0.00793118,2.84158
0.00794263,2.85263
0.00795383,2.86386
0.00796778,2.87515
0.00797869,2.88656
0.0079896,2.89791
0.00800062,2.90921
0.00801475,2.92037
0.00802923,2.93142
0.0080411,2.94235
0.00805564,2.95339
0.00807012,2.96444
0.00808157,2.97555
0.00809283,2.98672
0.00810684,2.99801
0.00812049,3.00942
0.00813122,3.02084
0.00814481,3.03231
0.00815858,3.04367
0.00816978,3.05496
0.00818403,3.06607
0.00819833,3.07717
0.00821294,3.08822
0.00822772,3.09909
0.00823964,3.10995
0.0082515,3.12088
0.00826306,3.13192
0.00827707,3.14321
0.00828756,3.15475
0.00830038,3.16659
0.00830997,3.17855
0.00832213,3.1907
0.00833393,3.20303
0.00834526,3.21554
0.00835366,3.22811
0.00836505,3.24063
0.00837345,3.2532
0.00838484,3.26565
0.00839628,3.27816
0.00840766,3.29067
0.00841881,3.30331
0.0084299,3.31594
0.0084408,3.3287
0.00845183,3.34133
0.00846274,3.35409
0.00847657,3.36685
0.00848765,3.37948
0.00849874,3.39212
0.00851287,3.40475
0.00852425,3.4172
0.00853599,3.42959
0.00854815,3.44176
0.00856079,3.45367
0.00857652,3.46545
0.00859298,3.47692
0.00860734,3.48803
0.00862498,3.49895
0.00863994,3.50976
0.00865783,3.52056
0.00867267,3.53149
0.00869055,3.54229
0.00870515,3.55328
0.00872256,3.56432
0.00873972,3.57543
0.00875605,3.58697
0.00876845,3.59899
0.00878019,3.61138
0.00879468,3.62377
0.0088097,3.63598
0.0088252,3.64788
0.00884081,3.65978
0.00885351,3.67168
0.00887175,3.68365
0.00888468,3.69543
0.00890077,3.70715
0.00891424,3.71862
0.00893356,3.73016
0.00894405,3.74169
0.00895978,3.75353
0.00897206,3.76562
0.00898696,3.77782
0.00900198,3.78997
0.00901688,3.80224
0.00902845,3.81463
0.00903995,3.82708
0.00905437,3.83953
0.00906904,3.85186
0.0090809,3.86419
0.00909544,3.87652
0.00910701,3.88897
0.00911839,3.90148
0.00912942,3.91418
0.00914325,3.92693
0.00915374,3.93987
0.00916673,3.95293
0.00917645,3.96624
0.00918849,3.97985
0.00919737,3.99352
0.00920887,4.00738
0.00922031,4.02123
0.00923176,4.03509
0.00924034,4.04894
0.00925185,4.0628
0.00926061,4.07653
0.00927253,4.09014
0.00928129,4.10393
0.00929309,4.11761
0.00930477,4.13134
0.00931634,4.14519
0.0093276,4.15911
0.00933869,4.17315
0.00934984,4.18713
0.0093639,4.2011
0.00937463,4.21532
0.00938792,4.22967
0.00939537,4.24407
0.00940807,4.25872
0.00941767,4.27343
0.00942726,4.2882
0.00943668,4.30297
0.00944878,4.31792
0.0094576,4.333
0.00946916,4.3482
0.00947787,4.36333
0.00948651,4.37853
0.00949795,4.39379
0.00950665,4.40893
0.0095181,4.42419
0.0095268,4.43932
0.0095355,4.45452
0.00954707,4.46966
0.00955577,4.48486
0.00956692,4.50024
0.0095755,4.51543
0.0095842,4.53057
0.00959612,4.54559
0.00960828,4.56054
0.0096208,4.57525
0.00963349,4.5899
0.00964375,4.6043
0.00965763,4.6184
0.00966908,4.63226
0.00968398,4.64587
0.0096959,4.65948
0.00971068,4.67315
0.0097254,4.68682
0.00974001,4.70055
0.00975449,4.71435
0.00976886,4.7282
0.00978006,4.74218
0.00979639,4.75646
0.00980647,4.77099
0.0098191,4.78564
0.00983138,4.80047
0.00984366,4.81536
0.00985844,4.83038
0.00987042,4.84539
0.00988216,4.86047
0.00989647,4.87572
0.0099075,4.89117
0.00991852,4.90661
0.00992943,4.92211
0.00994314,4.93761
0.00995393,4.95318
0.00996752,4.96874
0.00997807,4.98437
0.00998856,5.00011
0.00999899,5.01586
0.0100123,5.03149
0.0100256,5.04723
0.010036,5.06298
0.0100435,5.07873
0.0100567,5.09447
0.0100671,5.11022
0.0100776,5.12597
0.010088,5.14159
0.0100984,5.15734
0.0101116,5.17321
0.0101191,5.18896
0.0101324,5.2047
0.0101427,5.22045
0.0101531,5.2362
0.0101636,5.25182
0.0101769,5.26757
0.0101874,5.28332
0.0102009,5.29894
0.010212,5.31432
0.0102236,5.32946
0.0102384,5.34454
0.0102505,5.35943
0.0102658,5.37426
0.0102781,5.38909
0.0102933,5.40386
0.0103057,5.41869
0.0103208,5.43359
0.0103328,5.44854
0.0103471,5.4638
0.010358,5.4793
0.0103716,5.49493
0.010382,5.51055
0.0103954,5.5263
0.0104117,5.54192
0.0104225,5.55755
0.0104367,5.57287
0.0104512,5.58807
0.0104663,5.6029
0.0104818,5.61761
0.0104945,5.63226
0.0105134,5.64672
0.0105298,5.661
0.0105429,5.67541
0.0105592,5.68975
0.0105755,5.70403
0.0105917,5.71838
0.010608,5.73266
0.0106215,5.747
0.0106378,5.76128
0.0106542,5.77557
0.0106704,5.78991
0.0106838,5.80425
0.0107001,5.81853
0.0107134,5.83288
0.0107294,5.84734
0.0107451,5.86193
0.0107603,5.87682
0.0107721,5.89184
0.0107837,5.90704
0.010798,5.92229
0.0108148,5.93767
0.0108256,5.9533
0.010839,5.96892
0.0108521,5.98479
0.0108678,6.00066
0.0108777,6.01665
0.0108905,6.03265
0.010903,6.04888
0.0109152,6.06512
0.01093,6.08147
0.0109418,6.09795
0.0109562,6.11455
0.0109673,6.13128
0.0109813,6.14812
0.0109917,6.16521
0.0110048,6.18243
0.0110206,6.19976
0.0110302,6.21722
0.0110425,6.23479
0.0110546,6.25237
0.0110666,6.27019
0.0110783,6.28802
0.0110871,6.30584
0.0111016,6.32391
0.011113,6.34185
0.0111244,6.35979
0.0111358,6.37786
0.0111473,6.3958
0.0111587,6.41387
0.0111704,6.43169
0.011182,6.44964
0.0111938,6.46746
0.0112053,6.4854
0.0112168,6.50335
0.0112285,6.52129
0.01124,6.53924
0.0112518,6.55706
0.0112605,6.57488
0.0112721,6.59283
0.0112836,6.61089
0.011295,6.62884
0.0113062,6.6469
0.0113176,6.66497
0.0113321,6.68291
0.0113437,6.70086
0.0113555,6.71868
0.0113701,6.7365
0.0113791,6.75433
0.0113939,6.77203
0.0114059,6.78985
0.0114206,6.80767
0.0114325,6.82537
0.0114418,6.84307
0.0114571,6.86053
0.0114732,6.87774
0.0114864,6.89495
0.0114997,6.91204
0.0115156,6.92925
0.0115316,6.94646
0.0115448,6.96368
0.0115608,6.98089
0.0115768,6.9981
0.0115924,7.01543
0.0116078,7.03301
0.0116198,7.05071
0.0116345,7.06853
0.0116463,7.08636
0.0116611,7.10418
0.0116758,7.122
0.0116874,7.13995
0.0116993,7.15765
0.0117142,7.17535
0.011726,7.19317
0.0117408,7.21099
0.0117521,7.22906
0.0117663,7.24712
0.0117805,7.26519
0.0117948,7.28326
0.0118061,7.3012
0.0118177,7.31914
0.0118318,7.33721
0.0118458,7.3554
0.0118568,7.37359
0.0118707,7.3919
0.0118846,7.41009
0.0119016,7.42815
0.0119159,7.44622
0.0119301,7.46416
0.0119447,7.48211
0.0119594,7.49993
0.0119745,7.51751
0.0119925,7.53521
0.012008,7.55267
0.0120264,7.57012
0.0120418,7.58758
0.0120568,7.60528
0.0120744,7.6231
0.0120887,7.64117
0.0121026,7.65935
0.0121191,7.67767
0.0121322,7.69634
0.012148,7.7149
0.0121608,7.7337
0.0121733,7.75262
0.0121886,7.77154
0.012201,7.79034
0.0122163,7.80926
0.0122286,7.8283
0.0122409,7.84722
0.0122559,7.86626
0.0122683,7.88518
0.0122806,7.90423
0.0122959,7.92315
0.0123081,7.94207
0.0123205,7.96099
0.0123327,7.98003
0.0123447,7.99908
0.0123568,8.01824
0.012372,8.03716
0.0123854,8.0556
0.0124021,8.07391
0.0124163,8.09197
0.0124306,8.10992
0.0124449,8.12798
0.0124593,8.14593
0.0124767,8.16387
0.0124914,8.18169
0.0125093,8.19939
0.0125244,8.21697
0.0125417,8.23504
0.0125557,8.25311
0.0125728,8.27117
0.0125873,8.28912
0.012602,8.30694
0.0126197,8.32464
0.0126379,8.34234
0.0126531,8.35992
0.0126713,8.37737
0.0126893,8.39507
0.0127073,8.41265
0.0127226,8.43023
0.0127407,8.44781
0.0127561,8.46539
0.0127747,8.48272
0.0127904,8.50005
0.0128091,8.51739
0.0128252,8.53448
0.0128415,8.55157
0.012861,8.56853
0.0128749,8.58538
0.0128914,8.60223
0.0129081,8.61919
0.0129243,8.63628
0.0129432,8.6535
0.012959,8.67083
0.0129746,8.68816
0.0129902,8.70562
0.0130085,8.72308
0.0130236,8.74078
0.0130412,8.7586
0.0130557,8.77654
0.0130727,8.79461
0.0130869,8.81268
0.0131009,8.83086
0.0131176,8.84905
0.0131341,8.86736
0.0131472,8.88604
0.0131627,8.90484
0.0131751,8.92376
0.01319,8.94292
0.0132074,8.96221
0.0132188,8.98162
0.0132327,9.00115
0.0132463,9.02093
0.0132564,9.04082
0.0132691,9.06109
0.0132845,9.08135
0.0132972,9.10149
0.0133094,9.12188
0.0133218,9.14214
0.0133313,9.16241
0.0133438,9.18267
0.0133563,9.20293
0.0133656,9.22332
0.0133782,9.24346
0.0133909,9.26373
0.0134007,9.28374
0.0134134,9.30401
0.0134264,9.32403
0.0134363,9.34405
0.0134493,9.36407
0.0134623,9.38409
0.0134753,9.40411
0.0134854,9.42413
0.0134955,9.44415
0.0135086,9.46404
0.0135215,9.48418
0.0135345,9.5042
0.0135445,9.52422
0.0135572,9.54436
0.0135672,9.56438
0.0135798,9.58465
0.0135925,9.60479
0.0136052,9.62493
0.0136149,9.64507
0.0136304,9.66534
0.0136429,9.6856
0.0136551,9.70599
0.01367,9.72637
0.0136787,9.74712
0.0136932,9.76775
0.0137071,9.78875
0.013718,9.80975
0.0137286,9.83086
0.0137423,9.85198
0.0137529,9.8731
0.0137664,9.89422
0.0137768,9.91546
0.0137872,9.9367
0.0137978,9.95782
0.0138112,9.97906
0.0138218,10.0002
0.0138324,10.0213
0.013843,10.0425
0.0138535,10.0637
0.0138665,10.085
0.0138767,10.1064
0.0138899,10.1277
0.0139028,10.1491
0.0139155,10.1707
0.0139251,10.1923
0.0139377,10.2139
0.0139529,10.2356
0.0139623,10.2574
0.0139744,10.2791
0.0139896,10.3008
0.014002,10.3226
0.0140145,10.3442
0.01403,10.3657
0.0140398,10.3873
0.014055,10.409
0.0140675,10.4306
0.0140796,10.4523
0.0140946,10.4742
0.0141092,10.4963
0.0141208,10.5182
0.0141319,10.5406
0.0141427,10.5629
0.0141566,10.5854
0.0141707,10.6076
0.0141823,10.6297
0.0141938,10.6517
0.0142086,10.6736
0.0142207,10.6955
0.014233,10.7172
0.0142484,10.7388
0.0142613,10.7602
0.0142744,10.7815
0.0142875,10.8029
0.0143003,10.8244
0.0143132,10.8459
0.014329,10.8672
0.0143389,10.8887
0.0143512,10.9105
0.0143634,10.9322
0.0143783,10.954
0.0143899,10.9761
0.0144039,10.9985
0.0144145,11.0209
0.0144249,11.0435
0.0144377,11.0665
0.0144475,11.0894
0.01446,11.1124
0.0144696,11.1353
0.0144816,11.1585
0.0144907,11.1818
0.0145025,11.2051
0.0145142,11.2286
0.0145258,11.252
0.0145372,11.2754
0.0145486,11.299
0.0145602,11.3224
0.0145716,11.346
0.0145801,11.3694
0.0145916,11.393
0.0146032,11.4163
0.0146118,11.4399
0.0146236,11.4632
0.0146355,11.4865
0.0146504,11.5097
0.0146594,11.533
0.014671,11.5564
0.0146827,11.5798
0.0146941,11.6033
0.0147056,11.6269
0.0147137,11.6506
0.0147249,11.6741
0.0147355,11.6981
0.014746,11.722
0.0147563,11.746
0.0147694,11.7701
0.0147791,11.7945
0.0147916,11.8188
0.014804,11.8433
0.0148161,11.8679
0.0148253,11.8924
0.0148374,11.9169
0.0148493,11.9416
0.0148611,11.9664
0.0148724,11.9913
0.0148866,12.0162
0.0148949,12.0412
0.0149089,12.0662
0.0149198,12.0914
0.0149306,12.1166
0.0149443,12.1418
0.014952,12.167
0.0149629,12.1922
0.0149711,12.2172
0.0149825,12.2421
0.0149939,12.267
0.0150026,12.2918
0.0150116,12.3165
0.0150235,12.3411
0.0150328,12.3658
0.0150451,12.3902
0.0150573,12.4147
0.0150665,12.4392
0.0150754,12.4639
0.0150872,12.4886
0.0150988,12.5135
0.0151074,12.5384
0.0151183,12.5634
0.0151291,12.5887
0.0151397,12.6139
0.0151498,12.6394
0.0151571,12.6648
0.0151701,12.6905
0.0151799,12.7161
0.0151898,12.7416
0.0151998,12.7672
0.0152099,12.7928
0.0152232,12.8182
0.0152338,12.8434
0.0152475,12.8686
0.0152584,12.8937
0.0152696,12.9187
0.0152809,12.9436
0.0152927,12.9684
0.0153048,12.993
0.015317,13.0175
0.0153293,13.0419
0.0153415,13.0664
0.0153538,13.091
0.0153659,13.1155
0.015378,13.1401
0.0153897,13.1648
0.0154013,13.1896
0.0154124,13.2146
0.0154231,13.2399
0.0154367,13.2652
0.015447,13.2906
0.0154573,13.316
0.0154672,13.3416
0.0154796,13.3673
0.0154888,13.3933
0.015501,13.4192
0.0155129,13.4453
0.0155245,13.4715
0.0155358,13.4978
0.0155441,13.5242
0.0155578,13.5507
0.0155684,13.5774
0.0155762,13.604
0.015587,13.6305
0.015601,13.657
0.0156092,13.6834
0.0156204,13.7098
0.0156317,13.7361
0.0156431,13.7624
0.0156515,13.7887
0.0156632,13.8149
0.0156719,13.841
0.0156836,13.8671
0.0156954,13.8932
0.015704,13.9195
0.0157125,13.9457
0.0157207,13.9722
0.0157317,13.9986
0.0157426,14.0251
0.0157534,14.0517
0.015761,14.0784
0.0157717,14.105
0.0157821,14.1318
0.0157922,14.1586
0.0158023,14.1856
0.0158124,14.2124
0.0158223,14.2394
0.0158349,14.2665
0.0158445,14.2936
0.0158509,14.3208
0.015863,14.3482
0.015872,14.3756
0.0158836,14.4032
0.0158954,14.4307
0.0159041,14.4583
0.0159128,14.4858
0.0159216,14.5133
0.0159336,14.5407
0.0159429,14.568
0.0159522,14.5953
0.0159646,14.6224
0.0159741,14.6496
0.0159837,14.6767
0.0159934,14.7038
0.0160031,14.7309
0.0160158,14.758
0.0160282,14.7851
0.0160377,14.8123
0.0160498,14.8395
0.016059,14.8669
0.0160712,14.8942
0.0160831,14.9217
0.0160951,14.949
0.0161069,14.9765
0.0161183,15.0041
0.0161294,15.0319
0.0161432,15.0597
0.0161568,15.0878
0.0161703,15.1158
0.0161809,15.1438
0.0161974,15.1718
0.0162085,15.1996
0.0162225,15.2275
0.0162402,15.2549
0.0162527,15.282
0.016269,15.3086
0.0162832,15.335
0.0163008,15.3611
0.0163173,15.3864
0.0163376,15.4112
0.0163554,15.4358
0.0163736,15.4602
0.0163924,15.4844
0.0164115,15.5083
0.0164308,15.5323
0.0164533,15.5561
0.0164741,15.5793
0.016496,15.602
0.0165204,15.6248
0.0165449,15.6476
0.0165663,15.6706
0.0165878,15.6934
0.0166116,15.7166
0.0166324,15.7398
0.016656,15.7631
0.0166791,15.7865
0.0167008,15.8107
0.0167183,15.8355
0.016735,15.8605
0.0167541,15.8859
0.0167728,15.9115
0.0167882,15.9373
0.0168033,15.9632
0.0168181,15.9893
0.0168325,16.0155
0.0168464,16.0419
0.0168603,16.0684
0.0168737,16.0951
0.016887,16.1219
0.0169002,16.1487
0.016913,16.1757
0.0169261,16.2026
0.0169391,16.2294
0.0169519,16.2564
0.0169644,16.2835
0.0169796,16.3108
0.0169915,16.3382
0.0170064,16.3656
0.0170209,16.3931
0.0170352,16.4208
0.0170462,16.4486
0.0170597,16.4766
0.0170698,16.5049
0.0170825,16.5334
0.0170949,16.5619
0.0171102,16.5905
0.0171225,16.6191
0.0171347,16.6477
0.0171469,16.6764
0.0171589,16.7051
0.0171709,16.7339
0.0171828,16.7627
0.0171921,16.7913
0.0172046,16.8199
0.0172145,16.8482
0.0172272,16.8766
0.0172402,16.9049
0.0172502,16.9333
0.0172632,16.9615
0.0172765,16.9897
0.0172901,17.0176
0.0173041,17.0454
0.0173154,17.0732
0.0173298,17.1007
0.0173443,17.1283
0.0173563,17.1557
0.0173712,17.183
0.0173864,17.2102
0.0173985,17.2376
0.0174134,17.2649
0.017428,17.2925
0.0174421,17.3202
0.0174558,17.3482
0.0174689,17.3764
0.0174816,17.4048
0.0174937,17.4335
0.0175057,17.4623
0.0175204,17.4911
0.0175324,17.5198
0.0175443,17.5486
0.0175564,17.5774
0.0175685,17.606
0.0175778,17.6347
0.0175904,17.6631
0.017603,17.6916
0.0176129,17.72
0.0176254,17.7484
0.0176378,17.777
0.0176498,17.8058
0.0176616,17.8346
0.0176761,17.8636
0.0176883,17.8926
0.0177013,17.9214
0.0177181,17.9497
0.0177319,17.9782
0.0177483,18.0068
0.0177648,18.0353
0.0177785,18.0638
0.0177948,18.0924
0.017814,18.121
0.0178276,18.1496
0.0178439,18.1781
0.0178599,18.2069
0.0178746,18.2364
0.0178894,18.2657
0.0179012,18.2951
0.0179158,18.3245
0.0179305,18.3539
0.0179427,18.3831
0.0179552,18.4121
0.017971,18.4411
0.0179868,18.4699
0.0179997,18.4988
0.0180125,18.5276
0.0180284,18.5566
0.0180412,18.5854
0.0180572,18.6142
0.0180729,18.643
0.0180856,18.672
0.0180981,18.7011
0.0181131,18.7304
0.0181278,18.7597
0.0181398,18.7891
0.0181517,18.8184
0.0181664,18.8478
0.018181,18.8772
0.0181954,18.9068
0.0182096,18.9364
0.0182205,18.9662
0.0182341,18.9961
0.0182474,19.0262
0.0182605,19.0564
0.0182764,19.0866
0.0182863,19.1169
0.0182993,19.1471
0.0183125,19.1773
0.018323,19.2073
0.0183364,19.2373
0.0183499,19.2672
0.0183633,19.2973
0.0183767,19.3273
0.01839,19.3573
0.0184032,19.3875
0.0184163,19.4178
0.0184318,19.448
0.018444,19.4787
0.0184589,19.5094
0.0184735,19.5402
0.018482,19.5712
0.0184993,19.6022
0.0185106,19.6332
0.018525,19.6641
0.0185392,19.6952
0.0185535,19.7261
0.0185649,19.7571
0.0185791,19.7882
0.0185934,19.8193
0.0186078,19.8501
0.0186195,19.881
0.0186341,19.9119
0.0186459,19.9427
0.0186605,19.9735
0.0186724,20.0042
0.0186844,20.0349
0.0186996,20.0655
0.0187121,20.096
0.0187244,20.1265
0.0187398,20.1569
0.0187525,20.1873
0.0187678,20.2178
0.0187829,20.2484
0.0187952,20.279
0.0188101,20.3097
0.0188249,20.3405
0.0188394,20.3714
0.0188539,20.4023
0.0188656,20.433
0.0188808,20.4637
0.0188957,20.4943
0.0189112,20.5247
0.018927,20.555
0.0189435,20.5849
0.0189578,20.6145
0.0189726,20.6438
0.0189907,20.673
0.0190092,20.7021
0.0190279,20.7309
0.0190464,20.7598
0.0190651,20.7887
0.0190808,20.8175
0.0190967,20.8465
0.0191116,20.8758
0.019129,20.9052
0.019146,20.935
0.0191628,20.9648
0.0191794,20.9945
0.019196,21.0245
0.0192121,21.0546
0.0192278,21.0849
0.0192432,21.1153
0.0192584,21.1459
0.0192733,21.1765
0.0192911,21.2073
0.0193083,21.2383
0.0193223,21.2694
0.0193388,21.3007
0.0193521,21.3322
0.0193654,21.3637
0.0193816,21.3952
0.0193952,21.4264
0.0194115,21.4579
0.0194254,21.4892
0.0194364,21.5203
0.0194505,21.5514
0.019462,21.5823
0.0194735,21.6133
0.0194911,21.6441
0.0195029,21.675
0.0195147,21.7057
0.0195293,21.7365
0.019541,21.7674
0.0195554,21.7984
0.0195699,21.8293
0.0195841,21.8603
0.0195982,21.8914
0.0196096,21.9224
0.0196237,21.9534
0.0196381,21.9844
0.0196524,22.0154
0.0196669,22.0463
0.0196813,22.0772
0.0196931,22.1079
0.0197109,22.1387
0.019726,22.1693
0.0197384,22.1999
0.019754,22.2301
0.0197668,22.2605
0.0197855,22.2908
0.0197987,22.3208
0.019812,22.351
0.0198286,22.3809
0.0198454,22.4107
0.0198592,22.4405
0.019876,22.4703
0.01989,22.5
0.0199068,22.5297
0.0199237,22.5595
0.0199403,22.5894
0.0199571,22.6192
0.0199737,22.6491
0.01999,22.679
0.0200061,22.7091
0.020022,22.7394
0.0200377,22.7697
0.020053,22.8002
0.020068,22.831
0.0200829,22.8616
0.0200978,22.8922
0.0201154,22.9231
0.0201301,22.9539
0.020142,22.9847
0.0201569,23.0153
0.0201721,23.0459
0.0201845,23.0765
0.0201973,23.1067
0.020213,23.137
0.0202262,23.1672
0.0202424,23.1973
0.0202587,23.2272
0.0202722,23.2572
0.0202857,23.2871
0.020302,23.3172
0.0203183,23.3473
0.0203318,23.3772
0.0203469,23.4064
0.0203624,23.4355
0.0203808,23.4644
0.0203993,23.4934
0.0204179,23.5224
0.0204366,23.5512
0.0204557,23.5799
0.0204749,23.6086
0.0204943,23.637
0.0205139,23.6654
0.020529,23.6947
0.0205466,23.724
0.0205641,23.7535
0.020579,23.7829
0.0205965,23.8123
0.0206111,23.8417
0.0206254,23.8713
0.0206423,23.901
0.0206533,23.9308
0.0206695,23.9609
0.0206857,23.991
0.0207013,24.0213
0.0207141,24.0517
0.0207291,24.0823
0.020744,24.113
0.0207586,24.1438
0.0207726,24.175
0.0207864,24.2062
0.0207998,24.2375
0.0208129,24.2692
0.0208257,24.3009
0.0208412,24.3327
0.0208564,24.3647
0.0208716,24.3966
0.0208807,24.4286
0.0208983,24.4609
0.0209102,24.4931
0.0209221,24.5253
0.020934,24.5573
0.0209461,24.5895
0.0209583,24.6215
0.0209706,24.6535
0.0209833,24.6852
0.020996,24.717
0.0210087,24.7487
0.0210185,24.7804
0.0210341,24.8122
0.021047,24.8439
0.0210631,24.8754
0.0210762,24.9069
0.0210889,24.9386
0.0211015,24.9706
0.0211167,25.0026
0.0211289,25.0346
0.0211438,25.0666
0.0211586,25.0988
0.0211733,25.131
0.0211851,25.1632
0.0211997,25.1955
0.0212146,25.2275
0.0212272,25.2594
0.0212428,25.2912
0.021256,25.3227
0.0212725,25.3539
0.0212865,25.3852
0.0213038,25.4162
0.0213182,25.4471
0.021336,25.4777
0.0213508,25.5085
0.0213658,25.5392
0.0213837,25.5699
0.0213989,25.6004
0.0214173,25.6308
0.0214357,25.6613
0.021454,25.6917
0.0214724,25.7221
0.0214906,25.7526
0.0215057,25.7832
0.0215238,25.8138
0.0215446,25.8444
0.021562,25.8753
0.021582,25.9064
0.0215993,25.9373
0.0216164,25.9683
0.0216337,25.9993
0.0216536,26.0303
0.0216678,26.0614
0.0216851,26.0924
0.0217023,26.1234
0.0217194,26.1543
0.0217366,26.1853
0.021754,26.2163
0.0217677,26.2476
0.0217841,26.2788
0.0218001,26.3106
0.0218133,26.3421
0.0218291,26.3736
0.0218448,26.4053
0.0218576,26.437
0.0218699,26.469
0.0218854,26.5008
0.0219007,26.5328
0.0219157,26.565
0.0219306,26.597
0.0219425,26.6292
0.0219572,26.6614
0.0219746,26.6936
0.0219861,26.7261
0.0220003,26.7583
0.0220144,26.7908
0.0220285,26.8235
0.0220426,26.8558
0.0220543,26.8882
0.0220687,26.9205
0.0220804,26.9527
0.022092,26.9849
0.0221066,27.0172
0.0221183,27.0496
0.0221298,27.0819
0.0221441,27.1143
0.0221555,27.1468
0.0221727,27.179
0.0221878,27.211
0.022203,27.243
0.0222184,27.275
0.0222343,27.3065
0.0222533,27.338
0.0222697,27.3694
0.0222893,27.4007
0.022306,27.4319
0.0223256,27.4632
0.022342,27.4944
0.0223606,27.5262
0.0223761,27.5579
0.0223913,27.5902
0.0224086,27.6224
0.022423,27.6548
0.0224341,27.6873
0.0224479,27.7198
0.0224622,27.7523
0.0224798,27.7845
0.0224916,27.8167
0.022509,27.8489
0.0225236,27.8812
0.0225352,27.9136
0.0225499,27.9459
0.0225643,27.9781
0.0225788,28.0103
0.0225931,28.0428
0.0226072,28.0753
0.0226203,28.1082
0.0226332,28.1414
0.0226459,28.1746
0.0226585,28.2078
0.0226707,28.241
0.0226858,28.2745
0.0227007,28.3082
0.0227128,28.3416
0.0227275,28.3751
0.0227423,28.4088
0.0227515,28.4422
0.0227669,28.4754
0.0227792,28.5089
0.0227913,28.5423
0.0228035,28.5757
0.0228155,28.6092
0.0228274,28.6426
0.022842,28.6763
0.0228536,28.71
0.0228678,28.744
0.0228819,28.7779
0.0228927,28.8118
0.0229066,28.8458
0.0229235,28.8797
0.0229375,28.9136
0.0229515,28.9478
0.0229653,28.9818
0.0229791,29.0157
0.0229961,29.0496
0.0230102,29.0836
0.023024,29.1175
0.0230408,29.1517
0.0230574,29.1856
0.0230681,29.2198
0.0230844,29.254
0.0230981,29.2881
0.0231116,29.3223
0.0231252,29.3565
0.0231386,29.3907
0.0231521,29.4249
0.0231658,29.459
0.0231795,29.4932
0.0231932,29.5272
0.023204,29.5613
0.0232205,29.5955
0.0232311,29.6295
0.0232445,29.6639
0.0232574,29.6983
0.0232703,29.7327
0.023283,29.7674
0.0232982,29.8021
0.0233132,29.837
0.0233252,29.8719
0.0233402,29.9068
0.0233523,29.9417
0.0233677,29.9764
0.0233805,30.0108
0.0233905,30.0452
0.0234037,30.0797
0.0234171,30.1138
0.0234307,30.148
0.0234444,30.1822
0.0234581,30.2161
0.0234715,30.2503
0.0234847,30.2847
0.0234978,30.3192
0.0235108,30.3536
0.0235264,30.3882
0.0235417,30.4227
0.0235543,30.4576
0.0235663,30.4923
0.0235812,30.5272
0.0235987,30.5623
0.0236133,30.5975
0.0236279,30.6324
0.0236422,30.6675
0.0236562,30.7029
0.0236731,30.7383
0.0236845,30.7735
0.0237014,30.8089
0.0237159,30.8441
0.0237305,30.879
0.0237458,30.9139
0.0237586,30.9483
0.0237744,30.9827
0.0237877,31.0172
0.0237982,31.0513
0.0238149,31.0853
0.0238287,31.1194
0.0238428,31.1534
0.0238569,31.1871
0.023871,31.221
0.023885,31.2549
0.0238989,31.2891
0.0239158,31.3231
0.0239299,31.3568
0.0239469,31.3907
0.0239611,31.4246
0.0239783,31.4583
0.0239965,31.4918
0.024015,31.525
0.024031,31.5579
0.0240471,31.5909
0.0240666,31.6236
0.0240832,31.6561
0.0241001,31.6888
0.0241173,31.721
0.0241345,31.7535
0.0241546,31.786
0.024168,31.8187
0.0241841,31.8516
0.0242001,31.8846
0.0242189,31.9178
0.0242345,31.9507
0.0242501,31.9839
0.0242656,32.0172
0.0242808,32.0506
0.0242956,32.084
0.0243132,32.1177
0.0243278,32.1514
0.024345,32.1851
0.0243623,32.2191
0.0243794,32.2527
0.0243964,32.2867
0.0244135,32.3206
0.024428,32.3543
0.0244429,32.3878
0.0244583,32.4212
0.024474,32.4542
0.0244931,32.4871
0.0245066,32.5198
0.0245209,32.5523
0.0245382,32.5845
0.024556,32.6168
0.0245743,32.6485
0.0245929,32.6802
0.0246087,32.712
0.0246274,32.7437
0.024646,32.7755
0.0246617,32.8072
0.0246799,32.8389
0.0246949,32.8712
0.0247125,32.9031
0.0247299,32.9356
0.0247467,32.9681
0.0247659,33.001
0.0247791,33.034
0.024798,33.067
0.0248142,33.0997
0.0248306,33.1326
0.0248471,33.1653
0.024861,33.1981
0.0248749,33.2305
0.024892,33.263
0.024907,33.295
0.0249223,33.327
0.0249405,33.3589
0.0249561,33.3907
0.0249747,33.4224
0.0249903,33.4542
0.0250089,33.4859
0.0250273,33.5176
0.0250453,33.5496
0.0250628,33.5818
0.0250796,33.6146
0.0250988,33.6473
0.0251145,33.6805
0.0251325,33.7139
0.0251501,33.7476
0.0251671,33.7813
0.0251838,33.8155
0.0252002,33.8497
0.0252166,33.8839
0.02523,33.918
0.0252466,33.9522
0.0252604,33.9861
0.0252746,34.0201
0.0252917,34.0538
0.0253037,34.0875
0.0253185,34.1209
0.0253364,34.1544
0.025352,34.1876
0.0253708,34.2205
0.025387,34.2535
0.0254034,34.2862
0.02542,34.3189
0.0254365,34.3516
0.0254564,34.3841
0.0254735,34.4166
0.0254939,34.449
0.0255142,34.4813
0.0255314,34.5135
0.0255514,34.546
0.0255718,34.5782
0.0255923,34.6104
0.0256102,34.6426
0.0256311,34.6746
0.025649,34.7066
0.025667,34.7386
0.0256881,34.7706
0.0257064,34.8023
0.025725,34.834
0.0257437,34.8658
0.0257622,34.8975
0.0257806,34.9295
0.0257986,34.9615
0.0258134,34.9937
0.0258339,35.0257
0.0258512,35.0582
0.0258711,35.0906
0.0258906,35.1234
0.025907,35.1561
0.0259228,35.1893
0.0259412,35.2225
0.0259593,35.2557
0.0259774,35.2891
0.0259953,35.3226
0.0260131,35.356
0.0260311,35.3897
0.026049,35.4232
0.0260643,35.4564
0.0260831,35.4893
0.0260993,35.5223
0.0261158,35.555
0.0261356,35.5875
0.0261526,35.6199
0.0261697,35.6524
0.0261872,35.6846
0.0262048,35.7169
0.0262255,35.7491
0.0262403,35.7811
0.0262609,35.8133
0.0262756,35.8455
0.0262932,35.8777
0.0263108,35.91
0.0263317,35.942
0.0263498,35.9739
0.026368,36.0059
0.0263894,36.0377
0.026408,36.0694
0.0264295,36.1011
0.0264482,36.1326
0.026467,36.1644
0.0264862,36.1959
0.0265055,36.2271
0.0265249,36.2586
0.0265446,36.2899
0.0265609,36.3211
0.0265772,36.3526
0.0265937,36.3839
0.0266101,36.4153
0.0266296,36.4466
0.0266517,36.4781
0.0266709,36.5096
0.0266898,36.5411
0.0267115,36.5726
0.0267297,36.6046
0.0267479,36.6365
0.0267661,36.6685
0.0267866,36.7007
0.0268066,36.7332
0.0268232,36.7657
0.0268395,36.7986
0.026858,36.8318
0.0268734,36.8651
0.0268911,36.8985
0.0269089,36.9322
0.0269236,36.9656
0.026938,36.9996
0.0269525,37.0333
0.0269672,37.0667
0.0269789,37.1004
0.0269939,37.1339
0.027009,37.1673
0.0270244,37.2005
0.0270401,37.2337
0.0270529,37.2669
0.0270689,37.2999
0.0270821,37.3328
0.0270984,37.3655
0.0271143,37.3985
0.0271302,37.4317
0.0271457,37.4649
0.0271612,37.4981
0.027176,37.5316
0.0271903,37.5655
0.0272074,37.5992
0.0272213,37.6334
0.027235,37.6673
0.0272485,37.7015
0.027265,37.7357
0.0272787,37.7698
0.0272927,37.8038
0.0273068,37.8377
0.0273213,37.8714
0.0273358,37.9051
0.0273473,37.9388
0.0273615,37.9727
0.0273784,38.0064
0.0273925,38.0403
0.0274062,38.0745
0.0274196,38.1087
0.0274353,38.1434
0.0274478,38.178
0.0274655,38.213
0.0274773,38.2479
0.0274916,38.283
0.0275089,38.3184
0.0275229,38.3536
0.0275368,38.389
0.0275508,38.4244
0.0275648,38.4598
0.0275792,38.4949
0.0275937,38.5301
0.0276088,38.5648
0.0276241,38.5997
0.0276398,38.6341
0.0276531,38.6683
0.0276665,38.7025
0.027683,38.7366
0.0276967,38.7708
0.0277105,38.8047
0.0277271,38.8389
0.0277407,38.8731
0.0277569,38.9073
0.027773,38.9417
0.027786,38.9761
0.0278015,39.0108
0.0278171,39.0452
0.0278323,39.0801
0.0278476,39.1148
0.0278628,39.1495
0.0278808,39.1844
0.0278991,39.2191
0.0279146,39.2537
0.0279303,39.2881
0.0279434,39.3226
0.0279595,39.357
0.0279729,39.3912
0.0279893,39.4254
0.028003,39.4595
0.0280193,39.4937
0.0280361,39.5276
0.0280502,39.5616
0.0280672,39.5955
0.0280811,39.6295
0.0280977,39.6636
0.0281141,39.6978
0.0281305,39.732
0.0281466,39.7662
0.0281624,39.8008
0.028181,39.8353
0.0281991,39.8699
0.0282139,39.9051
0.0282313,39.94
0.0282487,39.9752
0.0282665,40.0101
0.0282848,40.0447
0.0283037,40.0792
0.0283172,40.1133
0.0283345,40.147
0.0283525,40.1805
0.0283682,40.2137
0.0283877,40.2464
0.0284048,40.2789
0.0284224,40.3111
0.0284429,40.3433
0.0284606,40.3753
0.028478,40.4078
0.0284954,40.44
0.0285124,40.4725
0.0285321,40.5049
0.0285485,40.5379
0.0285648,40.5706
0.0285835,40.6038
0.0285994,40.6368
0.0286179,40.67
0.0286359,40.7034
0.0286511,40.7369
0.0286691,40.7701
0.0286841,40.8035
0.0287021,40.837
0.0287175,40.8704
0.028733,40.9036
0.0287513,40.9368
0.0287669,40.97
0.0287827,41.003
0.0287989,41.0359
0.0288152,41.0689
0.0288315,41.1016
0.0288453,41.1343
0.0288649,41.1668
0.0288818,41.1995
0.0289019,41.2318
0.0289161,41.2642
0.0289361,41.2967
0.0289532,41.3292
0.0289705,41.3616
0.0289875,41.3939
0.0290076,41.4263
0.0290276,41.4588
0.0290477,41.4913
0.029068,41.5235
0.0290855,41.5557
0.0291065,41.5877
0.0291255,41.6194
0.0291457,41.6503
0.0291671,41.6807
0.0291872,41.7103
0.0292151,41.739
0.0292386,41.7669
0.0292631,41.7944
0.0292921,41.8211
0.0293192,41.8472
0.0293475,41.8729
0.0293797,41.898
0.0294129,41.9228
0.0294443,41.9468
0.0294799,41.9704
0.0313948,41.0837
