"Maximum force",41.6391,"N"
"Gage length ",0.940899,"mm"
"Strain energy",0.283019,"mJ"
"Deformation at maximum force",0.0159068,"mm"
"Standard travel","Standard force"
"mm","N"
0,0.24366
6.4075e-007,0.244736
1.36346e-006,0.245765
2.15322e-006,0.246773
2.90573e-007,0.247658
1.40816e-006,0.248504
2.42889e-006,0.249397
3.62843e-006,0.250206
1.885e-006,0.251034
3.1814e-006,0.251797
4.40329e-006,0.252594
2.86847e-006,0.253322
4.38094e-006,0.253982
3.09944e-006,0.254593
4.72367e-006,0.255195
3.49432e-006,0.255783
5.29736e-006,0.256302
4.03076e-006,0.256904
2.90573e-006,0.257438
4.79817e-006,0.257915
3.73274e-006,0.258423
2.902e-006,0.258817
2.02656e-006,0.259231
4.06802e-006,0.25964
3.21493e-006,0.260048
2.58535e-006,0.260345
4.5523e-006,0.260784
3.74019e-006,0.261175
2.86475e-006,0.261591
1.93715e-006,0.262029
1.24425e-006,0.262359
3.1963e-006,0.262806
2.31341e-006,0.263229
1.48639e-006,0.26362
5.96046e-007,0.264044
-4.91738e-007,0.264559
-1.27405e-006,0.264929
-1.95205e-006,0.265249
2.98023e-007,0.265556
-2.68221e-007,0.265829
-8.79169e-007,0.266119
-1.37463e-006,0.266355
-1.70805e-006,0.266512
6.91041e-007,0.266747
2.8871e-007,0.266943
-1.08033e-007,0.267131
-5.38304e-007,0.267335
-1.04867e-006,0.267577
-1.54413e-006,0.267813
-1.97627e-006,0.268017
-2.47173e-006,0.268251
-2.83495e-006,0.268424
-3.41237e-006,0.268697
-3.89293e-006,0.268925
-4.40702e-006,0.269168
-4.90248e-006,0.269403
-5.29923e-006,0.269591
-5.69597e-006,0.269779
-6.04242e-006,0.269944
-6.50622e-006,0.270163
-6.91973e-006,0.270359
-7.51205e-006,0.270641
-7.99261e-006,0.270868
-8.44151e-006,0.27108
-8.83825e-006,0.271268
-9.16794e-006,0.271425
-6.66454e-006,0.271613
-7.02217e-006,0.271786
-4.53368e-006,0.271981
-1.92598e-006,0.272122
-2.2836e-006,0.272295
1.15484e-007,0.272529
2.32086e-006,0.272865
4.40702e-006,0.27325
6.61239e-006,0.273586
1.14404e-005,0.27405
1.34669e-005,0.274463
1.82949e-005,0.274927
2.00309e-005,0.275492
2.14987e-005,0.276171
2.57902e-005,0.276884
3.03201e-005,0.277494
3.49097e-005,0.278066
3.66382e-005,0.278639
4.09298e-005,0.279352
4.52809e-005,0.28005
4.94532e-005,0.280817
5.05634e-005,0.281679
5.74775e-005,0.282533
6.15902e-005,0.283342
6.54645e-005,0.28425
6.92196e-005,0.285234
7.57761e-005,0.286257
8.22432e-005,0.287325
8.57748e-005,0.288408
9.20631e-005,0.289552
9.5401e-005,0.290727
9.86345e-005,0.291948
0.000104714,0.293207
0.000110555,0.294565
0.000116367,0.295938
0.00012191,0.297449
0.000127185,0.299082
0.000132222,0.300821
0.000134218,0.302637
0.000141907,0.304506
0.000146437,0.306474
0.000150878,0.308504
0.00015517,0.31061
0.000159461,0.3127
0.000166584,0.314836
0.000170726,0.317003
0.00017776,0.319185
0.000181723,0.321443
0.000188578,0.323702
0.000192512,0.325975
0.000199307,0.328249
0.000205982,0.330614
0.000209559,0.33304
0.00021309,0.335497
0.0002192,0.338106
0.000222448,0.3407
0.000231329,0.343385
0.000234295,0.346117
0.000240136,0.348863
0.000245977,0.351595
0.00025161,0.354433
0.000257242,0.357271
0.000262816,0.36014
0.00026815,0.36313
0.000273395,0.366152
0.000278492,0.369249
0.000283439,0.372408
0.000288416,0.375566
0.000295985,0.378862
0.000303317,0.38228
0.00030743,0.38582
0.000311423,0.389452
0.000318188,0.393129
0.000324685,0.396929
0.000331331,0.400682
0.000337798,0.404497
0.000344355,0.408281
0.000350762,0.412126
0.000356991,0.416063
0.000363041,0.420061
0.000369001,0.42415
0.000374991,0.428179
0.000383813,0.432237
0.000389863,0.436296
0.000395525,0.440477
0.000403989,0.444719
0.000409354,0.449083
0.000414539,0.453508
0.000422526,0.457994
0.000427473,0.462541
0.000432421,0.467088
0.000439961,0.471788
0.000447441,0.476488
0.000454832,0.481249
0.000459362,0.486009
0.000469495,0.490831
0.000473697,0.495714
0.00048079,0.500627
0.000490744,0.505541
0.000494916,0.510484
0.000501741,0.515489
0.000508625,0.520494
0.00051542,0.52553
0.000525016,0.530626
0.000531424,0.535875
0.000537712,0.541155
0.000543971,0.546465
0.000552673,0.551958
0.000561256,0.557512
0.000566978,0.563097
0.000578482,0.568651
0.000583936,0.574358
0.000591923,0.580187
0.000599731,0.586138
0.00060742,0.592149
0.00061496,0.598192
0.000625152,0.604387
0.000629563,0.610552
0.000639696,0.616777
0.000643838,0.623094
0.000653375,0.629564
0.000659931,0.636125
0.000666369,0.642717
0.000675548,0.64937
0.000681836,0.656053
0.000691075,0.662676
0.000697304,0.669389
0.000706483,0.676042
0.000715304,0.682848
0.000721235,0.689714
0.000730116,0.69652
0.000738997,0.703325
0.000747699,0.710191
0.0007536,0.717088
0.000762183,0.724016
0.000770587,0.731066
0.000778873,0.738146
0.000786979,0.745348
0.000795204,0.752458
0.000803072,0.759722
0.00081088,0.767046
0.000818569,0.774431
0.000826437,0.781725
0.000833977,0.789171
0.000841457,0.796648
0.000848908,0.804125
0.000859696,0.811388
0.000867564,0.818712
0.000878233,0.826067
0.000885863,0.833452
0.000893611,0.840807
0.0009013,0.848161
0.00090893,0.855577
0.000916678,0.862901
0.000927228,0.870287
0.000934858,0.877733
0.000941742,0.885484
0.000951577,0.893205
0.000958402,0.900987
0.000968296,0.908708
0.000978012,0.91649
0.000987489,0.924364
0.000993837,0.93242
0.00100278,0.940538
0.0010119,0.948656
0.00102084,0.956774
0.00102692,0.964952
0.00103568,0.973192
0.00104432,0.981493
0.00105285,0.989855
0.00106131,0.998216
0.00107263,1.00658
0.00108092,1.01506
0.0010892,1.02355
0.00109701,1.03227
0.00110482,1.04094
0.00111537,1.04973
0.001123,1.05852
0.00113057,1.06731
0.0011379,1.07622
0.0011478,1.08531
0.00115793,1.09429
0.00116499,1.10338
0.00117182,1.11254
0.0011787,1.12163
0.0011883,1.13085
0.00119795,1.14006
0.00120445,1.1494
0.00121369,1.1588
0.00122281,1.16826
0.00122901,1.17772
0.00124051,1.18736
0.00124927,1.19701
0.0012578,1.20671
0.0012693,1.21648
0.00127475,1.22624
0.0012856,1.23625
0.00129064,1.24626
0.00130137,1.25633
0.00130891,1.26653
0.00131639,1.27678
0.00132378,1.28703
0.00133103,1.29743
0.00133824,1.30775
0.00134813,1.31818
0.00135785,1.32874
0.00136491,1.33918
0.00137189,1.34968
0.00138154,1.36024
0.00139138,1.37073
0.00139802,1.38135
0.00140768,1.39191
0.00141415,1.40265
0.0014235,1.41334
0.0014328,1.42408
0.00144198,1.43488
0.00144812,1.44575
0.00145688,1.45673
0.00146576,1.46766
0.00147453,1.4787
0.00148341,1.48963
0.00148943,1.50056
0.00150123,1.51148
0.00150737,1.52234
0.00151631,1.53327
0.00152531,1.54413
0.00153437,1.555
0.00154349,1.56586
0.00155541,1.57673
0.00156429,1.58765
0.00157293,1.5987
0.0015814,1.60987
0.0015898,1.62104
0.00160077,1.63239
0.0016087,1.64374
0.00161656,1.65516
0.00162717,1.66669
0.0016348,1.67823
0.00164559,1.68964
0.0016537,1.70093
0.00166454,1.71235
0.00167241,1.72376
0.00168588,1.73524
0.00169351,1.74683
0.001704,1.75837
0.00171431,1.77003
0.00172439,1.78174
0.0017344,1.79352
0.00174394,1.80555
0.00175604,1.81775
0.00176215,1.82996
0.00177407,1.84223
0.00178295,1.85456
0.00179189,1.86683
0.00180357,1.87922
0.00181245,1.89155
0.00182128,1.90388
0.00182992,1.91633
0.00183832,1.92884
0.00184935,1.94153
0.00186055,1.95417
0.00187164,1.9668
0.00187987,1.97944
0.00189083,1.99213
0.0019015,2.00495
0.0019091,2.01789
0.00191935,2.03095
0.00192943,2.04407
0.00193962,2.05713
0.00194975,2.07026
0.00195694,2.08338
0.00196677,2.09662
0.00197666,2.10987
0.0019865,2.12311
0.00199651,2.13624
0.00200939,2.14942
0.00201678,2.16248
0.00202697,2.17554
0.0020343,2.1886
0.00204432,2.20179
0.00205433,2.21491
0.00206428,2.22809
0.00207418,2.24134
0.00208377,2.25471
0.00209319,2.26813
0.00210255,2.28162
0.00211167,2.29517
0.00212073,2.30878
0.00212967,2.32245
0.00213873,2.33607
0.00215041,2.3498
0.00215923,2.36353
0.0021677,2.37745
0.00217628,2.3913
0.00218761,2.40522
0.00219589,2.4192
0.00220704,2.43317
0.00221502,2.44727
0.00222277,2.46155
0.0022332,2.4759
0.00224346,2.4903
0.00225329,2.50495
0.00226023,2.51954
0.00226983,2.53425
0.00227645,2.54908
0.00228872,2.56391
0.00229796,2.5788
0.00230431,2.59369
0.00231665,2.60853
0.00232589,2.62342
0.00233227,2.63831
0.00234466,2.65308
0.00235378,2.66804
0.0023632,2.68287
0.00237232,2.69782
0.00238162,2.71271
0.00239074,2.72767
0.00239968,2.74268
0.0024113,2.75788
0.00242012,2.77296
0.00242883,2.78815
0.00244039,2.80329
0.00244927,2.81837
0.00246107,2.83344
0.00247031,2.84833
0.00248223,2.86335
0.00249117,2.87842
0.00250053,2.89326
0.00251323,2.9079
0.00252324,2.92243
0.00253349,2.9369
0.00254666,2.9513
0.00255662,2.96583
0.00256615,2.9806
0.00257843,2.99543
0.00258785,3.01026
0.00259721,3.02509
0.00260609,3.04017
0.0026173,3.05555
0.00262826,3.07099
0.00263691,3.08619
0.00265252,3.09943
0.0026685,3.11255
0.00268173,3.12556
0.0026977,3.13868
0.0027163,3.15192
0.00273478,3.16511
0.00274765,3.17835
0.00276351,3.19147
0.00277912,3.20472
0.00279396,3.21839
0.00280714,3.23414
0.00281405,3.25013
0.00282645,3.26636
0.00283569,3.2826
0.00284493,3.29883
0.00285405,3.31519
0.00286597,3.33155
0.00287777,3.34803
0.00288641,3.36463
0.00289511,3.38111
0.00290644,3.39783
0.0029149,3.41443
0.00292652,3.43104
0.00293523,3.44752
0.00294661,3.46412
0.00295806,3.48084
0.00296622,3.49756
0.00297707,3.51453
0.00298792,3.53138
0.00299578,3.54835
0.00300663,3.56519
0.0030145,3.58216
0.00302493,3.59925
0.00303241,3.61634
0.00304278,3.63343
0.00305023,3.65064
0.00306049,3.66773
0.00307074,3.68494
0.00307804,3.70215
0.00308805,3.71949
0.00309807,3.7367
0.00310522,3.75403
0.00311541,3.77125
0.00312268,3.78846
0.00313562,3.80579
0.00314298,3.82288
0.00315034,3.84009
0.00316065,3.85731
0.0031709,3.8744
0.00318116,3.89161
0.00318846,3.90882
0.00319835,3.92615
0.00320807,3.94361
0.00321766,3.96107
0.00323024,3.97852
0.00323948,3.99622
0.00324854,4.01392
0.00325754,4.03174
0.00326928,4.04957
0.00328108,4.06739
0.00328949,4.08545
0.00329795,4.1034
0.00330922,4.12159
0.00331732,4.13978
0.00332805,4.15809
0.00333872,4.1764
0.00334653,4.19471
0.00335714,4.21314
0.00336456,4.2317
0.00337463,4.25037
0.00338488,4.26893
0.0033949,4.28748
0.00340497,4.30616
0.0034123,4.32471
0.00342261,4.34327
0.00343287,4.36182
0.00344312,4.38038
0.00345331,4.39893
0.00346073,4.41749
0.00347098,4.43604
0.00348398,4.45472
0.00349417,4.47327
0.00350129,4.49195
0.00351393,4.51075
0.0035206,4.52967
0.00353294,4.54859
0.0035423,4.56751
0.00355452,4.58655
0.00356364,4.6056
0.00357574,4.62464
0.00358486,4.6438
0.00359666,4.66297
0.00360572,4.68213
0.00361788,4.70118
0.00363028,4.7201
0.00364255,4.73902
0.00365477,4.75806
0.00366664,4.77723
0.00367844,4.79639
0.00369018,4.81568
0.00370508,4.83472
0.00371688,4.85401
0.00372827,4.87342
0.00373929,4.89295
0.00374996,4.9126
0.00375783,4.93238
0.00377136,4.95215
0.00378215,4.97181
0.00379294,4.99146
0.00380337,5.01136
0.0038138,5.03113
0.00382137,5.05103
0.00383186,5.07081
0.00384515,5.0907
0.00385534,5.1106
0.0038684,5.13062
0.00387841,5.15064
0.00388836,5.17078
0.0038982,5.19092
0.00390797,5.21107
0.00391745,5.23133
0.00392687,5.25171
0.00393611,5.2721
0.00394535,5.29249
0.00395745,5.31299
0.00396657,5.33338
0.00397557,5.35389
0.00398445,5.37452
0.00399655,5.3949
0.00400608,5.41529
0.0040189,5.43531
0.00403165,5.45545
0.00404161,5.47559
0.00405448,5.49561
0.0040673,5.51575
0.00408005,5.53577
0.00409299,5.55591
0.00410294,5.57593
0.00411599,5.59595
0.00413042,5.61524
0.00414449,5.63477
0.00415569,5.6543
0.00416958,5.67383
0.00418377,5.69324
0.00419867,5.71241
0.00421667,5.73133
0.00422906,5.75037
0.00424426,5.76929
0.00425916,5.78846
0.00426936,5.80836
0.00428247,5.82837
0.00429242,5.84839
0.00430536,5.86841
0.00431788,5.88868
0.00432962,5.90931
0.004341,5.93006
0.00434911,5.95106
0.0043599,5.97205
0.00437045,5.99329
0.00438159,6.01417
0.00439602,6.0348
0.0044049,6.05543
0.00441938,6.07606
0.00443083,6.09681
0.00444519,6.11756
0.00445669,6.13831
0.00447088,6.15919
0.00448215,6.17994
0.00449317,6.20093
0.00450635,6.22217
0.0045188,6.2439
0.00452786,6.26575
0.00453984,6.2876
0.00455147,6.3097
0.00456291,6.33179
0.00457424,6.35401
0.00458562,6.3761
0.00459677,6.39844
0.00461167,6.42017
0.00462156,6.44178
0.00463718,6.46326
0.00465029,6.48462
0.0046606,6.50587
0.00467407,6.52698
0.00468772,6.5481
0.00470155,6.5691
0.00471258,6.59009
0.00472676,6.61085
0.00473421,6.63209
0.00474667,6.65381
0.00475645,6.6753
0.00476908,6.69691
0.00478166,6.71851
0.00479418,6.74012
0.00480377,6.76172
0.00481599,6.78345
0.00482535,6.80518
0.00483721,6.82715
0.00484645,6.84888
0.00485861,6.87073
0.00486767,6.89258
0.00487941,6.91456
0.00489091,6.93665
0.00489914,6.95899
0.00491005,6.98133
0.00492078,7.00379
0.00493115,7.02637
0.00494164,7.04896
0.00495159,7.07178
0.00496143,7.09473
0.00497382,7.1178
0.00498306,7.14087
0.0049923,7.16407
0.0050016,7.18726
0.00501388,7.21033
0.00502318,7.23353
0.00503569,7.25648
0.00504234,7.27955
0.00505212,7.30237
0.00506171,7.32545
0.00507107,7.34852
0.00508055,7.37159
0.00509294,7.39466
0.00510236,7.41773
0.00511434,7.44092
0.00512054,7.46424
0.00512924,7.48755
0.00514087,7.51099
0.00514927,7.53455
0.00516048,7.55823
0.00516882,7.58179
0.00517985,7.60547
0.00519076,7.62928
0.00520148,7.65308
0.00520917,7.67701
0.00521966,7.70093
0.00522974,7.7251
0.00523668,7.7494
0.00524634,7.77369
0.00525575,7.79822
0.00526505,7.82264
0.00527405,7.84742
0.00528299,7.87208
0.00529164,7.89686
0.00530314,7.92176
0.00531452,7.94666
0.00532311,7.97144
0.00533455,7.99634
0.00534319,8.02125
0.0053519,8.04603
0.00536066,8.07081
0.0053696,8.09546
0.00537848,8.12012
0.0053876,8.14478
0.00539684,8.16932
0.00540608,8.19385
0.00541526,8.21839
0.0054214,8.24305
0.00543022,8.26783
0.00543916,8.29249
0.00545108,8.31714
0.00546008,8.3418
0.00546914,8.36646
0.00547808,8.39112
0.00548702,8.41578
0.00549864,8.44068
0.00550717,8.46546
0.00551843,8.49048
0.0055266,8.51551
0.0055347,8.54066
0.0055423,8.56592
0.00555536,8.59144
0.00556489,8.61719
0.00557109,8.64319
0.00557997,8.66932
0.00558558,8.69556
0.00559392,8.72193
0.00560227,8.7483
0.00561049,8.77466
0.00561836,8.80128
0.00562653,8.82764
0.00563156,8.85425
0.00564247,8.88074
0.00565064,8.90711
0.00565594,8.9336
0.00566727,8.95984
0.00567275,8.98621
0.00568097,9.01258
0.0056892,9.03907
0.00569754,9.06544
0.00570553,9.09192
0.00571352,9.11841
0.00572151,9.1449
0.00572925,9.17151
0.00573968,9.19825
0.00574717,9.2251
0.00575754,9.25184
0.00576499,9.27857
0.005775,9.30555
0.00578177,9.33265
0.00579404,9.35987
0.0058031,9.38721
0.00581175,9.4148
0.00582027,9.44251
0.00583112,9.47034
0.00584173,9.49842
0.00584882,9.52674
0.00585866,9.55518
0.00586849,9.5835
0.00587549,9.61194
0.00588831,9.64026
0.00589534,9.66858
0.00590559,9.69678
0.00591307,9.72498
0.00592357,9.75306
0.00593137,9.78101
0.00594246,9.80884
0.00595086,9.83643
0.00596231,9.86414
0.00597131,9.89149
0.00598424,9.91846
0.00599783,9.94507
0.00601166,9.97156
0.00602269,9.99805
0.00603413,10.0243
0.00605142,10.0505
0.00606274,10.0769
0.00607955,10.1033
0.00609016,10.13
0.00610303,10.157
0.00611776,10.1845
0.00612574,10.2123
0.00613904,10.2405
0.00614887,10.2688
0.00616109,10.2975
0.00616991,10.3263
0.00618147,10.3554
0.00618988,10.3844
0.00619858,10.4133
0.00621008,10.4423
0.00621861,10.4713
0.00622707,10.5004
0.00623554,10.5294
0.00624686,10.5585
0.00625532,10.5875
0.00626397,10.6165
0.00627547,10.6455
0.00628107,10.6744
0.00629228,10.7036
0.00630068,10.7327
0.00631213,10.7617
0.00632053,10.7908
0.00633168,10.82
0.00633978,10.8491
0.00634765,10.8784
0.00635832,10.9078
0.00636887,10.9373
0.0063793,10.9668
0.00638955,10.9963
0.00640237,11.0261
0.0064091,11.0559
0.00642168,11.0858
0.00643473,11.1155
0.00644457,11.1452
0.0064572,11.1751
0.00646674,11.205
0.00647931,11.2348
0.00648891,11.2647
0.00649839,11.2946
0.00651102,11.3245
0.00652092,11.3542
0.00653057,11.3841
0.00654285,11.4141
0.00655251,11.4439
0.00655939,11.4737
0.00657215,11.5035
0.00657906,11.5332
0.00658896,11.563
0.00660189,11.5927
0.00661179,11.6225
0.00662424,11.6524
0.00663408,11.6822
0.00664373,11.712
0.00665321,11.742
0.00666567,11.7719
0.00667789,11.8018
0.00668725,11.8318
0.00669935,11.862
0.00670823,11.8921
0.00671973,11.9225
0.00673433,11.9528
0.0067428,11.9832
0.00675406,12.0137
0.00676527,12.0442
0.00677618,12.0749
0.00678434,12.1054
0.00679513,12.136
0.00680604,12.1668
0.00681683,12.1974
0.00682487,12.2281
0.00683542,12.2588
0.00684305,12.2897
0.00685354,12.3205
0.00686084,12.3515
0.00687092,12.3826
0.00688057,12.4137
0.00688987,12.4452
0.00689875,12.4767
0.0069102,12.5085
0.00692128,12.5404
0.00692909,12.5724
0.00693928,12.6049
0.00694617,12.6374
0.00695576,12.6701
0.00696608,12.7023
0.00697698,12.7343
0.00698783,12.7665
0.00699856,12.7985
0.00700929,12.8307
0.00701996,12.8627
0.00703069,12.8949
0.00704148,12.9269
0.00705232,12.9591
0.00706305,12.9911
0.00707289,13.0236
0.00708201,13.0566
0.00709101,13.0895
0.007097,13.1225
0.00710576,13.1554
0.00711142,13.1886
0.00711989,13.2218
0.00712805,13.255
0.00713622,13.2885
0.00714409,13.3219
0.00715177,13.3554
0.00715934,13.3891
0.00716972,13.4228
0.0071772,13.4565
0.00718459,13.4899
0.00719198,13.5236
0.00719922,13.5575
0.00720935,13.5912
0.00721978,13.6249
0.00723021,13.6584
0.0072407,13.6921
0.0072483,13.7257
0.00725593,13.7592
0.00726636,13.7929
0.00727703,13.8263
0.00728496,13.8598
0.00729277,13.8932
0.00730368,13.9267
0.00731423,13.9604
0.00732472,13.9938
0.00733223,14.0275
0.00734528,14.0612
0.00735524,14.0951
0.00736483,14.1291
0.00737115,14.1632
0.00738283,14.1977
0.0073944,14.2321
0.00740256,14.267
0.00741341,14.3017
0.00742101,14.3366
0.00743108,14.3717
0.00744098,14.4071
0.00745075,14.4423
0.00746357,14.4777
0.00747358,14.5129
0.00748359,14.548
0.00749081,14.5832
0.00750112,14.6183
0.00750863,14.6532
0.00751936,14.6881
0.00753056,14.7228
0.00753897,14.7572
0.00755041,14.7919
0.00755905,14.8263
0.00757074,14.8608
0.00757956,14.8952
0.00759136,14.9294
0.00760012,14.9638
0.00761156,14.9985
0.00761997,15.0329
0.00763392,15.0678
0.00764476,15.1025
0.00765531,15.1374
0.00766539,15.1725
0.00767516,15.2079
0.0076878,15.2433
0.00769716,15.2787
0.00770687,15.3141
0.00771957,15.3495
0.00772952,15.3847
0.00774252,15.4198
0.00775021,15.4548
0.00776129,15.4894
0.00777274,15.5238
0.00778424,15.5585
0.00779604,15.5927
0.00780778,15.6271
0.00781899,15.6618
0.00783002,15.6965
0.00784343,15.7314
0.00785636,15.7668
0.00786906,15.8019
0.00788205,15.8371
0.00789504,15.8722
0.00791078,15.9076
0.00792324,15.943
0.00793552,15.9784
0.00794797,16.0138
0.00796037,16.0492
0.00797599,16.0846
0.00799172,16.1198
0.00800454,16.1552
0.00801652,16.1908
0.00802844,16.2265
0.0080375,16.2621
0.00804954,16.2978
0.00805902,16.3332
0.00807231,16.3681
0.00808328,16.403
0.00809728,16.4377
0.00811153,16.4721
0.00812285,16.5068
0.00813418,16.5414
0.00814842,16.5758
0.00815969,16.6105
0.00817101,16.6452
0.00818472,16.6798
0.0081973,16.7152
0.00820624,16.7509
0.00822072,16.7868
0.00823193,16.8229
0.00824278,16.859
0.00825053,16.8952
0.00826078,16.9318
0.00827103,16.9682
0.00828093,17.0048
0.00829112,17.0414
0.00830125,17.0778
0.00831162,17.1142
0.00832211,17.1506
0.00833254,17.1869
0.00834035,17.2233
0.00835436,17.2592
0.0083627,17.2953
0.00837409,17.3312
0.00838851,17.3671
0.00839727,17.403
0.00841152,17.4389
0.00842296,17.4748
0.00843399,17.5109
0.00844502,17.547
0.00845563,17.5832
0.00846862,17.6198
0.00847834,17.6564
0.0084905,17.6933
0.0085026,17.7304
0.00851148,17.7675
0.0085231,17.8046
0.00853162,17.842
0.00854336,17.8793
0.00855654,17.9164
0.00856703,17.9533
0.00857746,17.9904
0.00858813,18.0275
0.00859874,18.0644
0.00860953,18.1012
0.0086202,18.1383
0.00863098,18.1752
0.00864451,18.2121
0.0086522,18.2492
0.00866257,18.2863
0.00867253,18.3236
0.00868534,18.3608
0.008695,18.3984
0.00870716,18.436
0.0087189,18.4738
0.00872754,18.5116
0.00873905,18.5497
0.00875061,18.5876
0.00875907,18.6256
0.00877022,18.6637
0.0087816,18.7018
0.00879019,18.7397
0.00879889,18.7777
0.00881081,18.8153
0.00881987,18.8532
0.00883197,18.8908
0.00884085,18.9286
0.00885247,18.9665
0.00886118,19.0043
0.00886988,19.0424
0.00888132,19.0802
0.00889193,19.1186
0.00890242,19.1571
0.00891536,19.1957
0.00892513,19.2345
0.00893765,19.2736
0.00894981,19.3124
0.00896173,19.3517
0.00897043,19.391
0.0089817,19.4303
0.00899272,19.4701
0.00900393,19.5094
0.00901537,19.549
0.00902688,19.5883
0.00903862,19.6276
0.00905024,19.6669
0.00905924,19.706
0.00906848,19.745
0.00908058,19.7841
0.00908994,19.8232
0.00910228,19.862
0.00911462,19.901
0.00912666,19.9401
0.00913852,19.9794
0.0091502,20.0187
0.00915896,20.0578
0.00917052,20.0973
0.00918471,20.1366
0.00919598,20.1762
0.00920718,20.2157
0.00922131,20.2553
0.00923239,20.2948
0.0092436,20.3341
0.00925492,20.3737
0.00926601,20.4132
0.00927728,20.4528
0.00928854,20.4921
0.00929987,20.5317
0.00931131,20.571
0.00932258,20.6105
0.00933348,20.6501
0.00934421,20.6899
0.00935756,20.7297
0.00937062,20.7697
0.00938385,20.8097
0.00939416,20.8498
0.00940757,20.8896
0.00942378,20.9294
0.00943702,20.9694
0.00944745,21.0092
0.00946378,21.049
0.00947743,21.0888
0.00949412,21.1283
0.00950795,21.1681
0.00952166,21.2077
0.00953799,21.2475
0.00955146,21.2875
0.00956511,21.3271
0.00957602,21.3669
0.00958972,21.4064
0.00960069,21.4462
0.00961446,21.4858
0.00962835,21.5253
0.00963932,21.5651
0.0096532,21.6047
0.00966417,21.6442
0.00967794,21.684
0.00969415,21.7238
0.00970452,21.7638
0.00971746,21.8039
0.00973015,21.8439
0.00974297,21.8842
0.00975858,21.9242
0.00977146,21.9643
0.00978433,22.0046
0.00979703,22.0446
0.00980674,22.0849
0.0098195,22.1252
0.00982928,22.1652
0.00984221,22.2052
0.0098521,22.2455
0.00986468,22.2858
0.00987398,22.3261
0.00988578,22.3669
0.00989734,22.4074
0.00991147,22.4484
0.00992226,22.4894
0.00993281,22.5307
0.00994562,22.5722
0.00996136,22.6139
0.00997102,22.6554
0.00998329,22.6972
0.00999533,22.7392
0.0100074,22.7812
0.0100195,22.8229
0.0100317,22.8647
0.010044,22.9067
0.0100565,22.9482
0.0100664,22.9899
0.0100791,23.0314
0.0100891,23.0729
0.0100993,23.1142
0.0101126,23.1554
0.0101228,23.1969
0.0101358,23.2384
0.0101458,23.2799
0.0101585,23.3214
0.010171,23.3632
0.0101802,23.4049
0.0101922,23.4469
0.0102068,23.4889
0.0102184,23.5312
0.0102298,23.5734
0.0102413,23.6156
0.0102529,23.6576
0.0102675,23.6999
0.0102763,23.7419
0.0102882,23.7839
0.0103002,23.8258
0.0103121,23.8676
0.0103211,23.9096
0.0103329,23.9516
0.0103447,23.9938
0.0103559,24.036
0.0103671,24.0783
0.0103807,24.121
0.0103939,24.1637
0.0104064,24.2067
0.0104155,24.2502
0.0104271,24.2936
0.0104384,24.3373
0.0104527,24.3808
0.0104641,24.4245
0.0104784,24.4682
0.0104899,24.5116
0.0105014,24.5553
0.010513,24.5988
0.0105221,24.6423
0.0105343,24.6855
0.010547,24.7284
0.01056,24.7712
0.01057,24.8141
0.0105827,24.8571
0.0105925,24.9001
0.0106019,24.9433
0.010614,24.9865
0.0106291,25.0299
0.0106407,25.0734
0.0106523,25.1169
0.0106634,25.1606
0.0106744,25.2045
0.0106881,25.2485
0.010699,25.2922
0.0107099,25.3361
0.010724,25.3798
0.0107353,25.4235
0.0107467,25.4672
0.0107555,25.5107
0.0107706,25.5539
0.0107797,25.5971
0.0107915,25.6405
0.0108033,25.684
0.010815,25.7275
0.0108296,25.7709
0.0108439,25.8146
0.010855,25.8583
0.0108716,25.9023
0.0108852,25.9462
0.0108952,25.9904
0.0109111,26.0348
0.0109241,26.079
0.0109372,26.1232
0.0109532,26.1674
0.0109693,26.2116
0.0109831,26.2555
0.0109972,26.2992
0.0110117,26.3427
0.0110265,26.3861
0.011039,26.4291
0.0110521,26.4721
0.0110654,26.5146
0.0110788,26.5573
0.0110923,26.6
0.0111061,26.6425
0.0111192,26.6852
0.0111326,26.7279
0.0111486,26.7707
0.0111616,26.8136
0.0111741,26.8566
0.0111894,26.8998
0.0112047,26.9428
0.0112198,26.9862
0.011232,27.0295
0.0112469,27.0727
0.0112592,27.1159
0.0112744,27.1591
0.0112866,27.2023
0.0112989,27.2455
0.0113084,27.2887
0.0113236,27.3319
0.0113332,27.3749
0.0113484,27.4181
0.0113608,27.4613
0.0113726,27.5048
0.0113841,27.5483
0.0113982,27.592
0.0114123,27.6357
0.0114259,27.6796
0.0114369,27.7235
0.0114506,27.7673
0.0114641,27.8114
0.0114807,27.8554
0.0114916,27.8991
0.0115028,27.9428
0.0115172,27.9865
0.011526,28.0299
0.011538,28.0734
0.0115502,28.1166
0.0115651,28.1598
0.0115742,28.203
0.011589,28.2465
0.0116009,28.29
0.01161,28.3334
0.0116219,28.3766
0.0116367,28.4201
0.0116513,28.4635
0.0116628,28.507
0.0116745,28.5507
0.0116895,28.5939
0.0117046,28.6371
0.0117171,28.6801
0.0117294,28.7233
0.0117448,28.7665
0.0117575,28.8095
0.0117701,28.8525
0.0117857,28.8954
0.0117983,28.9384
0.0118112,28.9814
0.0118233,29.0246
0.0118381,29.068
0.0118497,29.1117
0.0118642,29.1552
0.0118751,29.1989
0.0118914,29.2431
0.0119042,29.2875
0.0119165,29.3319
0.0119315,29.3766
0.0119429,29.4218
0.0119569,29.467
0.0119709,29.5121
0.011985,29.5573
0.0119961,29.6025
0.0120103,29.6474
0.0120248,29.6923
0.0120363,29.7375
0.0120452,29.7821
0.0120566,29.8271
0.0120682,29.8722
0.0120799,29.9172
0.0120942,29.9621
0.0121083,30.0072
0.0121196,30.0522
0.0121309,30.0973
0.012145,30.1425
0.0121564,30.1874
0.0121707,30.2326
0.0121853,30.2773
0.0122001,30.3222
0.0122149,30.3671
0.0122269,30.4118
0.0122418,30.4564
0.0122536,30.5011
0.0122682,30.546
0.0122798,30.591
0.0122911,30.6361
0.0123053,30.6813
0.0123162,30.7265
0.0123298,30.7719
0.012343,30.8173
0.0123531,30.8629
0.0123691,30.9086
0.0123788,30.9545
0.0123911,31.0006
0.0124058,31.0468
0.0124205,31.0929
0.0124354,31.1391
0.0124506,31.1852
0.012466,31.2311
0.0124785,31.277
0.0124914,31.3227
0.0125046,31.3683
0.0125182,31.4135
0.0125321,31.4589
0.0125463,31.5038
0.0125608,31.5487
0.0125753,31.5937
0.0125899,31.6386
0.0126044,31.6835
0.012619,31.7284
0.0126331,31.7736
0.012647,31.8188
0.0126609,31.8639
0.0126746,31.9093
0.0126913,31.9545
0.0127078,31.9999
0.0127214,32.0453
0.0127348,32.0907
0.0127485,32.1361
0.012762,32.1815
0.0127783,32.227
0.012789,32.2724
0.0127993,32.3178
0.0128126,32.3634
0.0128257,32.4091
0.012843,32.454
0.012858,32.4987
0.0128751,32.5436
0.0128894,32.5888
0.012906,32.6342
0.0129225,32.6793
0.0129417,32.725
0.0129551,32.7704
0.0129739,32.8161
0.0129895,32.862
0.0130039,32.9084
0.0130174,32.9552
0.0130281,33.0019
0.0130419,33.0485
0.0130529,33.0951
0.0130642,33.1418
0.0130754,33.1881
0.0130869,33.2345
0.0131012,33.2809
0.0131127,33.3273
0.013124,33.3739
0.0131382,33.4203
0.0131465,33.4669
0.0131602,33.5136
0.0131704,33.5605
0.0131834,33.6076
0.0131962,33.6547
0.0132087,33.7021
0.0132215,33.7492
0.0132344,33.7963
0.0132474,33.8434
0.0132605,33.8903
0.0132708,33.9374
0.0132838,33.9845
0.0132943,34.0314
0.0133075,34.0783
0.0133206,34.1251
0.0133361,34.1725
0.0133481,34.2201
0.0133592,34.268
0.0133755,34.3163
0.0133886,34.3647
0.0134041,34.4135
0.0134165,34.4621
0.0134288,34.5109
0.013444,34.5597
0.0134562,34.6085
0.0134659,34.6571
0.0134789,34.7057
0.0134922,34.7541
0.0135059,34.8022
0.0135145,34.85
0.0135292,34.8976
0.0135416,34.945
0.0135571,34.9921
0.0135698,35.0395
0.0135854,35.0866
0.013598,35.1339
0.013613,35.1813
0.0136276,35.2289
0.0136392,35.2768
0.0136557,35.3249
0.0136691,35.3732
0.0136849,35.4218
0.0136948,35.4704
0.0137072,35.5189
0.0137166,35.5678
0.0137291,35.6166
0.0137389,35.6652
0.0137514,35.7138
0.0137639,35.7626
0.0137733,35.8114
0.0137852,35.8605
0.0137966,35.9096
0.0138106,35.9589
0.0138243,36.0084
0.0138376,36.0583
0.0138503,36.1083
0.013863,36.1584
0.0138757,36.2082
0.0138913,36.2582
0.0139048,36.308
0.0139157,36.3573
0.0139299,36.4066
0.0139417,36.4557
0.0139511,36.5045
0.0139638,36.5531
0.0139775,36.6012
0.0139887,36.6491
0.0140033,36.6969
0.0140181,36.7445
0.0140327,36.7921
0.0140443,36.84
0.0140587,36.8876
0.0140758,36.9357
0.0140901,36.9835
0.0141044,37.0312
0.0141185,37.0793
0.0141325,37.1271
0.0141466,37.1752
0.0141606,37.223
0.014172,37.2709
0.0141864,37.3188
0.0141979,37.3664
0.0142127,37.414
0.0142244,37.4618
0.0142388,37.5094
0.0142533,37.5573
0.0142674,37.6051
0.0142813,37.6532
0.014295,37.7013
0.0143085,37.7497
0.0143248,37.7978
0.0143412,37.8461
0.0143576,37.8942
0.0143715,37.9423
0.0143885,37.9901
0.0144031,38.038
0.0144181,38.0856
0.0144336,38.1327
0.0144466,38.1798
0.0144601,38.2267
0.0144769,38.2733
0.0144884,38.3197
0.0145056,38.3661
0.0145198,38.4125
0.0145338,38.4591
0.0145503,38.5058
0.0145667,38.5526
0.0145831,38.5995
0.0145961,38.6466
0.0146118,38.6938
0.0146275,38.7409
0.0146428,38.7882
0.0146586,38.8354
0.0146718,38.8822
0.014685,38.9293
0.0146986,38.976
0.0147121,39.0229
0.0147256,39.0697
0.0147388,39.1166
0.0147519,39.1637
0.0147675,39.2108
0.0147798,39.2582
0.0147944,39.3061
0.0148083,39.3539
0.0148244,39.4025
0.0148398,39.4511
0.0148521,39.4999
0.0148672,39.5487
0.0148793,39.5976
0.0148976,39.6464
0.0149103,39.695
0.0149263,39.7433
0.01494,39.7914
0.014954,39.8395
0.0149686,39.8871
0.0149837,39.9347
0.0149961,39.9818
0.0150115,40.0292
0.01503,40.0766
0.0150453,40.1237
0.0150608,40.171
0.0150762,40.2184
0.0150917,40.2655
0.0151108,40.3126
0.0151303,40.3593
0.0151502,40.4059
0.0151704,40.4523
0.0151879,40.4984
0.015206,40.5446
0.0152244,40.5902
0.0152432,40.6361
0.0152623,40.6815
0.0152814,40.727
0.0153036,40.7726
0.015323,40.8178
0.0153429,40.8629
0.0153632,40.9079
0.0153838,40.9528
0.0154075,40.9975
0.0154317,41.0419
0.0154564,41.0861
0.0154814,41.13
0.0155103,41.1737
0.0155333,41.2174
0.0155602,41.2606
0.015585,41.3034
0.0156109,41.3456
0.015641,41.3871
0.0156668,41.4279
0.0156969,41.4682
0.0157282,41.5077
0.0157613,41.5465
0.0157954,41.5849
0.01583,41.6215
0.0159068,41.6391
