"Maximum force",54.2086,"N"
"Gage length ",0.926852,"mm"
"Strain energy",0.293327,"mJ"
"Deformation at maximum force",0.014896,"mm"
"Standard travel","Standard force"
"mm","N"
0,0.151611
1.44541e-006,0.152301
3.03239e-006,0.152927
4.28408e-006,0.153712
8.60542e-006,0.154411
6.98119e-006,0.155193
8.37445e-006,0.155906
9.55909e-006,0.156722
1.0632e-005,0.157592
9.29832e-006,0.158225
1.08257e-005,0.158874
9.93907e-006,0.159299
1.1906e-005,0.159738
1.41859e-005,0.160035
1.36197e-005,0.16031
1.60038e-005,0.160553
1.55196e-005,0.160789
1.79186e-005,0.161023
1.77464e-005,0.16111
2.0056e-005,0.161391
1.96779e-005,0.161572
1.90819e-005,0.161854
2.14661e-005,0.162097
2.08998e-005,0.16237
2.00728e-005,0.162763
2.23676e-005,0.163045
2.46475e-005,0.163343
2.42805e-005,0.163523
2.37664e-005,0.163766
2.32076e-005,0.164031
2.26935e-005,0.164275
2.2064e-005,0.164573
2.42395e-005,0.164918
2.34684e-005,0.165286
2.27718e-005,0.165614
2.20602e-005,0.165952
2.12668e-005,0.166328
2.08216e-005,0.166539
2.02591e-005,0.166806
2.00933e-005,0.166885
2.2552e-005,0.167096
2.23061e-005,0.167214
2.21394e-005,0.167292
2.21888e-005,0.167269
2.23042e-005,0.167214
2.22551e-005,0.167238
2.25028e-005,0.16712
2.24372e-005,0.167151
2.25853e-005,0.167081
2.5491e-005,0.167081
2.53271e-005,0.167159
2.50794e-005,0.167276
2.46174e-005,0.167496
2.43362e-005,0.167629
2.39878e-005,0.167793
2.36917e-005,0.167934
2.31776e-005,0.168178
2.52489e-005,0.168569
2.45001e-005,0.168929
2.3606e-005,0.169353
2.301e-005,0.169635
2.23655e-005,0.16994
2.48093e-005,0.170152
2.43287e-005,0.170387
2.67129e-005,0.17063
2.93206e-005,0.170771
2.89015e-005,0.170975
3.16731e-005,0.171038
3.42063e-005,0.171209
3.67693e-005,0.171374
3.94962e-005,0.171461
4.21039e-005,0.171602
4.77664e-005,0.171672
5.00462e-005,0.17197
5.24006e-005,0.172227
5.7318e-005,0.172651
5.95383e-005,0.172981
6.45451e-005,0.173357
6.6445e-005,0.173841
7.13326e-005,0.174282
7.59221e-005,0.17485
8.06607e-005,0.175361
8.4982e-005,0.176075
8.93332e-005,0.176757
9.36843e-005,0.177459
9.79162e-005,0.178207
0.000105069,0.178951
0.000109003,0.179843
0.000113294,0.180557
0.000120387,0.181331
0.00012456,0.182098
0.000131533,0.182937
0.000138537,0.183754
0.000142739,0.184513
0.000149772,0.185302
0.000156984,0.186023
0.000161157,0.186794
0.000168429,0.187484
0.000175581,0.188228
0.000182346,0.189151
0.000189171,0.190052
0.000198529,0.19112
0.000205056,0.192157
0.000211433,0.193271
0.000220553,0.194461
0.000226752,0.195659
0.000232682,0.196979
0.000238613,0.198291
0.000244335,0.199718
0.000250087,0.201129
0.000258432,0.202671
0.000264005,0.204181
0.000272528,0.205638
0.000278101,0.207141
0.000283823,0.208553
0.000292347,0.21001
0.000300989,0.211429
0.000306473,0.21297
0.000314698,0.214572
0.000320122,0.216152
0.000328407,0.217708
0.000336871,0.219203
0.000345097,0.220844
0.000353441,0.222393
0.000358627,0.224071
0.000369475,0.225818
0.000374571,0.227527
0.000382379,0.229328
0.000390247,0.231105
0.000400916,0.232944
0.000408605,0.234813
0.000413314,0.236713
0.000423805,0.238636
0.000431196,0.240634
0.000438169,0.242832
0.000448064,0.245044
0.00045471,0.247394
0.000461654,0.249622
0.000471429,0.251865
0.000478313,0.254123
0.000488327,0.256244
0.000495092,0.258564
0.000504867,0.260807
0.000514463,0.263141
0.000524298,0.265369
0.000531331,0.267551
0.000540987,0.269855
0.000550941,0.272037
0.000557706,0.274341
0.000570521,0.276523
0.000576989,0.27898
0.000586466,0.281375
0.000595704,0.283878
0.000604824,0.286441
0.000614063,0.288959
0.000625924,0.291584
0.000635043,0.294162
0.000643805,0.296894
0.000655488,0.29964
0.000664071,0.302448
0.000672714,0.30524
0.000681297,0.308063
0.000692383,0.311054
0.000700847,0.313953
0.000712112,0.316867
0.000720457,0.319797
0.000728921,0.322666
0.000740186,0.32558
0.000748769,0.328434
0.000756995,0.331409
0.00076826,0.334339
0.000776545,0.337284
0.000787929,0.340168
0.000799314,0.343021
0.000807539,0.346012
0.000818805,0.348926
0.000832752,0.351978
0.000840978,0.354969
0.000851826,0.358081
0.000862614,0.36124
0.000873343,0.364429
0.000886635,0.367755
0.000897185,0.371036
0.000907318,0.374485
0.000917629,0.377872
0.000927523,0.381427
0.000940338,0.385013
0.000950054,0.388675
0.000962631,0.392353
0.000972465,0.395969
0.000982241,0.399585
0.000992433,0.403018
0.00100572,0.40636
0.00101598,0.409763
0.00102903,0.413227
0.00104185,0.416782
0.00105186,0.420307
0.00106175,0.423892
0.00107481,0.427356
0.00108768,0.430881
0.00110067,0.434375
0.00111319,0.438083
0.00112255,0.441913
0.00113501,0.445652
0.00114735,0.449436
0.001157,0.453144
0.00116654,0.456867
0.00117882,0.460697
0.00119115,0.464496
0.00120045,0.468341
0.00121261,0.472232
0.00122173,0.476169
0.00123353,0.480197
0.00124236,0.484317
0.00125398,0.488437
0.00126578,0.492465
0.00127752,0.496555
0.00128944,0.500553
0.00129815,0.504673
0.00130983,0.508792
0.00132139,0.512943
0.00133319,0.517002
0.00134517,0.520969
0.00136001,0.524936
0.00136919,0.528873
0.00138106,0.532871
0.00139292,0.53693
0.00140758,0.540988
0.00141616,0.545169
0.00143059,0.54935
0.00143911,0.553562
0.00145353,0.557743
0.0014651,0.561924
0.0014766,0.566135
0.00149079,0.570407
0.00150217,0.57468
0.0015135,0.578952
0.00152744,0.583347
0.00153859,0.587711
0.00154956,0.592136
0.00156339,0.596622
0.00157411,0.601169
0.00158449,0.605899
0.0015979,0.610538
0.00161113,0.615299
0.0016212,0.620182
0.00163128,0.625064
0.00164463,0.629734
0.001655,0.634464
0.00166823,0.639194
0.0016786,0.643924
0.00169171,0.648746
0.00170471,0.653598
0.00171746,0.658573
0.0017301,0.663608
0.00174256,0.668735
0.00175478,0.673954
0.00176658,0.679386
0.0017754,0.684818
0.0017897,0.690433
0.00179787,0.696231
0.00181152,0.702182
0.00181921,0.708164
0.00182952,0.714298
0.00184257,0.720493
0.00185271,0.726718
0.00186248,0.733097
0.00187214,0.739536
0.00188138,0.746189
0.00189354,0.752841
0.00190552,0.759525
0.00191446,0.76633
0.00192405,0.7728
0.00193663,0.779209
0.00194635,0.785648
0.00195892,0.792087
0.00196858,0.798526
0.00198098,0.805027
0.00199027,0.811649
0.00200249,0.818271
0.00201465,0.824893
0.00202383,0.831577
0.00203508,0.838663
0.00204587,0.845926
0.0020566,0.85325
0.00206429,0.860605
0.00207758,0.868082
0.002085,0.875589
0.00209531,0.883096
0.00210544,0.890665
0.0021182,0.898416
0.0021252,0.906107
0.00213498,0.913889
0.00214469,0.921671
0.00215709,0.929544
0.00216338,0.937601
0.00217548,0.945596
0.0021815,0.953775
0.00219336,0.961954
0.00220224,0.970132
0.002211,0.978372
0.00221965,0.986673
0.00222823,0.995035
0.00223681,1.00334
0.00224534,1.0117
0.00225678,1.02006
0.00226512,1.02848
0.00227347,1.0369
0.00228163,1.04545
0.00228968,1.05406
0.00229785,1.0626
0.00230834,1.07139
0.00231579,1.08024
0.00232586,1.08927
0.00233576,1.09831
0.00234255,1.10752
0.00234917,1.1168
0.00236145,1.12608
0.00236773,1.13554
0.00237673,1.145
0.00238532,1.1547
0.00239414,1.16435
0.00239992,1.17399
0.00240844,1.18369
0.00241679,1.19352
0.00242233,1.20329
0.00243062,1.21311
0.0024386,1.22312
0.00244659,1.23313
0.00245452,1.24314
0.00246239,1.25315
0.00247311,1.26322
0.00247791,1.27342
0.00248542,1.28361
0.00249597,1.29374
0.00250357,1.30393
0.00251126,1.31407
0.0025188,1.32426
0.00252905,1.33451
0.00253606,1.34501
0.00254297,1.35551
0.00255257,1.36607
0.00256204,1.37675
0.00256896,1.38725
0.00257844,1.39793
0.00258773,1.40867
0.00259372,1.4196
0.00260261,1.43052
0.00261125,1.44157
0.00261709,1.45262
0.00262573,1.46366
0.00263414,1.47483
0.00264254,1.486
0.00265029,1.49748
0.00266084,1.50901
0.00266534,1.52067
0.00267255,1.53239
0.00267964,1.54417
0.00268954,1.55601
0.00269672,1.56773
0.0027037,1.57957
0.00271353,1.59147
0.00272015,1.60349
0.00272658,1.61558
0.00273287,1.62779
0.00273916,1.63993
0.00274545,1.65208
0.00275457,1.66429
0.00276062,1.67655
0.0027692,1.689
0.00277749,1.70164
0.00278583,1.71421
0.00279406,1.72685
0.00280222,1.73948
0.00281039,1.75218
0.00281557,1.76487
0.00282344,1.77769
0.0028283,1.79051
0.00283605,1.80338
0.00284368,1.81626
0.00285149,1.82908
0.00285897,1.84208
0.00286627,1.8552
0.00287351,1.86826
0.00288033,1.88157
0.00289005,1.89488
0.00289678,1.90818
0.00290638,1.92155
0.00291288,1.93498
0.00292218,1.94853
0.00292832,1.96214
0.00293714,1.97581
0.00294313,1.98954
0.00295165,2.0034
0.00296005,2.01731
0.00296533,2.03135
0.00297618,2.04551
0.00298095,2.05979
0.00298837,2.07414
0.00299564,2.0886
0.0030027,2.10319
0.00300982,2.11772
0.0030196,2.13236
0.0030235,2.14707
0.00303328,2.16172
0.00304001,2.17643
0.00304672,2.19114
0.0030531,2.20603
0.00306234,2.22093
0.00306865,2.23582
0.00307771,2.25083
0.00308677,2.26579
0.00309291,2.2808
0.00310179,2.29588
0.00310749,2.31107
0.00311589,2.32639
0.00312129,2.34178
0.00312692,2.35697
0.00313526,2.37229
0.00314349,2.38767
0.00314894,2.40299
0.00315699,2.4185
0.00316208,2.434
0.00317025,2.44938
0.0031783,2.46488
0.00318345,2.48033
0.00319144,2.49583
0.00319642,2.51139
0.00320411,2.52702
0.00321171,2.54264
0.00321907,2.55851
0.00322619,2.57438
0.00323322,2.59037
0.00323999,2.60636
0.00324976,2.62235
0.0032535,2.63859
0.0032628,2.65482
0.00326906,2.67118
0.00327541,2.68742
0.00328179,2.70365
0.00329085,2.72001
0.00329713,2.73637
0.00330607,2.75273
0.00331207,2.7692
0.00331773,2.78581
0.00332613,2.80241
0.00333165,2.81913
0.00333957,2.8361
0.00334726,2.85307
0.00335486,2.87016
0.00336228,2.88725
0.00336955,2.90446
0.00337668,2.92179
0.00338064,2.93913
0.00339018,2.9567
0.00339676,2.97428
0.00340302,2.99198
0.00341226,3.00956
0.00341855,3.02726
0.00342451,3.04508
0.00343327,3.06303
0.00343896,3.08097
0.0034446,3.09892
0.00345294,3.11698
0.00345848,3.13505
0.00346683,3.15312
0.0034724,3.17118
0.00347783,3.18925
0.00348605,3.20744
0.00349422,3.2255
0.00349958,3.24369
0.00350781,3.26188
0.00351299,3.28007
0.00351815,3.29826
0.00352614,3.31645
0.00353394,3.33488
0.00354163,3.35319
0.00354637,3.37162
0.00355385,3.39018
0.00356133,3.40861
0.00357164,3.42716
0.00357909,3.44572
0.00358333,3.4644
0.00359024,3.48307
0.00360002,3.50187
0.00360687,3.52067
0.00361647,3.53959
0.0036229,3.55851
0.00362916,3.57755
0.0036381,3.59672
0.00364651,3.61613
0.00365461,3.63578
0.00366242,3.65556
0.00367011,3.67533
0.00367738,3.69523
0.00368442,3.71537
0.00369413,3.73551
0.00370072,3.75578
0.0037099,3.77628
0.00371595,3.79679
0.00372471,3.81742
0.00373341,3.83805
0.00373934,3.85868
0.00375102,3.87931
0.00375686,3.89994
0.00376563,3.92057
0.0037715,3.94132
0.00378032,3.96183
0.00378631,3.98246
0.00379236,4.00297
0.0038013,4.0236
0.00381036,4.04411
0.00381912,4.06474
0.00382782,4.08537
0.00383641,4.10612
0.00384189,4.12687
0.00385,4.14787
0.00385822,4.16874
0.00386609,4.18986
0.00387694,4.21086
0.00388454,4.2321
0.00389211,4.25321
0.00389962,4.27445
0.00390695,4.29582
0.00391482,4.31681
0.00392328,4.33769
0.00393472,4.35844
0.00394289,4.37931
0.0039538,4.40031
0.00396149,4.42143
0.00396897,4.44267
0.00397904,4.46415
0.00398882,4.48564
0.00399853,4.50724
0.00400741,4.52921
0.00401826,4.55155
0.00402601,4.57414
0.00403355,4.59672
0.0040413,4.61918
0.00404905,4.64164
0.00405674,4.66422
0.00406436,4.68669
0.00407247,4.70915
0.0040804,4.73148
0.00408833,4.75395
0.00409643,4.77628
0.00410442,4.79862
0.00411253,4.82096
0.00412033,4.84342
0.00412796,4.86601
0.00413577,4.88847
0.0041434,4.91105
0.00415371,4.93363
0.00416134,4.95622
0.00416903,4.9788
0.0041766,5.00138
0.00418685,5.02397
0.00419395,5.04679
0.00420378,5.06974
0.00421379,5.09257
0.00422321,5.11564
0.00422986,5.13859
0.00423892,5.1619
0.00424756,5.18534
0.00425579,5.20902
0.00426371,5.23283
0.00427146,5.25663
0.00427909,5.28056
0.00428964,5.30448
0.00429691,5.32865
0.00430716,5.3527
0.00431414,5.37687
0.00432096,5.40128
0.00432785,5.42558
0.00433738,5.44987
0.00434698,5.47428
0.0043564,5.49882
0.00436289,5.52323
0.00436936,5.54777
0.00437866,5.57218
0.00438814,5.59672
0.00439466,5.62113
0.00440128,5.64555
0.00440769,5.67008
0.00441699,5.69462
0.00442617,5.71916
0.00443254,5.74369
0.00444184,5.76823
0.00445108,5.79276
0.00446032,5.8173
0.00446738,5.84147
0.00447775,5.86552
0.00448538,5.88944
0.00449569,5.91349
0.00450601,5.93754
0.00451626,5.96159
0.00452609,5.98576
0.00453587,6.01017
0.00454827,6.03459
0.00455762,6.059
0.00456603,6.08402
0.00457658,6.10929
0.00458081,6.13481
0.004591,6.16032
0.00459821,6.18583
0.00460829,6.21134
0.00461556,6.23686
0.00462298,6.26225
0.00463317,6.28764
0.00464336,6.31315
0.00465049,6.33866
0.00466074,6.36418
0.0046681,6.38957
0.00467841,6.41496
0.0046886,6.44047
0.00469582,6.46598
0.00470321,6.49137
0.00471027,6.51701
0.00471724,6.54264
0.00472422,6.56828
0.00473116,6.59391
0.00474064,6.61967
0.00475006,6.64555
0.00475888,6.67167
0.00476758,6.69779
0.00477616,6.72404
0.00478719,6.75053
0.004795,6.77714
0.0048026,6.80387
0.00481267,6.83073
0.00481962,6.85771
0.00482939,6.88481
0.00483627,6.91178
0.00484623,6.93876
0.00485588,6.96586
0.00486238,6.99308
0.00487156,7.02043
0.0048808,7.04777
0.00489004,7.07499
0.00489946,7.10221
0.00490595,7.12956
0.00491525,7.15678
0.00492431,7.18412
0.00493039,7.21159
0.00493951,7.23893
0.00494857,7.26627
0.00495781,7.29362
0.00496693,7.32096
0.00497587,7.34843
0.0049818,7.37589
0.0049905,7.40348
0.00499908,7.43107
0.00500743,7.45878
0.00501279,7.48661
0.00502066,7.51457
0.00502847,7.54252
0.00503592,7.5706
0.00504611,7.59892
0.00505318,7.62724
0.00506015,7.65556
0.00506691,7.684
0.00507353,7.71256
0.00508283,7.74125
0.00508909,7.76994
0.00509821,7.79875
0.00510444,7.82743
0.00511344,7.85624
0.00512244,7.88505
0.00513138,7.91386
0.00514014,7.94279
0.00514878,7.97172
0.00515736,8.00065
0.00516613,8.02958
0.00517489,8.05851
0.00518353,8.08744
0.00518925,8.11637
0.00519784,8.14543
0.00520642,8.17436
0.00521482,8.20353
0.00522311,8.23258
0.00523127,8.26176
0.00523926,8.29106
0.00524686,8.3206
0.00525416,8.35014
0.00526406,8.37992
0.00527085,8.40971
0.00528307,8.43974
0.00529207,8.46989
0.00530113,8.50004
0.00530995,8.53031
0.00531871,8.56059
0.00533022,8.59098
0.00533862,8.62138
0.00534685,8.6519
0.00535489,8.68254
0.00536568,8.7133
0.00537349,8.74394
0.00538422,8.7747
0.00539203,8.80546
0.00539966,8.83622
0.00541051,8.86698
0.0054156,8.89762
0.00542413,8.92802
0.00543271,8.95829
0.00544165,8.98857
0.00545065,9.01872
0.00546257,9.04887
0.00547151,9.07914
0.00548045,9.10929
0.00548963,9.13932
0.00549845,9.1696
0.00550996,9.19999
0.00551818,9.23051
0.00552623,9.26115
0.00553696,9.29179
0.00554444,9.32279
0.00555463,9.35368
0.0055647,9.38481
0.0055743,9.41606
0.00558378,9.44731
0.00559313,9.47856
0.00560261,9.51005
0.00561197,9.5413
0.00562139,9.57279
0.00563086,9.60404
0.00564064,9.63529
0.00565059,9.66642
0.00565763,9.69743
0.0056677,9.72856
0.00567783,9.75956
0.00568803,9.79045
0.00569512,9.82157
0.00570507,9.8527
0.00571771,9.88383
0.00572707,9.91508
0.00573306,9.94682
0.0057445,9.97856
0.00575594,10.0103
0.00577049,10.0407
0.00578509,10.071
0.00579969,10.1012
0.00581084,10.1318
0.00582485,10.1623
0.0058385,10.193
0.00585203,10.2238
0.00586574,10.2544
0.00588231,10.2852
0.00589572,10.3161
0.00590883,10.3483
0.0059189,10.3808
0.00592892,10.4132
0.00593634,10.4455
0.00594683,10.4777
0.00595768,10.5097
0.00596882,10.5417
0.00597729,10.5734
0.00598587,10.6051
0.00599761,10.6369
0.00600661,10.6684
0.00601573,10.6999
0.00602765,10.7314
0.00603677,10.7629
0.00604571,10.7944
0.0060574,10.8261
0.00606604,10.8578
0.00607736,10.8896
0.00608577,10.9215
0.00609661,10.9535
0.00610711,10.9858
0.00611706,11.0182
0.00612701,11.0507
0.00613697,11.0832
0.00614656,11.1159
0.00615628,11.1484
0.00616886,11.1811
0.00617574,11.2135
0.00618826,11.2463
0.00619797,11.2787
0.00620492,11.3112
0.00621475,11.3439
0.00622459,11.3764
0.00623722,11.4089
0.00624402,11.4416
0.00625368,11.4743
0.00626322,11.5068
0.00627269,11.5395
0.00628211,11.5722
0.00629159,11.6049
0.00630083,11.6379
0.00631007,11.6706
0.00632181,11.7035
0.00633039,11.7367
0.00634172,11.7699
0.0063528,11.8031
0.00636091,11.8366
0.0063717,11.87
0.00638243,11.9035
0.0063931,11.9369
0.00640382,11.9704
0.00641145,12.0041
0.00642188,12.0378
0.00643273,12.0712
0.0064406,12.1047
0.00645175,12.1379
0.00646289,12.1711
0.00647106,12.2045
0.00648226,12.2377
0.00649323,12.2712
0.00649866,12.3044
0.0065101,12.3376
0.00652166,12.3705
0.00653025,12.4037
0.00653895,12.4367
0.00654753,12.4699
0.00655898,12.5031
0.00656732,12.5363
0.00657537,12.5695
0.00658621,12.6029
0.0065967,12.6366
0.0066066,12.6706
0.00661643,12.7045
0.00662716,12.738
0.00663783,12.7714
0.00664832,12.8051
0.00665881,12.8385
0.00666936,12.8722
0.00667985,12.9057
0.00669076,12.9391
0.00669875,12.9726
0.00670977,13.006
0.00672068,13.0392
0.00673028,13.0734
0.00673952,13.1076
0.00674587,13.1418
0.00675457,13.1762
0.00676315,13.2106
0.00677173,13.245
0.00677972,13.2799
0.00679033,13.3149
0.00679766,13.35
0.00680756,13.3852
0.00681709,13.4206
0.00682657,13.456
0.00683551,13.4919
0.00684427,13.5275
0.00685554,13.5636
0.00686364,13.5998
0.00687455,13.6359
0.00688254,13.672
0.00689041,13.7082
0.00690125,13.7443
0.00691228,13.7804
0.00692033,13.8166
0.00692572,13.8527
0.00693693,13.8886
0.00694545,13.9245
0.0069538,13.9606
0.00696196,13.9965
0.00697293,14.0326
0.00698104,14.0688
0.00698902,14.1049
0.00699969,14.1413
0.00701024,14.1776
0.00701766,14.214
0.00702499,14.2504
0.00703513,14.287
0.00704496,14.3236
0.00705766,14.3603
0.00706731,14.3971
0.00707703,14.4338
0.00708961,14.4706
0.00709914,14.5072
0.00710886,14.5441
0.00711851,14.5807
0.00712823,14.6176
0.00713794,14.6542
0.00714784,14.6908
0.00715517,14.7275
0.00716822,14.7638
0.00717865,14.8002
0.00718974,14.8363
0.00720107,14.8722
0.00721233,14.9081
0.00722354,14.9443
0.00723743,14.9804
0.0072509,15.0168
0.00726419,15.0531
0.00727706,15.0898
0.00728666,15.1264
0.0073015,15.1635
0.00731241,15.2011
0.00732278,15.2387
0.00733267,15.2768
0.00734555,15.3149
0.00735568,15.3527
0.00736587,15.3905
0.00737618,15.4284
0.00738644,15.4662
0.00739663,15.5041
0.00740399,15.5419
0.00741412,15.5797
0.00742432,15.6176
0.00743439,15.6557
0.00744428,15.6935
0.00745376,15.7318
0.00746312,15.7702
0.00747224,15.8085
0.00748136,15.8468
0.00749042,15.8852
0.0074996,15.9235
0.00750866,15.9621
0.00751772,16.0004
0.00752666,16.039
0.00753542,16.0773
0.00754716,16.1159
0.0075589,16.1545
0.00756802,16.1928
0.00757988,16.2314
0.00758876,16.2697
0.00759473,16.3083
0.00760659,16.3466
0.00761314,16.3849
0.00762339,16.4228
0.00763389,16.4606
0.0076442,16.4982
0.00765421,16.5363
0.00766673,16.5744
0.00767883,16.6127
0.00768777,16.6513
0.00769903,16.6899
0.00770976,16.7289
0.0077196,16.7685
0.00772824,16.8083
0.00773611,16.8488
0.00774642,16.8893
0.00775625,16.9301
0.00776603,16.9709
0.00777303,17.0116
0.00778305,17.0524
0.00779041,17.0929
0.0078009,17.1335
0.00780853,17.1737
0.00781651,17.2143
0.00782468,17.2543
0.00783308,17.2943
0.00784167,17.3344
0.00785323,17.3744
0.00785886,17.4145
0.00787007,17.4545
0.00787818,17.4948
0.00788598,17.5353
0.00789647,17.5756
0.00790655,17.6164
0.00791355,17.6571
0.00792321,17.6979
0.00793262,17.7389
0.00794192,17.7799
0.00795104,17.8212
0.00796278,17.8625
0.00797298,17.9037
0.00798353,17.9447
0.00799104,17.9862
0.00800147,18.0275
0.00801202,18.0688
0.00802233,18.11
0.00803258,18.1513
0.00804248,18.193
0.00805219,18.2345
0.00806489,18.276
0.00807401,18.318
0.00808557,18.3603
0.00809379,18.4025
0.00810434,18.4452
0.00811448,18.488
0.00812419,18.5309
0.00813659,18.5741
0.00814887,18.6173
0.00816103,18.6606
0.00817027,18.7038
0.00818272,18.747
0.00818967,18.79
0.00819974,18.8329
0.00821029,18.8754
0.0082212,18.9179
0.0082302,18.9599
0.00824248,19.0016
0.00825488,19.0434
0.00826733,19.0851
0.00827645,19.1271
0.0082882,19.1691
0.00829952,19.2113
0.00831073,19.2536
0.00832193,19.2961
0.00833552,19.3385
0.00834518,19.3815
0.00835448,19.4247
0.0083664,19.4682
0.00837546,19.5116
0.00838738,19.5548
0.00839948,19.5983
0.00840872,19.6415
0.00841801,19.6847
0.00842999,19.7279
0.00844227,19.7712
0.00844883,19.8144
0.00846117,19.8576
0.00847041,19.9008
0.00847929,19.9443
0.00849103,19.9877
0.00849991,20.0312
0.00851136,20.0746
0.00852566,20.1183
0.00853395,20.162
0.00854771,20.206
0.00856118,20.2499
0.0085715,20.2941
0.00858467,20.3383
0.00859498,20.3825
0.00860827,20.4264
0.00862144,20.4706
0.00863498,20.5148
0.0086457,20.5588
0.00865661,20.6025
0.008668,20.6462
0.0086767,20.6896
0.0086857,20.7331
0.00869786,20.7763
0.00871026,20.8195
0.00871955,20.8627
0.00873171,20.9059
0.00874083,20.9491
0.00874942,20.9928
0.00876378,21.0365
0.00877201,21.0802
0.00878583,21.1239
0.00879656,21.1679
0.00880729,21.2118
0.00881766,21.256
0.00883125,21.3
0.0088418,21.3442
0.00885241,21.3881
0.00886046,21.4318
0.00887131,21.4757
0.00888222,21.5197
0.00889032,21.5634
0.00890123,21.6073
0.00890922,21.6513
0.0089203,21.695
0.00893115,21.7389
0.00894194,21.7826
0.00895255,21.8268
0.00896274,21.871
0.00897258,21.9154
0.00898485,21.9599
0.00899391,22.0046
0.00900572,22.0495
0.0090174,22.0944
0.00902884,22.1393
0.00903743,22.1845
0.00904607,22.2294
0.00905483,22.2743
0.00906383,22.319
0.00907021,22.3637
0.00907969,22.4081
0.00908946,22.4526
0.00909947,22.497
0.00910943,22.5412
0.00911962,22.5854
0.00912957,22.6298
0.00913947,22.674
0.0091493,22.7184
0.00915878,22.7631
0.00916814,22.8075
0.00918018,22.8525
0.00918924,22.8971
0.00920098,22.9421
0.00920986,22.9867
0.00922148,23.0317
0.00923305,23.0766
0.00924193,23.1215
0.00925063,23.1664
0.00925957,23.2113
0.00926851,23.256
0.00928049,23.3007
0.00928666,23.3456
0.00929846,23.3903
0.00930723,23.4352
0.00931831,23.4804
0.00932898,23.5258
0.009339,23.5714
0.00934847,23.6173
0.00936063,23.6635
0.00937225,23.7099
0.00938358,23.7563
0.00939449,23.8029
0.00940551,23.8495
0.00941612,23.8964
0.00942685,23.943
0.0094377,23.9899
0.00944581,24.0365
0.00945689,24.0829
0.009465,24.1296
0.00947317,24.1762
0.00948127,24.2228
0.00949236,24.2694
0.00950017,24.3163
0.00951084,24.363
0.00952145,24.4098
0.00953176,24.4567
0.00954189,24.5038
0.00954892,24.5509
0.00955852,24.5983
0.00956818,24.6454
0.00958057,24.6928
0.00959011,24.7401
0.00959971,24.7875
0.00961222,24.8349
0.00962176,24.882
0.00963124,24.9294
0.00964089,24.9767
0.00964772,25.0238
0.00965761,25.0712
0.00966727,25.1183
0.00967686,25.1657
0.0096889,25.2133
0.00969767,25.2609
0.00970905,25.3088
0.00971704,25.3568
0.00973057,25.4049
0.0097407,25.4535
0.00975042,25.5021
0.00976019,25.5507
0.00977277,25.5995
0.00978564,25.6479
0.00979584,25.6964
0.00980639,25.7445
0.00981723,25.7926
0.0098254,25.8407
0.00983684,25.8886
0.00984847,25.9362
0.00986045,25.9838
0.00987225,26.0314
0.00988125,26.079
0.00989567,26.1269
0.0099042,26.1747
0.00991534,26.2226
0.00992911,26.2707
0.00993996,26.3188
0.00995045,26.3671
0.0099641,26.4152
0.00997483,26.4633
0.00998836,26.5114
0.00999909,26.5597
0.0100099,26.6078
0.0100237,26.6559
0.0100313,26.704
0.0100388,26.7524
0.0100489,26.8009
0.0100589,26.8495
0.0100683,26.8984
0.0100799,26.9474
0.0100911,26.9967
0.0101015,27.0463
0.0101111,27.0966
0.0101202,27.1469
0.0101319,27.1974
0.0101435,27.248
0.010152,27.2985
0.0101603,27.3493
0.0101717,27.3998
0.0101802,27.4506
0.010189,27.5011
0.010198,27.5514
0.0102048,27.6015
0.0102147,27.6515
0.0102223,27.7011
0.0102329,27.7506
0.0102436,27.8005
0.0102511,27.85
0.0102613,27.8998
0.010271,27.9499
0.0102804,28.0002
0.0102895,28.0505
0.010298,28.101
0.010312,28.1518
0.0103196,28.203
0.0103297,28.2541
0.0103372,28.3053
0.0103474,28.3566
0.0103548,28.4076
0.0103622,28.4589
0.0103697,28.5099
0.01038,28.5612
0.01039,28.6125
0.0103971,28.6637
0.0104067,28.7152
0.0104185,28.7672
0.0104297,28.8193
0.0104375,28.8717
0.0104452,28.924
0.0104586,28.9765
0.0104688,29.0292
0.0104818,29.0819
0.0104919,29.1347
0.0105019,29.1874
0.0105118,29.2401
0.0105192,29.2926
0.0105297,29.3451
0.0105373,29.3976
0.0105449,29.4501
0.0105525,29.5026
0.0105629,29.5551
0.0105703,29.6076
0.0105805,29.6603
0.0105903,29.713
0.0105969,29.766
0.010606,29.8193
0.0106148,29.8725
0.0106264,29.9259
0.0106346,29.9794
0.0106428,30.0329
0.0106509,30.0866
0.010656,30.1403
0.0106667,30.194
0.010672,30.2477
0.0106804,30.3012
0.0106887,30.3547
0.0106971,30.4081
0.010705,30.4618
0.0107129,30.5158
0.010723,30.5697
0.0107325,30.6242
0.0107446,30.6786
0.0107534,30.7333
0.0107648,30.7882
0.0107762,30.8429
0.0107877,30.8979
0.0107966,30.9526
0.0108059,31.007
0.0108127,31.0612
0.0108201,31.1151
0.0108281,31.1689
0.0108394,31.2223
0.0108483,31.2755
0.0108573,31.3288
0.0108661,31.3822
0.0108748,31.4355
0.0108833,31.4889
0.0108949,31.5424
0.0109063,31.5956
0.0109147,31.6493
0.0109261,31.7026
0.0109376,31.756
0.0109491,31.8095
0.0109576,31.863
0.0109666,31.9162
0.0109756,31.9694
0.0109874,32.0226
0.0109959,32.0761
0.0110044,32.1296
0.0110127,32.183
0.0110236,32.2367
0.0110341,32.2907
0.0110441,32.3446
0.0110539,32.3988
0.0110631,32.4535
0.0110719,32.5082
0.0110838,32.5627
0.0110926,32.6173
0.0111043,32.672
0.0111132,32.7267
0.011122,32.7814
0.0111311,32.8361
0.0111374,32.8905
0.0111466,32.945
0.0111531,32.9994
0.0111597,33.0539
0.0111691,33.1083
0.0111756,33.1628
0.011185,33.217
0.0111911,33.2716
0.0112,33.3263
0.0112085,33.3813
0.0112172,33.436
0.0112258,33.4908
0.0112343,33.5455
0.0112431,33.6002
0.0112519,33.6549
0.0112607,33.7096
0.0112693,33.7645
0.011272,33.8192
0.0112805,33.8741
0.0112888,33.9291
0.0112938,33.9843
0.011304,34.0397
0.0113111,34.0951
0.0113202,34.1512
0.0113259,34.2074
0.0113337,34.2638
0.0113444,34.3204
0.0113551,34.3771
0.0113627,34.4337
0.0113733,34.4904
0.0113811,34.547
0.0113919,34.6036
0.0114,34.66
0.0114053,34.7164
0.0114166,34.7728
0.0114251,34.829
0.0114304,34.8854
0.0114413,34.9418
0.011449,34.9984
0.0114564,35.0553
0.0114664,35.1122
0.0114766,35.1691
0.0114868,35.226
0.0114972,35.2826
0.0115076,35.3392
0.0115182,35.3959
0.0115259,35.4525
0.0115335,35.5094
0.0115439,35.566
0.0115514,35.6227
0.0115617,35.6796
0.0115684,35.7367
0.0115774,35.7941
0.0115861,35.8517
0.0115971,35.9095
0.0116079,35.9674
0.0116151,36.0258
0.011625,36.0841
0.0116348,36.1425
0.0116446,36.2011
0.0116544,36.2594
0.0116615,36.3178
0.0116717,36.3761
0.0116792,36.4342
0.0116867,36.4923
0.0116973,36.5504
0.0117053,36.6083
0.0117134,36.6661
0.0117214,36.724
0.011732,36.7821
0.0117395,36.8402
0.0117465,36.8986
0.0117562,36.9569
0.0117654,37.0158
0.0117749,37.0743
0.0117843,37.1329
0.0117967,37.1915
0.0118063,37.2501
0.0118129,37.3085
0.0118198,37.3671
0.0118296,37.4254
0.0118366,37.4838
0.0118434,37.5424
0.0118561,37.6007
0.011868,37.6595
0.0118767,37.7184
0.011888,37.7777
0.0118989,37.837
0.0119097,37.8964
0.0119204,37.9557
0.011934,38.015
0.0119417,38.0746
0.0119524,38.1339
0.0119631,38.1932
0.0119713,38.2526
0.0119793,38.3119
0.0119905,38.371
0.0119986,38.4303
0.0120069,38.4894
0.0120178,38.5487
0.0120254,38.6083
0.0120355,38.6679
0.0120456,38.7277
0.0120554,38.7875
0.0120678,38.8473
0.0120771,38.9074
0.0120835,38.9677
0.0120926,39.0277
0.0121013,39.088
0.01211,39.1483
0.0121162,39.2086
0.0121279,39.2689
0.0121338,39.3292
0.0121449,39.3898
0.0121556,39.4506
0.0121658,39.5116
0.0121758,39.5729
0.0121882,39.6342
0.0121977,39.6957
0.012207,39.7572
0.012222,39.8185
0.0122315,39.88
0.0122409,39.9415
0.0122508,40.0026
0.0122611,40.0636
0.0122687,40.1246
0.0122789,40.1857
0.0122892,40.2465
0.0122994,40.3075
0.0123094,40.3688
0.0123221,40.4301
0.0123322,40.4911
0.012345,40.5524
0.0123549,40.6134
0.0123677,40.6747
0.0123778,40.7357
0.0123881,40.7968
0.0123983,40.8578
0.0124083,40.9188
0.0124181,40.9801
0.0124278,41.0414
0.0124398,41.1029
0.0124514,41.1649
0.0124653,41.2269
0.0124756,41.2892
0.0124884,41.3517
0.012498,41.4147
0.0125134,41.4772
0.0125261,41.5397
0.012539,41.6022
0.0125492,41.6647
0.0125597,41.7272
0.0125711,41.7892
0.0125769,41.851
0.0125889,41.9125
0.0125984,41.9738
0.0126083,42.035
0.0126182,42.0963
0.0126311,42.1574
0.0126408,42.2186
0.0126532,42.2802
0.0126657,42.3414
0.012675,42.403
0.0126873,42.4642
0.0126998,42.5258
0.0127092,42.587
0.0127188,42.6486
0.0127281,42.7098
0.0127346,42.7714
0.0127441,42.8326
0.0127534,42.8942
0.0127621,42.9559
0.0127736,43.0179
0.0127848,43.0797
0.0127955,43.142
0.0128062,43.2042
0.0128167,43.2665
0.0128273,43.3287
0.0128381,43.391
0.012849,43.453
0.0128575,43.5148
0.0128663,43.5765
0.0128752,43.6383
0.0128842,43.6998
0.0128936,43.7614
0.0129028,43.8229
0.012912,43.8844
0.012921,43.9459
0.0129326,44.0077
0.0129441,44.0697
0.0129553,44.1315
0.0129634,44.1937
0.0129745,44.2555
0.012986,44.3175
0.0129948,44.3793
0.0130036,44.4408
0.0130124,44.5026
0.0130213,44.5643
0.0130299,44.6261
0.0130409,44.6881
0.0130513,44.7506
0.0130613,44.8131
0.0130705,44.8761
0.0130819,44.9391
0.0130927,45.0026
0.0131032,45.0665
0.0131135,45.13
0.0131239,45.194
0.0131314,45.2579
0.0131391,45.3214
0.0131473,45.3849
0.0131584,45.4484
0.0131639,45.5114
0.0131753,45.5748
0.0131837,45.6383
0.0131921,45.7013
0.013206,45.7648
0.0132137,45.8287
0.0132244,45.8922
0.0132381,45.9557
0.013249,46.0192
0.0132601,46.0826
0.0132686,46.1461
0.0132799,46.2091
0.0132883,46.2726
0.0132995,46.3361
0.0133081,46.3991
0.0133195,46.4625
0.0133334,46.526
0.0133442,46.5895
0.0133576,46.653
0.0133706,46.7169
0.0133833,46.7809
0.013396,46.8453
0.0134092,46.9088
0.0134223,46.9728
0.0134359,47.0363
0.0134495,47.1002
0.0134633,47.1637
0.0134744,47.2272
0.0134855,47.2907
0.0134971,47.3536
0.0135119,47.4166
0.0135236,47.4796
0.0135378,47.5431
0.0135487,47.6066
0.0135651,47.67
0.0135787,47.734
0.0135924,47.7975
0.0136063,47.861
0.0136202,47.9244
0.0136278,47.9879
0.0136379,48.0519
0.0136449,48.1158
0.0136577,48.1798
0.0136702,48.2443
0.0136821,48.3087
0.0136964,48.3732
0.0137071,48.4381
0.0137201,48.5035
0.0137328,48.569
0.0137454,48.6344
0.0137582,48.6998
0.013768,48.7653
0.0137779,48.8307
0.0137883,48.8961
0.0137989,48.9611
0.0138096,49.026
0.0138174,49.0909
0.0138284,49.1559
0.013839,49.2208
0.0138524,49.2863
0.0138628,49.3512
0.0138762,49.4161
0.0138895,49.4816
0.0138996,49.547
0.0139129,49.6119
0.0139203,49.6774
0.0139335,49.7423
0.0139436,49.8077
0.0139565,49.8732
0.0139664,49.9386
0.0139786,50.004
0.0139929,50.0704
0.0140034,50.1368
0.0140137,50.2033
0.0140288,50.2706
0.0140438,50.3375
0.0140558,50.4049
0.0140706,50.4718
0.0140824,50.5392
0.0140939,50.6066
0.0141029,50.674
0.0141153,50.7408
0.014125,50.8077
0.0141347,50.8746
0.0141474,50.9415
0.0141601,51.0084
0.0141727,51.0753
0.0141824,51.1422
0.0141983,51.2091
0.0142117,51.2755
0.0142254,51.3419
0.0142388,51.4083
0.0142494,51.4747
0.0142631,51.5411
0.014274,51.6075
0.0142879,51.674
0.0143017,51.7404
0.0143151,51.8068
0.0143308,51.8737
0.0143432,51.9406
0.0143584,52.0075
0.0143767,52.0743
0.0143924,52.1412
0.0144085,52.2081
0.0144253,52.2741
0.0144397,52.3405
0.0144518,52.4059
0.0144673,52.4713
0.014481,52.5363
0.0144957,52.6007
0.0145136,52.6652
0.0145286,52.7296
0.0145439,52.7941
0.0145622,52.858
0.0145805,52.922
0.0145991,52.986
0.014618,53.0499
0.0146342,53.1139
0.0146502,53.1774
0.0146661,53.2413
0.0146793,53.3053
0.0146952,53.3693
0.0147134,53.4332
0.0147282,53.4977
0.0147399,53.5626
0.0147567,53.6271
0.0147762,53.6925
0.0147927,53.7575
0.0148064,53.8224
0.0148232,53.8873
0.0148399,53.9523
0.0148514,54.0167
0.0148637,54.0807
0.0148796,54.1447
0.014896,54.2086
0.0162693,53.6149
