"Maximum force",37.6331,"N"
"Gage length ",0.961927,"mm"
"Strain energy",0.33696,"mJ"
"Deformation at maximum force",0.021775,"mm"
"Standard travel","Standard force"
"mm","N"
0,0.165037
1.3411e-006,0.165789
2.77907e-006,0.166483
4.31389e-006,0.167135
5.87851e-006,0.167769
7.7635e-006,0.168257
9.574e-006,0.168772
1.12727e-005,0.169344
1.32546e-005,0.169785
1.52066e-005,0.170239
1.42828e-005,0.170677
1.61082e-005,0.171185
1.79112e-005,0.171711
1.66222e-005,0.172322
1.80826e-005,0.173004
1.67862e-005,0.173622
1.55121e-005,0.174225
1.71587e-005,0.17482
1.87233e-005,0.175457
1.7494e-005,0.176045
1.9215e-005,0.176602
1.80528e-005,0.177159
1.99899e-005,0.177613
1.92337e-005,0.177973
2.14688e-005,0.178286
2.0802e-005,0.178608
2.01091e-005,0.178936
2.24933e-005,0.17918
2.19569e-005,0.179438
2.16421e-005,0.179588
2.12938e-005,0.179752
2.39909e-005,0.179846
2.35233e-005,0.180073
2.58926e-005,0.180323
2.55033e-005,0.180512
2.51401e-005,0.180684
2.47434e-005,0.180872
2.42628e-005,0.181099
2.66172e-005,0.181359
2.57008e-005,0.181797
2.49036e-005,0.182173
2.68258e-005,0.182635
2.6077e-005,0.182995
2.82675e-005,0.183333
2.74926e-005,0.183701
2.65688e-005,0.184139
2.57082e-005,0.184548
2.78987e-005,0.184883
2.71276e-005,0.185251
2.66135e-005,0.185496
2.60845e-005,0.185745
2.56542e-005,0.18595
2.52575e-005,0.186137
2.51085e-005,0.186208
2.50093e-005,0.186256
2.49924e-005,0.186264
2.77938e-005,0.186311
2.76513e-005,0.186381
2.76178e-005,0.186397
2.77165e-005,0.18635
2.76015e-005,0.186405
3.03731e-005,0.186467
3.026e-005,0.186522
2.98967e-005,0.186694
2.93528e-005,0.186951
2.87084e-005,0.187258
3.09435e-005,0.187571
3.02097e-005,0.187924
2.96136e-005,0.188206
3.17296e-005,0.188574
3.10963e-005,0.18888
3.34209e-005,0.189154
3.56113e-005,0.18949
3.47955e-005,0.189883
3.41324e-005,0.190196
3.63229e-005,0.190533
3.85431e-005,0.190854
4.09422e-005,0.191098
4.31923e-005,0.191411
4.55765e-005,0.191654
4.79458e-005,0.191911
5.01809e-005,0.192226
5.24459e-005,0.192531
5.47407e-005,0.192821
5.98071e-005,0.193166
6.21466e-005,0.193449
6.72726e-005,0.193769
7.22198e-005,0.194177
7.71669e-005,0.194591
8.16671e-005,0.195202
8.30902e-005,0.195915
8.73817e-005,0.196636
9.1554e-005,0.19741
9.56071e-005,0.19825
9.95708e-005,0.199119
0.000106247,0.200084
0.000110017,0.201061
0.000113593,0.202121
0.00012,0.203212
0.000123532,0.204296
0.00012991,0.205394
0.000133382,0.206516
0.000136883,0.207615
0.000143321,0.208683
0.000146897,0.209751
0.000153394,0.210804
0.000162811,0.211834
0.000166313,0.212948
0.000172482,0.214145
0.000178592,0.215389
0.000184612,0.216671
0.000190423,0.218052
0.000196056,0.219516
0.00020148,0.221065
0.000206755,0.222698
0.000211881,0.224407
0.000216828,0.2262
0.000224428,0.228092
0.000229196,0.229969
0.000233786,0.231922
0.000238256,0.233936
0.000245617,0.235965
0.000252859,0.238025
0.000257121,0.240162
0.000264005,0.242405
0.00027378,0.244632
0.000277625,0.246967
0.000284301,0.249302
0.000290976,0.251651
0.000297563,0.254047
0.000304238,0.256382
0.000310705,0.258838
0.000317292,0.261219
0.000323699,0.263691
0.000330107,0.266163
0.000336246,0.268757
0.000342504,0.271305
0.000351684,0.273838
0.000357763,0.276478
0.000363664,0.279178
0.000369356,0.282001
0.00037782,0.28487
0.000383065,0.287891
0.000391112,0.290958
0.000396149,0.294101
0.000400947,0.297336
0.000411258,0.300724
0.000415699,0.304111
0.000422852,0.307605
0.000429885,0.311161
0.000436859,0.314747
0.000443862,0.318317
0.000450866,0.321888
0.000454949,0.325458
0.000464903,0.328998
0.000471966,0.332538
0.000476168,0.336063
0.000486003,0.339664
0.000492947,0.343265
0.000499861,0.346882
0.000509517,0.350544
0.000516341,0.354221
0.000522838,0.35802
0.000532196,0.36185
0.000538336,0.365818
0.000544564,0.369754
0.000553386,0.373844
0.000562148,0.377933
0.000570671,0.382145
0.000576363,0.386387
0.000581936,0.390598
0.000590281,0.394901
0.000598447,0.399296
0.000603632,0.403751
0.00061156,0.408237
0.000619308,0.412815
0.000626938,0.417484
0.000634567,0.422153
0.000642107,0.426822
0.000652419,0.431583
0.000659601,0.436435
0.000666784,0.441318
0.000673996,0.446171
0.000680999,0.451114
0.000690894,0.456058
0.000697808,0.461033
0.000707762,0.465946
0.000717656,0.47092
0.00072755,0.475864
0.000734286,0.480961
0.000741051,0.485996
0.000750349,0.491214
0.000759528,0.496525
0.000765757,0.501835
0.000774817,0.507175
0.000783638,0.512638
0.00078939,0.518192
0.000797556,0.52396
0.000805543,0.529819
0.000813649,0.535618
0.000821517,0.541507
0.000829445,0.547397
0.000837491,0.553257
0.000845299,0.559177
0.000853108,0.565128
0.000860916,0.571079
0.000868545,0.577091
0.000876353,0.583042
0.000884221,0.588962
0.000894592,0.595066
0.000904904,0.601169
0.000912057,0.607425
0.00091909,0.613743
0.000929044,0.620029
0.000936107,0.626346
0.000945942,0.632694
0.000955598,0.639133
0.000962274,0.645603
0.000971631,0.652195
0.000977979,0.658848
0.000987218,0.66547
0.000996457,0.672123
0.0010054,0.678898
0.0010141,0.685795
0.00102262,0.692783
0.00103103,0.699833
0.00103943,0.706852
0.00104754,0.714023
0.0010557,0.721195
0.00106089,0.728367
0.00106882,0.735599
0.00107961,0.742923
0.00108723,0.750309
0.00109784,0.757663
0.00110538,0.76514
0.00111278,0.772648
0.00112303,0.780185
0.00113316,0.787754
0.00114037,0.795383
0.0011475,0.803013
0.00115739,0.810733
0.00116728,0.818424
0.00117411,0.826206
0.00118359,0.834079
0.00119318,0.841953
0.0012026,0.849888
0.00121172,0.857944
0.00122358,0.866123
0.00122948,0.874363
0.00123806,0.882663
0.00124659,0.891025
0.00125499,0.899448
0.00126346,0.90781
0.00127478,0.916233
0.00128015,0.924717
0.00129111,0.933262
0.00129928,0.941806
0.00130744,0.950351
0.00131835,0.958957
0.0013264,0.967563
0.00133427,0.976169
0.00134517,0.984775
0.00135298,0.993503
0.00136079,1.00217
0.00137164,1.01084
0.00137968,1.01944
0.00138755,1.02805
0.00139554,1.03666
0.00140359,1.04526
0.00141449,1.05387
0.00142516,1.0626
0.00143258,1.07145
0.00144,1.08036
0.00145038,1.08921
0.00145756,1.09818
0.00147031,1.10733
0.00147705,1.11649
0.00148387,1.12571
0.00149329,1.13498
0.00150247,1.14438
0.00151177,1.15378
0.00152119,1.16306
0.00152759,1.17246
0.00153969,1.18186
0.00154875,1.19138
0.00155793,1.20078
0.00156434,1.21012
0.00157334,1.21964
0.0015852,1.22916
0.00159426,1.23862
0.00160332,1.24814
0.00161226,1.25766
0.00162126,1.26718
0.00162991,1.27689
0.00164159,1.28647
0.00165005,1.29624
0.00165828,1.30613
0.00166936,1.31601
0.00167747,1.32596
0.00168546,1.33591
0.00169321,1.34604
0.00170387,1.35611
0.00171436,1.36631
0.00172185,1.37656
0.001729,1.38694
0.00174181,1.39737
0.00174894,1.40775
0.00175871,1.41831
0.00176843,1.42881
0.00177519,1.43943
0.00178789,1.44992
0.00179736,1.46054
0.00180404,1.47116
0.00181352,1.48185
0.00182311,1.49247
0.00183277,1.50302
0.00184219,1.51371
0.00185172,1.52433
0.00186144,1.53489
0.0018708,1.54563
0.00188272,1.55649
0.00189166,1.56742
0.00190042,1.5784
0.00191198,1.58945
0.00192051,1.60056
0.00193183,1.61173
0.00194012,1.62296
0.00195114,1.63425
0.00195913,1.6456
0.00197004,1.65696
0.00198089,1.66837
0.00198887,1.67972
0.0019968,1.69114
0.00200485,1.70243
0.00201588,1.71378
0.00202386,1.72513
0.00203489,1.73642
0.00204568,1.74784
0.00205355,1.75925
0.00206165,1.77054
0.00207274,1.78183
0.00208078,1.79319
0.00209181,1.80448
0.00210272,1.81589
0.00211053,1.8273
0.00211828,1.83878
0.00213163,1.85038
0.00213917,1.86197
0.0021493,1.87369
0.00215925,1.88547
0.00216891,1.89743
0.00217851,1.9094
0.00219061,1.9216
0.00219967,1.93381
0.00220837,1.94626
0.00221993,1.95865
0.0022284,1.97116
0.00223984,1.98368
0.00224818,1.99625
0.00225927,2.00888
0.0022703,2.02158
0.00228109,2.03434
0.00228919,2.04703
0.00229706,2.05985
0.00230815,2.07248
0.00231899,2.08524
0.00232978,2.09806
0.00234045,2.11087
0.00234826,2.12375
0.00236173,2.13663
0.00237222,2.14957
0.00238289,2.16239
0.00239326,2.17545
0.00240649,2.18839
0.00241657,2.20157
0.00242372,2.21469
0.00243367,2.22788
0.00244631,2.24118
0.00245573,2.25461
0.00246807,2.26804
0.00247736,2.28159
0.00248934,2.29514
0.00249846,2.30875
0.00250764,2.3223
0.00251676,2.33591
0.00252886,2.34946
0.00253816,2.36295
0.00254764,2.37638
0.00255717,2.38974
0.00256665,2.40317
0.00257899,2.4166
0.00258841,2.43003
0.00259794,2.44339
0.0026104,2.45682
0.00262286,2.47019
0.00263234,2.48362
0.00264152,2.49717
0.00265075,2.51065
0.00266303,2.52414
0.00267227,2.53763
0.00268431,2.55124
0.00269641,2.56479
0.00270541,2.5784
0.00271423,2.59214
0.00272294,2.60593
0.00273718,2.61985
0.0027457,2.6337
0.00275679,2.64774
0.00276776,2.66184
0.00277563,2.676
0.00278641,2.69016
0.00279685,2.7045
0.0028074,2.71878
0.00281789,2.73313
0.0028282,2.74753
0.00283845,2.76194
0.0028487,2.77634
0.00285901,2.79074
0.00286926,2.80521
0.00288238,2.81961
0.00289263,2.83408
0.00290568,2.84854
0.00291558,2.86313
0.00292547,2.87772
0.00293519,2.89237
0.00294788,2.90702
0.00296052,2.92173
0.00297012,2.93644
0.00297965,2.95121
0.00298895,2.9661
0.00300117,2.98093
0.00301053,2.99582
0.00302281,3.01065
0.00303503,3.02555
0.00304432,3.04038
0.00305642,3.05533
0.00306554,3.07029
0.00307746,3.0853
0.0030864,3.10038
0.00309552,3.11527
0.00310733,3.13041
0.00311913,3.14542
0.00313087,3.16056
0.00313674,3.17569
0.00314836,3.19083
0.00316005,3.20591
0.00317173,3.22104
0.00318639,3.23618
0.00319497,3.25138
0.00320368,3.26651
0.00321804,3.28177
0.00322639,3.29709
0.00324075,3.31229
0.00325208,3.32761
0.0032631,3.34305
0.00327407,3.35849
0.00328486,3.37406
0.00329548,3.38973
0.00330877,3.40536
0.00331897,3.42123
0.00333214,3.43698
0.00334239,3.45284
0.00335521,3.46884
0.00336808,3.4847
0.00337792,3.5007
0.00339067,3.51669
0.00340045,3.5328
0.0034129,3.54891
0.00342542,3.56503
0.00343502,3.58114
0.00344736,3.59725
0.00345963,3.61349
0.00347185,3.62972
0.00348413,3.64596
0.00349641,3.6622
0.00350881,3.67831
0.00352133,3.69442
0.00353396,3.71054
0.00354678,3.72653
0.00355661,3.74252
0.00356943,3.75851
0.00357926,3.7745
0.00359488,3.79049
0.00360465,3.80648
0.00361735,3.82247
0.00362688,3.83871
0.00363916,3.85482
0.00365144,3.87106
0.00366062,3.88741
0.00367272,3.90377
0.00368482,3.92001
0.00369692,3.93637
0.00370902,3.9526
0.00372112,3.96896
0.00373322,3.98519
0.00374246,4.00155
0.00375772,4.01766
0.00376719,4.0339
0.00378269,4.04989
0.00379533,4.066
0.0038051,4.082
0.00381768,4.09811
0.00383043,4.1141
0.00384301,4.13021
0.00385565,4.1462
0.00386828,4.16232
0.00388366,4.17843
0.00389612,4.19454
0.00390834,4.21078
0.00392032,4.22714
0.00393218,4.24362
0.00394678,4.2601
0.00395823,4.2767
0.00397259,4.2933
0.0039841,4.3099
0.00399804,4.32662
0.00400937,4.34335
0.00402367,4.35995
0.00403512,4.37655
0.00404984,4.39303
0.00406462,4.40951
0.00407684,4.42575
0.00408936,4.44174
0.00410509,4.45773
0.00411809,4.4736
0.00413144,4.48934
0.00414467,4.50509
0.004161,4.52084
0.00417453,4.5364
0.004188,4.55203
0.00420433,4.56777
0.00421763,4.58352
0.00423348,4.59939
0.00424642,4.61526
0.00426191,4.63137
0.00427443,4.64749
0.00428963,4.66372
0.00430161,4.68008
0.00431627,4.69656
0.00432819,4.71292
0.00434303,4.72927
0.00435788,4.74563
0.00437284,4.76199
0.00438762,4.77835
0.00439978,4.7947
0.00441468,4.81106
0.00443292,4.82717
0.00444842,4.84329
0.00446427,4.85916
0.00447703,4.87515
0.00449598,4.89102
0.00450903,4.90676
0.00452548,4.92239
0.00454492,4.93801
0.00456149,4.95358
0.00457841,4.96896
0.00459498,4.98452
0.00461191,4.99996
0.00462836,5.01559
0.00464779,5.03109
0.00466109,5.04684
0.00467968,5.06283
0.00469554,5.0787
0.00471091,5.09481
0.00472939,5.11093
0.00474453,5.12716
0.00475979,5.14327
0.00477529,5.15939
0.00479049,5.17562
0.00480342,5.19149
0.00481904,5.20761
0.00483573,5.22311
0.00484896,5.23886
0.00486624,5.25405
0.00488061,5.26931
0.00489849,5.2842
0.00491375,5.29904
0.00492913,5.31381
0.00494808,5.32821
0.00496394,5.34274
0.00498349,5.3569
0.00500113,5.37057
0.00501865,5.3843
0.00503928,5.39797
0.0050593,5.41189
0.00507635,5.42587
0.00509626,5.43984
0.00511545,5.45413
0.00513214,5.46829
0.00515109,5.48275
0.00517005,5.4971
0.00518453,5.51229
0.00519949,5.52725
0.00521702,5.54238
0.00523442,5.55752
0.0052498,5.57229
0.00526697,5.58755
0.00528592,5.60201
0.00530356,5.61709
0.00531978,5.63143
0.00533849,5.64596
0.00535518,5.66012
0.00537521,5.67404
0.005395,5.68801
0.00541288,5.70162
0.00542993,5.7156
0.00545162,5.72872
0.00546962,5.74221
0.00548834,5.7554
0.00550968,5.7687
0.00552494,5.78213
0.00554639,5.79531
0.00556439,5.80886
0.00558263,5.82229
0.00560028,5.8359
0.00561816,5.84951
0.00563818,5.86343
0.00565535,5.87728
0.00566971,5.8912
0.00568915,5.90536
0.0057028,5.91958
0.00572127,5.93429
0.00573653,5.949
0.00575453,5.96395
0.00576925,5.97903
0.00578642,5.99429
0.00580049,6.00967
0.0058139,6.02529
0.00582689,6.04116
0.00584227,6.05728
0.00585449,6.07363
0.00586629,6.08999
0.00588083,6.10659
0.00589502,6.12319
0.00590617,6.14004
0.00591678,6.15701
0.00592691,6.17422
0.00594253,6.19168
0.00595474,6.20925
0.0059641,6.22683
0.00597614,6.24453
0.00598544,6.26223
0.0059973,6.27993
0.0060091,6.29788
0.00601793,6.3157
0.00602687,6.33352
0.00604177,6.35122
0.00605101,6.36892
0.00606317,6.3865
0.0060724,6.4042
0.00608176,6.42178
0.00609124,6.43936
0.00610364,6.45693
0.00611323,6.47439
0.00612563,6.49197
0.00613535,6.5093
0.00614786,6.52688
0.00616038,6.54434
0.00617302,6.56179
0.00618267,6.57925
0.00619525,6.5967
0.00620765,6.61416
0.00621742,6.63162
0.0062297,6.64919
0.00624484,6.66677
0.00625402,6.68447
0.00626582,6.7023
0.0062775,6.72024
0.00628907,6.73818
0.00630045,6.75613
0.00631172,6.77419
0.00632262,6.79251
0.00633323,6.81082
0.00634414,6.82913
0.00635511,6.84731
0.00636602,6.86563
0.0063799,6.88381
0.00639087,6.902
0.00640494,6.92019
0.00641608,6.93826
0.00643027,6.95632
0.00644189,6.97427
0.00645656,6.99209
0.00646818,7.01003
0.00647968,7.02798
0.00649411,7.04592
0.00650865,7.06375
0.00652343,7.08157
0.00653529,7.09939
0.00654406,7.11721
0.00655854,7.13516
0.00656975,7.15335
0.00658375,7.17141
0.00659466,7.18972
0.00660545,7.20803
0.00661904,7.22634
0.00662941,7.2449
0.00663918,7.2637
0.00665224,7.28225
0.00666499,7.30105
0.00667787,7.31973
0.00669068,7.3384
0.00670332,7.3572
0.00671601,7.376
0.00672883,7.39468
0.00674164,7.41348
0.00675476,7.43203
0.00676787,7.45059
0.00678045,7.46939
0.00679618,7.48818
0.00680882,7.50698
0.0068214,7.52578
0.00683677,7.5447
0.00684911,7.56362
0.00686401,7.58279
0.00687874,7.60195
0.0068931,7.62124
0.00690448,7.64065
0.00691885,7.66006
0.0069359,7.67947
0.00695014,7.69888
0.00696433,7.71841
0.00697851,7.73782
0.00698996,7.75723
0.00700426,7.77664
0.00701559,7.79605
0.00703007,7.81533
0.00704456,7.83462
0.00705612,7.85391
0.00706762,7.87332
0.00707936,7.89248
0.0070914,7.91165
0.00710941,7.93057
0.00712174,7.94961
0.00713468,7.96816
0.00714791,7.98672
0.00716412,8.00527
0.00718045,8.02371
0.00719679,8.04214
0.00721055,8.06033
0.00722689,8.07876
0.0072431,8.09719
0.00725919,8.11587
0.00727248,8.1343
0.00728822,8.15298
0.00730092,8.17178
0.00731629,8.1907
0.00733155,8.20962
0.00734371,8.22866
0.00735843,8.24783
0.00737596,8.26711
0.00739044,8.2864
0.00740195,8.30569
0.00741887,8.32522
0.00743294,8.34475
0.00744409,8.36428
0.00746113,8.38369
0.00747591,8.40298
0.00749093,8.42202
0.00750619,8.44094
0.00752193,8.45962
0.0075357,8.47793
0.0075531,8.49575
0.00757122,8.51345
0.00758934,8.53103
0.00760746,8.54849
0.00762272,8.56606
0.00764048,8.58389
0.00765789,8.60183
0.00767231,8.61978
0.00768924,8.63784
0.00770557,8.65627
0.00772119,8.67507
0.00773639,8.69412
0.00775135,8.71316
0.00776601,8.73232
0.00778061,8.75161
0.00779522,8.7709
0.00781262,8.79019
0.00782412,8.80947
0.00783843,8.82888
0.0078525,8.84841
0.00786627,8.86807
0.00788284,8.88772
0.00789654,8.9075
0.00791323,8.92703
0.00793004,8.94668
0.00794387,8.96621
0.00796068,8.98586
0.00797463,9.0054
0.0079884,9.02505
0.00800193,9.04482
0.00802171,9.06436
0.00803626,9.08364
0.0080539,9.10281
0.00807202,9.12173
0.0080874,9.14065
0.00810313,9.15933
0.00811607,9.178
0.00813502,9.19656
0.00815124,9.21511
0.00816792,9.23342
0.00818145,9.25173
0.00820065,9.27017
0.0082165,9.28884
0.00823212,9.30764
0.00824475,9.32644
0.00826013,9.34524
0.00827825,9.36428
0.00829345,9.3832
0.00830883,9.40212
0.00832421,9.42092
0.00833994,9.43972
0.00835544,9.45852
0.00837082,9.47744
0.00838608,9.49636
0.00840122,9.51541
0.00841886,9.53457
0.00843382,9.55361
0.00845158,9.57278
0.00846625,9.59194
0.00848055,9.61135
0.00849396,9.63113
0.00851006,9.65103
0.00852299,9.67117
0.00853551,9.69143
0.00855065,9.71169
0.00856275,9.7322
0.00857717,9.75295
0.00858826,9.77383
0.00859893,9.79495
0.00861258,9.81606
0.0086267,9.83682
0.00863779,9.85781
0.00864887,9.87869
0.00866014,9.89956
0.00867158,9.92031
0.00868285,9.94106
0.00869429,9.96182
0.0087058,9.98257
0.00871718,10.0033
0.00872827,10.0243
0.008739,10.0453
0.00875247,10.0666
0.00876296,10.0877
0.00877613,10.109
0.00878608,10.1305
0.00879884,10.152
0.00881124,10.1736
0.00882352,10.1953
0.00883562,10.2172
0.00884766,10.239
0.00885642,10.261
0.0088709,10.2831
0.00888217,10.3053
0.00889611,10.3277
0.00890398,10.3501
0.00891751,10.3726
0.008928,10.3952
0.00893825,10.4179
0.00895149,10.4406
0.00896168,10.4633
0.00897181,10.486
0.00898469,10.5088
0.00899476,10.5316
0.00900769,10.5543
0.00901783,10.5772
0.00902802,10.5999
0.00904119,10.6226
0.00904906,10.6449
0.00906283,10.6674
0.00907374,10.6897
0.00908512,10.7119
0.00909645,10.734
0.00910789,10.7563
0.00911939,10.7783
0.0091337,10.8004
0.00914508,10.8227
0.00915349,10.8448
0.0091672,10.8672
0.00917787,10.8897
0.00918836,10.9123
0.00919849,10.9351
0.00921142,10.9578
0.00922418,10.9807
0.00923377,11.0037
0.00924617,11.0268
0.00925839,11.0498
0.00926775,11.073
0.00927979,11.0962
0.00929177,11.1195
0.00930065,11.1428
0.00930953,11.1662
0.00932408,11.1896
0.00933582,11.2129
0.00934786,11.2361
0.00936324,11.2592
0.00937557,11.2823
0.00938791,11.3053
0.00939733,11.3284
0.00940973,11.3515
0.00942224,11.3744
0.00943476,11.3975
0.00944746,11.4203
0.00945991,11.4434
0.00947213,11.4665
0.00948388,11.4899
0.00949562,11.5132
0.00950718,11.5366
0.00951559,11.5602
0.00952977,11.5838
0.0095408,11.6076
0.00955445,11.6314
0.00956488,11.6553
0.00957823,11.6793
0.0095886,11.7033
0.00960195,11.7273
0.00961507,11.7514
0.00962806,11.7755
0.00963801,11.7997
0.00965035,11.8242
0.00966257,11.8487
0.00967497,11.8731
0.00968737,11.8976
0.00969929,11.9221
0.00971103,11.9469
0.00972235,11.9718
0.00973386,11.9967
0.00974542,12.0215
0.0097571,12.0463
0.00977183,12.0709
0.00978095,12.0956
0.00979287,12.1203
0.00980491,12.1448
0.00981432,12.1693
0.00982672,12.1938
0.00983942,12.218
0.00985176,12.2425
0.00986421,12.2669
0.00987667,12.2913
0.00988627,12.3157
0.00989866,12.3401
0.00990808,12.3645
0.00992054,12.3889
0.00993324,12.4132
0.00994605,12.4375
0.00995875,12.4618
0.0099746,12.4859
0.00998473,12.51
0.00999797,12.5341
0.0100111,12.5581
0.0100245,12.5822
0.0100378,12.6061
0.0100538,12.6303
0.0100637,12.6544
0.010079,12.6789
0.0100915,12.7033
0.0101038,12.7278
0.0101191,12.7522
0.0101316,12.7765
0.010147,12.8008
0.0101598,12.8251
0.0101726,12.8494
0.0101854,12.8737
0.0101953,12.8979
0.0102111,12.922
0.0102242,12.9461
0.0102379,12.9699
0.0102517,12.9937
0.0102658,13.0174
0.0102801,13.0409
0.0102971,13.0645
0.0103113,13.0881
0.0103254,13.1117
0.0103396,13.1353
0.0103567,13.1587
0.010374,13.1823
0.0103878,13.2061
0.0104041,13.23
0.0104199,13.2542
0.0104329,13.2784
0.0104488,13.3025
0.0104645,13.3267
0.0104801,13.351
0.0104956,13.3754
0.010508,13.3998
0.0105257,13.4245
0.0105408,13.449
0.0105556,13.4737
0.0105704,13.4983
0.0105848,13.5232
0.0106032,13.5475
0.0106168,13.5713
0.0106338,13.595
0.0106488,13.6182
0.0106673,13.6412
0.0106844,13.6632
0.0107054,13.685
0.0107241,13.7065
0.0107433,13.7277
0.0107629,13.7487
0.0107818,13.7701
0.0108031,13.7917
0.0108211,13.8134
0.0108388,13.8352
0.0108562,13.8573
0.0108724,13.8799
0.0108879,13.9029
0.0109031,13.9261
0.0109179,13.9494
0.0109323,13.9728
0.0109471,13.9961
0.0109614,14.0196
0.0109787,14.0431
0.0109931,14.0666
0.0110101,14.0902
0.0110243,14.1138
0.0110383,14.1375
0.0110521,14.1612
0.011069,14.1849
0.0110828,14.2087
0.0110961,14.2327
0.0111123,14.2566
0.0111256,14.2807
0.0111417,14.3047
0.011152,14.3288
0.0111648,14.3529
0.0111807,14.3771
0.0111941,14.401
0.0112077,14.425
0.0112212,14.4488
0.0112349,14.4727
0.0112483,14.4966
0.0112617,14.5205
0.0112751,14.5446
0.0112913,14.5685
0.0113044,14.5926
0.0113202,14.6167
0.0113326,14.6413
0.0113475,14.6658
0.0113592,14.6906
0.0113735,14.7155
0.0113846,14.7405
0.0113983,14.7658
0.0114092,14.7909
0.0114227,14.8162
0.0114362,14.8415
0.0114465,14.8669
0.0114596,14.8924
0.0114725,14.9179
0.0114855,14.9434
0.0114986,14.9689
0.0115121,14.9942
0.0115259,15.0193
0.011537,15.0444
0.0115482,15.0694
0.0115624,15.0943
0.0115711,15.1192
0.0115856,15.144
0.0115973,15.1686
0.011609,15.1934
0.0116205,15.2183
0.0116351,15.2431
0.0116481,15.2673
0.0116616,15.2911
0.0116783,15.3149
0.0116925,15.3384
0.0117099,15.3619
0.0117247,15.3852
0.0117428,15.4082
0.0117588,15.4309
0.0117781,15.4534
0.0117943,15.4761
0.0118121,15.4993
0.0118295,15.5227
0.0118437,15.5464
0.0118605,15.5701
0.0118772,15.5939
0.0118905,15.6178
0.0119034,15.642
0.0119215,15.6665
0.0119334,15.6912
0.0119484,15.7157
0.0119605,15.7403
0.0119752,15.7651
0.0119872,15.7897
0.012002,15.8144
0.012017,15.8389
0.0120297,15.8632
0.0120425,15.8874
0.0120584,15.9115
0.0120683,15.9358
0.0120838,15.9601
0.0120991,15.9845
0.0121145,16.009
0.0121269,16.0334
0.012142,16.0579
0.0121567,16.0826
0.0121711,16.1075
0.0121825,16.1324
0.0121967,16.1573
0.0122109,16.1823
0.0122277,16.2073
0.0122417,16.2325
0.0122554,16.2576
0.0122719,16.2829
0.0122881,16.3081
0.0123044,16.3335
0.0123205,16.3589
0.0123366,16.3843
0.0123497,16.4098
0.0123658,16.4353
0.0123794,16.4606
0.0123959,16.4858
0.0124096,16.511
0.0124264,16.5361
0.0124405,16.5611
0.0124546,16.5861
0.0124688,16.611
0.0124857,16.636
0.0124996,16.6612
0.0125136,16.6862
0.0125272,16.7115
0.0125404,16.7369
0.0125561,16.7625
0.0125718,16.788
0.0125876,16.8136
0.0125977,16.8392
0.0126133,16.8648
0.0126287,16.8905
0.0126414,16.9163
0.0126569,16.9419
0.0126724,16.9677
0.0126879,16.9934
0.0127034,17.0191
0.0127186,17.045
0.0127309,17.0708
0.0127459,17.0968
0.0127609,17.1227
0.0127759,17.1487
0.0127909,17.1746
0.0128029,17.2006
0.0128177,17.2266
0.0128297,17.2526
0.0128446,17.2786
0.0128595,17.3046
0.0128715,17.3306
0.0128862,17.3567
0.012898,17.3829
0.0129126,17.409
0.0129272,17.4351
0.0129421,17.4611
0.0129544,17.487
0.0129697,17.5127
0.0129856,17.5382
0.0129988,17.5636
0.0130149,17.589
0.0130339,17.6145
0.0130502,17.6398
0.0130667,17.6652
0.0130828,17.6906
0.0130986,17.7161
0.0131142,17.7417
0.0131321,17.7677
0.0131467,17.7939
0.0131609,17.8202
0.0131778,17.8466
0.013192,17.873
0.013207,17.8993
0.013225,17.9257
0.0132433,17.9521
0.0132607,17.9773
0.0132802,18.0016
0.0133012,18.0251
0.0133234,18.0481
0.0133477,18.07
0.0133752,18.0905
0.0134077,18.1098
0.0134354,18.1287
0.0134667,18.1473
0.0134989,18.1654
0.0135264,18.1845
0.0135549,18.2044
0.0135796,18.2248
0.0136034,18.2455
0.0136281,18.2673
0.0136472,18.2903
0.0136644,18.3142
0.0136803,18.3389
0.0136983,18.3639
0.0137129,18.3892
0.0137268,18.4147
0.0137407,18.4402
0.0137544,18.466
0.0137705,18.4919
0.0137838,18.5177
0.0137966,18.5439
0.0138092,18.5701
0.0138247,18.5962
0.0138403,18.6224
0.013853,18.6486
0.0138687,18.6746
0.0138816,18.7007
0.0138946,18.7267
0.0139081,18.7525
0.0139216,18.7782
0.0139355,18.8038
0.0139495,18.8293
0.0139635,18.8549
0.0139772,18.8805
0.0139907,18.9063
0.0140038,18.9322
0.0140193,18.9584
0.0140343,18.9849
0.0140458,19.0115
0.0140631,19.0382
0.0140773,19.0652
0.0140912,19.0922
0.0141049,19.1192
0.0141184,19.1464
0.014132,19.1735
0.0141455,19.2006
0.0141593,19.2277
0.0141733,19.2547
0.0141901,19.2815
0.0142009,19.3086
0.0142144,19.3359
0.0142248,19.3631
0.0142412,19.3903
0.0142546,19.4175
0.0142678,19.4447
0.0142809,19.4721
0.014291,19.4996
0.014304,19.527
0.0143172,19.5542
0.0143305,19.5816
0.0143436,19.6089
0.0143539,19.6363
0.0143668,19.6636
0.0143796,19.6912
0.0143924,19.7187
0.0144022,19.7463
0.0144147,19.7738
0.0144297,19.8018
0.0144414,19.8298
0.0144528,19.858
0.0144643,19.8861
0.0144757,19.9143
0.0144868,19.9425
0.0144981,19.9709
0.0145094,19.9991
0.0145236,20.0273
0.0145349,20.0556
0.0145496,20.0835
0.0145614,20.1115
0.0145732,20.1394
0.014588,20.1674
0.0145998,20.1955
0.0146119,20.2233
0.0146268,20.2511
0.0146387,20.2791
0.0146537,20.3069
0.0146658,20.3348
0.0146773,20.363
0.0146887,20.3912
0.0147027,20.4195
0.0147106,20.4479
0.0147243,20.4764
0.0147376,20.505
0.0147506,20.5339
0.0147632,20.5629
0.0147753,20.5921
0.0147872,20.6215
0.0147989,20.6509
0.0148106,20.6803
0.0148257,20.7095
0.0148378,20.7388
0.0148496,20.7681
0.0148643,20.7975
0.014876,20.8271
0.0148907,20.8564
0.0149025,20.8858
0.0149143,20.9152
0.0149295,20.9444
0.0149421,20.9733
0.0149573,21.0025
0.0149698,21.0315
0.0149827,21.0605
0.0149928,21.0893
0.0150091,21.1178
0.0150227,21.1464
0.0150337,21.1747
0.0150474,21.2032
0.0150641,21.2316
0.0150748,21.2602
0.0150883,21.2887
0.0151018,21.3173
0.0151153,21.3459
0.0151289,21.3744
0.0151422,21.4031
0.0151552,21.4319
0.0151681,21.4607
0.0151837,21.4897
0.0151966,21.5186
0.015212,21.5476
0.0152244,21.5768
0.0152396,21.6059
0.0152516,21.6352
0.0152666,21.6645
0.0152787,21.6936
0.0152909,21.7228
0.0153062,21.752
0.0153194,21.7807
0.015333,21.8092
0.0153499,21.8376
0.0153641,21.8658
0.0153782,21.8941
0.0153896,21.9222
0.0154068,21.9504
0.0154181,21.9787
0.0154351,22.007
0.0154517,22.0354
0.0154645,22.0644
0.0154794,22.0937
0.0154938,22.1232
0.0155109,22.1529
0.0155218,22.1827
0.0155352,22.2127
0.0155484,22.2427
0.0155615,22.273
0.0155744,22.3033
0.015587,22.3335
0.0155997,22.3641
0.0156124,22.3943
0.0156279,22.4247
0.0156435,22.4551
0.0156563,22.4854
0.0156694,22.5157
0.0156827,22.5457
0.0156932,22.5757
0.0157073,22.6054
0.0157188,22.6349
0.0157337,22.6642
0.015746,22.6934
0.0157585,22.7225
0.0157739,22.7515
0.0157895,22.7804
0.0158021,22.8095
0.0158147,22.8384
0.0158274,22.8675
0.0158399,22.8964
0.0158551,22.9256
0.0158672,22.9549
0.0158819,22.9843
0.0158934,23.0138
0.0159077,23.0434
0.0159249,23.0729
0.0159363,23.1026
0.0159506,23.1321
0.0159645,23.1619
0.0159782,23.1918
0.0159919,23.2217
0.0160029,23.2515
0.0160168,23.2813
0.016034,23.3108
0.0160452,23.3405
0.0160595,23.3702
0.0160712,23.3996
0.016086,23.4289
0.0160981,23.4582
0.0161131,23.4875
0.0161252,23.5166
0.0161402,23.5459
0.0161553,23.5751
0.0161675,23.6043
0.0161825,23.6336
0.0161974,23.6629
0.016212,23.6923
0.0162265,23.7217
0.016241,23.7513
0.0162555,23.7808
0.0162671,23.8102
0.0162842,23.8399
0.0162984,23.8695
0.0163095,23.8992
0.0163239,23.9288
0.0163412,23.9583
0.0163556,23.9878
0.0163702,24.0174
0.0163849,24.0468
0.0164027,24.076
0.016418,24.1051
0.0164336,24.1341
0.0164497,24.1628
0.0164662,24.1913
0.0164798,24.2199
0.0164994,24.2483
0.0165131,24.2768
0.0165296,24.3052
0.0165433,24.3338
0.0165595,24.3625
0.0165728,24.3912
0.0165885,24.42
0.0166011,24.449
0.0166163,24.4782
0.0166282,24.5075
0.0166429,24.5369
0.0166543,24.5664
0.0166682,24.5962
0.0166789,24.6261
0.0166949,24.6563
0.0167078,24.6867
0.0167204,24.7171
0.0167327,24.7476
0.0167454,24.778
0.0167611,24.8083
0.016771,24.8385
0.0167841,24.8688
0.0167975,24.8988
0.0168079,24.9289
0.0168217,24.9587
0.0168356,24.9884
0.0168496,25.0182
0.0168637,25.0479
0.016874,25.0779
0.0168871,25.1082
0.0168998,25.1386
0.016912,25.1691
0.0169212,25.1997
0.0169332,25.2305
0.0169478,25.2614
0.0169588,25.2925
0.0169695,25.3238
0.0169827,25.3553
0.0169954,25.387
0.0170077,25.419
0.0170197,25.4512
0.0170314,25.4834
0.0170428,25.5157
0.0170537,25.5484
0.0170643,25.5811
0.017075,25.6138
0.0170887,25.6465
0.0170992,25.6795
0.0171101,25.712
0.0171181,25.7447
0.0171289,25.7774
0.0171398,25.8101
0.0171507,25.8426
0.0171617,25.8753
0.0171727,25.9078
0.0171809,25.9405
0.0171918,25.9729
0.0172026,26.0057
0.0172132,26.0384
0.0172238,26.0711
0.0172344,26.104
0.0172478,26.1368
0.0172581,26.1697
0.0172682,26.2029
0.0172811,26.2359
0.0172909,26.2691
0.0173036,26.3023
0.0173136,26.3352
0.0173265,26.3682
0.0173394,26.4014
0.0173523,26.4343
0.0173624,26.4675
0.0173728,26.5003
0.0173861,26.5332
0.0173965,26.5662
0.0174099,26.5989
0.0174206,26.6316
0.017434,26.6646
0.0174473,26.6975
0.0174576,26.7302
0.0174678,26.7632
0.0174776,26.7964
0.0174899,26.8298
0.0175023,26.863
0.0175144,26.8965
0.0175292,26.9302
0.0175408,26.9639
0.0175521,26.9976
0.0175634,27.0315
0.0175742,27.0657
0.0175881,27.0996
0.0175986,27.1338
0.0176119,27.168
0.0176222,27.2024
0.0176324,27.2368
0.0176456,27.271
0.0176588,27.3054
0.0176722,27.3396
0.0176828,27.3738
0.0176933,27.4082
0.0177068,27.4422
0.0177148,27.4763
0.0177258,27.5103
0.0177398,27.5442
0.0177509,27.5781
0.0177618,27.6123
0.0177726,27.6463
0.0177832,27.6804
0.0177968,27.7146
0.0178076,27.7488
0.0178216,27.7827
0.0178325,27.8167
0.0178432,27.8508
0.0178538,27.885
0.0178673,27.9192
0.0178778,27.9534
0.0178912,27.9876
0.0179043,28.022
0.0179175,28.0564
0.0179277,28.0908
0.0179402,28.1255
0.0179502,28.1599
0.0179631,28.1943
0.0179732,28.2288
0.0179831,28.2634
0.0179931,28.2979
0.0180032,28.3323
0.0180134,28.3665
0.0180233,28.4011
0.0180329,28.4358
0.0180481,28.4705
0.0180572,28.5054
0.0180691,28.5405
0.0180806,28.5757
0.018092,28.6109
0.0181059,28.6463
0.0181166,28.6817
0.0181298,28.7175
0.0181428,28.7532
0.0181526,28.7893
0.0181653,28.8252
0.0181747,28.8613
0.0181871,28.8975
0.0181998,28.9336
0.0182127,28.9692
0.0182231,29.0051
0.0182367,29.0405
0.0182478,29.0759
0.0182566,29.1111
0.0182714,29.146
0.0182837,29.1807
0.0182992,29.2153
0.018309,29.2498
0.0183248,29.2844
0.0183377,29.3189
0.0183506,29.3533
0.0183637,29.3877
0.018377,29.4219
0.0183929,29.4563
0.018406,29.4907
0.0184216,29.5254
0.0184372,29.5598
0.0184527,29.5945
0.0184651,29.6294
0.0184831,29.6641
0.0184986,29.6987
0.0185142,29.7334
0.0185298,29.7678
0.018543,29.8023
0.0185591,29.8364
0.0185753,29.8709
0.0185889,29.905
0.0186022,29.9392
0.0186184,29.9734
0.0186315,30.0078
0.0186469,30.0425
0.0186617,30.0776
0.0186755,30.113
0.018686,30.1487
0.0186988,30.1846
0.0187114,30.2205
0.0187234,30.2568
0.0187379,30.2935
0.0187491,30.3301
0.01876,30.367
0.0187736,30.4038
0.018787,30.4409
0.0188005,30.478
0.0188137,30.5151
0.0188272,30.552
0.0188377,30.5891
0.0188486,30.626
0.0188596,30.6629
0.0188707,30.6995
0.0188851,30.7361
0.0188968,30.7725
0.0189085,30.8088
0.0189203,30.8455
0.018932,30.8818
0.0189437,30.9182
0.0189555,30.9546
0.01897,30.9912
0.0189817,31.0276
0.0189964,31.064
0.0190081,31.1006
0.0190222,31.1372
0.0190335,31.1738
0.0190473,31.2107
0.0190612,31.2476
0.0190751,31.2844
0.019089,31.3211
0.0191031,31.3579
0.0191142,31.3945
0.0191254,31.4314
0.0191394,31.468
0.0191511,31.5044
0.0191626,31.541
0.0191775,31.5774
0.0191924,31.6138
0.0192043,31.6502
0.0192189,31.6865
0.0192304,31.7232
0.0192446,31.7598
0.0192585,31.7966
0.019275,31.8335
0.0192854,31.8706
0.0192986,31.9077
0.0193145,31.9448
0.01933,31.9824
0.0193455,32.0198
0.019358,32.0574
0.0193732,32.0947
0.0193858,32.1323
0.0194013,32.1697
0.0194171,32.207
0.0194302,32.2442
0.0194465,32.2813
0.0194601,32.3181
0.019474,32.355
0.019491,32.3916
0.0195027,32.4282
0.0195175,32.4644
0.0195323,32.501
0.0195444,32.5371
0.0195593,32.5735
0.0195713,32.6099
0.0195863,32.646
0.0195984,32.6824
0.0196136,32.7185
0.019629,32.7547
0.0196418,32.7905
0.0196576,32.8264
0.0196767,32.8621
0.0196932,32.8977
0.0197098,32.9331
0.0197268,32.9685
0.0197435,33.0039
0.0197606,33.0391
0.0197751,33.0742
0.0197922,33.1094
0.0198065,33.1445
0.0198235,33.1799
0.0198373,33.2153
0.0198536,33.251
0.0198671,33.2866
0.0198834,33.3223
0.0198966,33.3579
0.0199122,33.3941
0.0199275,33.4302
0.0199424,33.4663
0.0199541,33.5029
0.0199712,33.5396
0.0199851,33.5764
0.0199989,33.6133
0.0200123,33.6502
0.0200256,33.6873
0.0200387,33.7244
0.0200548,33.7617
0.0200681,33.7988
0.0200818,33.8357
0.0200954,33.8726
0.0201066,33.9092
0.020121,33.9458
0.0201329,33.9822
0.020145,34.0186
0.0201602,34.0547
0.0201757,34.0906
0.0201883,34.1267
0.020201,34.1626
0.0202134,34.1987
0.0202289,34.2349
0.0202443,34.2708
0.0202568,34.3069
0.020272,34.343
0.0202842,34.3794
0.0202992,34.4155
0.0203141,34.4519
0.020329,34.4883
0.0203437,34.5247
0.0203589,34.5608
0.0203741,34.5969
0.0203867,34.6331
0.0204023,34.669
0.0204152,34.7048
0.0204284,34.7407
0.0204444,34.7764
0.0204579,34.812
0.0204715,34.8474
0.0204878,34.8831
0.020504,34.919
0.0205171,34.9546
0.0205327,34.9907
0.020545,35.0269
0.0205597,35.0632
0.0205742,35.0996
0.0205915,35.1362
0.0206052,35.1731
0.0206216,35.2102
0.0206376,35.2473
0.0206504,35.2847
0.0206688,35.322
0.0206815,35.3594
0.0206999,35.397
0.0207155,35.4343
0.0207287,35.4714
0.0207448,35.5086
0.0207612,35.5457
0.0207748,35.5825
0.0207887,35.6194
0.0208028,35.656
0.0208171,35.6926
0.0208313,35.7293
0.0208486,35.7659
0.0208628,35.8025
0.02088,35.8391
0.0208968,35.876
0.0209109,35.9126
0.0209248,35.9495
0.0209414,35.9863
0.0209551,36.0232
0.0209716,36.0601
0.0209852,36.0972
0.0210045,36.134
0.0210211,36.1709
0.0210345,36.208
0.0210479,36.2451
0.0210644,36.282
0.0210812,36.3189
0.0210955,36.3555
0.0211131,36.3919
0.0211278,36.4282
0.0211426,36.4646
0.0211574,36.501
0.0211752,36.5374
0.0211901,36.5737
0.0212079,36.6099
0.0212261,36.646
0.0212436,36.6826
0.0212612,36.719
0.0212785,36.7556
0.0212958,36.792
0.021316,36.8286
0.0213361,36.8652
0.0213536,36.9016
0.0213714,36.938
0.0213925,36.9741
0.0214108,37.0103
0.0214267,37.0462
0.0214485,37.0818
0.0214681,37.1174
0.0214853,37.1526
0.0215059,37.1875
0.0215237,37.2224
0.0215448,37.2571
0.0215633,37.2918
0.0215847,37.3264
0.0216034,37.3609
0.0216253,37.395
0.0216445,37.4295
0.0216665,37.4636
0.0216857,37.4978
0.0217082,37.532
0.0217281,37.5659
0.0217511,37.5996
0.021775,37.6331
0.0245369,36.344
