"Maximum force",11.6614,"N"
"Gage length ",0.958554,"mm"
"Strain energy",0.0924348,"mJ"
"Deformation at maximum force",0.0175409,"mm"
"Standard travel","Standard force"
"mm","N"
0,0.285778
6.25849e-006,0.286937
1.22488e-005,0.288227
1.8537e-005,0.289379
2.19494e-005,0.290523
2.51979e-005,0.291736
2.88635e-005,0.292758
3.24547e-005,0.293811
3.66271e-005,0.294586
4.05908e-005,0.295463
4.17903e-005,0.296279
4.59924e-005,0.297039
4.74304e-005,0.297737
5.19007e-005,0.298362
5.3376e-005,0.299053
5.51417e-005,0.299591
5.68256e-005,0.30017
6.11469e-005,0.300876
5.99176e-005,0.301464
6.42091e-005,0.302169
6.59972e-005,0.302711
6.73383e-005,0.303455
6.59376e-005,0.304122
7.06166e-005,0.304653
6.96182e-005,0.305133
7.18981e-005,0.305423
7.0937e-005,0.305885
7.34553e-005,0.306066
7.56904e-005,0.306379
7.55386e-005,0.306458
7.81761e-005,0.306583
7.79172e-005,0.306709
8.09869e-005,0.306631
8.0741e-005,0.306748
8.37659e-005,0.306686
8.35797e-005,0.306779
8.3332e-005,0.306897
8.58651e-005,0.307069
8.50977e-005,0.307437
8.74223e-005,0.30771
8.64686e-005,0.308166
8.61203e-005,0.308331
8.79606e-005,0.308831
8.73087e-005,0.309145
8.65152e-005,0.309521
8.86163e-005,0.309897
8.83276e-005,0.310039
8.78824e-005,0.310251
9.07285e-005,0.310274
9.05897e-005,0.310344
9.06219e-005,0.310329
9.37511e-005,0.310219
9.37104e-005,0.310243
9.38752e-005,0.310165
9.64978e-005,0.310297
9.62864e-005,0.310399
9.58412e-005,0.310611
9.52452e-005,0.310893
9.77933e-005,0.311057
9.71935e-005,0.311347
9.678e-005,0.311544
9.88066e-005,0.311958
9.83968e-005,0.312154
0.000100751,0.312413
0.000100278,0.31264
0.000100211,0.312672
0.000102744,0.312843
0.000105799,0.312774
0.000105546,0.312899
0.000108213,0.313008
0.000107922,0.31315
0.000110158,0.313462
0.00010977,0.313651
0.000111566,0.314174
0.000113697,0.314544
0.000112691,0.315021
0.000114717,0.315437
0.000116595,0.315923
0.000115395,0.316495
0.000117452,0.316894
0.000119463,0.317317
0.000121922,0.31753
0.000124261,0.317795
0.000126929,0.317914
0.000129715,0.317969
0.000132159,0.318188
0.00013499,0.318227
0.000140325,0.318447
0.000142888,0.318611
0.000145034,0.318971
0.000146792,0.319517
0.00015162,0.319974
0.000153095,0.320661
0.000154727,0.321268
0.00015881,0.322088
0.000162803,0.32295
0.000163742,0.323884
0.000164666,0.324823
0.000168987,0.325529
0.000170105,0.326375
0.000174843,0.326883
0.000179314,0.327512
0.000184172,0.327974
0.000186094,0.328435
0.000190862,0.328927
0.000195929,0.329282
0.000200786,0.329736
0.000202873,0.330129
0.000207581,0.330644
0.000212081,0.331273
0.000216462,0.331952
0.000220396,0.332837
0.00022173,0.333593
0.000228376,0.334562
0.00023231,0.335454
0.0002331,0.336461
0.000236661,0.33753
0.000240714,0.338361
0.000244484,0.339334
0.000248925,0.339986
0.000255898,0.340806
0.000257262,0.341543
0.000264295,0.342336
0.000268229,0.343229
0.000272491,0.343957
0.000276484,0.344827
0.000283577,0.345601
0.000287317,0.346578
0.000290983,0.3476
0.0002945,0.348691
0.000300788,0.349836
0.0003042,0.350973
0.00030724,0.352292
0.000310921,0.353307
0.000314244,0.354482
0.000317805,0.355543
0.00032162,0.356496
0.000328296,0.357465
0.000332498,0.358224
0.000339352,0.359113
0.000343316,0.359983
0.000347518,0.36075
0.000354373,0.361627
0.000358575,0.362394
0.000365459,0.363264
0.000369631,0.364049
0.000372984,0.365217
0.000379183,0.366399
0.000382119,0.367765
0.000387841,0.369184
0.000390881,0.370504
0.000393548,0.371992
0.000399568,0.373266
0.00040526,0.3747
0.000408181,0.376081
0.000414052,0.377431
0.000420042,0.378713
0.000423454,0.379857
0.000429683,0.381032
0.000436418,0.381982
0.000440099,0.382989
0.000446834,0.383928
0.000453599,0.384859
0.000460037,0.385934
0.000466653,0.386934
0.000472733,0.388185
0.000475996,0.38939
0.000481778,0.390779
0.00048744,0.392229
0.000493043,0.393701
0.000495502,0.395303
0.000501045,0.396806
0.000506171,0.3985
0.000511714,0.40001
0.000517019,0.401628
0.000519716,0.403108
0.000525915,0.404306
0.000534856,0.405565
0.000538477,0.406618
0.000544526,0.407876
0.000550785,0.409036
0.000556835,0.41031
0.000562885,0.411569
0.000568905,0.412851
0.000574686,0.414239
0.000580677,0.415544
0.000586011,0.417146
0.000591435,0.41871
0.0005968,0.420289
0.000602075,0.421922
0.000607618,0.423433
0.000612804,0.425104
0.000618526,0.42653
0.000623979,0.428079
0.000629731,0.429475
0.000635423,0.430917
0.000641086,0.432367
0.000646987,0.433694
0.000655391,0.435228
0.000661292,0.436563
0.000667014,0.437974
0.000672885,0.439332
0.000678577,0.440767
0.000686862,0.442354
0.000692406,0.443849
0.000697502,0.445566
0.000705727,0.447183
0.000713476,0.448999
0.000715547,0.450792
0.000723474,0.452531
0.000728332,0.454378
0.000733577,0.456018
0.000741624,0.457704
0.000747048,0.459283
0.000755214,0.460908
0.000760757,0.462427
0.000769519,0.463769
0.000775301,0.465181
0.000784301,0.466424
0.000790083,0.467805
0.000798725,0.469209
0.000804328,0.470697
0.000809514,0.472383
0.00081768,0.474016
0.00082522,0.475946
0.000830107,0.477762
0.000834488,0.479822
0.000842058,0.481752
0.000846588,0.483735
0.000853889,0.48578
0.000858747,0.487611
0.000866049,0.489656
0.000873738,0.491525
0.000878685,0.493318
0.000883662,0.49508
0.000891947,0.496652
0.000900053,0.498323
0.000908636,0.49978
0.000913852,0.501443
0.000919216,0.503023
0.000927263,0.504724
0.000935488,0.506334
0.000940793,0.507959
0.000945591,0.509813
0.000953697,0.511491
0.000961386,0.51333
0.000966304,0.515146
0.000973814,0.517099
0.000978374,0.519067
0.000986122,0.520913
0.000990473,0.522973
0.000995242,0.52485
0.00100278,0.52678
0.00101047,0.528642
0.00101804,0.530572
0.00102224,0.532709
0.00102987,0.534608
0.00103422,0.536683
0.00104191,0.538553
0.00104921,0.540582
0.00105371,0.542596
0.00105818,0.54461
0.00106549,0.546655
0.00107312,0.54854
0.00108063,0.550508
0.00108849,0.55227
0.00109314,0.554216
0.00110068,0.556146
0.00110551,0.557992
0.0011132,0.559839
0.0011185,0.561471
0.00112917,0.563287
0.00113704,0.565065
0.00114178,0.566972
0.00114926,0.568941
0.00115689,0.570833
0.00116431,0.572816
0.00116911,0.574685
0.00117641,0.57673
0.00118368,0.57879
0.00119101,0.580835
0.00119787,0.583093
0.00120514,0.585153
0.00121182,0.587503
0.00121608,0.589609
0.0012229,0.591897
0.00122991,0.594064
0.00123697,0.596246
0.00124385,0.598489
0.00125098,0.60061
0.00125786,0.602868
0.00126224,0.604928
0.00126948,0.607004
0.0012769,0.609002
0.00128453,0.610887
0.00128894,0.612916
0.00129967,0.614732
0.00130402,0.616807
0.00131153,0.618753
0.00131887,0.620782
0.00132602,0.622918
0.00133344,0.624902
0.00134327,0.627115
0.00135066,0.629129
0.00135445,0.631479
0.00136428,0.633676
0.00137096,0.636041
0.00137767,0.638376
0.00138455,0.640619
0.00139111,0.643014
0.00139799,0.645273
0.00140467,0.647622
0.00141143,0.649927
0.00141835,0.652154
0.00142517,0.654428
0.00143232,0.656549
0.00143894,0.658929
0.00144612,0.661035
0.00145,0.663324
0.00145983,0.665536
0.00146686,0.667718
0.00147366,0.670007
0.00148072,0.672189
0.00148731,0.674569
0.00149419,0.676813
0.00150084,0.679178
0.00150751,0.681527
0.00151446,0.68374
0.00151827,0.686075
0.00152805,0.688302
0.00153446,0.69079
0.0015411,0.693155
0.00154763,0.695566
0.00155407,0.698022
0.00156089,0.700296
0.00156727,0.702783
0.00157397,0.705118
0.00158321,0.70762
0.00158956,0.710138
0.001596,0.712594
0.00160512,0.715143
0.0016117,0.717538
0.00161784,0.720147
0.00162449,0.722497
0.0016306,0.725122
0.00163692,0.727624
0.00164326,0.730142
0.00165214,0.732797
0.0016559,0.735162
0.00166508,0.737695
0.00167181,0.740014
0.00167828,0.742471
0.00168487,0.744851
0.0016944,0.747232
0.00170087,0.749673
0.00170749,0.752038
0.00171366,0.754617
0.00172012,0.757074
0.00172906,0.759698
0.001735,0.762414
0.00174388,0.765085
0.00174933,0.768014
0.00175517,0.770761
0.00176057,0.773721
0.00176921,0.776498
0.00177496,0.779291
0.00178354,0.782098
0.00178935,0.78486
0.00179794,0.787668
0.00180414,0.790262
0.00181326,0.792825
0.00181978,0.795236
0.00182634,0.797647
0.00183272,0.800119
0.00183945,0.802453
0.00184845,0.805063
0.00185504,0.807458
0.00186422,0.809991
0.00187051,0.812524
0.00187691,0.814996
0.00188579,0.817666
0.00189196,0.82026
0.00189739,0.82319
0.00190591,0.826028
0.00191131,0.829004
0.001917,0.831811
0.00192558,0.834634
0.00193115,0.837503
0.00194004,0.840158
0.00194552,0.843088
0.00195115,0.845926
0.00195962,0.848794
0.00196826,0.851587
0.00197437,0.854211
0.00198313,0.856927
0.00198942,0.859475
0.0019983,0.862161
0.00200417,0.864877
0.00201251,0.867792
0.0020211,0.870614
0.00202706,0.873315
0.00203546,0.876199
0.00204151,0.878854
0.00204717,0.881692
0.00205576,0.8845
0.00206151,0.887292
0.00207009,0.8901
0.00207629,0.892679
0.00208493,0.895471
0.00209092,0.898141
0.00209945,0.900979
0.00210556,0.903604
0.00211152,0.906289
0.00212016,0.909067
0.00212615,0.911752
0.00213444,0.914697
0.00214004,0.917566
0.0021482,0.920587
0.00215363,0.923517
0.00216203,0.926431
0.00216455,0.929376
0.00217296,0.93226
0.00217818,0.935318
0.00218652,0.938233
0.00219162,0.94133
0.00219997,0.94426
0.00220837,0.947159
0.00221388,0.950058
0.00222563,0.952759
0.00223108,0.955689
0.0022396,0.958542
0.00224518,0.961396
0.0022534,0.964371
0.00225883,0.967331
0.00226699,0.970337
0.0022754,0.973252
0.00228052,0.976334
0.00229149,0.979401
0.0022962,0.982682
0.00230365,0.986038
0.00231119,0.98935
0.00231551,0.992813
0.00232034,0.996033
0.00233071,0.999375
0.0023356,1.00258
0.00234328,1.00581
0.00235109,1.009
0.00235613,1.01212
0.00236394,1.01532
0.00237204,1.01834
0.0023772,1.02142
0.00238537,1.02444
0.00239347,1.02748
0.00239872,1.03052
0.00240682,1.03355
0.00241442,1.03685
0.00241946,1.03996
0.002427,1.04327
0.00243469,1.04651
0.00244244,1.04971
0.00244989,1.0531
0.00245746,1.0564
0.00246482,1.05978
0.00246947,1.0631
0.00247996,1.06639
0.00248458,1.06972
0.00249209,1.07304
0.00249954,1.0764
0.00250741,1.07954
0.00251483,1.08293
0.00251971,1.08612
0.00252722,1.08945
0.00253474,1.09277
0.00254242,1.09602
0.00254952,1.09953
0.00255721,1.10277
0.00256153,1.10625
0.00256901,1.10959
0.00257914,1.11305
0.00258364,1.11642
0.00259118,1.11974
0.00259845,1.12318
0.00260599,1.1265
0.00261314,1.12999
0.00262089,1.13321
0.00262852,1.13646
0.00263621,1.13972
0.00264408,1.14285
0.00264876,1.14616
0.00265925,1.14946
0.00266646,1.15292
0.00267382,1.15633
0.00268106,1.15979
0.00268819,1.1633
0.00269522,1.16684
0.00270193,1.17056
0.00270881,1.17418
0.00271569,1.17781
0.00272252,1.18146
0.00272961,1.185
0.00273638,1.18866
0.00274377,1.19205
0.0027508,1.1956
0.00275837,1.1989
0.00276591,1.20222
0.00277339,1.20557
0.00278388,1.20883
0.00279103,1.21236
0.00279855,1.21568
0.0028057,1.21918
0.00281303,1.22258
0.00281997,1.2262
0.00282969,1.22984
0.00283648,1.23352
0.00284283,1.2374
0.00284963,1.24106
0.0028563,1.24478
0.00286325,1.24838
0.00287001,1.25206
0.00287698,1.25563
0.00288134,1.25908
0.00289123,1.26267
0.00289856,1.26608
0.00290551,1.26967
0.00291546,1.27321
0.00292249,1.27678
0.00292911,1.28053
0.00293334,1.28403
0.00294318,1.28764
0.00295012,1.29123
0.00295688,1.29491
0.00296672,1.29849
0.00297387,1.30202
0.00298061,1.30571
0.0029849,1.30919
0.00299461,1.31284
0.00300207,1.31619
0.00300916,1.31972
0.00301905,1.32329
0.00302346,1.32672
0.00303312,1.33041
0.00304012,1.33397
0.0030468,1.33769
0.00305675,1.34122
0.00306653,1.34486
0.00307326,1.34857
0.00308003,1.35225
0.00308632,1.35616
0.00309585,1.35988
0.00310208,1.36382
0.00310858,1.36765
0.00311487,1.37155
0.00312393,1.37552
0.00313025,1.37941
0.00313659,1.3833
0.00314601,1.38709
0.00315245,1.39093
0.0031588,1.39481
0.00316833,1.39854
0.00317483,1.40236
0.00318192,1.40588
0.00318887,1.40949
0.00319614,1.41292
0.00320603,1.41649
0.00321289,1.42015
0.0032198,1.42375
0.00322928,1.42752
0.00323619,1.43114
0.00324561,1.43494
0.00325217,1.43872
0.00326129,1.44263
0.00326734,1.44669
0.00327359,1.45059
0.00328224,1.45474
0.00328847,1.45871
0.00329434,1.4628
0.00330352,1.46671
0.00331287,1.47055
0.00331907,1.47449
0.00332575,1.47823
0.00333216,1.48207
0.00334187,1.48572
0.00334831,1.48958
0.00335498,1.4933
0.00336434,1.49712
0.00337078,1.50095
0.0033802,1.50475
0.00338342,1.50874
0.00339283,1.51254
0.00340201,1.51645
0.0034083,1.52036
0.00341766,1.5242
0.00342401,1.52808
0.00343372,1.53172
0.00344314,1.53554
0.00345002,1.53915
0.00345652,1.54297
0.003466,1.54674
0.00347232,1.55064
0.00347843,1.55461
0.00348755,1.55855
0.00349625,1.56267
0.00350513,1.56676
0.00351079,1.57097
0.00351925,1.57521
0.00352784,1.57942
0.003536,1.58379
0.00354465,1.58797
0.00355287,1.59233
0.00356151,1.59651
0.00357004,1.60075
0.00357856,1.60493
0.0035872,1.60912
0.00359573,1.61333
0.00360154,1.61748
0.00361292,1.62172
0.00362145,1.62593
0.00362985,1.63023
0.00363545,1.63448
0.00364684,1.63872
0.00365494,1.64314
0.00366034,1.64748
0.00366856,1.65181
0.00367679,1.65617
0.00368525,1.66045
0.00369318,1.66493
0.00370164,1.6692
0.00370969,1.67366
0.0037181,1.67796
0.00372632,1.6823
0.00373473,1.6866
0.00374295,1.69096
0.00375118,1.69533
0.00375946,1.69966
0.00376739,1.70418
0.00377555,1.70854
0.00378384,1.71288
0.00378923,1.71724
0.00379752,1.72157
0.0038027,1.726
0.00381117,1.73024
0.00381969,1.73448
0.00382828,1.73869
0.00383662,1.74297
0.0038452,1.74718
0.00385408,1.75124
0.00386261,1.75545
0.00387131,1.7596
0.00387977,1.76387
0.00388526,1.76814
0.00389378,1.77238
0.00389903,1.77678
0.00390743,1.78105
0.00391542,1.78554
0.00392376,1.78984
0.00393175,1.7943
0.00393991,1.79872
0.00394808,1.80312
0.00395333,1.80751
0.00396185,1.81175
0.00396996,1.81615
0.00397553,1.82039
0.00398381,1.82472
0.0039952,1.82899
0.00400378,1.83318
0.00400929,1.83748
0.004018,1.8416
0.00402646,1.84584
0.00403534,1.84993
0.00404106,1.85408
0.00404959,1.85829
0.00405823,1.86247
0.00406657,1.86678
0.00407262,1.8708
0.00408115,1.87505
0.00408991,1.87914
0.00409542,1.88341
0.00410383,1.88768
0.00410934,1.89198
0.00411763,1.89629
0.00412627,1.9005
0.00413455,1.9048
0.0041429,1.90913
0.00415118,1.91347
0.00415923,1.91789
0.00416746,1.92229
0.00417532,1.9268
0.00418361,1.93117
0.00418867,1.93565
0.00419678,1.94008
0.00420483,1.9445
0.00421287,1.94896
0.00422122,1.95326
0.00422932,1.95769
0.00423469,1.96205
0.00424291,1.96642
0.00425138,1.97066
0.00425978,1.97493
0.00426789,1.97939
0.00427909,1.98369
0.00428404,1.98824
0.00429227,1.9926
0.00430025,1.99709
0.00430812,2.0016
0.00431617,2.00606
0.00432404,2.01061
0.00433214,2.01503
0.00434001,2.01958
0.004348,2.02403
0.00435581,2.02861
0.00436373,2.03313
0.00437166,2.03761
0.00437935,2.04222
0.00438728,2.04677
0.00439514,2.05129
0.00440289,2.05586
0.0044107,2.06044
0.00441812,2.0652
0.00442599,2.06972
0.00443368,2.07436
0.00444161,2.07887
0.00444918,2.08354
0.00445687,2.08815
0.00446777,2.09264
0.00447558,2.09718
0.00448363,2.10164
0.00449132,2.10625
0.00449954,2.11064
0.00450747,2.11513
0.0045154,2.11961
0.00452332,2.12413
0.00453113,2.12871
0.00454198,2.13319
0.0045494,2.13795
0.00455679,2.14272
0.00456395,2.1476
0.00457128,2.15239
0.00457864,2.15718
0.00458871,2.162
0.0045933,2.16676
0.00460367,2.17146
0.00461142,2.17607
0.00461917,2.18068
0.00463002,2.18517
0.00463842,2.18944
0.00464659,2.19383
0.00465499,2.19814
0.00466322,2.20247
0.00467132,2.20689
0.00467943,2.21132
0.00468724,2.2159
0.00469516,2.22038
0.00470276,2.22508
0.00471033,2.22975
0.00472059,2.23451
0.00472807,2.23924
0.00473543,2.244
0.00474255,2.24892
0.0047503,2.25349
0.00475784,2.25819
0.00476553,2.2628
0.00477328,2.26741
0.00478088,2.27208
0.0047888,2.27657
0.00479634,2.28127
0.00480707,2.28581
0.0048147,2.29048
0.00482245,2.29506
0.00482975,2.29988
0.00483977,2.30476
0.00484728,2.30946
0.00485467,2.31422
0.00486248,2.3188
0.00486993,2.32353
0.00487747,2.32823
0.00488515,2.33284
0.00489559,2.33754
0.00490339,2.34209
0.0049109,2.34682
0.00491895,2.35127
0.00492658,2.35591
0.00493406,2.36061
0.00494175,2.36525
0.00494929,2.36995
0.00495424,2.3745
0.00496431,2.37932
0.004972,2.38396
0.0049765,2.38872
0.00498407,2.39339
0.00499158,2.39812
0.00500183,2.40288
0.00500943,2.40755
0.00501369,2.41243
0.005024,2.41716
0.00503134,2.42198
0.00503885,2.42665
0.00504647,2.43129
0.0050541,2.43596
0.00506197,2.44048
0.00506978,2.44505
0.00507759,2.44963
0.00508546,2.45418
0.00509315,2.45876
0.00510101,2.4633
0.00511156,2.46797
0.00511943,2.47249
0.00512712,2.4771
0.00513475,2.48177
0.00514238,2.4864
0.00514974,2.4912
0.00516023,2.49587
0.00516747,2.50069
0.00517474,2.50551
0.00518148,2.51061
0.00518842,2.51558
0.00519513,2.52065
0.00520455,2.5258
0.0052142,2.5309
0.00522073,2.53606
0.00522749,2.54112
0.00523402,2.54628
0.00524356,2.55141
0.00525062,2.55632
0.00525789,2.56114
0.00526808,2.56596
0.00527524,2.57082
0.00528269,2.57558
0.00528978,2.58049
0.00529979,2.58534
0.00530969,2.59032
0.00531657,2.59532
0.00532367,2.60024
0.0053332,2.60536
0.00534006,2.61037
0.00534685,2.6154
0.00535645,2.6205
0.00536301,2.62566
0.00536965,2.63078
0.00537648,2.63579
0.00538631,2.64079
0.00539609,2.6458
0.00540294,2.6508
0.00540965,2.6559
0.00541924,2.66097
0.00542565,2.66621
0.00543519,2.67134
0.00544174,2.6765
0.00545104,2.68172
0.00545748,2.68694
0.00546678,2.69218
0.00547345,2.69728
0.0054798,2.70253
0.00548934,2.70766
0.00549601,2.71275
0.00550573,2.71779
0.00551276,2.72273
0.00551968,2.72774
0.00552987,2.73253
0.00553696,2.73744
0.00554703,2.74229
0.00555386,2.74733
0.0055608,2.7523
0.00557082,2.75719
0.00557767,2.76222
0.00558751,2.7672
0.00559421,2.77229
0.00560095,2.77736
0.00561048,2.78246
0.00561686,2.7877
0.00562634,2.79286
0.00563278,2.79808
0.00563954,2.80315
0.00564884,2.80837
0.00565566,2.8134
0.00566532,2.81847
0.00567209,2.82353
0.00567894,2.82854
0.0056857,2.8336
0.00569277,2.83852
0.00570272,2.84343
0.00570987,2.84831
0.00571712,2.85316
0.00572427,2.85802
0.00573434,2.86287
0.00573848,2.86781
0.00574856,2.87267
0.00575559,2.87764
0.00576259,2.88258
0.00577261,2.88744
0.00577955,2.89244
0.00578676,2.89729
0.0057966,2.90227
0.00580348,2.90727
0.00581034,2.91228
0.00581713,2.91731
0.00582381,2.92244
0.00583042,2.92757
0.0058402,2.93257
0.00584986,2.93761
0.0058565,2.94273
0.00586598,2.94789
0.00587245,2.95308
0.00588222,2.95811
0.00588854,2.96336
0.00589524,2.96846
0.00590478,2.97356
0.00591149,2.97865
0.00592085,2.98387
0.00592707,2.98918
0.00593667,2.99428
0.00594585,2.99956
0.00595232,3.00478
0.00596144,3.01009
0.00597109,3.01515
0.00597786,3.02022
0.00598441,3.02538
0.00599407,3.03044
0.00600072,3.03554
0.00601043,3.04057
0.00601687,3.04582
0.0060264,3.05092
0.006036,3.05602
0.00604247,3.06123
0.00604877,3.06652
0.00605783,3.07183
0.00606414,3.07711
0.00607344,3.08236
0.00607967,3.08767
0.0060862,3.09283
0.00609264,3.09805
0.00610229,3.10312
0.00611183,3.10821
0.00611874,3.11325
0.00612589,3.1181
0.00613561,3.12313
0.0061455,3.12811
0.006152,3.13327
0.00615883,3.1383
0.0061683,3.14346
0.00617772,3.14865
0.00618431,3.15377
0.00619372,3.15896
0.00620037,3.16409
0.00620648,3.16946
0.00621292,3.17468
0.00622216,3.17993
0.00622859,3.18515
0.00623512,3.1903
0.00624448,3.19552
0.00625425,3.20053
0.00626048,3.20584
0.00626692,3.21106
0.00627616,3.2163
0.00628239,3.22161
0.00629157,3.22689
0.00629806,3.23211
0.00630754,3.23724
0.00631708,3.24237
0.00632348,3.24759
0.0063301,3.25274
0.00634244,3.2579
0.006349,3.26306
0.00635522,3.26837
0.00636488,3.27343
0.0063743,3.27859
0.00638094,3.28375
0.00639066,3.28878
0.00640002,3.29397
0.0064069,3.29898
0.00641325,3.30423
0.00642273,3.30938
0.00643214,3.31454
0.0064387,3.31973
0.00644824,3.32483
0.0064547,3.33004
0.0064643,3.33514
0.00647366,3.34036
0.00648319,3.34549
0.0064896,3.3507
0.00649628,3.3558
0.00650322,3.36077
0.006513,3.36575
0.00652036,3.37054
0.00652763,3.37536
0.00653794,3.38012
0.00654515,3.38498
0.00655225,3.38986
0.00655961,3.39465
0.00656694,3.39944
0.00657743,3.40408
0.0065878,3.40884
0.00659528,3.41357
0.00660276,3.41827
0.00661266,3.42321
0.00661993,3.42804
0.00662687,3.43301
0.00663712,3.4378
0.00664434,3.44265
0.00665161,3.44748
0.00665867,3.45239
0.00666851,3.45733
0.00667271,3.46225
0.0066823,3.46734
0.00668928,3.47232
0.00669905,3.47732
0.006706,3.4823
0.00671595,3.48721
0.00672263,3.49234
0.00673246,3.49731
0.00673911,3.50241
0.00674605,3.50738
0.00675565,3.51248
0.00676241,3.51754
0.00677213,3.52258
0.00677877,3.52771
0.0067856,3.53271
0.00679514,3.53784
0.00680196,3.54287
0.00681138,3.54806
0.00681787,3.55325
0.00682735,3.55841
0.00683379,3.56359
0.00684333,3.56872
0.00684997,3.57385
0.00685969,3.57885
0.00686633,3.58398
0.00687533,3.58938
0.00688162,3.59466
0.00689336,3.60009
0.00689953,3.60546
0.00690835,3.61093
0.0069173,3.61633
0.00692636,3.62167
0.00693208,3.62722
0.00693789,3.63272
0.00694659,3.63824
0.00695273,3.64361
0.00696173,3.64898
0.00697091,3.65426
0.00698027,3.65945
0.00698656,3.66476
0.00699585,3.66998
0.00700497,3.67532
0.00701433,3.68051
0.00702056,3.68585
0.00702676,3.69116
0.0070388,3.69647
0.00704491,3.70184
0.00705391,3.70721
0.00706273,3.71267
0.00707155,3.71814
0.00708037,3.7236
0.00708592,3.72924
0.00709462,3.73477
0.00710314,3.74035
0.00710884,3.74594
0.0071173,3.75155
0.00712588,3.75711
0.00713178,3.7626
0.00714025,3.76822
0.00714913,3.77368
0.00715771,3.77923
0.00716659,3.78466
0.00717529,3.79019
0.00718418,3.79562
0.00719318,3.80099
0.00719926,3.80636
0.00720814,3.81179
0.00721392,3.81735
0.0072228,3.82278
0.00723138,3.82833
0.00723997,3.83392
0.00724873,3.83938
0.00725743,3.84491
0.00726619,3.8504
0.00727197,3.85595
0.00728336,3.86157
0.00728902,3.86715
0.00730052,3.87271
0.00730628,3.87826
0.00731486,3.88382
0.00732079,3.88928
0.00732943,3.89483
0.00733801,3.90039
0.00734666,3.90594
0.00735214,3.91162
0.00736096,3.91708
0.00736961,3.92263
0.00737849,3.92807
0.00738719,3.93356
0.00739324,3.93896
0.00740206,3.94442
0.00741082,3.94992
0.00741678,3.95535
0.0074256,3.96081
0.00743472,3.96612
0.00744366,3.97152
0.00745272,3.97686
0.00745886,3.98223
0.00746774,3.98767
0.00747674,3.99307
0.00748557,3.99853
0.00749445,4.00393
0.00750321,4.00943
0.00750893,4.01501
0.00751763,4.0205
0.0075261,4.02612
0.00753474,4.03167
0.00754326,4.03729
0.00754907,4.04281
0.0075576,4.0484
0.00756338,4.05392
0.00756937,4.05935
0.00757831,4.06475
0.00758761,4.07
0.0075939,4.07528
0.00760025,4.08053
0.0076124,4.08578
0.00761869,4.09106
0.00762501,4.09634
0.00763133,4.10162
0.00764069,4.10684
0.00764975,4.11215
0.00765881,4.11749
0.00766501,4.12286
0.00767371,4.12835
0.00768006,4.1336
0.00768888,4.13906
0.00769794,4.14441
0.00770393,4.14987
0.00771281,4.15527
0.00771898,4.16061
0.00772792,4.16601
0.00773692,4.17138
0.00774568,4.17688
0.00775176,4.18228
0.0077573,4.18792
0.00776881,4.19348
0.00777456,4.19903
0.0077832,4.20456
0.00778898,4.21008
0.00779757,4.21566
0.00780603,4.22131
0.00781172,4.22686
0.00782019,4.23248
0.00782612,4.23794
0.00783494,4.2434
0.00784382,4.24884
0.00784963,4.25436
0.00785833,4.25985
0.00786715,4.26532
0.00787562,4.27096
0.00788456,4.27636
0.00789028,4.28192
0.00789904,4.28738
0.00790763,4.29296
0.00791621,4.29855
0.00792473,4.30416
0.00793308,4.30984
0.0079416,4.31546
0.00794682,4.32125
0.0079579,4.32699
0.00796589,4.33285
0.00797394,4.33868
0.00797894,4.3446
0.00798663,4.35058
0.00799474,4.35635
0.00800273,4.36224
0.00801059,4.36813
0.0080184,4.37408
0.00802639,4.37994
0.00803461,4.38568
0.00804272,4.39148
0.00805112,4.39715
0.00805658,4.40283
0.00806796,4.40844
0.00807333,4.41418
0.00808167,4.41986
0.00809288,4.42556
0.00809803,4.43139
0.00810924,4.4371
0.00811735,4.4429
0.00812262,4.44867
0.00813085,4.4544
0.00813883,4.46026
0.00814676,4.46612
0.00815183,4.47201
0.00816285,4.47781
0.00816825,4.48352
0.00817379,4.48916
0.00818225,4.49478
0.00819072,4.50042
0.00819942,4.50595
0.00820473,4.51168
0.00821337,4.51721
0.00821918,4.52273
0.0082277,4.52835
0.00823635,4.53387
0.00824505,4.53939
0.00825071,4.54498
0.00825911,4.55062
0.00826752,4.5563
0.00827574,4.56204
0.0082812,4.56771
0.00828948,4.57345
0.00829759,4.57925
0.00830599,4.5849
0.00831404,4.59072
0.00832203,4.59658
0.00833013,4.60238
0.0083352,4.60824
0.00834343,4.61401
0.00835159,4.61975
0.0083571,4.62542
0.00836533,4.63116
0.00837356,4.6369
0.00838178,4.64264
0.00838995,4.6484
0.00839552,4.65405
0.00840381,4.65976
0.00841209,4.66546
0.00841722,4.67129
0.00842532,4.67712
0.00843337,4.68292
0.00844142,4.68878
0.00844958,4.69455
0.00845751,4.70041
0.00846556,4.70626
0.00847336,4.71218
0.00848135,4.71804
0.0084894,4.72387
0.00849732,4.72973
0.00850531,4.73562
0.00851324,4.74148
0.00852415,4.74734
0.00853207,4.75323
0.00853967,4.75927
0.00854754,4.76519
0.00855496,4.77133
0.00856247,4.7774
0.00856989,4.7835
0.00858044,4.78955
0.00858795,4.79562
0.0085954,4.80175
0.00860285,4.80786
0.00861025,4.81399
0.00862097,4.81991
0.00862878,4.82586
0.00863659,4.83178
0.00864175,4.83764
0.00864956,4.84353
0.00865754,4.84942
0.00866821,4.85537
0.00867325,4.86126
0.00868392,4.86721
0.00868877,4.8732
0.00869652,4.87915
0.00870406,4.88522
0.00871473,4.89117
0.00872227,4.89727
0.00872984,4.90332
0.00873735,4.90939
0.00874477,4.91552
0.00875213,4.92166
0.00876233,4.92785
0.00876978,4.93396
0.00877711,4.94015
0.00878444,4.94632
0.00879475,4.95242
0.00879922,4.95858
0.00880947,4.96475
0.00881666,4.97097
0.00882411,4.97711
0.0088343,4.98327
0.00883883,4.98941
0.00884932,4.99542
0.00885692,5.00149
0.00886452,5.00753
0.00887209,5.01358
0.00887984,5.01956
0.00888481,5.02548
0.00889274,5.03134
0.00890085,5.03714
0.00890889,5.04296
0.00891736,5.04861
0.00892541,5.05441
0.00893381,5.06009
0.00894204,5.06582
0.00895008,5.07165
0.00895533,5.07745
0.00896629,5.08328
0.00897142,5.08911
0.00898209,5.09506
0.00898713,5.10095
0.00899473,5.10699
0.00900227,5.11306
0.00900963,5.1192
0.00901705,5.12533
0.00902468,5.13134
0.00903231,5.13739
0.00903994,5.1434
0.00904762,5.14941
0.00905817,5.15542
0.00906324,5.16128
0.00907111,5.1672
0.00907927,5.17297
0.00909036,5.17871
0.0090957,5.18447
0.00910106,5.19018
0.00910911,5.19601
0.00911727,5.20181
0.00912538,5.20758
0.00913343,5.21341
0.00913822,5.21942
0.00914865,5.22546
0.00915628,5.2315
0.00916353,5.23773
0.00917372,5.24389
0.00917798,5.25015
0.00918823,5.25631
0.00919562,5.26245
0.00920301,5.26861
0.00921052,5.27468
0.00921815,5.2807
0.00922602,5.28662
0.00923365,5.29266
0.00924164,5.29849
0.00924951,5.30441
0.00925725,5.31039
0.009265,5.31634
0.00927239,5.32248
0.00927993,5.32855
0.00929019,5.33471
0.00929466,5.34088
0.0093019,5.34707
0.00930923,5.35324
0.0093193,5.35949
0.00932654,5.36569
0.00933388,5.37188
0.00934407,5.37805
0.00935158,5.38415
0.009359,5.39025
0.00936654,5.39633
0.00937417,5.40234
0.00938165,5.40847
0.00938913,5.41455
0.00939655,5.42068
0.00940403,5.42678
0.00941148,5.43289
0.00941866,5.43914
0.0094288,5.44534
0.00943297,5.45163
0.00944304,5.45785
0.00944707,5.46423
0.00945419,5.47052
0.0094642,5.47674
0.00947159,5.48291
0.00947883,5.48913
0.00948637,5.4952
0.00949391,5.50125
0.00950429,5.50735
0.00951189,5.51339
0.00951963,5.51934
0.00952732,5.52536
0.00953513,5.53131
0.00954556,5.53738
0.00955304,5.54348
0.00956055,5.54956
0.00956768,5.55584
0.00957769,5.5621
0.00958472,5.56842
0.00959202,5.57458
0.009599,5.58093
0.00960618,5.58718
0.0096133,5.59344
0.00962069,5.59958
0.00962817,5.60568
0.00963559,5.61181
0.00964334,5.61776
0.00965109,5.62371
0.00965884,5.6297
0.00966641,5.63577
0.00967389,5.64184
0.00968146,5.64791
0.00969189,5.65399
0.00969934,5.66009
0.00970646,5.66635
0.0097166,5.67257
0.0097239,5.67877
0.00973117,5.68496
0.0097416,5.69101
0.00974914,5.69711
0.00975674,5.70315
0.0097641,5.70929
0.00977137,5.71548
0.00977874,5.72165
0.00978601,5.72784
0.00979632,5.73397
0.00980064,5.7402
0.00981089,5.74636
0.00981798,5.75262
0.00982523,5.75885
0.0098353,5.76507
0.00984254,5.7713
0.0098499,5.77746
0.00985715,5.78366
0.00986454,5.78979
0.00987497,5.79586
0.00988236,5.802
0.00988984,5.8081
0.00989717,5.8143
0.00990453,5.82043
0.00991472,5.82663
0.00992211,5.83276
0.00992965,5.83883
0.00993997,5.84494
0.00994757,5.85101
0.00995493,5.85714
0.0099653,5.86325
0.00997257,5.86944
0.00997978,5.87567
0.0099869,5.88195
0.0099968,5.88827
0.010004,5.8945
0.0100139,5.90085
0.0100209,5.90717
0.0100279,5.91345
0.0100378,5.9198
0.0100476,5.92618
0.0100545,5.93256
0.0100617,5.93878
0.0100716,5.9451
0.0100788,5.95135
0.0100861,5.95749
0.0100962,5.96371
0.0101007,5.96988
0.0101107,5.97614
0.0101209,5.98236
0.0101281,5.98859
0.0101355,5.99472
0.0101457,6.00089
0.0101531,6.00702
0.0101608,6.01303
0.0101709,6.01926
0.0101814,6.0253
0.0101889,6.0314
0.0101993,6.03748
0.0102067,6.04361
0.0102172,6.04968
0.0102246,6.05582
0.0102318,6.06201
0.0102421,6.06818
0.0102523,6.07434
0.0102567,6.08054
0.0102669,6.08673
0.0102769,6.09296
0.0102812,6.09921
0.0102942,6.10547
0.0103015,6.11166
0.0103117,6.11783
0.0103191,6.12396
0.0103264,6.13016
0.0103365,6.13638
0.0103466,6.14261
0.0103536,6.14893
0.0103635,6.15524
0.0103707,6.1615
0.0103807,6.16779
0.0103849,6.17401
0.0103948,6.18036
0.0104049,6.18661
0.0104119,6.19293
0.0104217,6.19925
0.0104289,6.20554
0.0104387,6.21188
0.0104488,6.21811
0.0104559,6.2244
0.010466,6.23062
0.0104731,6.23691
0.0104829,6.24329
0.010487,6.24963
0.0104967,6.25604
0.0105037,6.26236
0.0105106,6.26871
0.0105205,6.27505
0.0105275,6.28137
0.0105346,6.28769
0.0105416,6.29398
0.0105516,6.30026
0.0105591,6.30637
0.0105693,6.31256
0.0105768,6.3186
0.0105874,6.32462
0.010595,6.33066
0.0106029,6.33655
0.0106105,6.34259
0.0106212,6.34857
0.0106287,6.35464
0.0106361,6.36081
0.0106435,6.36691
0.0106508,6.37308
0.0106583,6.37918
0.0106655,6.38541
0.0106731,6.39145
0.0106802,6.39771
0.0106905,6.40387
0.0106977,6.41006
0.0107052,6.41617
0.010713,6.42212
0.0107207,6.4281
0.0107287,6.43399
0.0107364,6.43994
0.0107442,6.44592
0.0107516,6.45203
0.0107622,6.45807
0.0107668,6.46411
0.0107771,6.47021
0.0107847,6.47629
0.010792,6.48248
0.0108022,6.48865
0.0108066,6.49484
0.0108168,6.50104
0.0108242,6.50717
0.0108343,6.51337
0.0108417,6.51953
0.0108462,6.52567
0.0108567,6.53171
0.0108643,6.53775
0.0108719,6.54379
0.0108825,6.54977
0.0108901,6.55585
0.0108975,6.56198
0.0109051,6.56802
0.0109127,6.57407
0.0109232,6.58008
0.0109307,6.58618
0.0109381,6.59232
0.0109452,6.59857
0.0109524,6.6048
0.0109623,6.61111
0.0109693,6.61746
0.0109766,6.62366
0.0109836,6.62994
0.010994,6.63608
0.0110013,6.64227
0.0110116,6.64838
0.0110191,6.65445
0.0110266,6.66055
0.0110344,6.6665
0.0110448,6.67258
0.0110526,6.67853
0.0110601,6.6846
0.0110705,6.69067
0.0110779,6.69684
0.0110852,6.703
0.0110924,6.70926
0.0111024,6.71552
0.0111096,6.72177
0.0111165,6.72815
0.0111263,6.7345
0.0111335,6.74072
0.0111405,6.74707
0.0111477,6.7533
0.0111549,6.75952
0.0111652,6.76566
0.0111725,6.77185
0.01118,6.77792
0.0111876,6.78397
0.0111952,6.79004
0.0112059,6.79596
0.0112136,6.80194
0.0112213,6.80792
0.0112292,6.81387
0.0112368,6.81985
0.0112473,6.82593
0.0112547,6.83206
0.0112623,6.83813
0.0112697,6.84424
0.011277,6.85043
0.0112871,6.85663
0.0112944,6.86285
0.0113016,6.86908
0.0113087,6.87537
0.0113159,6.88156
0.0113262,6.8877
0.011331,6.89371
0.0113414,6.89981
0.011346,6.90588
0.0113565,6.91193
0.0113641,6.91797
0.0113717,6.92401
0.0113793,6.93005
0.0113868,6.93613
0.0113946,6.94208
0.011402,6.94821
0.0114124,6.95428
0.0114197,6.96051
0.011427,6.96664
0.0114344,6.97281
0.0114419,6.97888
0.0114522,6.98502
0.0114594,6.99124
0.0114667,6.99744
0.0114769,7.00363
0.0114814,7.00977
0.0114916,7.01596
0.011499,7.02209
0.0115091,7.02829
0.0115163,7.03455
0.0115264,7.04074
0.0115307,7.04703
0.011541,7.05316
0.0115482,7.05933
0.0115582,7.06564
0.011565,7.07205
0.0115719,7.07846
0.0115787,7.08487
0.0115885,7.09122
0.0115955,7.09753
0.0116025,7.10385
0.0116122,7.11029
0.0116192,7.11661
0.0116291,7.12296
0.0116361,7.12927
0.0116464,7.13544
0.0116536,7.14166
0.0116608,7.14789
0.0116706,7.15421
0.0116779,7.16043
0.0116878,7.16675
0.011695,7.17297
0.0117048,7.17938
0.0117117,7.18573
0.0117184,7.19217
0.0117281,7.19861
0.0117349,7.20505
0.0117416,7.21149
0.0117514,7.2179
0.0117581,7.22433
0.0117646,7.2309
0.0117741,7.2374
0.0117809,7.24384
0.0117905,7.25031
0.0117971,7.25684
0.0118065,7.26337
0.0118133,7.26981
0.0118228,7.27634
0.0118294,7.28284
0.0118387,7.28946
0.0118481,7.29599
0.0118549,7.30243
0.0118613,7.30905
0.0118713,7.31531
0.0118784,7.32159
0.0118884,7.32785
0.0118954,7.3342
0.0119055,7.34042
0.0119126,7.34671
0.0119199,7.35294
0.0119272,7.35907
0.0119344,7.36533
0.0119447,7.3714
0.0119517,7.37778
0.0119588,7.38406
0.0119686,7.39041
0.0119755,7.39682
0.0119825,7.40314
0.0119922,7.40952
0.0119993,7.4158
0.0120063,7.42215
0.0120165,7.42834
0.0120237,7.43454
0.0120309,7.4408
0.0120383,7.4469
0.0120457,7.45306
0.0120533,7.45908
0.0120609,7.46515
0.0120686,7.47113
0.012079,7.4772
0.0120865,7.48328
0.0120939,7.48944
0.0121013,7.49561
0.0121085,7.5018
0.0121157,7.50803
0.0121228,7.51434
0.0121329,7.52054
0.0121399,7.52689
0.0121472,7.53305
0.0121545,7.53925
0.0121648,7.54535
0.0121722,7.55148
0.0121795,7.55771
0.0121869,7.56381
0.0121942,7.57001
0.0122046,7.57608
0.0122091,7.58224
0.0122195,7.58832
0.0122239,7.59451
0.012234,7.60077
0.0122411,7.60699
0.0122481,7.61331
0.0122583,7.61951
0.0122655,7.62573
0.0122729,7.6319
0.01228,7.63818
0.0122871,7.64444
0.012297,7.65079
0.012304,7.6571
0.0123141,7.66333
0.0123213,7.66956
0.0123315,7.67572
0.0123386,7.68201
0.0123458,7.68823
0.012353,7.69446
0.0123602,7.70071
0.0123701,7.70703
0.0123743,7.71332
0.012384,7.71973
0.0123908,7.72614
0.0123974,7.73267
0.0124069,7.73914
0.0124134,7.74573
0.0124257,7.75232
0.012432,7.75897
0.0124385,7.76553
0.0124481,7.772
0.0124546,7.77856
0.0124614,7.78497
0.0124711,7.79141
0.0124778,7.79788
0.0124844,7.80438
0.012494,7.81085
0.0125035,7.81735
0.0125101,7.82388
0.0125196,7.83038
0.0125261,7.83698
0.0125355,7.84354
0.012545,7.85007
0.0125514,7.85663
0.0125608,7.86319
0.0125673,7.86978
0.0125768,7.87628
0.0125861,7.88287
0.0125956,7.88943
0.012602,7.89603
0.0126085,7.90259
0.012618,7.90909
0.0126274,7.91568
0.0126339,7.92221
0.0126406,7.92871
0.0126472,7.93521
0.0126567,7.94171
0.0126635,7.94815
0.0126733,7.95453
0.01268,7.96097
0.0126897,7.96741
0.0126962,7.97397
0.0127057,7.98047
0.0127152,7.987
0.0127219,7.9935
0.0127315,7.99997
0.0127383,8.00638
0.0127451,8.01276
0.0127519,8.01923
0.0127617,8.02554
0.0127687,8.03192
0.0127755,8.0383
0.0127856,8.04456
0.0127926,8.0509
0.0127994,8.05731
0.0128092,8.06366
0.0128163,8.06995
0.012826,8.07639
0.0128328,8.08279
0.0128396,8.0892
0.0128492,8.09567
0.012856,8.10208
0.0128627,8.10855
0.0128693,8.11508
0.0128789,8.12155
0.0128855,8.12808
0.0128945,8.1348
0.0129009,8.14142
0.0129102,8.14804
0.0129193,8.15472
0.0129285,8.16138
0.0129352,8.16788
0.0129445,8.1745
0.012951,8.18106
0.0129605,8.18753
0.0129671,8.19406
0.0129767,8.20053
0.0129833,8.20706
0.0129927,8.21359
0.0130022,8.22009
0.0130089,8.22656
0.0130151,8.23328
0.0130244,8.23993
0.0130336,8.24655
0.0130427,8.25327
0.0130489,8.25995
0.0130555,8.26651
0.0130649,8.27307
0.0130714,8.27963
0.0130779,8.28616
0.0130873,8.29272
0.0130969,8.29922
0.0131036,8.30569
0.0131102,8.31219
0.0131196,8.31876
0.0131292,8.32526
0.0131383,8.33194
0.0131474,8.33862
0.0131536,8.34534
0.0131625,8.35214
0.0131744,8.35895
0.0131802,8.36581
0.0131886,8.3728
0.0131972,8.37979
0.013206,8.38663
0.0132144,8.39365
0.013223,8.40063
0.0132315,8.40759
0.0132399,8.41461
0.0132486,8.42154
0.0132571,8.4285
0.0132657,8.43546
0.0132742,8.44247
0.0132828,8.4494
0.0132912,8.45642
0.0133,8.46329
0.0133088,8.47012
0.0133174,8.47708
0.0133234,8.48392
0.0133321,8.49078
0.0133408,8.49768
0.013347,8.50439
0.0133591,8.51105
0.0133653,8.51773
0.0133744,8.52448
0.0133864,8.53119
0.0133924,8.53793
0.0134017,8.54456
0.0134138,8.55124
0.0134201,8.55789
0.0134295,8.56445
0.0134359,8.57104
0.0134452,8.57767
0.0134545,8.58432
0.0134638,8.59091
0.0134701,8.59753
0.0134795,8.60413
0.013489,8.61063
0.0134954,8.61725
0.013505,8.62372
0.0135117,8.63022
0.0135211,8.63675
0.0135278,8.64322
0.0135374,8.64969
0.0135471,8.6561
0.0135567,8.66254
0.0135666,8.66888
0.0135735,8.67529
0.0135806,8.68158
0.0135902,8.68802
0.0135997,8.69452
0.0136092,8.70108
0.0136158,8.70758
0.0136252,8.71411
0.0136346,8.7207
0.0136413,8.72717
0.0136507,8.73373
0.0136599,8.74036
0.0136693,8.74695
0.0136788,8.75348
0.0136852,8.76007
0.0136947,8.76663
0.0137041,8.77316
0.0137106,8.77972
0.0137202,8.78622
0.0137296,8.79276
0.0137389,8.79935
0.0137483,8.80594
0.0137547,8.81256
0.0137638,8.81924
0.0137704,8.82574
0.0137799,8.83228
0.0137894,8.83878
0.0137989,8.84534
0.0138083,8.8519
0.0138177,8.85843
0.0138271,8.86499
0.0138366,8.87152
0.0138431,8.87808
0.0138527,8.88452
0.0138593,8.89105
0.0138687,8.89764
0.0138782,8.90417
0.0138877,8.91064
0.0138971,8.91724
0.0139033,8.92392
0.0139127,8.93048
0.0139221,8.93707
0.0139314,8.94366
0.013938,8.9502
0.0139472,8.95685
0.0139565,8.96344
0.0139629,8.97009
0.0139748,8.97681
0.013984,8.98346
0.0139904,8.99008
0.0139998,8.99667
0.0140061,9.0033
0.0140153,9.00998
0.0140244,9.01666
0.0140336,9.02335
0.01404,9.02997
0.0140489,9.03674
0.0140583,9.0433
0.0140647,9.04993
0.0140741,9.05646
0.0140835,9.06305
0.0140929,9.06961
0.0141025,9.07605
0.014109,9.08267
0.0141184,9.08923
0.0141248,9.09579
0.0141344,9.10229
0.0141439,9.10883
0.0141533,9.11536
0.0141599,9.12189
0.0141664,9.12842
0.0141757,9.13504
0.014185,9.14169
0.0141945,9.14816
0.0142041,9.15466
0.0142109,9.16107
0.0142206,9.16748
0.0142275,9.17389
0.0142373,9.18024
0.0142471,9.18661
0.0142541,9.19296
0.0142611,9.19925
0.014271,9.20557
0.0142811,9.21182
0.0142882,9.21811
0.0142952,9.22446
0.0143052,9.23071
0.0143149,9.23709
0.0143248,9.24347
0.0143315,9.24991
0.0143413,9.25629
0.0143481,9.26273
0.014358,9.26904
0.0143678,9.27545
0.0143744,9.28192
0.0143814,9.28827
0.0143909,9.2948
0.0143974,9.30133
0.014407,9.3078
0.0144137,9.31427
0.0144232,9.3208
0.0144329,9.32724
0.0144426,9.33365
0.0144521,9.34015
0.0144591,9.34647
0.0144658,9.35294
0.0144755,9.35934
0.0144855,9.36566
0.0144925,9.37201
0.0144995,9.3783
0.0145096,9.38452
0.0145197,9.39075
0.0145297,9.39703
0.0145366,9.40338
0.0145464,9.40976
0.0145532,9.4162
0.0145631,9.42258
0.0145727,9.42899
0.0145824,9.43542
0.014589,9.44193
0.0145985,9.44843
0.014608,9.45499
0.0146173,9.46158
0.014624,9.46805
0.0146337,9.47446
0.0146435,9.48083
0.0146533,9.48721
0.0146631,9.49359
0.0146698,9.50006
0.0146796,9.50641
0.0146894,9.51282
0.0146962,9.51926
0.0147058,9.5257
0.0147155,9.5321
0.0147221,9.53864
0.0147345,9.54514
0.0147412,9.55164
0.0147506,9.5582
0.0147601,9.56473
0.0147695,9.57126
0.0147788,9.57788
0.0147852,9.5845
0.0147948,9.59097
0.0148041,9.59756
0.0148135,9.60413
0.0148233,9.6105
0.0148298,9.61707
0.0148394,9.62357
0.0148488,9.63013
0.0148581,9.63672
0.0148674,9.64331
0.0148742,9.64978
0.0148835,9.65637
0.0148929,9.6629
0.0149024,9.66946
0.0149116,9.67612
0.0149181,9.68268
0.0149275,9.68921
0.0149375,9.69553
0.0149444,9.7019
0.0149543,9.70819
0.0149616,9.71442
0.0149716,9.72064
0.0149788,9.7269
0.0149889,9.73312
0.014999,9.73938
0.0150062,9.74561
0.0150163,9.7518
0.0150234,9.75809
0.0150335,9.76431
0.0150438,9.77048
0.015048,9.77673
0.015058,9.78302
0.0150652,9.78928
0.0150753,9.79547
0.0150829,9.80151
0.0150932,9.80765
0.0151037,9.81372
0.0151141,9.81979
0.0151216,9.8259
0.0151291,9.832
0.0151393,9.83817
0.0151497,9.84427
0.015157,9.8504
0.0151646,9.85651
0.0151719,9.86267
0.0151795,9.86871
0.0151897,9.87485
0.0151974,9.88089
0.015208,9.88687
0.0152158,9.89282
0.0152264,9.89883
0.0152343,9.90469
0.0152451,9.91061
0.015253,9.9165
0.0152639,9.92239
0.0152717,9.92828
0.0152794,9.93427
0.0152898,9.9404
0.0152972,9.94653
0.0153075,9.95267
0.0153151,9.95871
0.0153224,9.96487
0.0153327,9.97101
0.01534,9.9772
0.0153472,9.98346
0.0153573,9.98969
0.0153645,9.99588
0.0153717,10.0021
0.0153818,10.0083
0.0153889,10.0146
0.0153988,10.021
0.0154087,10.0273
0.0154155,10.0337
0.015428,10.0402
0.0154347,10.0466
0.0154442,10.0532
0.0154537,10.0597
0.0154604,10.0661
0.0154701,10.0725
0.015477,10.0789
0.0154838,10.0854
0.0154934,10.0918
0.0155032,10.0982
0.0155102,10.1046
0.0155202,10.1108
0.0155273,10.1171
0.0155343,10.1234
0.0155443,10.1297
0.0155513,10.136
0.015561,10.1425
0.0155707,10.1489
0.0155776,10.1553
0.0155843,10.1617
0.015594,10.1681
0.0156037,10.1746
0.0156105,10.181
0.0156175,10.1873
0.0156273,10.1937
0.0156372,10.2
0.0156469,10.2064
0.0156539,10.2127
0.015661,10.219
0.015671,10.2253
0.0156782,10.2315
0.0156855,10.2377
0.0156954,10.244
0.0157024,10.2503
0.0157124,10.2567
0.0157194,10.263
0.0157294,10.2693
0.0157364,10.2756
0.0157434,10.2819
0.0157531,10.2883
0.0157601,10.2946
0.0157671,10.301
0.015777,10.3073
0.0157869,10.3136
0.0157939,10.3199
0.015801,10.3262
0.0158113,10.3324
0.0158156,10.3386
0.0158258,10.3447
0.0158332,10.3509
0.0158404,10.3572
0.0158504,10.3634
0.0158574,10.3697
0.0158674,10.376
0.0158744,10.3824
0.0158787,10.3886
0.0158886,10.3949
0.0158956,10.4012
0.0159027,10.4075
0.0159127,10.4138
0.01592,10.42
0.0159271,10.4262
0.0159374,10.4323
0.0159449,10.4384
0.0159524,10.4446
0.0159596,10.4508
0.0159669,10.457
0.0159771,10.4632
0.0159843,10.4694
0.0159915,10.4756
0.0160014,10.4819
0.0160086,10.4882
0.0160186,10.4944
0.0160255,10.5008
0.0160327,10.5071
0.0160397,10.5134
0.0160466,10.5197
0.0160565,10.5261
0.0160634,10.5324
0.0160733,10.5388
0.0160802,10.5451
0.0160872,10.5515
0.0160971,10.5578
0.0161068,10.5642
0.0161166,10.5706
0.0161234,10.577
0.016133,10.5835
0.0161398,10.5899
0.0161496,10.5963
0.0161591,10.6028
0.0161687,10.6093
0.0161784,10.6157
0.0161821,10.6222
0.0161917,10.6287
0.0162014,10.6351
0.0162079,10.6416
0.0162174,10.6482
0.0162241,10.6546
0.0162337,10.6611
0.0162404,10.6676
0.0162502,10.674
0.0162597,10.6805
0.0162691,10.687
0.0162757,10.6935
0.016285,10.7001
0.0162946,10.7066
0.0163012,10.7131
0.0163077,10.7197
0.016317,10.7263
0.0163265,10.7328
0.0163332,10.7393
0.0163427,10.7458
0.0163496,10.7522
0.0163566,10.7585
0.0163663,10.7649
0.0163734,10.7712
0.0163833,10.7776
0.0163932,10.7839
0.0163972,10.7902
0.016407,10.7966
0.0164165,10.8031
0.016426,10.8097
0.0164326,10.8161
0.0164418,10.8228
0.0164483,10.8293
0.0164577,10.8359
0.0164641,10.8426
0.0164732,10.8492
0.0164796,10.8558
0.0164888,10.8625
0.0164953,10.869
0.0165051,10.8755
0.0165117,10.882
0.0165213,10.8884
0.0165282,10.8948
0.016535,10.9012
0.0165449,10.9076
0.0165522,10.9138
0.0165593,10.92
0.0165693,10.9263
0.0165792,10.9326
0.016583,10.9391
0.0165926,10.9456
0.0166024,10.9519
0.0166118,10.9585
0.0166211,10.9651
0.0166275,10.9717
0.0166337,10.9784
0.0166401,10.985
0.0166495,10.9916
0.0166562,10.998
0.0166658,11.0045
0.0166755,11.011
0.0166821,11.0175
0.016689,11.0239
0.0166987,11.0302
0.0167058,11.0365
0.0167128,11.0429
0.0167224,11.0493
0.0167321,11.0558
0.0167387,11.0623
0.0167454,11.0687
0.0167552,11.0751
0.0167646,11.0816
0.0167743,11.0881
0.016781,11.0946
0.0167875,11.1011
0.0167971,11.1076
0.016804,11.1139
0.016811,11.1203
0.0168207,11.1267
0.0168276,11.1331
0.0168374,11.1395
0.0168444,11.1458
0.0168543,11.1521
0.0168613,11.1584
0.0168683,11.1647
0.0168782,11.1711
0.0168878,11.1775
0.0168945,11.1841
0.0169039,11.1906
0.0169106,11.197
0.0169202,11.2035
0.0169296,11.2101
0.016939,11.2166
0.0169483,11.2233
0.0169517,11.2299
0.0169611,11.2365
0.0169706,11.243
0.0169801,11.2495
0.0169867,11.256
0.016996,11.2626
0.0170024,11.2693
0.0170119,11.2758
0.0170211,11.2824
0.0170276,11.289
0.0170369,11.2956
0.017046,11.3023
0.0170522,11.309
0.0170613,11.3157
0.0170703,11.3225
0.0170794,11.3292
0.0170885,11.3359
0.0170945,11.3427
0.0171034,11.3495
0.0171096,11.3562
0.0171187,11.3629
0.0171277,11.3696
0.017134,11.3763
0.0171433,11.3829
0.0171524,11.3896
0.0171618,11.3962
0.0171712,11.4028
0.0171778,11.4093
0.0171874,11.4157
0.0171941,11.4222
0.0172036,11.4287
0.0172104,11.4351
0.01722,11.4416
0.0172266,11.4481
0.0172334,11.4545
0.017243,11.461
0.0172528,11.4673
0.0172598,11.4737
0.0172668,11.48
0.0172767,11.4863
0.0172866,11.4926
0.0172936,11.499
0.0173036,11.5053
0.0173108,11.5115
0.0173208,11.5178
0.0173279,11.5241
0.0173348,11.5305
0.0173445,11.5368
0.0173544,11.5432
0.0173614,11.5495
0.0173714,11.5558
0.0173785,11.5621
0.0173885,11.5684
0.0173955,11.5747
0.0174026,11.5809
0.0174127,11.5872
0.0174231,11.5933
0.0174304,11.5995
0.0174403,11.6058
0.0174475,11.612
0.0174577,11.6182
0.0174652,11.6243
0.0174786,11.6303
0.0174836,11.6362
0.0174948,11.6419
0.0175064,11.6474
0.0175156,11.6527
0.0175253,11.6578
0.0175409,11.6614
