"Maximum force",27.9168,"N"
"Gage length ",1.07044,"mm"
"Strain energy",0.246335,"mJ"
"Deformation at maximum force",0.0189944,"mm"
"Standard travel","Standard force"
"mm","N"
0,0.587583
2.25008e-006,0.589276
4.58956e-006,0.590924
4.43961e-006,0.592374
7.16653e-006,0.593831
7.07433e-006,0.595258
9.96515e-006,0.596639
9.94024e-006,0.598027
1.28758e-005,0.599393
1.30872e-005,0.600675
1.32818e-005,0.601957
1.36581e-005,0.603154
1.42988e-005,0.60423
1.76218e-005,0.605405
1.83221e-005,0.606458
1.60125e-005,0.607549
1.96334e-005,0.608586
2.0561e-005,0.609529
1.86611e-005,0.610429
1.94807e-005,0.611413
2.05014e-005,0.61231
1.85345e-005,0.613248
1.95254e-005,0.614152
2.0561e-005,0.615037
2.1552e-005,0.615945
1.98681e-005,0.616742
1.82141e-005,0.617528
1.96595e-005,0.618219
1.84153e-005,0.618814
2.03003e-005,0.619292
1.93019e-005,0.619769
2.12986e-005,0.620193
2.03524e-005,0.620647
2.24088e-005,0.621047
2.19375e-005,0.621274
2.13415e-005,0.621556
2.07641e-005,0.621831
2.00376e-005,0.622174
2.21536e-005,0.622543
2.13378e-005,0.622935
2.33047e-005,0.623374
2.24106e-005,0.623805
2.15017e-005,0.624236
2.07082e-005,0.624612
1.97471e-005,0.625066
2.1863e-005,0.625434
2.11515e-005,0.625779
2.0507e-005,0.626085
1.97284e-005,0.626453
2.1904e-005,0.626798
2.10956e-005,0.627181
2.05331e-005,0.627448
2.28726e-005,0.627715
2.23324e-005,0.627973
2.16879e-005,0.62828
2.0995e-005,0.628608
2.0168e-005,0.629001
1.94714e-005,0.629329
1.88269e-005,0.629634
2.1226e-005,0.629871
2.0792e-005,0.630081
2.04269e-005,0.630254
2.01624e-005,0.63038
2.28297e-005,0.63049
2.25578e-005,0.630622
2.52102e-005,0.63074
2.48526e-005,0.630912
2.4372e-005,0.63114
2.67413e-005,0.63139
2.63036e-005,0.631602
2.84195e-005,0.63197
2.75068e-005,0.632408
2.91534e-005,0.633003
3.0651e-005,0.633667
2.92875e-005,0.634319
3.07627e-005,0.634995
3.24168e-005,0.63559
3.12992e-005,0.63612
3.60974e-005,0.636601
3.49127e-005,0.637165
3.67381e-005,0.637673
3.85859e-005,0.638176
4.04485e-005,0.638668
4.24751e-005,0.639084
4.45761e-005,0.639467
4.66921e-005,0.639845
4.87485e-005,0.640244
5.07154e-005,0.64069
5.25631e-005,0.64119
5.42991e-005,0.641747
5.61096e-005,0.642265
5.77115e-005,0.642883
5.94251e-005,0.643448
6.38061e-005,0.644123
6.52738e-005,0.64481
6.67863e-005,0.64547
6.84552e-005,0.646057
7.27468e-005,0.646771
7.69787e-005,0.647522
7.8208e-005,0.648323
7.94486e-005,0.649115
8.35017e-005,0.649935
8.47758e-005,0.650721
8.87693e-005,0.651572
8.99092e-005,0.652418
9.35302e-005,0.653448
9.71363e-005,0.654501
9.75964e-005,0.655661
0.000101232,0.656691
0.000104838,0.657736
0.000108608,0.658705
0.000109476,0.659674
0.000113202,0.660658
0.000117046,0.661589
0.000121069,0.66244
0.000124974,0.663351
0.000125797,0.664336
0.00012979,0.665198
0.000133531,0.666174
0.000137315,0.667143
0.000140877,0.668204
0.0001442,0.669379
0.000147329,0.67066
0.000150205,0.672049
0.000152753,0.673598
0.000158415,0.675047
0.000158168,0.676543
0.000163532,0.67813
0.000165991,0.679716
0.000168464,0.681303
0.000170953,0.682875
0.000176288,0.68447
0.000178806,0.686041
0.000181265,0.687628
0.000186748,0.689169
0.000189445,0.690642
0.000194869,0.692198
0.000197522,0.693701
0.000202827,0.695311
0.000205166,0.696967
0.000207252,0.698737
0.000212497,0.700369
0.000217623,0.702071
0.000222779,0.703764
0.000224746,0.705588
0.000229664,0.707396
0.000234521,0.709227
0.000236414,0.711081
0.000241033,0.713026
0.000242844,0.714926
0.000247374,0.716895
0.000251963,0.718848
0.00025358,0.720847
0.000258199,0.7228
0.000262819,0.724738
0.000264167,0.726858
0.00027135,0.728964
0.000272564,0.731131
0.000276617,0.733343
0.000280849,0.735464
0.0002852,0.73754
0.000289551,0.739615
0.000293813,0.741721
0.000295169,0.743842
0.000302202,0.746024
0.000306524,0.748099
0.000310607,0.750296
0.000314779,0.752447
0.00031907,0.754538
0.000323302,0.756674
0.000327475,0.758826
0.000331587,0.761023
0.000335492,0.763281
0.000339098,0.765723
0.000345654,0.768118
0.000349126,0.770605
0.000352807,0.773001
0.000356562,0.775351
0.000360198,0.777762
0.000366397,0.780325
0.000369615,0.782935
0.00037261,0.785651
0.000375754,0.78829
0.000381804,0.79093
0.000385112,0.793509
0.000391282,0.796088
0.000394709,0.79859
0.000397898,0.801215
0.000404126,0.803778
0.000407434,0.806342
0.000410653,0.808951
0.000416852,0.811514
0.000423081,0.814062
0.000426508,0.81658
0.00042992,0.819098
0.00043603,0.821707
0.000439084,0.824393
0.000444866,0.827155
0.000447817,0.829901
0.000453539,0.832693
0.000456459,0.83544
0.000462151,0.838263
0.000464744,0.841162
0.000470168,0.844092
0.000475533,0.847067
0.000480748,0.850104
0.000482924,0.853201
0.00048805,0.856284
0.000493086,0.859396
0.000498212,0.862494
0.000500343,0.865607
0.000505409,0.868719
0.000510685,0.871725
0.00051596,0.874747
0.000521145,0.877783
0.00052639,0.88082
0.000531665,0.883826
0.000536851,0.886877
0.000542007,0.889944
0.000547222,0.892981
0.000552497,0.895987
0.000557593,0.899084
0.000562541,0.902258
0.000567309,0.905493
0.000572047,0.908759
0.000576875,0.911978
0.000581614,0.915244
0.000586621,0.918372
0.000591479,0.921576
0.000596158,0.924887
0.000600568,0.928305
0.000605188,0.931631
0.000609569,0.935049
0.000614188,0.938376
0.000621668,0.941718
0.000626347,0.945013
0.000630818,0.948401
0.000637911,0.951926
0.000642113,0.955435
0.000646345,0.958945
0.000650547,0.962469
0.000654719,0.965994
0.000661782,0.96955
0.000665955,0.973074
0.000670127,0.976599
0.000674269,0.980139
0.000681511,0.983603
0.000685892,0.987036
0.000690154,0.99053
0.000697396,0.993979
0.000701688,0.997458
0.0007089,1.00092
0.000713072,1.00446
0.000717006,1.00811
0.000723652,1.01185
0.000730119,1.01566
0.000733561,1.01954
0.000736914,1.02347
0.000743172,1.02738
0.000746361,1.03138
0.00075253,1.03535
0.000755824,1.03928
0.000759132,1.04322
0.00076539,1.04716
0.000768773,1.05106
0.00077217,1.05497
0.000778518,1.05884
0.000784866,1.06272
0.000791244,1.0666
0.000794701,1.07046
0.000801049,1.07433
0.000807128,1.07833
0.000810332,1.08233
0.000816382,1.08636
0.000822283,1.09044
0.000828273,1.09447
0.000834233,1.09853
0.000837169,1.10265
0.000845871,1.1068
0.000848792,1.11092
0.000854723,1.11501
0.000860534,1.11913
0.000866286,1.12328
0.000871889,1.12752
0.000874765,1.13167
0.000880218,1.13598
0.000885642,1.14031
0.000891156,1.14458
0.00089658,1.14889
0.000901885,1.15328
0.000904224,1.15768
0.00090941,1.1621
0.000917576,1.16646
0.000920034,1.17083
0.000928379,1.17513
0.000931165,1.17934
0.000939629,1.18358
0.000942267,1.18786
0.000950671,1.19213
0.000953279,1.1964
0.000958673,1.20074
0.000964067,1.20504
0.000969551,1.20934
0.000974945,1.21367
0.000982992,1.21813
0.000987879,1.22271
0.000992737,1.22729
0.000997476,1.23192
0.00100207,1.23662
0.00100663,1.24135
0.00101104,1.24615
0.0010184,1.25094
0.00102275,1.25576
0.0010271,1.26058
0.00103422,1.26546
0.00103857,1.27029
0.00104289,1.27514
0.00105008,1.27999
0.00105461,1.28472
0.00105926,1.28942
0.00106689,1.29406
0.00107165,1.2987
0.00107624,1.3034
0.00108387,1.30804
0.00108861,1.3127
0.00109332,1.31737
0.00110074,1.3221
0.0011053,1.32683
0.00110983,1.33156
0.00111713,1.33636
0.00112431,1.34124
0.00112834,1.34621
0.00113528,1.35119
0.00113916,1.35625
0.00114598,1.36126
0.00115284,1.36629
0.00115969,1.3713
0.00116359,1.37633
0.00117006,1.38155
0.00117355,1.38677
0.00117999,1.39199
0.00118663,1.39709
0.00119316,1.40227
0.00119691,1.40737
0.00120326,1.41262
0.00120964,1.41787
0.00121602,1.42312
0.0012223,1.4284
0.00122865,1.43365
0.00123509,1.43886
0.00124144,1.44411
0.00124773,1.44942
0.00125118,1.45467
0.00125741,1.45998
0.00126355,1.46532
0.00126972,1.47066
0.00127583,1.47603
0.00128182,1.48147
0.00128781,1.48687
0.00129359,1.49242
0.00129946,1.49789
0.00130217,1.5035
0.0013076,1.50921
0.00131284,1.51497
0.00132119,1.52065
0.00132631,1.52651
0.00133129,1.5324
0.00133636,1.53826
0.00134139,1.54415
0.00134652,1.54998
0.00135159,1.55584
0.00135951,1.56173
0.00136473,1.56753
0.00136989,1.57332
0.00137793,1.57915
0.00138318,1.58495
0.00138848,1.59069
0.0013937,1.59649
0.00139885,1.60232
0.00140684,1.60815
0.00141185,1.61407
0.00141966,1.61999
0.0014246,1.62591
0.00142925,1.63198
0.00143694,1.63799
0.00144159,1.64403
0.00144916,1.65008
0.00145363,1.65624
0.0014581,1.66237
0.00146549,1.66851
0.00146999,1.67464
0.00147741,1.68078
0.00147912,1.68685
0.00148663,1.69292
0.00149089,1.69918
0.00149521,1.7054
0.00150257,1.71157
0.00150999,1.71767
0.00151452,1.72381
0.00152203,1.72988
0.00152951,1.73598
0.0015341,1.74206
0.00153863,1.74819
0.00154334,1.7542
0.00154835,1.76009
0.00155324,1.76604
0.00155809,1.77202
0.00156572,1.77804
0.00157052,1.78405
0.00157794,1.79015
0.00158232,1.79635
0.0015896,1.80254
0.00159386,1.8088
0.00160077,1.81515
0.00160479,1.82152
0.00161183,1.82781
0.00161856,1.83428
0.00162259,1.84063
0.00162962,1.84695
0.00163367,1.85326
0.00164062,1.85961
0.00164759,1.86596
0.00165442,1.87237
0.00165853,1.87868
0.00166538,1.88509
0.00167203,1.89156
0.00167584,1.89803
0.00168267,1.90444
0.00168624,1.911
0.00169286,1.9175
0.00169954,1.924
0.00170332,1.93047
0.0017128,1.93697
0.00171953,1.94344
0.00172335,1.94991
0.00173014,1.95632
0.00173694,1.96273
0.0017406,1.96926
0.00174716,1.97579
0.00175372,1.98235
0.00176009,1.98894
0.00176632,1.99566
0.0017727,2.00228
0.00177607,2.00893
0.001782,2.01577
0.00178778,2.02267
0.00179362,2.02953
0.00179931,2.03649
0.00180525,2.04333
0.00181097,2.05025
0.00181672,2.05715
0.00182253,2.06405
0.00182822,2.07101
0.00183386,2.07796
0.00183976,2.0848
0.00184557,2.0917
0.00185126,2.09865
0.00186002,2.10549
0.00186263,2.11254
0.00187109,2.11953
0.00187664,2.12655
0.001882,2.13366
0.00188748,2.14071
0.00189288,2.14779
0.00190122,2.15487
0.00190677,2.16189
0.00191231,2.16887
0.00191481,2.17596
0.00192328,2.18297
0.00192864,2.19008
0.00193392,2.1972
0.00193934,2.20428
0.00194739,2.21148
0.00195236,2.21877
0.00196017,2.22606
0.00196491,2.23348
0.00196959,2.2409
0.00197421,2.24837
0.00197865,2.25591
0.00198616,2.26336
0.00199087,2.27077
0.00199826,2.27828
0.00200294,2.28573
0.00200771,2.29308
0.0020154,2.30047
0.00202031,2.30779
0.00202511,2.31515
0.0020328,2.32253
0.00203775,2.32982
0.00204538,2.33721
0.00205021,2.34456
0.00205509,2.35189
0.00206278,2.35927
0.00206749,2.36669
0.00207205,2.37417
0.00207953,2.38164
0.0020868,2.38921
0.00209106,2.39684
0.00209521,2.40453
0.00210224,2.41219
0.00210638,2.41988
0.00211345,2.42754
0.00211753,2.43526
0.0021245,2.44295
0.00212873,2.45061
0.00213318,2.45815
0.00213779,2.4656
0.00214542,2.47298
0.00215028,2.48034
0.00215827,2.48757
0.00216325,2.49486
0.00216813,2.50219
0.00217582,2.50954
0.00218053,2.51699
0.00218786,2.52453
0.00219206,2.53216
0.00219922,2.53979
0.00220324,2.54754
0.00221007,2.55532
0.00221384,2.56313
0.0022203,2.57113
0.0022268,2.57906
0.00223045,2.58694
0.00223704,2.59487
0.00224075,2.60274
0.00224724,2.61068
0.00225359,2.61867
0.00225709,2.62667
0.00226627,2.63473
0.00226961,2.64278
0.00227867,2.6509
0.00228178,2.65908
0.00228774,2.66726
0.00229368,2.67544
0.00229955,2.68368
0.0023026,2.69192
0.00230853,2.70009
0.00231735,2.70827
0.00232337,2.71645
0.0023265,2.72463
0.00233544,2.73275
0.00233866,2.74093
0.00234766,2.74904
0.00235359,2.75728
0.00235955,2.76546
0.00236539,2.7737
0.002371,2.78206
0.00237663,2.79043
0.00238509,2.79879
0.0023904,2.80727
0.00239555,2.81588
0.00240074,2.82442
0.00240861,2.83309
0.00241364,2.84176
0.00242151,2.85042
0.00242643,2.85909
0.00243156,2.8677
0.00243659,2.8763
0.00244175,2.88491
0.0024467,2.89358
0.00245468,2.90218
0.00246255,2.91085
0.00246771,2.91939
0.00247557,2.92806
0.00248064,2.93673
0.00248851,2.94533
0.00249343,2.95406
0.00249819,2.96285
0.00250281,2.97164
0.00251062,2.98037
0.00251518,2.98922
0.00252278,2.99801
0.00252722,3.00692
0.00253467,3.01577
0.002542,3.02468
0.00254641,3.03365
0.00255354,3.04262
0.00255765,3.05172
0.00256462,3.06081
0.00256844,3.07003
0.00257565,3.079
0.00257964,3.08816
0.00258677,3.09719
0.00259082,3.10628
0.0025977,3.11538
0.00260185,3.12447
0.00260888,3.13351
0.00261317,3.14248
0.00262035,3.15151
0.00262777,3.16036
0.00263189,3.16945
0.00263922,3.17837
0.00264339,3.1874
0.00265066,3.19637
0.00265483,3.2054
0.00266181,3.2145
0.00266872,3.22359
0.00267278,3.23269
0.00267957,3.2419
0.00268628,3.25112
0.00269018,3.26028
0.00269978,3.26953
0.00270368,3.27868
0.00271027,3.28796
0.0027142,3.29712
0.00272085,3.30633
0.00272469,3.31555
0.00273137,3.32477
0.00273819,3.33392
0.00274219,3.34308
0.00274886,3.35229
0.00275548,3.36157
0.00276203,3.37085
0.00276877,3.38006
0.00277533,3.38934
0.0027823,3.39844
0.0027861,3.40765
0.00278994,3.41687
0.00279948,3.42608
0.00280321,3.43536
0.00280997,3.44452
0.00281692,3.45367
0.00282085,3.46283
0.00282761,3.47198
0.00283441,3.4812
0.00284371,3.49054
0.00284743,3.49982
0.00285384,3.50915
0.00286031,3.51849
0.00286654,3.52795
0.00287279,3.53735
0.00287591,3.54687
0.00288479,3.55646
0.00289081,3.56598
0.00289671,3.57562
0.00290255,3.58526
0.00290842,3.59485
0.00291406,3.60455
0.00291978,3.61426
0.00292836,3.62396
0.00293399,3.63367
0.00293972,3.64337
0.00294547,3.65307
0.0029511,3.66278
0.00295962,3.67254
0.00296535,3.68219
0.00297098,3.69195
0.0029767,3.7016
0.00298224,3.71136
0.00298785,3.72113
0.0029933,3.73096
0.00300135,3.7409
0.00300644,3.75085
0.00301431,3.76092
0.00301926,3.77099
0.00302713,3.781
0.0030321,3.79107
0.00303711,3.80108
0.00303927,3.81109
0.00304708,3.82117
0.00305206,3.83118
0.00305715,3.84118
0.00306225,3.85113
0.00307029,3.86108
0.00307563,3.87097
0.00308087,3.88086
0.00308597,3.89087
0.00309396,3.90088
0.00309905,3.91083
0.00310415,3.92084
0.0031122,3.93078
0.00312024,3.94073
0.00312245,3.95074
0.00313038,3.96075
0.0031383,3.97076
0.00314328,3.98077
0.00314838,3.99078
0.00315619,4.00085
0.0031611,4.01092
0.00316903,4.02093
0.00317392,4.031
0.00317883,4.04107
0.00318375,4.05115
0.00319144,4.06128
0.00319621,4.07141
0.00320074,4.08166
0.00321087,4.09198
0.00321522,4.10235
0.00322238,4.11273
0.00322941,4.12317
0.00323647,4.1336
0.00324336,4.1441
0.00324723,4.15466
0.003254,4.16522
0.00326058,4.1759
0.00326726,4.18652
0.00327104,4.19708
0.00328064,4.2077
0.00328451,4.21826
0.00329119,4.22888
0.00329792,4.23944
0.00330454,4.25012
0.00331119,4.26074
0.00331494,4.27136
0.00332168,4.28192
0.00332847,4.29248
0.00333518,4.3031
0.003342,4.3136
0.00334862,4.32428
0.00335526,4.3349
0.00336164,4.34564
0.00336829,4.35626
0.00337186,4.36694
0.00337842,4.37762
0.0033879,4.3883
0.00339144,4.39898
0.00339785,4.40973
0.00340715,4.42047
0.00341058,4.43127
0.00341684,4.44208
0.00342333,4.45276
0.00342959,4.46356
0.00343624,4.47418
0.0034456,4.48486
0.00345221,4.49554
0.00345889,4.50616
0.00346577,4.51666
0.00346939,4.52734
0.00347628,4.53784
0.00348301,4.5484
0.00348984,4.55896
0.00349663,4.56952
0.00350322,4.5802
0.00350986,4.59082
0.0035163,4.6015
0.00352262,4.6123
0.00352876,4.62317
0.00353514,4.63391
0.00354128,4.64477
0.00354756,4.65558
0.00355391,4.66632
0.00356315,4.67712
0.00356665,4.68786
0.00357306,4.69861
0.00357965,4.70923
0.00358644,4.71979
0.00359359,4.73016
0.0035978,4.7406
0.00360793,4.75091
0.00361517,4.76129
0.00361943,4.77167
0.00362939,4.7821
0.00363636,4.79254
0.00364313,4.80316
0.00364989,4.81372
0.00365654,4.82434
0.00366306,4.83502
0.00366956,4.8457
0.00367591,4.85644
0.00368226,4.86725
0.00368842,4.87805
0.00369462,4.88891
0.00370088,4.89972
0.0037072,4.91052
0.00371346,4.92132
0.00371963,4.93213
0.00372562,4.94311
0.00373143,4.9541
0.00373733,4.96509
0.0037432,4.97607
0.00374904,4.98706
0.00375804,4.99798
0.00376397,5.00891
0.00377002,5.01983
0.00377885,5.03082
0.00378472,5.04181
0.00379053,5.05285
0.00379935,5.06378
0.00380799,5.07483
0.00381389,5.08581
0.00382254,5.09686
0.00383112,5.10797
0.00383666,5.11914
0.00384212,5.13031
0.0038504,5.14154
0.00385875,5.15271
0.00386405,5.164
0.00387228,5.17523
0.00387764,5.18646
0.00388581,5.19775
0.00389105,5.20904
0.00389928,5.22027
0.0039047,5.2315
0.00391304,5.24267
0.0039185,5.2539
0.00392117,5.26501
0.00392993,5.276
0.0039358,5.28699
0.0039417,5.29797
0.00394772,5.3089
0.00395374,5.31982
0.00396274,5.33069
0.00396882,5.34161
0.00397764,5.35254
0.00398381,5.3634
0.00398968,5.37439
0.00399832,5.38544
0.00400715,5.39642
0.00401302,5.40741
0.00401877,5.41846
0.00402741,5.4295
0.0040331,5.44061
0.00404181,5.45166
0.00404759,5.46271
0.00405319,5.47381
0.00405891,5.48486
0.00406744,5.49597
0.00407292,5.50714
0.00408138,5.51831
0.00408675,5.52954
0.00409497,5.54077
0.00410326,5.552
0.00410853,5.56329
0.00411676,5.57452
0.00412504,5.58575
0.00413044,5.59698
0.00413884,5.60815
0.00414141,5.61932
0.00415267,5.63049
0.00416113,5.64166
0.00416689,5.65271
0.00417529,5.66382
0.00418104,5.67492
0.00418921,5.68616
0.00419743,5.69745
0.00420262,5.70874
0.00421061,5.72015
0.0042183,5.73163
0.00422885,5.74316
0.0042363,5.75476
0.00424348,5.76654
0.00425367,5.7782
0.00426058,5.7901
0.0042675,5.802
0.00427733,5.81384
0.00428145,5.82568
0.0042914,5.83746
0.00429849,5.8493
0.00430568,5.86102
0.00431015,5.87268
0.00431748,5.88434
0.00432472,5.89606
0.00433217,5.90771
0.00433998,5.91913
0.00434767,5.93066
0.00435542,5.94214
0.00436036,5.95355
0.00436823,5.96496
0.00437616,5.97638
0.00438415,5.98773
0.00439231,5.99902
0.00439779,6.01019
0.00440608,6.02142
0.00441442,6.03259
0.00442283,6.04376
0.00443123,6.05493
0.00443663,6.06616
0.00444509,6.07733
0.00445344,6.0885
0.0044588,6.09973
0.00446989,6.11102
0.0044751,6.12231
0.00448041,6.1336
0.00448869,6.14483
0.00449698,6.156
0.00450243,6.16723
0.00451083,6.1784
0.00451906,6.18963
0.00452469,6.20074
0.00453041,6.21179
0.00453906,6.2229
0.00454764,6.23395
0.00455345,6.24499
0.00456204,6.25604
0.00457056,6.26715
0.00457616,6.27826
0.00458445,6.28949
0.00459303,6.3006
0.00460143,6.31177
0.00460683,6.323
0.00461487,6.33429
0.00462015,6.34558
0.00463094,6.35699
0.00463583,6.36847
0.00464369,6.37988
0.00464861,6.39136
0.00465648,6.40271
0.00466405,6.4143
0.00467168,6.42584
0.00467916,6.43744
0.00468393,6.44897
0.00469156,6.46051
0.00470217,6.47198
0.00470684,6.48358
0.00471447,6.49512
0.0047193,6.50659
0.00472705,6.51806
0.00473778,6.52948
0.00474288,6.54089
0.0047508,6.55224
0.00475891,6.5636
0.00476377,6.57507
0.00477181,6.58636
0.00477986,6.59772
0.00478779,6.60907
0.00479583,6.62048
0.0048009,6.63183
0.00480895,6.64319
0.00481676,6.6546
0.00482462,6.66601
0.00483231,6.67755
0.00484024,6.68896
0.00484799,6.70038
0.00485308,6.71179
0.00486107,6.72314
0.00486894,6.73456
0.00487404,6.74591
0.00488184,6.75738
0.00488977,6.7688
0.0048977,6.78015
0.00490563,6.79156
0.00491349,6.80298
0.00492148,6.81433
0.00492652,6.82574
0.00493445,6.83716
0.00494237,6.84851
0.00494738,6.85992
0.00495549,6.87121
0.00496371,6.88251
0.00497176,6.8938
0.00497986,6.90509
0.00498535,6.91632
0.00499062,6.92761
0.00500171,6.93884
0.00500982,6.95019
0.00501792,6.96148
0.00502299,6.97284
0.0050308,6.98431
0.0050386,6.99573
0.00504367,7.00714
0.00505148,7.01861
0.00505905,7.03015
0.00506665,7.04169
0.00507419,7.05328
0.00508164,7.06488
0.00508933,7.07641
0.00509696,7.08795
0.00510482,7.09936
0.00511251,7.11084
0.00512038,7.12231
0.00512807,7.13379
0.00513299,7.14526
0.0051436,7.15674
0.00515141,7.16815
0.00515927,7.17962
0.00516696,7.1911
0.00517483,7.20251
0.00518243,7.21411
0.00519024,7.22552
0.00520067,7.23712
0.0052083,7.24866
0.00521298,7.26019
0.00522347,7.27179
0.00523098,7.28338
0.00523885,7.2948
0.00524653,7.30627
0.00525422,7.31781
0.00526179,7.32934
0.00526918,7.341
0.00527962,7.3526
0.00528999,7.36419
0.00529759,7.37579
0.00530224,7.38733
0.00530972,7.39892
0.00531678,7.41076
0.00532691,7.42248
0.00533418,7.4342
0.00534166,7.4458
0.0053492,7.4574
0.00535683,7.46893
0.00536452,7.48041
0.00536947,7.49182
0.0053774,7.50323
0.00538544,7.51459
0.00539379,7.52575
0.00540219,7.53692
0.00540771,7.54809
0.00541605,7.55932
0.0054244,7.57049
0.00542976,7.58172
0.00543804,7.59295
0.00544609,7.60425
0.00545396,7.61572
0.00546177,7.62713
0.00546958,7.63861
0.00547718,7.65014
0.00548171,7.6618
0.00548925,7.6734
0.00549673,7.685
0.00550418,7.69659
0.0055116,7.70825
0.00552221,7.71972
0.00552727,7.73108
0.00553231,7.74249
0.00554006,7.75397
0.00554816,7.76526
0.00555639,7.77655
0.00556456,7.78784
0.00557284,7.79901
0.00558107,7.8103
0.00558646,7.82153
0.00559451,7.83282
0.00560255,7.84418
0.00561066,7.85547
0.00561865,7.86688
0.00562634,7.87836
0.00563394,7.88995
0.00564168,7.90143
0.00564937,7.9129
0.00565724,7.92431
0.00566487,7.93585
0.00567262,7.94732
0.00568037,7.9588
0.00568818,7.97027
0.00569616,7.98163
0.00570713,7.99298
0.00571547,8.00415
0.00572364,8.01544
0.00573181,8.02673
0.00573991,8.03802
0.00574543,8.04919
0.00575675,8.06036
0.0057651,8.07153
0.00577356,8.0827
0.00578184,8.09393
0.00579019,8.1051
0.0057983,8.11645
0.0058067,8.12762
0.00581487,8.13885
0.00582321,8.15008
0.00583149,8.16131
0.00583972,8.17254
0.00584783,8.18384
0.00585587,8.19519
0.0058641,8.20648
0.00587226,8.21777
0.00588049,8.229
0.00588854,8.24029
0.0058998,8.25152
0.00590475,8.26294
0.0059128,8.27429
0.00592084,8.28558
0.005926,8.29693
0.00593732,8.3081
0.00594254,8.3194
0.00595082,8.33063
0.00595899,8.34192
0.00596698,8.35327
0.00597502,8.36462
0.00598617,8.37585
0.0059941,8.38727
0.00600208,8.39862
0.00601299,8.40997
0.00602053,8.42157
0.00602828,8.43304
0.00603615,8.44446
0.0060467,8.45599
0.00605439,8.46753
0.00606193,8.47912
0.00606941,8.49072
0.00607701,8.50226
0.0060872,8.51391
0.00609477,8.52551
0.00610213,8.53717
0.00610937,8.54889
0.00611638,8.56073
0.00612353,8.57251
0.00613342,8.58435
0.0061432,8.59625
0.0061499,8.60821
0.00615944,8.62018
0.00616904,8.63214
0.00617559,8.64422
0.00618501,8.65631
0.00619437,8.66839
0.00620072,8.68054
0.00620706,8.69269
0.00621636,8.70477
0.00622572,8.71686
0.00623514,8.72894
0.00624155,8.74109
0.00625078,8.75323
0.00625712,8.76541
0.00626642,8.77749
0.00627316,8.78946
0.00628275,8.80142
0.00629247,8.81338
0.00629914,8.82534
0.00630612,8.83718
0.00631309,8.84903
0.0063231,8.86081
0.00633318,8.87259
0.00634054,8.88424
0.00634796,8.89584
0.00635511,8.90762
0.00636536,8.91928
0.00636995,8.93093
0.0063805,8.94241
0.00639099,8.95401
0.00639886,8.96542
0.00640679,8.97683
0.00641472,8.98819
0.0064227,8.99954
0.00642792,9.01089
0.00643907,9.02212
0.00644729,9.03335
0.00645838,9.04464
0.0064666,9.05587
0.00647471,9.06723
0.00648556,9.07858
0.00649366,9.08993
0.00650165,9.10128
0.00650964,9.11264
0.00652049,9.12405
0.00652835,9.13546
0.0065361,9.14688
0.00654403,9.15835
0.00655476,9.16977
0.00656263,9.18118
0.00657353,9.19253
0.00658128,9.20401
0.00658614,9.21548
0.00659651,9.22708
0.006607,9.23867
0.00661469,9.25015
0.0066225,9.26162
0.00663293,9.27322
0.00664342,9.28476
0.00665111,9.29629
0.00666172,9.30777
0.00666965,9.31918
0.00668049,9.33053
0.00668866,9.34182
0.006697,9.35305
0.00670815,9.36428
0.00671649,9.37545
0.00672478,9.38668
0.00673307,9.39791
0.00674141,9.40915
0.0067525,9.42044
0.00676072,9.43167
0.00677205,9.44284
0.00678063,9.45388
0.00678891,9.46511
0.00679732,9.47628
0.00680584,9.48739
0.00681448,9.49844
0.00682635,9.50937
0.00683523,9.52029
0.00684441,9.53109
0.00685341,9.54196
0.00686241,9.55288
0.00687445,9.56369
0.00688369,9.57449
0.00689304,9.58517
0.0069024,9.59591
0.00691188,9.60653
0.00692148,9.61715
0.00693113,9.62777
0.00694067,9.63839
0.00695062,9.64883
0.0069604,9.65933
0.00697023,9.66983
0.00697715,9.68032
0.00698996,9.69076
0.0069998,9.70126
0.00700963,9.71176
0.00701929,9.72232
0.00702918,9.73275
0.00704182,9.74331
0.00705159,9.75387
0.00706143,9.76437
0.00707126,9.77481
0.00707818,9.78537
0.00709111,9.79574
0.00710118,9.80612
0.00711155,9.81631
0.00712193,9.82656
0.00713259,9.8367
0.00714356,9.84665
0.00715495,9.85641
0.00716693,9.86587
0.00717909,9.87527
0.00719137,9.88455
0.00720364,9.89389
0.0072189,9.90316
0.0072313,9.9125
0.00724388,9.92172
0.0072561,9.93106
0.00726849,9.94033
0.00728035,9.94986
0.00729192,9.9595
0.00730598,9.96939
0.00731743,9.97909
0.00732869,9.98892
0.00734002,9.99868
0.00735128,10.0085
0.00736261,10.0183
0.00737393,10.0281
0.007388,10.0379
0.00739641,10.0478
0.00740785,10.0575
0.00741649,10.0672
0.00742806,10.0768
0.00743968,10.0865
0.00744832,10.0962
0.0074628,10.1058
0.00747139,10.1155
0.00748283,10.1252
0.00749457,10.1349
0.00750322,10.1445
0.0075177,10.1542
0.00752628,10.1638
0.00753791,10.1735
0.00754685,10.1831
0.00755871,10.1926
0.00756747,10.2022
0.00757939,10.2117
0.00758851,10.2212
0.00759733,10.2307
0.00760931,10.2402
0.00761843,10.2497
0.00762761,10.2591
0.00763959,10.2686
0.00764853,10.2781
0.00766033,10.2877
0.00766939,10.2971
0.00767822,10.3067
0.00768704,10.3163
0.00769902,10.3258
0.00771088,10.3354
0.00772006,10.3448
0.00772912,10.3542
0.00774122,10.3637
0.00775034,10.3731
0.00776262,10.3825
0.00777203,10.3918
0.00778151,10.401
0.00779403,10.4102
0.00780356,10.4195
0.0078131,10.4288
0.00782532,10.4381
0.00783474,10.4474
0.00784386,10.4569
0.00785328,10.4662
0.00786245,10.4756
0.00787461,10.485
0.00788653,10.4945
0.00789565,10.5039
0.00790454,10.5135
0.0079164,10.523
0.00792516,10.5327
0.0079341,10.5422
0.00794304,10.5518
0.00795192,10.5613
0.00796378,10.5708
0.00797284,10.5803
0.0079819,10.5898
0.00799096,10.5993
0.00800008,10.6087
0.00801206,10.6183
0.00802142,10.6276
0.00803054,10.637
0.00803972,10.6465
0.0080517,10.6559
0.00806076,10.6654
0.00806982,10.6749
0.00807876,10.6844
0.0080905,10.694
0.00809944,10.7035
0.00810814,10.7132
0.00811402,10.7228
0.0081257,10.7324
0.0081347,10.7419
0.00814346,10.7516
0.0081552,10.7611
0.00816107,10.7708
0.00817007,10.7802
0.00817919,10.7897
0.00818837,10.7992
0.00819761,10.8086
0.00820685,10.8179
0.00821621,10.8273
0.00822545,10.8366
0.00823498,10.8459
0.0082444,10.8553
0.00825394,10.8645
0.00826347,10.8737
0.00827313,10.8829
0.00828285,10.8921
0.00828979,10.9012
0.00829951,10.9104
0.00831202,10.9196
0.00831891,10.9287
0.00833154,10.9379
0.00834162,10.9469
0.00835145,10.956
0.00836146,10.9651
0.00836844,10.9741
0.00837827,10.9832
0.00838793,10.9924
0.00839776,11.0016
0.00840754,11.0106
0.00841737,11.0198
0.00842417,11.029
0.00843365,11.0383
0.00844044,11.0475
0.00844998,11.0567
0.00846249,11.0659
0.00846911,11.0752
0.00847877,11.0844
0.00849122,11.0936
0.0084979,11.1029
0.00850726,11.1122
0.00851966,11.1215
0.00852624,11.1308
0.00853846,11.1401
0.00854776,11.1494
0.00855694,11.1589
0.00856612,11.1683
0.00857524,11.1778
0.00858418,11.1873
0.00859586,11.1969
0.00860468,11.2065
0.00861332,11.2162
0.00862191,11.2259
0.00863043,11.2356
0.00864176,11.2454
0.00865016,11.2552
0.00865856,11.265
0.00866673,11.2749
0.00867811,11.2846
0.00868381,11.2943
0.00869227,11.3041
0.00870365,11.3139
0.00871218,11.3236
0.00871784,11.3333
0.00872923,11.3431
0.00873781,11.3528
0.00874344,11.3625
0.00875226,11.3721
0.00876394,11.3817
0.00876988,11.3913
0.00877888,11.4008
0.0087908,11.4103
0.00879986,11.4198
0.0088062,11.4292
0.00881854,11.4385
0.00882498,11.4478
0.00883434,11.4572
0.00884072,11.4666
0.00884984,11.476
0.00885901,11.4854
0.00886801,11.4949
0.00887409,11.5045
0.00888309,11.5139
0.00889209,11.5235
0.00890104,11.533
0.00890714,11.5425
0.0089162,11.552
0.00892538,11.5614
0.00893468,11.5708
0.00894404,11.5801
0.00895075,11.5893
0.00896046,11.5985
0.0089672,11.6077
0.00897679,11.6169
0.00898639,11.6261
0.00899593,11.6354
0.00900239,11.6447
0.00901169,11.6541
0.00902117,11.6634
0.00903053,11.6728
0.0090369,11.6821
0.00904614,11.6915
0.00905556,11.7008
0.00906197,11.7102
0.00906849,11.7195
0.00908077,11.7288
0.00908742,11.7381
0.0090969,11.7473
0.00910619,11.7567
0.00911281,11.766
0.00912205,11.7754
0.00913129,11.7848
0.00913749,11.7942
0.00914631,11.8038
0.00915495,11.8135
0.00916383,11.8231
0.00917265,11.8327
0.00918148,11.8423
0.00919042,11.8518
0.00919918,11.8614
0.00920544,11.8708
0.0092145,11.8803
0.00922362,11.8898
0.00923005,11.8991
0.00923971,11.9083
0.00924913,11.9176
0.00925866,11.9268
0.00926802,11.9362
0.00927732,11.9456
0.0092865,11.955
0.00929556,11.9645
0.00930173,11.974
0.00931067,11.9835
0.00931949,11.9931
0.00932813,12.0028
0.00933695,12.0124
0.00934277,12.022
0.00935451,12.0316
0.00936333,12.0412
0.00937245,12.0506
0.00937859,12.0601
0.00938777,12.0695
0.00939426,12.0789
0.00940386,12.0881
0.00941068,12.0973
0.00942052,12.1063
0.00943029,12.1155
0.00944001,12.1247
0.00944979,12.1338
0.00945956,12.143
0.00946636,12.1521
0.00947601,12.1613
0.00948278,12.1706
0.00949243,12.1797
0.00950215,12.1889
0.00950856,12.1983
0.00951815,12.2075
0.00952498,12.2166
0.00953451,12.2259
0.00954393,12.2352
0.00955341,12.2445
0.00955999,12.2537
0.00956941,12.2631
0.00957871,12.2724
0.00958783,12.2819
0.00959713,12.2912
0.00960327,12.3007
0.00961245,12.3102
0.00962151,12.3197
0.00963086,12.329
0.00964016,12.3383
0.00964958,12.3477
0.00965882,12.3571
0.00966824,12.3664
0.00967765,12.3757
0.00968713,12.385
0.00969667,12.3943
0.00970615,12.4035
0.00971574,12.4127
0.0097251,12.4221
0.00973452,12.4314
0.00974691,12.4406
0.00975633,12.45
0.00976581,12.4593
0.00977529,12.4685
0.0097847,12.4778
0.00979141,12.4871
0.00980083,12.4964
0.00981019,12.5057
0.00981954,12.515
0.00982583,12.5245
0.00983757,12.534
0.00984657,12.5435
0.00985534,12.5532
0.00986422,12.5627
0.00987006,12.5724
0.00987852,12.5821
0.00988705,12.5919
0.00989551,12.6017
0.00990099,12.6115
0.00990952,12.6212
0.00991792,12.6309
0.00992638,12.6407
0.00993491,12.6504
0.00994325,12.6602
0.00995184,12.67
0.00996006,12.6798
0.00996551,12.6897
0.00997392,12.6994
0.00998232,12.7093
0.00998778,12.7191
0.009996,12.7289
0.0100042,12.7388
0.0100094,12.7488
0.0100174,12.7588
0.0100251,12.7689
0.0100331,12.7788
0.0100409,12.7889
0.0100486,12.799
0.0100534,12.8092
0.0100611,12.8193
0.0100688,12.8294
0.0100766,12.8395
0.0100842,12.8497
0.0100918,12.8598
0.0100995,12.87
0.0101043,12.8801
0.010112,12.8902
0.0101199,12.9002
0.0101278,12.9103
0.0101327,12.9204
0.0101404,12.9305
0.0101481,12.9406
0.0101531,12.9506
0.0101607,12.9608
0.0101686,12.9709
0.0101764,12.9809
0.0101813,12.991
0.0101889,13.0011
0.0101965,13.0113
0.010204,13.0216
0.0102116,13.0318
0.0102191,13.042
0.0102238,13.0522
0.0102314,13.0623
0.0102389,13.0725
0.0102434,13.0828
0.0102509,13.093
0.0102583,13.1033
0.0102656,13.1136
0.0102731,13.1238
0.0102805,13.1341
0.0102879,13.1443
0.0102952,13.1546
0.0103026,13.1649
0.0103098,13.1753
0.010317,13.1856
0.0103243,13.1959
0.0103316,13.2063
0.010336,13.2166
0.0103431,13.227
0.0103501,13.2375
0.0103571,13.2479
0.0103639,13.2584
0.0103736,13.2689
0.0103805,13.2795
0.0103874,13.29
0.0103914,13.3005
0.0103982,13.3111
0.0104049,13.3217
0.0104115,13.3323
0.0104185,13.3427
0.0104283,13.3533
0.0104353,13.3637
0.0104395,13.3742
0.0104495,13.3845
0.0104564,13.395
0.0104604,13.4055
0.0104674,13.416
0.0104746,13.4264
0.0104818,13.4367
0.0104887,13.4472
0.010496,13.4575
0.0105031,13.4679
0.0105103,13.4783
0.0105175,13.4887
0.0105247,13.4991
0.010529,13.5094
0.0105391,13.5198
0.0105463,13.5301
0.0105535,13.5405
0.0105607,13.5509
0.0105676,13.5614
0.0105743,13.5719
0.0105812,13.5825
0.0105878,13.5931
0.0105946,13.6037
0.010601,13.6144
0.0106048,13.625
0.0106114,13.6356
0.010621,13.6462
0.0106275,13.6569
0.0106313,13.6676
0.0106379,13.6782
0.0106475,13.6887
0.0106544,13.6993
0.0106612,13.7099
0.0106681,13.7204
0.0106747,13.731
0.0106813,13.7416
0.0106907,13.7523
0.0106974,13.7629
0.0107039,13.7736
0.0107133,13.7843
0.0107195,13.7952
0.0107287,13.8059
0.0107346,13.8169
0.0107437,13.8277
0.0107496,13.8387
0.0107555,13.8497
0.0107644,13.8607
0.0107702,13.8717
0.010779,13.8827
0.0107875,13.8938
0.0107934,13.9048
0.0108019,13.9159
0.0108077,13.9269
0.0108161,13.9381
0.0108248,13.9491
0.0108334,13.9602
0.0108389,13.9713
0.0108476,13.9824
0.0108561,13.9935
0.0108619,14.0045
0.0108705,14.0156
0.0108764,14.0266
0.0108851,14.0376
0.0108911,14.0486
0.0108969,14.0596
0.0109056,14.0706
0.0109146,14.0815
0.0109205,14.0924
0.0109295,14.1034
0.0109357,14.1142
0.0109449,14.125
0.0109511,14.1358
0.0109576,14.1465
0.0109638,14.1573
0.0109703,14.168
0.0109796,14.1787
0.0109862,14.1894
0.0109956,14.2001
0.011002,14.2109
0.0110083,14.2216
0.0110176,14.2324
0.0110239,14.2432
0.0110303,14.2539
0.0110397,14.2646
0.0110463,14.2752
0.0110529,14.2859
0.0110622,14.2967
0.0110687,14.3073
0.0110782,14.318
0.0110849,14.3286
0.0110915,14.3392
0.0111013,14.3498
0.0111107,14.3604
0.0111172,14.3711
0.0111237,14.3818
0.0111303,14.3925
0.011137,14.4031
0.0111464,14.4137
0.0111531,14.4243
0.0111596,14.4351
0.0111661,14.4457
0.0111752,14.4566
0.0111818,14.4673
0.0111882,14.478
0.0111977,14.4886
0.0112041,14.4994
0.0112136,14.51
0.0112201,14.5207
0.0112266,14.5315
0.011233,14.5421
0.0112398,14.5527
0.0112494,14.5633
0.011256,14.5739
0.0112656,14.5846
0.0112721,14.5952
0.0112787,14.6059
0.0112879,14.6167
0.0112972,14.6274
0.0113034,14.6383
0.0113096,14.6491
0.0113183,14.6601
0.0113272,14.671
0.0113332,14.682
0.0113418,14.693
0.0113476,14.7041
0.0113562,14.7152
0.0113622,14.7261
0.0113709,14.7371
0.0113799,14.748
0.0113858,14.759
0.0113948,14.7699
0.0114009,14.7808
0.0114098,14.7917
0.0114161,14.8025
0.0114251,14.8134
0.0114314,14.8242
0.0114404,14.835
0.0114466,14.8459
0.0114555,14.8568
0.0114647,14.8676
0.0114708,14.8785
0.0114771,14.8892
0.0114864,14.9
0.0114956,14.9108
0.0115018,14.9217
0.0115079,14.9325
0.0115171,14.9433
0.0115234,14.9541
0.0115327,14.9649
0.0115389,14.9757
0.0115483,14.9864
0.0115546,14.9972
0.0115639,15.0079
0.0115703,15.0186
0.0115769,15.0293
0.0115863,15.04
0.0115927,15.0507
0.0116021,15.0614
0.0116084,15.0722
0.0116147,15.083
0.0116209,15.0938
0.0116298,15.1048
0.0116359,15.1156
0.0116449,15.1266
0.0116535,15.1376
0.0116594,15.1486
0.0116681,15.1596
0.0116768,15.1707
0.0116826,15.1817
0.0116913,15.1927
0.0116971,15.2038
0.0117057,15.2147
0.0117143,15.2259
0.01172,15.237
0.0117257,15.2481
0.0117341,15.2592
0.0117426,15.2704
0.0117482,15.2815
0.0117538,15.2926
0.0117622,15.3037
0.0117676,15.315
0.0117756,15.3263
0.0117806,15.3377
0.0117887,15.3491
0.0117965,15.3605
0.0118014,15.3719
0.011812,15.3835
0.0118168,15.3949
0.0118242,15.4066
0.0118315,15.4182
0.0118392,15.4298
0.0118468,15.4413
0.0118546,15.4527
0.0118622,15.4643
0.011867,15.4758
0.0118749,15.4872
0.0118829,15.4986
0.0118908,15.51
0.0118961,15.5213
0.0119045,15.5324
0.0119096,15.5438
0.0119179,15.555
0.0119232,15.5663
0.0119316,15.5774
0.0119372,15.5886
0.0119483,15.5998
0.0119539,15.6109
0.0119594,15.6221
0.0119681,15.6331
0.0119766,15.6443
0.0119826,15.6552
0.0119884,15.6662
0.0119943,15.6772
0.0120003,15.6881
0.0120091,15.6991
0.0120181,15.71
0.012024,15.721
0.0120327,15.732
0.0120412,15.7431
0.0120469,15.7542
0.0120553,15.7653
0.0120638,15.7765
0.0120722,15.7877
0.0120805,15.7989
0.012086,15.8101
0.0120943,15.8213
0.0120999,15.8324
0.0121082,15.8436
0.0121165,15.8548
0.012122,15.866
0.0121274,15.8772
0.0121357,15.8884
0.0121409,15.8997
0.0121491,15.911
0.0121573,15.9223
0.0121655,15.9335
0.0121707,15.9449
0.0121788,15.9562
0.0121838,15.9676
0.0121917,15.979
0.0121997,15.9903
0.0122047,16.0017
0.0122127,16.0131
0.0122205,16.0246
0.0122255,16.036
0.0122333,16.0474
0.0122412,16.0588
0.0122461,16.0703
0.0122539,16.0817
0.0122619,16.093
0.0122697,16.1045
0.0122776,16.1159
0.0122825,16.1274
0.0122901,16.1389
0.0122978,16.1505
0.0123053,16.1621
0.0123128,16.1736
0.0123203,16.1853
0.0123275,16.197
0.0123376,16.2087
0.0123419,16.2204
0.0123521,16.2321
0.0123564,16.2439
0.0123639,16.2555
0.0123712,16.2672
0.0123788,16.2788
0.0123862,16.2904
0.0123938,16.3019
0.0124017,16.3133
0.0124096,16.3247
0.0124176,16.3361
0.0124256,16.3474
0.0124309,16.3587
0.012442,16.37
0.0124471,16.3813
0.0124522,16.3927
0.0124603,16.404
0.0124684,16.4153
0.0124766,16.4265
0.0124847,16.4379
0.0124901,16.4491
0.012498,16.4605
0.0125033,16.4718
0.0125113,16.4831
0.0125196,16.4944
0.0125277,16.5056
0.012536,16.5169
0.0125441,16.5282
0.0125519,16.5397
0.0125597,16.5511
0.0125674,16.5626
0.0125724,16.5741
0.0125801,16.5855
0.012588,16.597
0.0125956,16.6085
0.0126033,16.62
0.0126107,16.6316
0.0126182,16.6432
0.0126259,16.6547
0.0126337,16.6662
0.0126444,16.6776
0.0126519,16.6892
0.0126594,16.7008
0.0126638,16.7126
0.012674,16.7242
0.0126813,16.7359
0.0126915,16.7476
0.0126985,16.7594
0.0127081,16.7714
0.0127147,16.7834
0.012724,16.7956
0.0127304,16.8077
0.0127394,16.8199
0.0127484,16.8322
0.0127574,16.8445
0.0127663,16.8568
0.0127722,16.8692
0.0127783,16.8814
0.0127873,16.8937
0.0127965,16.9058
0.0128028,16.918
0.0128121,16.9301
0.0128186,16.9422
0.0128251,16.9543
0.0128344,16.9663
0.0128409,16.9785
0.0128504,16.9905
0.0128598,17.0025
0.0128664,17.0146
0.0128729,17.0266
0.0128823,17.0387
0.0128889,17.0507
0.0128983,17.0628
0.012905,17.0748
0.0129116,17.0868
0.0129212,17.0988
0.0129278,17.1109
0.0129372,17.1229
0.0129437,17.135
0.0129531,17.1471
0.0129595,17.1591
0.0129688,17.1712
0.0129753,17.1834
0.0129817,17.1955
0.0129909,17.2076
0.0129974,17.2197
0.013004,17.2317
0.0130134,17.2439
0.0130198,17.2559
0.0130263,17.268
0.0130358,17.2801
0.0130423,17.2921
0.0130518,17.3041
0.0130584,17.3161
0.0130651,17.3282
0.0130745,17.3402
0.013081,17.3523
0.0130907,17.3642
0.0130974,17.3762
0.013104,17.3882
0.0131133,17.4003
0.0131224,17.4125
0.0131286,17.4248
0.0131346,17.437
0.0131437,17.4493
0.0131495,17.4617
0.0131582,17.4741
0.0131639,17.4865
0.0131727,17.4989
0.0131813,17.5113
0.0131872,17.5237
0.013196,17.536
0.013202,17.5484
0.0132112,17.5606
0.0132203,17.5728
0.0132266,17.5849
0.0132328,17.5971
0.0132389,17.6094
0.0132477,17.6217
0.0132566,17.6341
0.0132654,17.6464
0.0132714,17.6587
0.0132799,17.6712
0.0132884,17.6837
0.0132939,17.6963
0.0132995,17.7088
0.0133078,17.7213
0.0133161,17.734
0.0133247,17.7464
0.013333,17.759
0.0133386,17.7715
0.0133471,17.784
0.0133558,17.7964
0.0133615,17.8089
0.0133701,17.8213
0.0133758,17.8338
0.0133847,17.8461
0.0133907,17.8585
0.0133999,17.8709
0.0134065,17.8831
0.0134158,17.8955
0.0134224,17.9077
0.0134317,17.9201
0.0134412,17.9323
0.0134478,17.9445
0.0134544,17.9568
0.0134641,17.969
0.0134709,17.9812
0.0134805,17.9933
0.0134874,18.0055
0.013497,18.0177
0.0135039,18.0298
0.0135105,18.042
0.0135228,18.0543
0.0135292,18.0667
0.0135384,18.0791
0.0135476,18.0915
0.0135568,18.1039
0.013563,18.1164
0.0135718,18.1289
0.0135807,18.1414
0.0135866,18.1541
0.0135954,18.1667
0.0136044,18.1792
0.0136132,18.1917
0.0136193,18.2043
0.0136281,18.2168
0.0136371,18.2293
0.0136458,18.2419
0.0136519,18.2545
0.0136607,18.2671
0.0136696,18.2796
0.0136786,18.2921
0.0136874,18.3047
0.0136963,18.3172
0.0137053,18.3297
0.0137112,18.3423
0.01372,18.3549
0.0137259,18.3675
0.0137345,18.3802
0.0137433,18.3928
0.013752,18.4054
0.0137579,18.4181
0.0137667,18.4306
0.0137756,18.4431
0.0137846,18.4557
0.0137907,18.4682
0.0137997,18.4807
0.0138059,18.4931
0.0138152,18.5055
0.0138214,18.5179
0.0138308,18.5302
0.0138402,18.5425
0.0138466,18.5549
0.0138558,18.5673
0.013862,18.5797
0.0138712,18.5921
0.0138776,18.6045
0.0138868,18.6168
0.0138931,18.6292
0.0139021,18.6418
0.0139083,18.6542
0.0139203,18.6667
0.0139294,18.679
0.0139357,18.6915
0.0139447,18.704
0.013951,18.7164
0.0139602,18.7288
0.0139694,18.7412
0.0139759,18.7535
0.0139855,18.7657
0.013992,18.778
0.0140014,18.7903
0.0140104,18.8028
0.0140168,18.8152
0.0140262,18.8275
0.0140325,18.8399
0.0140389,18.8522
0.0140481,18.8646
0.0140571,18.877
0.0140662,18.8896
0.0140724,18.902
0.0140816,18.9144
0.0140908,18.9268
0.0140972,18.9392
0.0141062,18.9516
0.0141122,18.9642
0.0141211,18.9767
0.01413,18.9893
0.0141359,19.0019
0.0141446,19.0145
0.0141534,19.0271
0.0141618,19.0398
0.0141677,19.0525
0.0141761,19.0652
0.0141848,19.0779
0.0141934,19.0906
0.0142018,19.1034
0.0142073,19.1162
0.014216,19.1288
0.0142247,19.1414
0.0142334,19.1541
0.0142392,19.1667
0.0142479,19.1794
0.0142567,19.192
0.0142624,19.2046
0.0142684,19.2172
0.0142774,19.2297
0.0142864,19.2422
0.0142952,19.2548
0.0143013,19.2672
0.0143102,19.2798
0.0143162,19.2924
0.014325,19.305
0.0143311,19.3175
0.0143402,19.3299
0.0143489,19.3426
0.0143547,19.3552
0.0143632,19.3679
0.0143718,19.3806
0.0143804,19.3933
0.0143863,19.4059
0.0143949,19.4185
0.0144035,19.4312
0.0144119,19.4441
0.0144175,19.4568
0.0144261,19.4695
0.0144346,19.4822
0.014443,19.495
0.0144485,19.5078
0.0144564,19.5208
0.0144644,19.5338
0.0144753,19.5468
0.0144832,19.5598
0.0144882,19.5728
0.0144989,19.5859
0.0145037,19.599
0.0145142,19.6122
0.014519,19.6254
0.0145266,19.6385
0.0145371,19.6517
0.0145447,19.6649
0.014552,19.6782
0.0145593,19.6915
0.0145663,19.705
0.0145762,19.7185
0.0145833,19.7318
0.0145905,19.7452
0.0145976,19.7586
0.0146076,19.772
0.0146149,19.7854
0.0146218,19.7989
0.014629,19.8123
0.0146361,19.8257
0.0146432,19.8391
0.0146503,19.8525
0.0146574,19.8659
0.0146646,19.8793
0.0146718,19.8926
0.0146788,19.9061
0.0146887,19.9196
0.0146959,19.9329
0.0147032,19.9462
0.0147107,19.9595
0.0147212,19.9726
0.0147289,19.9858
0.0147337,19.9989
0.0147413,20.0121
0.0147488,20.0253
0.0147565,20.0384
0.0147642,20.0515
0.0147717,20.0648
0.0147791,20.078
0.0147864,20.0914
0.0147936,20.1047
0.0148007,20.1181
0.0148109,20.1315
0.0148209,20.1449
0.0148252,20.1583
0.0148352,20.1716
0.0148423,20.1851
0.0148496,20.1984
0.0148539,20.2117
0.0148612,20.225
0.0148713,20.2384
0.0148785,20.2518
0.0148856,20.2652
0.0148929,20.2785
0.0148999,20.292
0.0149068,20.3055
0.0149137,20.319
0.0149233,20.3326
0.0149301,20.3462
0.0149368,20.3598
0.0149437,20.3733
0.0149503,20.387
0.014957,20.4006
0.0149666,20.4142
0.0149704,20.4278
0.0149774,20.4412
0.0149843,20.4548
0.0149911,20.4683
0.0150009,20.4818
0.0150076,20.4954
0.0150143,20.509
0.0150238,20.5227
0.0150303,20.5364
0.0150366,20.5502
0.0150428,20.564
0.0150519,20.5779
0.0150583,20.5917
0.0150674,20.6055
0.0150734,20.6195
0.0150825,20.6333
0.0150888,20.6471
0.015095,20.661
0.0151014,20.6747
0.0151106,20.6885
0.0151172,20.7022
0.0151236,20.7159
0.01513,20.7297
0.0151366,20.7434
0.0151433,20.7569
0.01515,20.7706
0.0151565,20.7842
0.0151632,20.7979
0.0151697,20.8116
0.0151759,20.8254
0.0151823,20.8392
0.0151887,20.8529
0.0151978,20.8668
0.0152065,20.8808
0.0152124,20.8948
0.0152183,20.9088
0.0152241,20.9229
0.0152329,20.9368
0.0152387,20.9509
0.0152475,20.9649
0.0152531,20.9791
0.0152616,20.9932
0.0152674,21.0072
0.0152732,21.0213
0.0152789,21.0353
0.0152872,21.0496
0.0152926,21.0638
0.0153008,21.0781
0.0153088,21.0925
0.015314,21.1068
0.0153219,21.1213
0.0153326,21.1357
0.0153376,21.1502
0.0153456,21.1646
0.0153534,21.179
0.015361,21.1935
0.015366,21.208
0.0153738,21.2225
0.0153818,21.2369
0.0153896,21.2513
0.0153977,21.2657
0.0154027,21.2802
0.0154103,21.2947
0.0154182,21.3091
0.0154231,21.3236
0.0154308,21.3381
0.0154384,21.3527
0.0154461,21.3673
0.0154539,21.3818
0.0154616,21.3962
0.0154694,21.4107
0.0154744,21.4252
0.0154822,21.4397
0.015487,21.4542
0.0154979,21.4686
0.0155032,21.4829
0.0155085,21.4971
0.0155166,21.5114
0.0155217,21.5259
0.0155297,21.5402
0.0155378,21.5546
0.0155459,21.5689
0.015551,21.5833
0.015559,21.5977
0.015567,21.6121
0.0155719,21.6265
0.0155799,21.6409
0.015585,21.6553
0.0155961,21.6696
0.0156012,21.684
0.0156092,21.6984
0.0156145,21.7127
0.0156226,21.727
0.0156308,21.7413
0.0156361,21.7556
0.0156414,21.7698
0.0156497,21.7841
0.0156551,21.7983
0.0156635,21.8125
0.0156718,21.8267
0.0156771,21.841
0.0156856,21.8552
0.015694,21.8693
0.0157023,21.8836
0.0157076,21.8979
0.0157157,21.9122
0.0157209,21.9266
0.0157317,21.941
0.0157368,21.9554
0.0157447,21.9698
0.0157499,21.9841
0.0157578,21.9985
0.0157628,22.013
0.0157707,22.0274
0.0157789,22.0417
0.0157839,22.0562
0.0157946,22.0706
0.0158024,22.0851
0.0158103,22.0996
0.015818,22.114
0.0158256,22.1286
0.0158329,22.1433
0.0158406,22.1579
0.015848,22.1726
0.0158555,22.1872
0.0158632,22.2017
0.0158708,22.2163
0.0158786,22.2308
0.0158861,22.2454
0.0158913,22.2598
0.0158994,22.2741
0.0159077,22.2883
0.0159158,22.3026
0.0159214,22.3168
0.0159298,22.331
0.0159353,22.3452
0.0159437,22.3593
0.0159521,22.3735
0.0159578,22.3876
0.015966,22.4019
0.0159742,22.4162
0.0159825,22.4305
0.0159907,22.4447
0.0159959,22.4591
0.0160039,22.4734
0.0160121,22.4877
0.0160202,22.502
0.0160284,22.5164
0.0160365,22.5307
0.0160443,22.5452
0.0160521,22.5596
0.0160598,22.5742
0.0160703,22.5888
0.0160779,22.6033
0.0160853,22.618
0.0160927,22.6327
0.0160999,22.6474
0.0161071,22.6622
0.0161145,22.6769
0.016122,22.6915
0.0161294,22.7062
0.0161368,22.7209
0.016144,22.7356
0.0161511,22.7504
0.0161583,22.7653
0.0161654,22.78
0.0161728,22.7947
0.0161829,22.8095
0.0161899,22.8243
0.0161968,22.8393
0.0162034,22.8544
0.0162131,22.8693
0.0162198,22.8843
0.0162295,22.8993
0.0162365,22.9142
0.0162432,22.9291
0.0162526,22.9443
0.0162563,22.9594
0.0162627,22.9745
0.0162722,22.9896
0.0162788,23.0046
0.0162883,23.0197
0.016295,23.0347
0.0163044,23.0498
0.0163108,23.0649
0.0163175,23.08
0.0163243,23.0949
0.0163311,23.1099
0.0163411,23.1247
0.0163482,23.1395
0.0163555,23.1542
0.0163627,23.169
0.01637,23.1837
0.0163774,23.1984
0.0163818,23.2131
0.0163891,23.2278
0.0163965,23.2425
0.0164068,23.2572
0.0164113,23.2719
0.0164186,23.2866
0.0164261,23.3012
0.0164336,23.3159
0.0164414,23.3303
0.016446,23.345
0.0164537,23.3594
0.0164613,23.374
0.016469,23.3886
0.0164768,23.403
0.0164818,23.4175
0.0164924,23.432
0.0164971,23.4466
0.0165047,23.4612
0.0165123,23.4758
0.0165199,23.4904
0.0165273,23.505
0.0165347,23.5197
0.016542,23.5344
0.0165491,23.5492
0.0165592,23.564
0.0165663,23.5788
0.0165734,23.5936
0.0165804,23.6085
0.0165874,23.6234
0.0165944,23.6383
0.0166043,23.6531
0.0166111,23.668
0.0166181,23.6829
0.016628,23.6978
0.0166352,23.7125
0.0166423,23.7274
0.0166523,23.7422
0.0166568,23.7569
0.0166641,23.7716
0.0166715,23.7863
0.0166819,23.8008
0.0166866,23.8155
0.016697,23.8301
0.0167045,23.8447
0.0167119,23.8594
0.0167196,23.874
0.0167271,23.8886
0.0167346,23.9031
0.0167423,23.9177
0.01675,23.9323
0.0167576,23.9468
0.0167655,23.9612
0.0167706,23.9756
0.0167815,23.99
0.0167866,24.0044
0.0167946,24.0187
0.0168026,24.0331
0.0168106,24.0476
0.0168186,24.062
0.0168266,24.0763
0.0168345,24.0907
0.0168424,24.1052
0.0168502,24.1197
0.0168579,24.1342
0.0168656,24.1487
0.0168734,24.1632
0.0168811,24.1777
0.0168887,24.1923
0.0168963,24.2069
0.0169038,24.2215
0.0169113,24.2362
0.0169187,24.2508
0.0169289,24.2655
0.0169333,24.2802
0.0169435,24.2949
0.0169476,24.3098
0.0169575,24.3247
0.0169675,24.3395
0.0169716,24.3544
0.0169812,24.3695
0.0169877,24.3845
0.0169944,24.3995
0.0170039,24.4146
0.0170105,24.4296
0.01702,24.4447
0.0170294,24.4598
0.0170359,24.4749
0.0170423,24.4901
0.0170489,24.5051
0.0170557,24.5201
0.0170654,24.535
0.0170724,24.5499
0.0170793,24.5648
0.0170864,24.5797
0.0170935,24.5945
0.0171038,24.6091
0.0171083,24.6238
0.0171159,24.6384
0.0171264,24.653
0.017134,24.6675
0.0171416,24.6821
0.0171464,24.6967
0.017154,24.7112
0.0171616,24.7258
0.0171722,24.7404
0.017177,24.7549
0.0171877,24.7694
0.0171953,24.7839
0.017203,24.7985
0.0172107,24.813
0.0172185,24.8275
0.0172263,24.8419
0.0172342,24.8564
0.0172421,24.8708
0.01725,24.8852
0.0172578,24.8997
0.0172657,24.9142
0.0172737,24.9285
0.0172814,24.9431
0.017289,24.9576
0.0172938,24.9722
0.0173014,24.9867
0.0173118,25.0013
0.0173164,25.016
0.0173268,25.0306
0.0173313,25.0453
0.0173416,25.06
0.0173487,25.0748
0.0173563,25.0894
0.0173637,25.1041
0.017374,25.1187
0.0173812,25.1335
0.0173858,25.1481
0.017396,25.1628
0.0174031,25.1777
0.0174103,25.1924
0.0174176,25.2072
0.0174249,25.2219
0.0174321,25.2366
0.0174395,25.2513
0.0174469,25.266
0.0174545,25.2806
0.0174646,25.2954
0.0174691,25.31
0.0174796,25.3246
0.0174871,25.3392
0.0174946,25.3538
0.0175023,25.3684
0.0175098,25.383
0.0175172,25.3976
0.0175246,25.4124
0.0175319,25.4271
0.0175394,25.4417
0.0175469,25.4563
0.0175546,25.4709
0.0175622,25.4854
0.0175699,25.4999
0.0175772,25.5147
0.0175847,25.5293
0.0175922,25.5439
0.0175997,25.5585
0.0176074,25.5731
0.0176149,25.5877
0.0176252,25.6024
0.0176326,25.6171
0.0176398,25.6318
0.0176472,25.6465
0.0176547,25.6611
0.0176621,25.6758
0.0176693,25.6906
0.0176766,25.7053
0.0176839,25.72
0.0176911,25.7347
0.0177012,25.7495
0.0177082,25.7644
0.0177152,25.7793
0.0177218,25.7943
0.0177313,25.8094
0.0177376,25.8246
0.0177467,25.8398
0.0177527,25.8552
0.0177641,25.8707
0.0177727,25.8863
0.017778,25.9019
0.0177863,25.9175
0.0177974,25.9333
0.0178028,25.9489
0.017811,25.9645
0.0178166,25.9802
0.017825,25.9957
0.0178306,26.0113
0.0178393,26.0267
0.0178482,26.0421
0.0178544,26.0573
0.0178635,26.0726
0.0178697,26.0878
0.017879,26.103
0.0178855,26.1182
0.0178921,26.1332
0.0179015,26.1483
0.0179053,26.1633
0.0179148,26.1784
0.0179242,26.1934
0.0179311,26.2084
0.0179377,26.2235
0.0179472,26.2385
0.0179536,26.2537
0.0179628,26.2689
0.0179722,26.284
0.0179785,26.2992
0.0179878,26.3144
0.0179968,26.3297
0.0180031,26.3449
0.0180119,26.3602
0.0180181,26.3756
0.018027,26.3909
0.0180359,26.4063
0.0180446,26.4217
0.0180504,26.4371
0.0180561,26.4526
0.018065,26.468
0.0180736,26.4835
0.0180821,26.499
0.0180879,26.5145
0.0180968,26.5298
0.0181029,26.5451
0.0181147,26.5605
0.0181208,26.5758
0.0181298,26.5911
0.0181391,26.6062
0.0181453,26.6215
0.0181543,26.6368
0.0181634,26.652
0.0181695,26.6674
0.0181813,26.6827
0.0181875,26.698
0.0181964,26.7133
0.0182055,26.7286
0.0182116,26.7439
0.0182234,26.7592
0.0182294,26.7745
0.0182387,26.7897
0.0182479,26.8049
0.018257,26.8201
0.0182665,26.8353
0.0182728,26.8505
0.0182822,26.8656
0.0182914,26.8808
0.0182979,26.8959
0.0183076,26.9109
0.0183143,26.9259
0.018324,26.9408
0.0183308,26.9558
0.0183406,26.9707
0.0183475,26.9856
0.0183574,27.0005
0.0183673,27.0154
0.0183743,27.0302
0.0183842,27.0451
0.0183938,27.0601
0.0184008,27.075
0.0184106,27.0899
0.0184205,27.1048
0.0184272,27.1198
0.0184368,27.1348
0.0184467,27.1496
0.0184565,27.1646
0.0184635,27.1795
0.0184762,27.1944
0.0184863,27.2091
0.0184932,27.2241
0.018503,27.239
0.0185102,27.2538
0.0185201,27.2686
0.0185302,27.2834
0.0185372,27.2982
0.0185474,27.313
0.0185577,27.3277
0.018568,27.3423
0.0185754,27.357
0.0185857,27.3717
0.0185959,27.3864
0.0186062,27.4011
0.0186166,27.4157
0.0186269,27.4304
0.0186373,27.445
0.0186475,27.4597
0.0186549,27.4745
0.0186651,27.4891
0.0186754,27.5038
0.0186856,27.5185
0.0186961,27.5331
0.0187035,27.5478
0.0187141,27.5623
0.0187248,27.5768
0.0187327,27.5912
0.0187467,27.6055
0.018755,27.6198
0.0187635,27.6339
0.0187721,27.648
0.0187838,27.662
0.0187954,27.6761
0.0188074,27.6899
0.0188165,27.7038
0.0188256,27.7176
0.0188347,27.7315
0.0188467,27.7453
0.018856,27.7591
0.0188684,27.7728
0.0188777,27.7865
0.0188873,27.8001
0.018897,27.8137
0.01891,27.827
0.0189205,27.8402
0.018934,27.8534
0.0189448,27.8664
0.0189558,27.8793
0.018967,27.8922
0.0189788,27.9047
0.0189944,27.9168
0.019147,27.8597
