"Maximum force",101.858,"N"
"Gage length ",1.11388,"mm"
"Strain energy",1.07739,"mJ"
"Deformation at maximum force",0.0431425,"mm"
"Standard travel","Standard force"
"mm","N"
0,0.205961
5.72205e-006,0.208769
1.18613e-005,0.211363
1.83284e-005,0.213819
2.563e-005,0.215864
3.0309e-005,0.217787
3.52859e-005,0.219549
4.3571e-005,0.221128
4.61787e-005,0.222654
5.19305e-005,0.224058
5.7742e-005,0.225439
6.1065e-005,0.226622
6.71446e-005,0.227865
7.0259e-005,0.229154
7.32094e-005,0.230505
7.61151e-005,0.231886
8.20458e-005,0.233206
8.22954e-005,0.234472
8.29175e-005,0.235556
8.63895e-005,0.236654
8.99211e-005,0.237738
8.77753e-005,0.238768
8.87364e-005,0.239683
9.28193e-005,0.240499
9.39369e-005,0.24135
9.53227e-005,0.242071
9.64254e-005,0.242926
9.75132e-005,0.243788
9.86531e-005,0.244627
9.99197e-005,0.245401
0.00010132,0.246115
9.98899e-005,0.246797
0.000104539,0.247335
0.00010331,0.24793
0.00010518,0.248419
0.000104245,0.248865
0.000106316,0.249258
0.000108626,0.249538
0.000110652,0.249954
0.000110172,0.25019
0.000112303,0.25055
0.000111755,0.250815
0.000113633,0.251302
0.000112694,0.251748
0.000111751,0.252194
0.000110596,0.252744
0.000112623,0.253159
0.000111639,0.253629
0.000113964,0.253896
0.000113152,0.254287
0.000112657,0.254522
0.000112161,0.254758
0.000114843,0.254859
0.000114751,0.254907
0.000114603,0.254977
0.000114635,0.254961
0.000117391,0.255032
0.000117442,0.255009
0.00011726,0.255094
0.000117095,0.255173
0.000116797,0.255314
0.000119196,0.255548
0.000118582,0.255846
0.00011787,0.256184
0.000119986,0.256552
0.000119454,0.256809
0.000118891,0.257076
0.000118265,0.257374
0.000120485,0.257694
0.000120161,0.257851
0.000119651,0.258095
0.000119286,0.258267
0.000119301,0.25826
0.000122132,0.258291
0.000122323,0.258205
0.000122274,0.258228
0.000122356,0.258189
0.000122208,0.258259
0.000125114,0.25826
0.000124949,0.258338
0.000124932,0.258346
0.000124833,0.258393
0.000124537,0.258533
0.00012442,0.258589
0.000124107,0.258737
0.000126491,0.25898
0.000126007,0.259215
0.000125673,0.259371
0.000125392,0.259505
0.000125144,0.259623
0.000125045,0.25967
0.000124946,0.259717
0.000124681,0.259842
0.000124351,0.259998
0.000124005,0.260163
0.000124036,0.260148
0.000123954,0.260187
0.000124119,0.260109
0.000124218,0.260062
0.000124152,0.260093
0.000123921,0.260202
0.000123706,0.260304
0.00012364,0.260336
0.000123491,0.260406
0.000123556,0.260375
0.000123441,0.26043
0.000123458,0.260422
0.000123359,0.260469
0.000123194,0.260547
0.000123144,0.260571
0.000123028,0.260626
0.000123061,0.26061
0.000123077,0.260602
0.000123308,0.260492
0.000123259,0.260516
0.000123243,0.260524
0.00012316,0.260563
0.000122764,0.260751
0.000122516,0.260868
0.000122102,0.261064
0.000122036,0.261095
0.00012197,0.261127
0.000121953,0.261135
0.000121937,0.261143
0.000121805,0.261205
0.000121772,0.261221
0.000121705,0.261252
0.000122052,0.261088
0.000122168,0.261033
0.000122449,0.260901
0.000122729,0.260767
0.000122664,0.260798
0.000122598,0.260829
0.0001224,0.260923
0.000122317,0.260962
0.000122021,0.261103
0.000121822,0.261197
0.000121574,0.261315
0.000121441,0.261378
0.000121391,0.261401
0.000121028,0.261573
0.000121028,0.261574
0.000120763,0.261699
0.000120747,0.261707
0.000120796,0.261683
0.000120978,0.261598
0.000121193,0.261496
0.000121259,0.261464
0.000121507,0.261347
0.000121556,0.261323
0.000121623,0.261292
0.000121672,0.261268
0.000121738,0.261237
0.000121722,0.261245
0.000121705,0.261252
0.000121689,0.26126
0.000121541,0.26133
0.000121491,0.261354
0.000121243,0.261471
0.000121012,0.261581
0.000120829,0.261667
0.000120533,0.261809
0.000120746,0.261707
0.000120763,0.261699
0.000120747,0.261707
0.00012073,0.261715
0.000120944,0.261613
0.000120879,0.261644
0.00012078,0.261691
0.000120796,0.261683
0.00011795,0.26166
0.000117956,0.261652
0.000117873,0.261691
0.000117923,0.261668
0.000118104,0.261582
0.000117973,0.261644
0.00011794,0.26166
0.000118104,0.261582
0.000118566,0.261362
0.000118814,0.261245
0.000119162,0.261081
0.000119509,0.260916
0.000119609,0.260869
0.000119576,0.260884
0.000119428,0.260954
0.00011946,0.260939
0.000119213,0.261056
0.000118916,0.261197
0.000118766,0.261268
0.000118568,0.261362
0.000118188,0.261542
0.000117659,0.261792
0.000117346,0.261941
0.000116949,0.26213
0.000117014,0.262099
0.000117195,0.262012
0.000117278,0.261973
0.000117658,0.261793
0.000117642,0.261801
0.000117856,0.261699
0.000117988,0.261637
0.000118236,0.261519
0.000118534,0.261378
0.000118979,0.261167
0.000119146,0.261088
0.000119015,0.26115
0.000119179,0.261073
0.000118849,0.261228
0.000118651,0.261322
0.00011842,0.261432
0.00011809,0.261589
0.000118138,0.261566
0.000117956,0.261652
0.000117989,0.261636
0.000117726,0.261761
0.000117708,0.261769
0.000117609,0.261816
0.000117724,0.261762
0.000117741,0.261754
0.000117791,0.26173
0.00011812,0.261574
0.000118204,0.261535
0.00011827,0.261503
0.000118138,0.261566
0.000118121,0.261574
0.000118039,0.261613
0.000117709,0.261769
0.000117757,0.261746
0.000117939,0.26166
0.000118071,0.261597
0.000118105,0.261581
0.000118039,0.261613
0.000118022,0.261621
0.000117973,0.261644
0.000118055,0.261605
0.000118088,0.261589
0.00011827,0.261503
0.000118237,0.261519
0.000118138,0.261566
0.000118039,0.261613
0.000117726,0.261761
0.000117543,0.261848
0.000117328,0.261949
0.000117311,0.261957
0.00011741,0.26191
0.000117542,0.261848
0.000117724,0.261762
0.00011756,0.26184
0.000117576,0.261832
0.000117576,0.261832
0.000117675,0.261785
0.000117889,0.261684
0.000118072,0.261597
0.000118253,0.261511
0.000118073,0.261597
0.000118088,0.261589
0.000117989,0.261636
0.000118039,0.261613
0.000117989,0.261636
0.000117824,0.261714
0.000117873,0.261691
0.000117626,0.261808
0.000117642,0.261801
0.000117443,0.261895
0.000117443,0.261895
0.000117262,0.261981
0.000117163,0.262028
0.000117129,0.262044
0.000116965,0.262122
0.000116964,0.262122
0.000117129,0.262044
0.000117475,0.26188
0.000117658,0.261793
0.000117856,0.261699
0.000118005,0.261628
0.000118022,0.261621
0.000118204,0.261535
0.000118435,0.261425
0.000118815,0.261245
0.00011903,0.261143
0.000118981,0.261166
0.000119014,0.261151
0.000118866,0.261221
0.000118651,0.261323
0.000118355,0.261464
0.000118402,0.26144
0.000118304,0.261487
0.000118221,0.261526
0.000118088,0.261589
0.000117809,0.261721
0.000117593,0.261824
0.000117213,0.262004
0.000117228,0.261997
0.000117377,0.261927
0.000117675,0.261785
0.000117987,0.261637
0.000118187,0.261543
0.000118451,0.261418
0.000118666,0.261315
0.000118948,0.261183
0.000118898,0.261205
0.000119046,0.261135
0.000119064,0.261127
0.000118882,0.261213
0.000118634,0.261331
0.000118124,0.261573
0.000117759,0.261746
0.00011723,0.261995
0.000116667,0.262262
0.000116452,0.262364
0.000116616,0.262287
0.000116716,0.26224
0.000116765,0.262216
0.000117177,0.262021
0.00011741,0.261911
0.000117592,0.261825
0.000117757,0.261746
0.000117939,0.26166
0.000118237,0.261519
0.000118402,0.261441
0.000118485,0.261401
0.000118452,0.261417
0.000118287,0.261495
0.000117792,0.26173
0.000117443,0.261895
0.000117443,0.261895
0.000117114,0.262051
0.000117278,0.261973
0.000117459,0.261887
0.000117642,0.261801
0.00011779,0.26173
0.000117774,0.261738
0.00011789,0.261683
0.000118038,0.261613
0.000118468,0.26141
0.000118584,0.261354
0.000118716,0.261292
0.000118469,0.261409
0.000118122,0.261574
0.000117807,0.261722
0.00011723,0.261995
0.000117014,0.262098
0.000116832,0.262184
0.000116865,0.262169
0.000116717,0.262239
0.000116832,0.262185
0.000117342,0.261943
0.000117526,0.261856
0.000117971,0.261645
0.000118353,0.261465
0.000118997,0.26116
0.000119327,0.261002
0.000119591,0.260877
0.000122646,0.260806
0.000122648,0.260806
0.000122565,0.260845
0.000122219,0.261009
0.00012202,0.261103
0.000121375,0.261409
0.000120749,0.261706
0.000120285,0.261925
0.000119954,0.262083
0.000119822,0.262145
0.000119738,0.262185
0.000119854,0.26213
0.00011992,0.262099
0.000120085,0.26202
0.000120498,0.261825
0.000121076,0.26155
0.000121687,0.26126
0.000122167,0.261033
0.000122663,0.260799
0.000122879,0.260696
0.000122698,0.260782
0.000122434,0.260907
0.000121972,0.261126
0.000121657,0.261275
0.000121128,0.261525
0.000120863,0.261652
0.000120467,0.26184
0.000119923,0.262097
0.000119706,0.2622
0.000119606,0.262247
0.000119771,0.262169
0.000119953,0.262083
0.000120597,0.261778
0.000121175,0.261503
0.000121655,0.261276
0.000121903,0.261159
0.00012202,0.261104
0.000122053,0.261088
0.00012174,0.261237
0.000121557,0.261322
0.000121359,0.261417
0.000121293,0.261448
0.000120929,0.26162
0.000120499,0.261824
0.000120334,0.261903
0.000120053,0.262035
0.000120234,0.26195
0.000120481,0.261832
0.000120943,0.261613
0.000121439,0.261379
0.000121886,0.261167
0.000119368,0.260987
0.000119427,0.260955
0.000119526,0.260908
0.000119295,0.261017
0.000119196,0.261064
0.0001189,0.261204
0.000118602,0.261346
0.000118354,0.261464
0.000117628,0.261807
0.000117212,0.262004
0.000116601,0.262294
0.000116238,0.262466
0.000116022,0.262568
0.000116203,0.262482
0.000116633,0.262279
0.000117047,0.262084
0.000117639,0.261801
0.000117922,0.261668
0.000118352,0.261465
0.000118682,0.261307
0.000118898,0.261205
0.000119343,0.260995
0.00011941,0.260963
0.000119542,0.2609
0.00011928,0.261025
0.000118883,0.261213
0.000118388,0.261448
0.000117825,0.261713
0.000117577,0.261832
0.000117114,0.262051
0.000117228,0.261997
0.000117162,0.262028
0.000117393,0.261919
0.000117278,0.261973
0.000117509,0.261863
0.000117657,0.261793
0.00011779,0.26173
0.000117972,0.261644
0.000118104,0.261582
0.000118384,0.261449
0.000118419,0.261433
0.000118583,0.261354
0.000118551,0.26137
0.000118386,0.261448
0.00011822,0.261526
0.000118138,0.261566
0.000118138,0.261566
0.000118286,0.261496
0.000118386,0.261448
0.000118567,0.261362
0.000118501,0.261393
0.000118337,0.261472
0.000118155,0.261558
0.000118088,0.261589
0.000117972,0.261644
0.000117774,0.261738
0.000117791,0.26173
0.000120354,0.261887
0.00012002,0.262051
0.000122076,0.262449
0.000127083,0.262827
0.00013203,0.263233
0.000139719,0.26372
0.00015021,0.264242
0.000160402,0.264933
0.000170773,0.265543
0.00018639,0.26639
0.000202006,0.267222
0.000214344,0.268282
0.000232583,0.269297
0.000247783,0.270342
0.000265783,0.271425
0.000284022,0.272471
0.000305003,0.273539
0.000325626,0.274759
0.000345773,0.276247
0.000365681,0.277826
0.000385589,0.279436
0.000408,0.281168
0.000430173,0.283083
0.000454253,0.285418
0.000477261,0.288302
0.000498837,0.291842
0.000518984,0.296084
0.000537938,0.300875
0.000558561,0.306246
0.000577992,0.312197
0.000598735,0.318911
0.000617928,0.326296
0.000638432,0.334475
0.000654763,0.343325
0.000672883,0.352602
0.00068993,0.362429
0.000706381,0.372561
0.000724501,0.383242
0.000742144,0.394167
0.000761456,0.405642
0.000777191,0.417544
0.000798291,0.429506
0.000816053,0.441774
0.000836796,0.453981
0.000857061,0.466433
0.000876969,0.479006
0.000896281,0.491884
0.000918097,0.504946
0.000939435,0.518252
0.000960297,0.531801
0.0009839,0.545412
0.00100655,0.55945
0.00102896,0.57361
0.00105054,0.588259
0.00107438,0.60309
0.00109786,0.618166
0.00112111,0.633303
0.00114412,0.648562
0.00116915,0.664187
0.00119109,0.679934
0.00121803,0.696169
0.00124199,0.712404
0.00126523,0.728884
0.00129384,0.745607
0.00132234,0.762453
0.00134737,0.779421
0.00137455,0.796877
0.00140149,0.814455
0.00142807,0.832155
0.00145716,0.849978
0.00148601,0.868044
0.00151438,0.886232
0.00154204,0.904787
0.00157232,0.923586
0.00160188,0.942629
0.00163085,0.961916
0.0016647,0.981569
0.00169212,1.00171
0.00172431,1.02234
0.00175554,1.04334
0.0017832,1.0647
0.00181324,1.08618
0.00184256,1.10816
0.0018707,1.13062
0.00189835,1.15332
0.00192553,1.17627
0.0019551,1.19946
0.00198466,1.22266
0.00201661,1.24597
0.0020488,1.26929
0.00207765,1.29285
0.00211126,1.31677
0.00213928,1.34082
0.00217504,1.36511
0.00220794,1.38953
0.00224037,1.41406
0.00227517,1.43897
0.00230951,1.46399
0.00234599,1.48938
0.00238199,1.51502
0.00241727,1.54102
0.00245542,1.56702
0.00249023,1.59326
0.00252766,1.61951
0.00256175,1.64612
0.00260133,1.67273
0.00263829,1.69934
0.00267476,1.72608
0.00271148,1.75281
0.00274748,1.77979
0.00278396,1.80664
0.00282306,1.83362
0.00285882,1.86072
0.00289697,1.88806
0.00293488,1.91553
0.00297255,1.94312
0.0030126,1.97095
0.00305266,1.99878
0.00309295,2.02649
0.00313372,2.05408
0.00317473,2.08142
0.00321884,2.10877
0.00326366,2.13574
0.0033092,2.16236
0.00335783,2.18884
0.00340361,2.21546
0.00344915,2.24195
0.00349516,2.26843
0.00354404,2.29492
0.00359244,2.32154
0.0036375,2.34839
0.00368518,2.37537
0.00372953,2.40247
0.00377674,2.42969
0.00382704,2.45691
0.00387782,2.48377
0.0039298,2.51013
0.00398178,2.5365
0.00403709,2.5625
0.00409312,2.58838
0.00415248,2.61389
0.00420994,2.63904
0.00426812,2.66382
0.00432724,2.68823
0.00438876,2.71253
0.00445074,2.73694
0.00450916,2.76172
0.00456733,2.7865
0.00462241,2.8114
0.0046801,2.83631
0.00473828,2.86109
0.00479597,2.88611
0.00485367,2.91113
0.00491375,2.93628
0.00497121,2.96143
0.00502891,2.98645
0.00508875,3.01184
0.00514836,3.03723
0.00521035,3.06287
0.00526947,3.08862
0.00532765,3.11487
0.00538511,3.14136
0.00544471,3.16809
0.00550074,3.19531
0.00555629,3.22278
0.00561137,3.25037
0.00566668,3.27783
0.00572199,3.30542
0.00577731,3.33289
0.00583786,3.36072
0.00589508,3.38867
0.00595159,3.41699
0.00601048,3.44544
0.00606961,3.474
0.00613064,3.50269
0.00618905,3.53174
0.00624961,3.56079
0.00630755,3.58985
0.00637144,3.6189
0.00643248,3.64771
0.00649447,3.67615
0.00655741,3.70423
0.00661773,3.73206
0.00668115,3.75977
0.00674552,3.78723
0.00681037,3.81421
0.0068757,3.84107
0.00694103,3.86804
0.00700635,3.89502
0.00707454,3.922
0.00714273,3.94885
0.00721378,3.97571
0.00728197,4.00269
0.00735301,4.02954
0.00742168,4.05628
0.00749034,4.08289
0.00755996,4.10913
0.00763006,4.13513
0.00769729,4.16113
0.00776786,4.18689
0.00784177,4.21253
0.0079133,4.23792
0.0079853,4.26294
0.00806159,4.28736
0.00813837,4.31165
0.00821847,4.33557
0.0082962,4.3595
0.00837726,4.38318
0.00845546,4.4065
0.00853748,4.42969
0.00861663,4.45264
0.0086996,4.47547
0.00877971,4.49793
0.00885696,4.52063
0.00893993,4.54334
0.00901718,4.56604
0.00909681,4.58887
0.00917692,4.61157
0.00925416,4.63416
0.00933475,4.65662
0.00941534,4.67883
0.0094964,4.70105
0.0095746,4.72327
0.00965852,4.74549
0.00974292,4.76746
0.00982446,4.78943
0.00990362,4.81116
0.00998611,4.83264
0.0100657,4.85425
0.0101482,4.87573
0.0102307,4.89734
0.0103099,4.91907
0.0103909,4.94104
0.010473,4.96289
0.010555,4.98462
0.0106379,5.00598
0.0107243,5.02686
0.010812,5.04737
0.0108983,5.06714
0.0109884,5.08631
0.0110805,5.10462
0.0111749,5.12207
0.0112707,5.13843
0.0113656,5.15405
0.0114619,5.16913
0.0115587,5.18372
0.0116565,5.19806
0.0117523,5.21198
0.011852,5.22534
0.0119526,5.23822
0.0120537,5.25086
0.0121552,5.26343
0.0122539,5.27582
0.012356,5.28803
0.0124595,5.29962
0.0125648,5.31037
0.0126726,5.31995
0.0127828,5.32819
0.0128934,5.33512
0.0130083,5.33988
0.0131285,5.34206
0.0132553,5.34123
0.0133879,5.3374
0.0135242,5.331
0.0136692,5.32276
0.0138142,5.3133
0.0139629,5.30353
0.0141041,5.29425
0.0142471,5.28565
0.0143854,5.27826
0.0145189,5.27249
0.0146486,5.26897
0.0147693,5.26843
0.0148861,5.27093
0.0149905,5.27637
0.0150921,5.28473
0.0151855,5.29559
0.0152747,5.30853
0.0153562,5.32361
0.0154354,5.34118
0.0155088,5.36133
0.0155751,5.38367
0.0156409,5.40747
0.0157043,5.43249
0.0157663,5.45825
0.0158302,5.4845
0.0158905,5.51111
0.0159525,5.53808
0.0160112,5.56543
0.0160722,5.59302
0.0161299,5.62085
0.0161893,5.64917
0.0162451,5.67773
0.0163028,5.70691
0.0163569,5.73633
0.0164158,5.76636
0.0164706,5.79675
0.0165243,5.82788
0.0165767,5.85937
0.0166306,5.8916
0.016684,5.92431
0.0167424,5.95727
0.0167975,5.99023
0.0168518,6.02368
0.0169084,6.05762
0.0169613,6.09179
0.0170137,6.12597
0.0170659,6.16064
0.0171177,6.19531
0.0171689,6.23022
0.01722,6.26538
0.0172679,6.30054
0.0173208,6.33594
0.017368,6.37158
0.0174176,6.40722
0.0174698,6.44311
0.0175213,6.47925
0.0175697,6.51538
0.0176234,6.552
0.0176734,6.58887
0.0177228,6.62622
0.0177743,6.66382
0.0178222,6.70166
0.0178697,6.73974
0.0179164,6.77832
0.0179624,6.81714
0.018011,6.85596
0.0180594,6.89502
0.0181086,6.93384
0.0181581,6.97217
0.0182115,7.01025
0.0182609,7.04736
0.0183174,7.08398
0.0183794,7.11938
0.0184433,7.15381
0.01851,7.18701
0.0185749,7.21948
0.0186407,7.25171
0.0187098,7.28369
0.0187756,7.31592
0.0188405,7.34839
0.0189013,7.38183
0.0189623,7.41601
0.0190215,7.45141
0.0190775,7.48828
0.019128,7.52637
0.0191824,7.56543
0.019232,7.60522
0.019283,7.64575
0.0193331,7.68677
0.019385,7.72827
0.0194361,7.77002
0.0194838,7.81225
0.0195274,7.85498
0.019576,7.89795
0.019618,7.9414
0.0196618,7.98559
0.0197102,8.03003
0.0197544,8.07519
0.0198001,8.12109
0.019844,8.16772
0.0198838,8.21484
0.0199284,8.26269
0.019972,8.31079
0.0200147,8.35962
0.0200571,8.40845
0.0201017,8.45727
0.0201401,8.50683
0.0201809,8.55615
0.0202245,8.60596
0.0202619,8.65552
0.0203046,8.70556
0.0203437,8.75586
0.0203852,8.80664
0.0204288,8.85742
0.0204687,8.90893
0.0205109,8.96045
0.0205526,9.01221
0.0205938,9.06445
0.0206372,9.1167
0.0206775,9.16943
0.0207173,9.22217
0.0207571,9.2749
0.0207998,9.32763
0.020842,9.38061
0.0208868,9.43384
0.0209317,9.48706
0.0209765,9.54004
0.0210239,9.59326
0.0210719,9.64648
0.0211195,9.69946
0.0211677,9.75244
0.0212187,9.80542
0.0212664,9.85864
0.0213172,9.91162
0.0213618,9.96484
0.0214114,10.0186
0.0214574,10.0725
0.0215055,10.1267
0.0215525,10.1816
0.0215983,10.2371
0.0216462,10.293
0.0216898,10.3494
0.0217356,10.4062
0.0217802,10.4636
0.021821,10.5215
0.0218639,10.5796
0.0219032,10.6379
0.0219473,10.697
0.021984,10.7568
0.0220227,10.8171
0.0220627,10.8779
0.0221047,10.9392
0.0221457,11.001
0.0221888,11.0632
0.0222308,11.1257
0.0222687,11.1892
0.022309,11.2527
0.0223453,11.3171
0.0223839,11.3811
0.0224192,11.4456
0.0224566,11.5105
0.0224931,11.5759
0.0225317,11.642
0.0225665,11.708
0.0226037,11.7744
0.0226425,11.8413
0.0226807,11.9086
0.0227153,11.976
0.0227522,12.0439
0.0227882,12.1123
0.0228268,12.1811
0.0228614,12.25
0.022901,12.3193
0.0229394,12.3891
0.0229797,12.4599
0.0230221,12.5307
0.023061,12.6015
0.0231053,12.6728
0.023143,12.7446
0.023183,12.8164
0.0232195,12.8886
0.0232584,12.9614
0.0232941,13.0336
0.0233323,13.1069
0.0233731,13.1796
0.0234136,13.2529
0.0234534,13.3261
0.0234954,13.3999
0.0235335,13.4741
0.0235709,13.5488
0.0236072,13.624
0.0236456,13.6992
0.0236828,13.7753
0.023719,13.8515
0.02376,13.9287
0.0238001,14.0063
0.0238454,14.0839
0.0238811,14.1621
0.0239224,14.2402
0.0239603,14.3188
0.0239956,14.3969
0.0240304,14.4755
0.0240654,14.5542
0.0241036,14.6323
0.0241389,14.7104
0.0241772,14.789
0.0242178,14.8671
0.0242585,14.9458
0.0242957,15.0249
0.024332,15.104
0.0243668,15.184
0.0244035,15.2641
0.024439,15.3452
0.0244762,15.4267
0.0245122,15.5087
0.0245473,15.5913
0.0245818,15.6743
0.0246181,15.7578
0.0246512,15.8413
0.024681,15.9248
0.0247134,16.0087
0.0247456,16.0927
0.0247747,16.1767
0.0248064,16.2607
0.0248408,16.3447
0.0248746,16.4292
0.0249082,16.5141
0.0249409,16.5991
0.0249703,16.6845
0.0250018,16.77
0.0250299,16.8559
0.0250659,16.9419
0.0250986,17.0288
0.0251363,17.1152
0.0251735,17.2026
0.0252097,17.29
0.0252448,17.3779
0.0252765,17.4663
0.0253101,17.5551
0.0253425,17.6445
0.025374,17.7338
0.0254076,17.8242
0.0254438,17.9145
0.0254801,18.0053
0.0255216,18.0961
0.0255595,18.187
0.0255907,18.2788
0.0256269,18.3706
0.0256622,18.4633
0.025697,18.5556
0.0257347,18.6484
0.025775,18.7412
0.0258179,18.8344
0.0258573,18.9277
0.0258956,19.0214
0.0259336,19.1152
0.0259684,19.2094
0.026006,19.3037
0.0260468,19.3974
0.0260847,19.4917
0.0261281,19.5859
0.0261684,19.6801
0.0262082,19.7744
0.0262473,19.8691
0.0262824,19.9648
0.0263191,20.0605
0.0263575,20.1572
0.0263944,20.2544
0.0264359,20.352
0.0264764,20.4506
0.0265189,20.5493
0.0265601,20.6489
0.0265937,20.749
0.0266262,20.8501
0.0266576,20.9511
0.0266922,21.0522
0.0267261,21.1538
0.0267625,21.2553
0.0268033,21.3579
0.0268369,21.4609
0.0268656,21.5649
0.0268983,21.6699
0.0269326,21.7758
0.0269689,21.8818
0.0270073,21.9878
0.0270473,22.0952
0.0270836,22.2026
0.0271188,22.3105
0.0271539,22.4184
0.0271882,22.5268
0.0272228,22.6347
0.0272576,22.7431
0.027295,22.851
0.0273349,22.9599
0.0273709,23.0688
0.0274054,23.1782
0.0274414,23.2885
0.0274791,23.3994
0.027517,23.5102
0.0275604,23.6215
0.0276043,23.7324
0.0276472,23.8432
0.0276841,23.9545
0.0277178,24.0664
0.0277518,24.1777
0.0277895,24.2885
0.0278253,24.3989
0.027867,24.5092
0.0279054,24.6196
0.0279428,24.7309
0.0279769,24.8422
0.0280127,24.9541
0.028048,25.0659
0.0280861,25.1782
0.0281269,25.2905
0.0281698,25.4033
0.0282096,25.5156
0.0282459,25.6289
0.0282788,25.7421
0.0283107,25.8559
0.0283427,25.9697
0.028381,26.083
0.0284166,26.1962
0.0284521,26.3095
0.0284898,26.4233
0.0285202,26.538
0.0285521,26.6528
0.028586,26.7685
0.0286198,26.8842
0.0286592,27
0.0287006,27.1162
0.0287378,27.2329
0.0287691,27.3496
0.0288027,27.4668
0.0288389,27.5839
0.0288754,27.7011
0.0289147,27.8183
0.0289546,27.935
0.0289908,28.0522
0.0290292,28.1699
0.029064,28.288
0.0291012,28.4062
0.0291429,28.5249
0.0291841,28.644
0.0292249,28.7631
0.0292678,28.8828
0.0293072,29.0029
0.0293429,29.123
0.0293785,29.2436
0.0294168,29.3642
0.0294581,29.4843
0.0294991,29.6049
0.0295334,29.726
0.0295694,29.8476
0.0296073,29.9697
0.0296417,30.0922
0.0296815,30.2148
0.0297289,30.3378
0.0297697,30.4609
0.0298098,30.5849
0.0298458,30.7094
0.0298808,30.8339
0.0299185,30.9589
0.0299583,31.0839
0.0299945,31.2099
0.0300355,31.3359
0.0300715,31.4628
0.0301083,31.5918
0.0301466,31.7207
0.0301867,31.8496
0.0302287,31.9795
0.0302721,32.1103
0.0303114,32.2412
0.0303464,32.373
0.0303841,32.5058
0.0304213,32.6377
0.0304616,32.7695
0.0305021,32.9013
0.0305448,33.0341
0.030581,33.167
0.0306194,33.2998
0.0306607,33.4326
0.0307084,33.5654
0.0307565,33.6982
0.0308044,33.831
0.030849,33.9638
0.0308905,34.0966
0.030932,34.2295
0.030974,34.3623
0.0310162,34.4951
0.0310615,34.6279
0.0311034,34.7607
0.0311411,34.8935
0.031178,35.0273
0.0312205,35.1611
0.0312632,35.2949
0.0313056,35.4287
0.0313449,35.5634
0.0313838,35.6972
0.0314193,35.832
0.0314551,35.9658
0.0314942,36.1005
0.0315366,36.2343
0.0315757,36.3681
0.0316084,36.5029
0.0316458,36.6377
0.0316856,36.7724
0.0317274,36.9082
0.0317691,37.0439
0.0318099,37.1796
0.0318494,37.3164
0.0318878,37.4541
0.0319231,37.5918
0.0319641,37.7285
0.0320049,37.8662
0.0320452,38.0039
0.0320821,38.1416
0.0321215,38.2802
0.0321577,38.4189
0.0322032,38.5566
0.0322497,38.6943
0.0322967,38.832
0.0323463,38.9687
0.032393,39.1064
0.0324371,39.2441
0.0324817,39.3808
0.0325323,39.5175
0.0325792,39.6552
0.0326252,39.7929
0.0326694,39.9316
0.0327125,40.0712
0.0327571,40.2109
0.0328067,40.3505
0.0328577,40.4921
0.0329013,40.6337
0.0329407,40.7763
0.0329786,40.9189
0.0330217,41.0625
0.0330647,41.206
0.0331097,41.3496
0.0331471,41.4951
0.0331886,41.6406
0.0332313,41.7871
0.0332759,41.9336
0.0333221,42.081
0.0333698,42.2295
0.033413,42.3789
0.0334547,42.5283
0.0334957,42.6777
0.0335384,42.8291
0.0335801,42.9795
0.0336209,43.1318
0.03366,43.2841
0.033701,43.4365
0.0337441,43.5898
0.0337906,43.7431
0.0338402,43.8955
0.0338812,44.0488
0.0339184,44.2021
0.0339532,44.3545
0.0339945,44.5078
0.0340355,44.6601
0.0340698,44.8134
0.0341065,44.9668
0.0341397,45.1211
0.0341781,45.2753
0.0342215,45.4296
0.0342608,45.5849
0.0342963,45.7402
0.0343278,45.8964
0.0343556,46.0527
0.0343856,46.2089
0.0344159,46.3662
0.0344458,46.5224
0.0344717,46.6806
0.0344992,46.8378
0.034526,46.9961
0.0345608,47.1552
0.0345954,47.3134
0.0346259,47.4736
0.0346581,47.6328
0.0346849,47.7929
0.03472,47.9531
0.0347515,48.1132
0.0347879,48.2734
0.0348148,48.4345
0.0348439,48.5957
0.0348779,48.7578
0.0349144,48.9199
0.0349528,49.082
0.034985,49.2451
0.0350129,49.4082
0.0350427,49.5722
0.0350746,49.7363
0.0351066,49.9013
0.0351344,50.0654
0.0351631,50.2314
0.0351906,50.3974
0.0352198,50.5644
0.0352537,50.7324
0.0352885,50.9003
0.0353156,51.0703
0.0353412,51.2402
0.0353649,51.4111
0.0353897,51.583
0.0354157,51.7558
0.0354403,51.9296
0.0354628,52.1035
0.0354892,52.2793
0.03552,52.455
0.0355498,52.6318
0.035579,52.8086
0.0356068,52.9863
0.0356337,53.164
0.0356631,53.3418
0.0356941,53.5205
0.0357214,53.7002
0.0357484,53.8789
0.0357842,54.0586
0.0358197,54.2373
0.0358605,54.417
0.0358929,54.5966
0.0359191,54.7763
0.0359478,54.956
0.0359761,55.1357
0.0360048,55.3164
0.0360278,55.4961
0.0360535,55.6757
0.0360821,55.8554
0.036114,56.0351
0.0361488,56.2148
0.0361747,56.3945
0.0362008,56.5742
0.0362268,56.7539
0.0362498,56.9336
0.0362777,57.1142
0.0362994,57.2949
0.0363235,57.4755
0.0363497,57.6562
0.0363807,57.8378
0.0364106,58.0195
0.0364371,58.2021
0.0364625,58.3847
0.0364874,58.5683
0.0365153,58.7509
0.0365438,58.9336
0.0365698,59.1162
0.036599,59.2988
0.0366338,59.4814
0.0366681,59.664
0.0367048,59.8466
0.0367384,60.0302
0.0367685,60.2138
0.0368004,60.3974
0.0368367,60.582
0.0368621,60.7675
0.0368914,60.9541
0.0369126,61.1416
0.0369438,61.33
0.0369765,61.5195
0.0370029,61.7089
0.0370276,61.8994
0.037054,62.0898
0.0370782,62.2822
0.0371032,62.4746
0.0371267,62.6679
0.0371515,62.8623
0.0371808,63.0576
0.0372168,63.2539
0.0372516,63.4502
0.0372786,63.6474
0.0373064,63.8457
0.0373322,64.0459
0.0373594,64.246
0.0373804,64.4462
0.0374105,64.6464
0.0374442,64.8466
0.037484,65.0459
0.0375188,65.2451
0.037548,65.4443
0.0375778,65.6435
0.0376102,65.8427
0.0376398,66.0419
0.0376673,66.2402
0.0376986,66.4384
0.0377298,66.6367
0.0377634,66.8359
0.0377938,67.0341
0.0378182,67.2334
0.0378428,67.4316
0.037867,67.6308
0.0378941,67.8291
0.037919,68.0283
0.037947,68.2265
0.0379745,68.4248
0.038007,68.624
0.0380389,68.8232
0.0380706,69.0224
0.0380989,69.2226
0.038132,69.4228
0.0381642,69.623
0.0381905,69.8242
0.0382195,70.0244
0.0382536,70.2255
0.0382905,70.4267
0.0383285,70.6279
0.0383606,70.8281
0.0383955,71.0293
0.0384312,71.2304
0.0384624,71.4326
0.0384928,71.6357
0.0385194,71.8388
0.0385561,72.0429
0.0385974,72.248
0.0386312,72.4531
0.0386603,72.6601
0.03869,72.8671
0.0387199,73.0761
0.0387458,73.2851
0.0387739,73.4951
0.0388066,73.705
0.0388436,73.916
0.0388846,74.1279
0.0389187,74.3398
0.0389511,74.5527
0.0389842,74.7675
0.0390183,74.9824
0.0390522,75.1972
0.039086,75.413
0.0391287,75.6279
0.0391742,75.8437
0.0392117,76.0585
0.0392436,76.2734
0.0392753,76.4882
0.0393097,76.7031
0.0393397,76.9169
0.0393687,77.1308
0.0394073,77.3437
0.0394485,77.5566
0.0394867,77.7695
0.0395163,77.9834
0.0395482,78.1962
0.039579,78.4101
0.0396067,78.624
0.0396318,78.8378
0.0396622,79.0527
0.0396972,79.2666
0.0397287,79.4824
0.0397606,79.6962
0.0397926,79.9111
0.0398267,80.1269
0.0398598,80.3418
0.0398927,80.5576
0.0399228,80.7734
0.0399642,80.9892
0.0400053,81.205
0.0400427,81.4218
0.0400765,81.6386
0.0401137,81.8564
0.0401429,82.0751
0.0401711,82.2949
0.0401987,82.5146
0.0402309,82.7343
0.0402702,82.956
0.0403046,83.1777
0.0403305,83.4003
0.0403563,83.6259
0.0403824,83.8515
0.0404097,84.0781
0.0404387,84.3056
0.0404716,84.5341
0.0405085,84.7636
0.040541,84.9931
0.0405753,85.2236
0.040605,85.455
0.0406369,85.6865
0.0406701,85.9179
0.0407063,86.1484
0.0407461,86.3789
0.0407947,86.6103
0.0408322,86.8398
0.0408639,87.0703
0.0409018,87.3007
0.0409333,87.5312
0.0409655,87.7607
0.0409993,87.9902
0.0410358,88.2197
0.0410701,88.4492
0.0411025,88.6777
0.0411291,88.9062
0.0411571,89.1357
0.0411873,89.3652
0.0412086,89.5947
0.0412392,89.8242
0.041278,90.0537
0.0413097,90.2841
0.0413381,90.5146
0.0413708,90.746
0.0414015,90.9785
0.0414264,91.2109
0.0414554,91.4423
0.0414881,91.6738
0.0415269,91.9042
0.041566,92.1357
0.0415989,92.3662
0.0416361,92.5986
0.0416717,92.831
0.0417,93.0644
0.0417301,93.2988
0.041767,93.5331
0.0418047,93.7695
0.0418343,94.0058
0.0418644,94.2441
0.0418881,94.4843
0.0419121,94.7246
0.0419352,94.9667
0.0419654,95.2089
0.0420054,95.4521
0.0420441,95.6962
0.0420726,95.9404
0.0421107,96.1855
0.0421441,96.4326
0.0421744,96.6787
0.0422144,96.9248
0.0422566,97.1699
0.0423072,97.4121
0.0423582,97.6494
0.0424173,97.8818
0.0424802,98.1083
0.0425241,98.3271
0.0425592,98.538
0.0425829,98.7382
0.0426097,98.9287
0.0426357,99.1083
0.0426549,99.2773
0.0426657,99.4365
0.042684,99.5869
0.0426974,99.7275
0.0427141,99.8593
0.0427296,99.9843
0.0427399,100.102
0.042752,100.212
0.0427626,100.316
0.0427794,100.415
0.0427934,100.508
0.0428094,100.596
0.0428243,100.678
0.0428403,100.756
0.0428509,100.83
0.0428647,100.899
0.0428754,100.964
0.0428885,101.025
0.0428975,101.082
0.0429109,101.136
0.0429189,101.187
0.0429332,101.235
0.0429443,101.28
0.0429549,101.323
0.0429648,101.363
0.0429763,101.401
0.0429866,101.437
0.0429954,101.47
0.0430054,101.502
0.0430135,101.532
0.0430198,101.56
0.0430294,101.586
0.0430367,101.61
0.0430443,101.633
0.0430519,101.655
0.0430596,101.675
0.043064,101.694
0.0430737,101.712
0.0430798,101.729
0.0430852,101.744
0.0430896,101.759
0.0430988,101.773
0.043104,101.786
0.0431104,101.798
0.0431155,101.81
0.0431217,101.821
0.0431237,101.831
0.0431297,101.841
0.0431372,101.85
0.0431425,101.858
