"Maximum force",34.9622,"N"
"Gage length ",1.49845,"mm"
"Strain energy",0.347035,"mJ"
"Deformation at maximum force",0.036567,"mm"
"Standard travel","Standard force"
"mm","N"
0,0.146074
2.13087e-006,0.14645
7.37607e-006,0.146707
1.25617e-005,0.147007
1.46627e-005,0.147398
1.71065e-005,0.147618
1.93566e-005,0.147931
2.47806e-005,0.148111
2.71201e-005,0.148376
2.98023e-005,0.148488
3.25739e-005,0.14855
3.54201e-005,0.148582
3.83109e-005,0.14859
4.12166e-005,0.14859
4.44353e-005,0.148441
4.74602e-005,0.148386
5.05149e-005,0.148315
5.06002e-005,0.148276
5.35506e-005,0.148253
5.39697e-005,0.148057
5.70691e-005,0.147963
6.02878e-005,0.147814
6.0196e-005,0.147861
6.02617e-005,0.14783
6.30333e-005,0.147892
6.29374e-005,0.147939
6.30193e-005,0.1479
6.57761e-005,0.14797
6.5662e-005,0.148025
6.82399e-005,0.148174
6.79903e-005,0.148299
6.79069e-005,0.148339
7.06934e-005,0.148394
7.05984e-005,0.148441
7.02017e-005,0.148628
6.99707e-005,0.148738
7.25784e-005,0.148879
7.25128e-005,0.148911
7.25456e-005,0.148895
7.5198e-005,0.149013
7.51711e-005,0.149028
7.50556e-005,0.149083
7.51376e-005,0.149044
7.52368e-005,0.148997
7.55832e-005,0.148833
7.6047e-005,0.148614
7.64922e-005,0.148402
8.00536e-005,0.148089
8.05565e-005,0.147854
8.12345e-005,0.147533
8.15977e-005,0.14736
8.18454e-005,0.147242
8.22105e-005,0.14707
8.23097e-005,0.147023
8.25081e-005,0.146929
8.23768e-005,0.146991
8.20638e-005,0.14714
8.15497e-005,0.147383
8.10543e-005,0.147617
8.34534e-005,0.147853
8.30678e-005,0.148041
8.27549e-005,0.14819
8.24233e-005,0.148346
8.21914e-005,0.148456
8.22238e-005,0.148441
8.49954e-005,0.148503
8.51137e-005,0.148449
8.79151e-005,0.148495
8.80199e-005,0.148449
8.80368e-005,0.148441
9.12107e-005,0.148308
9.434e-005,0.148206
9.45439e-005,0.148112
9.76732e-005,0.148002
9.75665e-005,0.148057
0.000100413,0.14808
0.000103303,0.148088
0.000103363,0.148065
0.000106358,0.148018
0.000109144,0.148072
0.000111916,0.148143
0.000114553,0.148268
0.000117191,0.148393
0.000116755,0.148605
0.000119229,0.148809
0.000121702,0.149013
0.000127037,0.149232
0.00012951,0.149443
0.000131969,0.149655
0.000134696,0.149741
0.000137214,0.149922
0.000139613,0.150164
0.000142027,0.150399
0.000144516,0.150595
0.000150149,0.150682
0.00015298,0.150721
0.000158732,0.150736
0.000161786,0.150674
0.000164618,0.150713
0.000170459,0.150697
0.000173216,0.150768
0.000179146,0.150713
0.000181769,0.150846
0.000187401,0.150924
0.000192974,0.151049
0.000195582,0.151191
0.000200887,0.151426
0.000203003,0.151802
0.000207801,0.152279
0.000212569,0.152778
0.000214566,0.153211
0.000219364,0.153682
0.000224252,0.154129
0.000226234,0.154567
0.000231062,0.155037
0.000236128,0.15539
0.000238185,0.15579
0.0002434,0.156065
0.000245844,0.156292
0.000251,0.156597
0.000256334,0.156832
0.000261728,0.15702
0.000267301,0.157138
0.000272934,0.157224
0.000278507,0.157334
0.000283842,0.157569
0.000289057,0.157851
0.000294302,0.158116
0.000299726,0.158305
0.000305419,0.15836
0.000307982,0.158525
0.000316267,0.158721
0.000318889,0.15887
0.000324134,0.159127
0.00032935,0.15941
0.000334476,0.15974
0.000342523,0.16006
0.000347619,0.160398
0.00034966,0.160811
0.000357468,0.16122
0.000362505,0.161603
0.00036781,0.161855
0.000372846,0.162223
0.000377943,0.16256
0.000383128,0.162858
0.000388522,0.163046
0.000394244,0.163101
0.000399758,0.163242
0.000405659,0.163203
0.000414123,0.163297
0.000417192,0.163242
0.000425775,0.163289
0.000431527,0.163336
0.00044017,0.163375
0.000445743,0.163485
0.000451495,0.163509
0.000457157,0.163579
0.000463028,0.163556
0.000471373,0.163727
0.000476886,0.163868
0.000482131,0.164151
0.000487257,0.164471
0.000495423,0.164731
0.000500639,0.165013
0.000505914,0.165263
0.000513782,0.165679
0.00052159,0.166094
0.000526388,0.166586
0.000531335,0.166995
0.000538935,0.167525
0.000546475,0.168089
0.000550945,0.168726
0.000558694,0.16918
0.000563462,0.16968
0.000571509,0.16998
0.000579436,0.170363
0.000587483,0.17067
0.000592788,0.170928
0.000598271,0.171085
0.000604142,0.171062
0.000613262,0.170874
0.000619639,0.170609
0.000628282,0.170631
0.000634302,0.170545
0.000639905,0.170647
0.000648309,0.170772
0.000656475,0.171037
0.000661482,0.17143
0.000666101,0.171994
0.000673403,0.172666
0.000677516,0.173474
0.000684698,0.174203
0.000689287,0.174791
0.0006965,0.175496
0.000703831,0.17616
0.000708391,0.176747
0.000716259,0.177158
0.000724424,0.177407
0.000730146,0.177464
0.000738491,0.17762
0.000747074,0.177706
0.000752409,0.177926
0.000760753,0.17809
0.000768979,0.178333
0.000777025,0.178661
0.000782217,0.17896
0.000789906,0.17943
0.000794794,0.179876
0.000804986,0.180547
0.000809755,0.181051
0.000817146,0.181684
0.000824567,0.182298
0.000829037,0.182939
0.000836636,0.183466
0.000844445,0.183879
0.000852312,0.18428
0.000857438,0.184633
0.000865187,0.185079
0.000872995,0.18551
0.000880684,0.186002
0.000888314,0.186506
0.000896241,0.186897
0.00090089,0.187446
0.000908639,0.187915
0.000916149,0.18848
0.000920917,0.188972
0.000931587,0.189436
0.000936385,0.189907
0.000944312,0.19029
0.000952061,0.190752
0.000962969,0.191074
0.000968154,0.191387
0.000976499,0.191567
0.000981714,0.191842
0.000989642,0.19221
0.000997569,0.192578
0.00100526,0.19307
0.00101021,0.193495
0.00101789,0.19398
0.00102558,0.194466
0.00103315,0.195015
0.00104045,0.195687
0.00104487,0.196354
0.00105205,0.197075
0.0010564,0.197774
0.00106352,0.198525
0.00107085,0.199189
0.00107815,0.199856
0.00108558,0.200467
0.0010932,0.200993
0.00110066,0.201588
0.0011082,0.202153
0.00111579,0.202675
0.00112354,0.203133
0.00113171,0.203398
0.00113982,0.203688
0.00114834,0.203783
0.0011565,0.204058
0.00116473,0.204277
0.0011729,0.204535
0.00118416,0.204723
0.00118947,0.204958
0.00120043,0.205271
0.00120848,0.205576
0.00121617,0.206062
0.00122386,0.206562
0.00123119,0.20723
0.00124156,0.20781
0.00124606,0.208435
0.00125321,0.209187
0.00126043,0.209892
0.0012677,0.210575
0.00127813,0.211132
0.00128558,0.21175
0.00129318,0.212284
0.00130078,0.212814
0.00130838,0.213341
0.00131613,0.213804
0.00132393,0.214235
0.00133192,0.214588
0.00134265,0.214994
0.00134757,0.215433
0.00135555,0.215778
0.00136348,0.216147
0.00137153,0.216469
0.0013794,0.216868
0.00138709,0.217367
0.00139471,0.217871
0.00140222,0.218451
0.00140997,0.218897
0.00142052,0.219423
0.00142827,0.219877
0.00143572,0.22048
0.00144046,0.220987
0.00144809,0.221499
0.00145584,0.221952
0.00146663,0.222353
0.00147155,0.222792
0.00147941,0.223175
0.00148752,0.223482
0.00149843,0.223818
0.00150665,0.224062
0.00151464,0.224405
0.00151991,0.224665
0.0015279,0.22501
0.00153607,0.225275
0.00154721,0.22548
0.00155556,0.225668
0.0015639,0.225841
0.00156909,0.226153
0.00158029,0.226334
0.0015856,0.226584
0.00159388,0.226781
0.00160497,0.227031
0.00161284,0.227454
0.00162077,0.227822
0.00162834,0.228379
0.00163596,0.228894
0.00164342,0.229497
0.00165087,0.230092
0.00165811,0.230798
0.00166514,0.231591
0.00167232,0.232328
0.00167927,0.233167
0.00168398,0.233682
0.00169146,0.234269
0.00170213,0.23471
0.00170713,0.235108
0.00171786,0.235517
0.00172299,0.235854
0.00173389,0.236182
0.00174206,0.236465
0.00175017,0.236754
0.00175833,0.237014
0.0017665,0.237279
0.00177148,0.23768
0.0017794,0.23804
0.001787,0.23857
0.00179469,0.239059
0.00180238,0.239558
0.00181007,0.240047
0.00181782,0.240501
0.00182536,0.241065
0.00183284,0.241645
0.00184315,0.242271
0.00184774,0.242858
0.00185805,0.243461
0.00186237,0.244182
0.00187245,0.244903
0.00187933,0.245788
0.00188636,0.246581
0.0018962,0.247432
0.00190335,0.248179
0.00191044,0.248946
0.00192022,0.249831
0.00192716,0.25067
0.00193414,0.251502
0.00194129,0.252231
0.00194877,0.252826
0.00195938,0.253312
0.00196713,0.253751
0.00197482,0.254243
0.00198263,0.254674
0.00199323,0.255166
0.00200128,0.25549
0.00201201,0.255904
0.00201693,0.256335
0.00202801,0.256579
0.00203588,0.256986
0.00204679,0.257331
0.0020543,0.257903
0.00206187,0.25846
0.002072,0.259139
0.00207921,0.259868
0.0020864,0.260604
0.00209659,0.261287
0.00210401,0.261897
0.00211113,0.262649
0.00211823,0.263419
0.00212824,0.264171
0.0021356,0.264838
0.00214296,0.265479
0.00215035,0.266097
0.00216114,0.266482
0.00216889,0.266961
0.00217968,0.267345
0.00218755,0.26776
0.00219523,0.268239
0.00220298,0.268716
0.00221341,0.26928
0.0022211,0.269767
0.00222897,0.270158
0.00223672,0.270612
0.00224739,0.271083
0.00225481,0.271701
0.00226226,0.272296
0.00226935,0.273063
0.00227978,0.273635
0.00228718,0.274264
0.00229761,0.274825
0.00230494,0.275485
0.00231209,0.276237
0.00231912,0.277038
0.00232595,0.27793
0.0023356,0.278853
0.00234502,0.279883
0.00235179,0.280837
0.00235843,0.281814
0.00236505,0.282821
0.00237187,0.283706
0.00237888,0.284526
0.002386,0.285289
0.00239619,0.285953
0.00240337,0.286689
0.00241091,0.287246
0.00241872,0.287664
0.00242951,0.288062
0.0024372,0.288549
0.00244799,0.288947
0.00245562,0.28947
0.00246295,0.290137
0.00247031,0.290782
0.00248015,0.29161
0.00248718,0.292426
0.00249406,0.293296
0.00250354,0.294295
0.00251048,0.295161
0.00251704,0.296184
0.00252378,0.297118
0.00253313,0.298186
0.0025399,0.299117
0.00254657,0.30009
0.00255647,0.300902
0.00256362,0.301646
0.00257086,0.30236
0.00257825,0.302981
0.0025855,0.303687
0.00259593,0.304248
0.00260618,0.304885
0.00261354,0.305541
0.00262105,0.306121
0.00262835,0.306796
0.00263604,0.30726
0.00264671,0.307736
0.00265434,0.308248
0.00266176,0.308866
0.00266909,0.309522
0.00267946,0.310109
0.00268703,0.310666
0.00269788,0.311036
0.00270536,0.311624
0.00271296,0.312139
0.00272032,0.312791
0.00273045,0.313481
0.00273796,0.314076
0.00274503,0.314851
0.00275221,0.315587
0.00276199,0.316442
0.00276893,0.317304
0.00277578,0.318189
0.0027858,0.318948
0.00279313,0.319608
0.00280037,0.320314
0.00281062,0.320947
0.00281801,0.321591
0.00282576,0.322038
0.00283381,0.322358
0.00284478,0.322681
0.00285312,0.322861
0.00286111,0.323189
0.00286898,0.323589
0.00287666,0.324089
0.00288418,0.324669
0.00289467,0.325188
0.00290215,0.325798
0.00290975,0.326321
0.00291988,0.327026
0.00292721,0.327686
0.00293424,0.328484
0.00294151,0.329174
0.00294873,0.329887
0.00295874,0.330647
0.00296604,0.331329
0.00297316,0.332081
0.00298059,0.332699
0.00298777,0.33342
0.00299465,0.33429
0.00300163,0.335121
0.00301134,0.336014
0.00301557,0.336777
0.00302267,0.337551
0.00303292,0.338192
0.00304034,0.338821
0.00304791,0.339352
0.00305554,0.339871
0.00306317,0.340378
0.00307127,0.34067
0.00308224,0.340977
0.00309041,0.34125
0.00309857,0.341517
0.00310978,0.341721
0.00311812,0.341901
0.00312593,0.342324
0.00313344,0.342904
0.00314056,0.343656
0.0031476,0.344453
0.00315743,0.3453
0.00316411,0.346273
0.00317087,0.347196
0.00317743,0.348226
0.00318697,0.349217
0.00319367,0.350175
0.00320074,0.350949
0.00320792,0.351678
0.00321507,0.352422
0.0032255,0.352994
0.00323319,0.353473
0.00324112,0.353843
0.00325203,0.354186
0.00325971,0.354665
0.00327026,0.355172
0.00327751,0.355893
0.00328782,0.356511
0.00329789,0.35724
0.00330537,0.357839
0.00331267,0.35851
0.00332269,0.359262
0.00332996,0.35996
0.00333708,0.360719
0.00334733,0.361371
0.00335481,0.361959
0.00336229,0.362538
0.00337267,0.363118
0.00338021,0.36369
0.00338795,0.364162
0.0033954,0.364757
0.00340297,0.365298
0.00341305,0.366019
0.00342017,0.366794
0.0034272,0.367599
0.00343397,0.368526
0.00344398,0.369285
0.00345099,0.370093
0.00345835,0.370742
0.00346848,0.37144
0.00347569,0.372161
0.00348594,0.372794
0.00349348,0.373366
0.00350141,0.373744
0.00351202,0.37423
0.00352323,0.374427
0.00353133,0.374707
0.00353938,0.375037
0.00355017,0.375438
0.00355461,0.376079
0.00356504,0.376651
0.00357204,0.377456
0.00357922,0.378184
0.00358623,0.379001
0.00359618,0.379794
0.0036028,0.380794
0.00360924,0.381877
0.00361877,0.38285
0.00362551,0.383803
0.00363254,0.384605
0.00363957,0.385402
0.00364959,0.386153
0.00365689,0.386844
0.00366684,0.387614
0.00367438,0.388183
0.00368452,0.388888
0.00369179,0.389587
0.00370168,0.39041
0.0037086,0.391265
0.00371867,0.391978
0.00372594,0.39268
0.00373324,0.393348
0.00374326,0.394107
0.00375026,0.394939
0.00375741,0.395675
0.00376761,0.396358
0.00377509,0.396945
0.00378248,0.397571
0.00379291,0.398143
0.00380286,0.39891
0.00380998,0.399688
0.00382,0.400447
0.00382679,0.401362
0.00383362,0.402267
0.00384274,0.403441
0.00384923,0.404494
0.00385585,0.405501
0.00386539,0.406478
0.0038723,0.407344
0.0038822,0.408156
0.00388947,0.408847
0.00389966,0.40953
0.00390723,0.410068
0.00391784,0.410541
0.00392571,0.410956
0.00393375,0.411277
0.00394454,0.411677
0.00395563,0.411935
0.00396344,0.412358
0.00397417,0.412789
0.00398176,0.413312
0.00399202,0.413972
0.00399938,0.414605
0.00400662,0.415311
0.0040141,0.415898
0.00402137,0.416589
0.00403127,0.417405
0.00403809,0.418305
0.00404453,0.419374
0.00405412,0.420335
0.00406077,0.421327
0.00407078,0.422082
0.00407785,0.422879
0.00408497,0.423642
0.00409481,0.42447
0.00410166,0.425363
0.00411161,0.426148
0.00411856,0.427003
0.00412857,0.42777
0.00413546,0.428639
0.00414234,0.429509
0.00414967,0.430162
0.00415986,0.430841
0.00417029,0.43139
0.00417769,0.432031
0.00418517,0.432618
0.00419572,0.433122
0.00420358,0.433522
0.00421175,0.43378
0.00421962,0.434196
0.00422743,0.434642
0.0042372,0.435496
0.00424411,0.436366
0.00425365,0.437358
0.00425997,0.438495
0.0042662,0.439677
0.00427201,0.441058
0.00428095,0.442325
0.00428676,0.443698
0.00429293,0.444903
0.00430217,0.44604
0.00431129,0.44723
0.00431796,0.448196
0.00432473,0.44913
0.00433492,0.449813
0.00434219,0.450484
0.00434979,0.451018
0.00436016,0.451613
0.00437036,0.452304
0.00437757,0.45301
0.00438469,0.453761
0.00439196,0.454459
0.00440192,0.455249
0.00440895,0.456042
0.00441914,0.456729
0.00442922,0.45745
0.00443637,0.458194
0.00444316,0.459121
0.00445005,0.459983
0.00445965,0.460944
0.00446641,0.461879
0.00447625,0.462718
0.00448298,0.463656
0.0044927,0.464564
0.00449907,0.465671
0.00450539,0.466807
0.00451162,0.467998
0.00452068,0.469188
0.00452724,0.470225
0.00453659,0.471286
0.00454321,0.472308
0.00455251,0.473399
0.00455918,0.474376
0.00456884,0.475299
0.00457573,0.476176
0.00458267,0.477023
0.00458949,0.477916
0.00459957,0.478644
0.00460684,0.479343
0.00461438,0.479899
0.00462499,0.480378
0.00463244,0.480989
0.00464275,0.481599
0.00464987,0.482362
0.00465977,0.483182
0.00466683,0.483975
0.00467369,0.484853
0.00468334,0.485784
0.00469258,0.48692
0.00469905,0.487981
0.00470531,0.489141
0.00471448,0.490293
0.00472056,0.491559
0.00472658,0.492833
0.00473564,0.494039
0.00474175,0.49529
0.00474828,0.496327
0.0047549,0.497327
0.00476449,0.498281
0.00477102,0.499333
0.00478032,0.500417
0.00478736,0.501238
0.00479409,0.502169
0.00480411,0.502928
0.00481108,0.50376
0.00481841,0.504423
0.00482854,0.505129
0.00483573,0.505858
0.00484294,0.506571
0.00484985,0.507426
0.00485683,0.50825
0.0048663,0.509257
0.00487307,0.510199
0.00487953,0.511259
0.00488895,0.512297
0.00489521,0.513472
0.00490111,0.514807
0.00490999,0.516089
0.00491592,0.517439
0.00492179,0.518782
0.00493074,0.520041
0.00493968,0.521307
0.00494599,0.522467
0.00495517,0.523627
0.00496152,0.524748
0.00496808,0.525778
0.00497755,0.526793
0.00498417,0.527785
0.00499371,0.528777
0.00500074,0.529578
0.00501046,0.530486
0.00501749,0.531287
0.00502738,0.532107
0.00503409,0.533064
0.00504369,0.534006
0.00505292,0.535143
0.0050596,0.53612
0.00506878,0.537272
0.00507528,0.538332
0.00508434,0.539553
0.00509042,0.540804
0.00509936,0.542063
0.00510824,0.543352
0.00511438,0.544596
0.00512031,0.545924
0.00512895,0.54732
0.00513783,0.548609
0.00514376,0.549952
0.00515288,0.551142
0.00515875,0.552492
0.00516769,0.553744
0.00517353,0.555125
0.0051823,0.556483
0.00518844,0.557696
0.00519761,0.558863
0.00520432,0.559824
0.0052107,0.560931
0.00522047,0.561797
0.00523007,0.562769
0.00523686,0.563677
0.0052467,0.564532
0.00525636,0.565459
0.00526339,0.566264
0.00527298,0.567229
0.00528258,0.568175
0.00528887,0.569334
0.00529787,0.57057
0.00530386,0.571875
0.0053125,0.573294
0.00531828,0.574683
0.00532657,0.576247
0.00533238,0.57765
0.00534079,0.579169
0.00534943,0.58058
0.00535825,0.581908
0.00536436,0.583144
0.00537354,0.584288
0.00538254,0.585532
0.00538874,0.586745
0.0053952,0.587813
0.00540456,0.588889
0.00541398,0.589926
0.00542045,0.591002
0.0054298,0.592062
0.00543904,0.593207
0.00544804,0.594435
0.00545421,0.595656
0.00546321,0.596892
0.00546965,0.59799
0.00547859,0.599242
0.00548777,0.600409
0.00549403,0.601584
0.00550303,0.602827
0.00551221,0.603972
0.0055182,0.605284
0.0055272,0.606512
0.00553298,0.607916
0.00554174,0.609267
0.00554746,0.610693
0.00555623,0.612044
0.00556499,0.613394
0.00557351,0.614867
0.00557903,0.6164
0.00558719,0.61804
0.00559554,0.619589
0.005604,0.621069
0.00560987,0.622435
0.00561875,0.623732
0.00562751,0.62509
0.00563669,0.626257
0.00564286,0.627463
0.00565216,0.628569
0.00565857,0.62966
0.00566769,0.630843
0.00567693,0.631987
0.00568616,0.633116
0.00569546,0.634222
0.00570434,0.635504
0.0057103,0.636832
0.00571865,0.638388
0.00572693,0.639952
0.00573236,0.641524
0.00574064,0.643088
0.00574625,0.644591
0.00575751,0.646132
0.00576282,0.647749
0.00577116,0.649313
0.00577661,0.650862
0.00578508,0.652335
0.00579342,0.653899
0.00580177,0.65547
0.00581005,0.657042
0.00581846,0.658568
0.00582424,0.659972
0.00583276,0.661429
0.00583848,0.662856
0.00584987,0.664358
0.00585565,0.665732
0.00586447,0.667059
0.00587335,0.668364
0.00588253,0.669539
0.00589123,0.670897
0.00589722,0.672209
0.00590867,0.673659
0.00591424,0.675169
0.00592241,0.676802
0.00593033,0.678557
0.00593814,0.68035
0.00594288,0.682249
0.00595063,0.68408
0.00595832,0.685934
0.00596625,0.687712
0.00597423,0.689421
0.00597921,0.691199
0.0059903,0.692824
0.00599858,0.694426
0.00600421,0.695876
0.00601286,0.697287
0.0060187,0.698668
0.00603038,0.700003
0.00603604,0.70146
0.00604475,0.702834
0.00605327,0.704314
0.00605893,0.705763
0.0060674,0.707266
0.00607598,0.708716
0.0060817,0.710127
0.00609016,0.711615
0.00609893,0.712981
0.00610739,0.714476
0.00611579,0.716009
0.00612414,0.717551
0.00612962,0.719099
0.00613827,0.720488
0.00614697,0.721892
0.00615585,0.723181
0.00616136,0.724722
0.00617251,0.726309
0.0061776,0.728033
0.0061827,0.72975
0.00619087,0.731398
0.00619879,0.73313
0.00620696,0.734793
0.00621495,0.736494
0.00622016,0.738165
0.00622833,0.739806
0.00623655,0.741408
0.00624237,0.742796
0.00625089,0.744254
0.00626007,0.745421
0.00626943,0.746497
0.00627896,0.747496
0.00628832,0.748556
0.00629726,0.749831
0.00630346,0.751044
0.00631204,0.752478
0.00632063,0.753928
0.00632873,0.755576
0.00633678,0.757285
0.00634465,0.75907
0.00635204,0.761069
0.00635654,0.763068
0.00636363,0.765219
0.00637087,0.767294
0.00637803,0.769415
0.00638536,0.771445
0.00639305,0.773306
0.00640085,0.775114
0.00640908,0.776717
0.00641713,0.778426
0.00642541,0.78002
0.00643364,0.781615
0.0064421,0.783118
0.00645086,0.784468
0.00645939,0.785948
0.00646529,0.787299
0.00647387,0.788725
0.00648227,0.790251
0.00649062,0.791808
0.00649872,0.793478
0.00650406,0.795088
0.00651205,0.796797
0.00652009,0.798499
0.00652516,0.80023
0.00653338,0.80184
0.00654167,0.803412
0.00654995,0.805014
0.00655818,0.806609
0.00656605,0.808386
0.00657409,0.810103
0.0065791,0.811858
0.00658709,0.813582
0.00659508,0.815298
0.00660282,0.817145
0.00661051,0.819006
0.00661799,0.820975
0.00662562,0.822874
0.00663325,0.824751
0.00664088,0.826659
0.00664851,0.828551
0.00665352,0.830321
0.00666466,0.831923
0.00667307,0.833441
0.00667855,0.834982
0.0066869,0.836539
0.00669506,0.838156
0.00670335,0.839743
0.00671169,0.841307
0.00672051,0.84265
0.00672922,0.844031
0.00673768,0.845534
0.00674596,0.847113
0.00675383,0.848875
0.00675911,0.850531
0.00676686,0.852362
0.0067746,0.854193
0.00678217,0.856116
0.00678998,0.857931
0.00679785,0.859702
0.0068056,0.861548
0.00681341,0.863348
0.00682122,0.865164
0.00682914,0.866911
0.00683725,0.86859
0.00684553,0.870169
0.00685129,0.871573
0.00685981,0.873038
0.00686839,0.874487
0.00687674,0.876028
0.0068852,0.877531
0.00689361,0.879073
0.00690183,0.880675
0.00691029,0.88217
0.00691846,0.883818
0.00692686,0.885329
0.00693503,0.886969
0.00694338,0.888533
0.00695148,0.890204
0.00695923,0.89205
0.00696734,0.893713
0.00697509,0.895529
0.00698313,0.897231
0.00699118,0.898947
0.00699934,0.90058
0.00700733,0.902289
0.00701532,0.904013
0.00702331,0.90576
0.00702834,0.9075
0.00703669,0.909064
0.00704461,0.910803
0.00705278,0.912436
0.00706112,0.913992
0.00706929,0.915633
0.00707781,0.917105
0.00708604,0.918707
0.0070945,0.920203
0.00710279,0.921805
0.00711113,0.923354
0.00712264,0.924788
0.00713122,0.926237
0.0071401,0.927527
0.00714845,0.929091
0.00715685,0.930624
0.00716466,0.932425
0.00717539,0.934225
0.00718612,0.936026
0.00719386,0.937865
0.00720173,0.939658
0.00720933,0.941565
0.0072141,0.943426
0.00722161,0.94538
0.00722921,0.947295
0.00723976,0.949171
0.00724429,0.951155
0.00725502,0.952956
0.00726277,0.954802
0.00727093,0.956427
0.0072791,0.95809
0.00728703,0.959822
0.00729513,0.961493
0.00730306,0.96324
0.00731134,0.964842
0.00731969,0.966391
0.00732827,0.967841
0.00733966,0.969305
0.007348,0.970885
0.00735647,0.972388
0.00736749,0.974036
0.0073759,0.975577
0.00738388,0.977278
0.00739199,0.978949
0.00739998,0.980688
0.00740761,0.982565
0.00741571,0.984228
0.00742376,0.985945
0.00743169,0.987685
0.00743926,0.989622
0.00744671,0.991591
0.0074544,0.993468
0.00746197,0.995383
0.00746697,0.997153
0.00747776,0.998907
0.00748587,1.00058
0.00749379,1.00233
0.00749874,1.00413
0.00750709,1.00567
0.00751555,1.00718
0.00752729,1.0085
0.00753588,1.00994
0.00754482,1.01121
0.00755078,1.01253
0.0075596,1.01385
0.00757134,1.01517
0.0075798,1.01668
0.00758827,1.01818
0.00759354,1.01981
0.00760171,1.02144
0.00761285,1.02305
0.00761807,1.02471
0.00762641,1.02625
0.00763446,1.02794
0.00764275,1.02952
0.00765097,1.03116
0.00765637,1.03273
0.00766775,1.03422
0.00767621,1.03573
0.00768194,1.03714
0.00769332,1.03863
0.00769886,1.04014
0.00770709,1.04173
0.007718,1.04345
0.00772622,1.04509
0.00773415,1.04683
0.00774261,1.04833
0.00775108,1.04981
0.00775978,1.05121
0.00776854,1.05257
0.00777707,1.05403
0.00778297,1.05538
0.00779453,1.05679
0.00780085,1.05793
0.00780967,1.05925
0.00782159,1.06049
0.00782734,1.0619
0.00783563,1.06347
0.00784397,1.06502
0.00785184,1.0668
0.00785977,1.06857
0.00787014,1.07052
0.00787756,1.07252
0.00788498,1.07452
0.00789273,1.07637
0.00790066,1.07812
0.00790834,1.07999
0.00791633,1.0817
0.00792432,1.08342
0.00793278,1.08493
0.00794148,1.08632
0.00795043,1.08758
0.00795949,1.08879
0.00796843,1.09007
0.00798035,1.09131
0.00798637,1.0926
0.00799531,1.09386
0.00800401,1.09525
0.00801235,1.09679
0.00802088,1.09827
0.00802922,1.09982
0.00803792,1.1012
0.00804937,1.10269
0.00805765,1.10425
0.0080657,1.10594
0.00807375,1.10765
0.00808203,1.10924
0.00809014,1.11089
0.00809836,1.1125
0.00810939,1.11417
0.00811738,1.11589
0.00812531,1.11764
0.00813293,1.11956
0.00814086,1.12131
0.00815141,1.12318
0.00815934,1.12494
0.00816721,1.12672
0.00817525,1.12842
0.00818354,1.13
0.00819188,1.13156
0.00820047,1.13299
0.00820887,1.13452
0.00821751,1.13592
0.00822896,1.13739
0.00823772,1.13876
0.0082466,1.14005
0.00825542,1.14137
0.00826436,1.14265
0.00827569,1.14419
0.00828096,1.14582
0.00828901,1.14751
0.00829694,1.14924
0.0083051,1.1509
0.00831291,1.15271
0.0083209,1.15444
0.00832871,1.15624
0.00833663,1.158
0.00834173,1.15971
0.00834978,1.16141
0.00835788,1.16306
0.00836617,1.16466
0.00837469,1.16612
0.00838345,1.16748
0.00839233,1.16877
0.00840116,1.1701
0.00840968,1.17158
0.0084185,1.17291
0.00842708,1.17437
0.00843573,1.17576
0.00844437,1.1772
0.00845289,1.17866
0.00846165,1.18001
0.00847024,1.18145
0.00847894,1.18283
0.00848728,1.18438
0.00849563,1.18595
0.00850368,1.18764
0.0085119,1.18925
0.00852031,1.19077
0.00852853,1.19239
0.0085367,1.19403
0.00854468,1.19577
0.00855255,1.19754
0.0085603,1.19937
0.00856805,1.20122
0.00857598,1.20296
0.00858366,1.20482
0.00858858,1.20663
0.00859937,1.20842
0.00860724,1.21019
0.00861546,1.21181
0.00862327,1.21361
0.00863132,1.2153
0.00863925,1.21705
0.00864771,1.21856
0.008656,1.22014
0.00866446,1.22163
0.0086731,1.22306
0.00868151,1.22457
0.00869003,1.22604
0.00869814,1.22773
0.0087063,1.22935
0.00871453,1.23098
0.00872567,1.23258
0.00873372,1.23426
0.00874165,1.23601
0.00874662,1.2378
0.00875717,1.23968
0.00876194,1.24156
0.00876951,1.24348
0.00877693,1.24547
0.0087876,1.2473
0.00879523,1.24919
0.00880316,1.25096
0.00880799,1.25279
0.00881589,1.25458
0.00882381,1.25632
0.00883156,1.25815
0.00883961,1.25986
0.00884795,1.2614
0.00885654,1.26285
0.00886506,1.26432
0.00887328,1.26591
0.00888187,1.26736
0.00889033,1.26887
0.00889868,1.27041
0.00890672,1.2721
0.00891495,1.27373
0.00892294,1.27544
0.0089308,1.27723
0.00893891,1.2789
0.0089466,1.28075
0.00895435,1.28261
0.00896159,1.28468
0.00896883,1.28676
0.0089764,1.28869
0.008984,1.2906
0.00899163,1.29248
0.00899908,1.29446
0.00900662,1.2964
0.00901416,1.29834
0.00901878,1.30028
0.00902653,1.30213
0.00903422,1.30398
0.0090422,1.30569
0.00905013,1.30746
0.00905824,1.30913
0.00906351,1.31077
0.0090718,1.31234
0.0090799,1.31402
0.00909045,1.3159
0.00909549,1.31765
0.00910318,1.31951
0.00911081,1.32139
0.00911856,1.32323
0.00912604,1.3252
0.00913367,1.32709
0.00914094,1.32916
0.0091455,1.33113
0.00915271,1.33322
0.00916302,1.3352
0.00916749,1.33725
0.0091778,1.33922
0.0091854,1.34115
0.00919283,1.34313
0.00919759,1.34501
0.00920495,1.34703
0.00921232,1.34906
0.00921962,1.3511
0.00922701,1.35312
0.0092347,1.35498
0.00924507,1.35695
0.00924981,1.35883
0.00925732,1.36078
0.00926477,1.36277
0.00927231,1.3647
0.00927991,1.36661
0.00929082,1.36833
0.00929558,1.3702
0.00930345,1.37198
0.00931406,1.37382
0.00932217,1.37549
0.00932744,1.37714
0.00933841,1.37884
0.00934351,1.38054
0.00935119,1.38241
0.00936186,1.38424
0.00936961,1.38608
0.00937444,1.38792
0.00938493,1.38983
0.00939217,1.39192
0.00939936,1.39403
0.00940612,1.39631
0.00941318,1.3985
0.00942013,1.40071
0.00942725,1.40285
0.00943452,1.40491
0.00944179,1.40697
0.00944942,1.40886
0.00945705,1.41074
0.00946486,1.41256
0.00947261,1.4144
0.00948042,1.4162
0.0094884,1.41793
0.00949627,1.41972
0.0095042,1.42145
0.00951177,1.4234
0.00952226,1.4253
0.0095267,1.42733
0.00953677,1.42945
0.00954408,1.43149
0.00955114,1.43366
0.00955841,1.43572
0.00956544,1.4379
0.00957242,1.4401
0.00957954,1.44224
0.00958657,1.4444
0.00959653,1.44658
0.00960314,1.44896
0.00961009,1.45118
0.00961718,1.45333
0.00962439,1.4554
0.00963172,1.45745
0.0096418,1.45955
0.00964937,1.46149
0.0096564,1.46366
0.009664,1.46557
0.00967449,1.4675
0.00968224,1.4693
0.00969017,1.47108
0.00969774,1.47301
0.00970841,1.47481
0.00971598,1.47675
0.00972366,1.47862
0.00973109,1.4806
0.00974146,1.48257
0.00974894,1.48456
0.00975615,1.48663
0.00976372,1.48857
0.00977093,1.49066
0.00977829,1.49267
0.00978842,1.49475
0.00979561,1.49685
0.00980282,1.49896
0.00981277,1.50111
0.00981721,1.50316
0.00982741,1.50522
0.00983483,1.5072
0.00984237,1.50915
0.00985274,1.51109
0.00986067,1.51285
0.00987128,1.51473
0.00987914,1.51651
0.00988701,1.51827
0.00989506,1.51997
0.00990316,1.52164
0.00991395,1.52342
0.00992194,1.52514
0.00993237,1.52709
0.00993991,1.52903
0.00994727,1.53104
0.00995454,1.53312
0.00996193,1.53512
0.00996909,1.53724
0.00997934,1.53925
0.00998643,1.54142
0.00999373,1.54346
0.0100039,1.54554
0.0100113,1.54752
0.0100187,1.54955
0.0100286,1.55173
0.010036,1.55373
0.010046,1.55587
0.0100534,1.55791
0.0100605,1.56005
0.0100675,1.56222
0.0100747,1.56432
0.0100846,1.5665
0.010092,1.56853
0.0101022,1.57056
0.0101096,1.57258
0.0101171,1.57453
0.0101246,1.5765
0.0101326,1.57818
0.0101435,1.57991
0.0101516,1.58159
0.0101564,1.58344
0.0101673,1.58516
0.0101752,1.58695
0.0101832,1.58864
0.0101914,1.59027
0.010199,1.59217
0.0102097,1.59401
0.0102168,1.59614
0.010224,1.59826
0.0102312,1.60034
0.0102383,1.60249
0.0102455,1.6046
0.0102553,1.60681
0.0102624,1.60899
0.0102693,1.61122
0.0102764,1.61337
0.0102866,1.61538
0.0102941,1.61737
0.0103019,1.61919
0.0103095,1.62108
0.0103174,1.62282
0.0103282,1.62459
0.0103363,1.62629
0.0103444,1.62796
0.0103521,1.62982
0.0103598,1.63167
0.0103673,1.63366
0.0103748,1.6356
0.0103822,1.63759
0.0103923,1.63968
0.0103995,1.64178
0.0104063,1.64407
0.0104133,1.64625
0.0104201,1.64854
0.0104272,1.65069
0.0104371,1.65286
0.010444,1.65515
0.0104509,1.65736
0.0104579,1.65957
0.0104653,1.66159
0.0104753,1.66369
0.0104826,1.66577
0.0104897,1.66792
0.0104968,1.67009
0.0105042,1.67204
0.0105116,1.67404
0.0105223,1.67589
0.0105297,1.67789
0.0105371,1.67986
0.0105446,1.68186
0.010552,1.68387
0.0105626,1.68574
0.01057,1.68773
0.0105803,1.68969
0.0105878,1.69166
0.0105954,1.69361
0.0106057,1.69558
0.010613,1.69765
0.0106202,1.69971
0.0106272,1.70193
0.0106345,1.70398
0.0106414,1.70621
0.0106514,1.70836
0.0106614,1.7105
0.0106679,1.71293
0.0106748,1.7152
0.0106814,1.71755
0.0106883,1.71979
0.0106982,1.72198
0.0107053,1.72414
0.0107155,1.72619
0.0107198,1.72829
0.0107302,1.73023
0.0107377,1.7322
0.0107456,1.73397
0.0107533,1.73581
0.010761,1.73771
0.0107718,1.73948
0.0107793,1.74141
0.0107872,1.74318
0.0107976,1.74514
0.0108051,1.74708
0.0108125,1.74911
0.0108195,1.75129
0.0108267,1.75339
0.0108367,1.75555
0.0108439,1.75764
0.0108538,1.75981
0.0108607,1.76204
0.0108677,1.76428
0.0108774,1.76655
0.0108845,1.76867
0.0108912,1.77101
0.0108981,1.77327
0.0109077,1.77562
0.0109145,1.77791
0.0109244,1.78007
0.0109344,1.78225
0.0109418,1.78424
0.0109487,1.78647
0.0109615,1.78869
0.0109685,1.79086
0.0109755,1.79304
0.0109829,1.79506
0.0109957,1.79722
0.011003,1.7993
0.01101,1.8015
0.01102,1.80365
0.0110267,1.80598
0.0110363,1.80829
0.0110431,1.81059
0.0110496,1.81303
0.0110595,1.81524
0.0110662,1.81758
0.0110759,1.81982
0.0110827,1.82213
0.0110923,1.82449
0.011099,1.82684
0.0111084,1.82925
0.0111152,1.83156
0.0111247,1.83392
0.0111314,1.83624
0.0111412,1.8385
0.011148,1.84079
0.011158,1.84291
0.0111677,1.84521
0.0111747,1.84743
0.0111814,1.84978
0.0111913,1.85194
0.0111986,1.854
0.0112088,1.85603
0.0112164,1.85798
0.0112264,1.86008
0.0112366,1.86214
0.0112437,1.86432
0.0112508,1.86645
0.0112608,1.86858
0.0112677,1.87084
0.0112776,1.87299
0.0112844,1.87533
0.0112942,1.87754
0.011301,1.87984
0.0113107,1.88212
0.0113174,1.88447
0.011324,1.88686
0.0113337,1.88915
0.0113435,1.89139
0.0113508,1.89344
0.0113581,1.89551
0.0113681,1.8976
0.0113784,1.89965
0.0113855,1.90178
0.0113959,1.90373
0.0114035,1.90564
0.0114143,1.90741
0.0114219,1.90931
0.0114294,1.91128
0.0114397,1.91324
0.011447,1.91536
0.0114572,1.91739
0.0114643,1.91955
0.0114743,1.92164
0.0114814,1.9238
0.0114914,1.92595
0.0114985,1.92814
0.0115055,1.93029
0.0115128,1.93236
0.0115198,1.93455
0.0115298,1.9367
0.011537,1.93877
0.0115443,1.94086
0.0115547,1.9428
0.0115621,1.94483
0.0115694,1.94684
0.0115795,1.94893
0.0115867,1.95107
0.0115967,1.95319
0.0116037,1.9554
0.011611,1.95743
0.0116209,1.95965
0.011628,1.96181
0.011638,1.96393
0.0116451,1.96609
0.0116524,1.96816
0.0116624,1.9703
0.0116727,1.9723
0.0116799,1.97439
0.0116876,1.97626
0.0116951,1.97819
0.0117026,1.98014
0.0117101,1.98211
0.0117173,1.9842
0.0117275,1.98624
0.0117346,1.98842
0.0117445,1.99056
0.0117516,1.99273
0.0117585,1.99499
0.0117684,1.99715
0.0117754,1.9994
0.0117827,2.00142
0.0117927,2.00358
0.0117998,2.00571
0.0118069,2.00786
0.0118169,2.00997
0.0118245,2.01192
0.0118319,2.01391
0.0118425,2.01579
0.01185,2.01774
0.0118574,2.01973
0.0118649,2.02168
0.0118751,2.02374
0.0118856,2.02566
0.0118929,2.02772
0.0119002,2.02974
0.0119103,2.03185
0.0119173,2.03405
0.0119241,2.03632
0.0119334,2.03882
0.01194,2.0412
0.0119462,2.04377
0.0119556,2.04618
0.011962,2.04868
0.0119686,2.05108
0.0119781,2.05346
0.0119847,2.05584
0.0119914,2.05816
0.0119981,2.06049
0.0120081,2.06266
0.0120151,2.06481
0.0120252,2.06693
0.0120324,2.06902
0.0120393,2.07128
0.0120464,2.07343
0.0120533,2.07569
0.0120631,2.07787
0.0120704,2.07995
0.0120804,2.08208
0.0120877,2.08413
0.0120948,2.08628
0.0121049,2.0884
0.012112,2.09055
0.0121189,2.09279
0.0121257,2.09508
0.0121351,2.09749
0.0121419,2.09981
0.0121511,2.10232
0.0121576,2.10476
0.0121664,2.10744
0.0121723,2.11017
0.0121814,2.11272
0.0121905,2.11532
0.012197,2.11773
0.0122034,2.12021
0.0122131,2.12252
0.0122197,2.12488
0.0122269,2.12702
0.0122371,2.12903
0.0122444,2.13109
0.0122519,2.13305
0.0122619,2.13521
0.012269,2.13735
0.0122761,2.13949
0.0122831,2.14168
0.0122932,2.1438
0.0123001,2.14602
0.0123099,2.14824
0.0123167,2.15055
0.0123236,2.15282
0.0123331,2.15519
0.0123396,2.1576
0.0123464,2.15989
0.012356,2.16221
0.0123632,2.16434
0.0123699,2.16665
0.0123796,2.16892
0.0123863,2.17127
0.0123929,2.17368
0.0124026,2.17595
0.012412,2.1784
0.012419,2.18061
0.0124256,2.18296
0.0124325,2.1852
0.0124422,2.18751
0.0124487,2.18992
0.0124583,2.19227
0.012465,2.1946
0.0124721,2.19675
0.012482,2.1989
0.0124894,2.20095
0.0124996,2.20296
0.0125069,2.20502
0.0125143,2.20707
0.0125243,2.20919
0.0125345,2.21123
0.0125414,2.21346
0.0125512,2.21575
0.012558,2.21801
0.0125674,2.22042
0.0125741,2.22277
0.0125835,2.22524
0.0125898,2.22773
0.0125991,2.23025
0.0126052,2.23285
0.0126148,2.23519
0.0126211,2.23771
0.0126306,2.2401
0.0126369,2.24259
0.0126437,2.24488
0.0126535,2.24712
0.01266,2.24955
0.0126699,2.25178
0.0126765,2.25414
0.0126839,2.25612
0.0126938,2.25832
0.0127042,2.26029
0.0127116,2.26232
0.0127217,2.26438
0.0127292,2.26633
0.0127365,2.26842
0.0127469,2.27035
0.0127542,2.2724
0.0127644,2.27446
0.0127715,2.27661
0.0127785,2.27882
0.0127884,2.28102
0.0127951,2.28332
0.0128017,2.28572
0.0128079,2.28827
0.0128173,2.29072
0.0128268,2.2931
0.0128333,2.29555
0.01284,2.29787
0.0128524,2.30025
0.0128592,2.30255
0.0128691,2.30474
0.012876,2.30698
0.0128864,2.30895
0.0128936,2.31105
0.0129039,2.31304
0.0129112,2.31508
0.0129216,2.31703
0.012929,2.31905
0.0129391,2.32115
0.0129467,2.32305
0.0129568,2.32516
0.0129643,2.3271
0.0129744,2.3292
0.012982,2.33113
0.0129924,2.33306
0.0129998,2.33506
0.0130103,2.33702
0.0130177,2.33901
0.0130281,2.34094
0.0130355,2.34296
0.013043,2.34494
0.0130535,2.34682
0.013061,2.34876
0.0130689,2.35057
0.0130793,2.3525
0.013087,2.35437
0.0130947,2.35625
0.0131052,2.35816
0.0131128,2.36005
0.0131231,2.36205
0.0131308,2.36391
0.0131385,2.36579
0.0131459,2.36776
0.0131532,2.36981
0.0131604,2.37191
0.0131708,2.37388
0.0131781,2.37594
0.0131885,2.37786
0.0131957,2.37998
0.013203,2.38203
0.0132102,2.38413
0.01322,2.38636
0.0132273,2.38842
0.0132372,2.39059
0.0132442,2.3928
0.0132509,2.39514
0.0132605,2.39746
0.0132674,2.39973
0.013277,2.40203
0.013284,2.40428
0.0132904,2.40672
0.0133001,2.40902
0.0133068,2.41134
0.0133165,2.41361
0.0133237,2.41575
0.0133306,2.41796
0.0133379,2.42004
0.0133478,2.42219
0.013358,2.42426
0.0133653,2.42632
0.0133728,2.42828
0.0133803,2.43026
0.0133905,2.43228
0.013398,2.43424
0.0134079,2.4364
0.0134152,2.4385
0.0134223,2.44062
0.0134322,2.44282
0.0134395,2.44486
0.0134494,2.44709
0.0134565,2.44921
0.0134636,2.4514
0.0134732,2.45368
0.0134802,2.45593
0.0134872,2.45809
0.0134971,2.46029
0.013504,2.46253
0.013511,2.46472
0.0135207,2.46699
0.0135275,2.46929
0.0135374,2.47148
0.0135442,2.47376
0.0135516,2.47579
0.0135615,2.47798
0.0135716,2.48004
0.0135789,2.48214
0.013586,2.48426
0.0135965,2.4862
0.0136071,2.48806
0.0136151,2.48976
0.0136226,2.49171
0.0136303,2.49359
0.0136377,2.4956
0.0136508,2.49763
0.0136582,2.49963
0.0136654,2.50175
0.0136727,2.50378
0.0136825,2.50602
0.0136893,2.5083
0.0136989,2.51063
0.0137057,2.51292
0.0137126,2.51519
0.0137192,2.51754
0.0137292,2.51969
0.0137363,2.52186
0.0137468,2.52378
0.0137544,2.52567
0.013765,2.52754
0.0137729,2.52931
0.0137836,2.53112
0.0137916,2.53281
0.0137997,2.5345
0.0138107,2.53616
0.0138188,2.53784
0.0138296,2.53961
0.0138375,2.54138
0.0138453,2.54319
0.0138561,2.54498
0.0138638,2.54685
0.0138744,2.54867
0.0138822,2.55047
0.0138901,2.55228
0.0138981,2.55397
0.0139089,2.55575
0.0139169,2.55748
0.0139248,2.55922
0.0139355,2.56103
0.0139435,2.56277
0.0139508,2.56483
0.0139582,2.56683
0.0139654,2.56893
0.0139756,2.57099
0.0139828,2.57307
0.0139928,2.57522
0.0139973,2.57722
0.0140072,2.5794
0.0140146,2.58142
0.0140219,2.58349
0.0140326,2.58528
0.0140408,2.58692
0.0140518,2.58857
0.0140602,2.59013
0.0140681,2.59187
0.0140763,2.59352
0.0140868,2.59539
0.0140948,2.59715
0.0141026,2.59896
0.014113,2.60089
0.0141206,2.60279
0.0141276,2.60501
0.0141344,2.60728
0.014144,2.6096
0.0141511,2.61178
0.0141583,2.61389
0.0141682,2.61605
0.0141754,2.61814
0.0141824,2.62034
0.0141898,2.62234
0.0141972,2.62435
0.0142075,2.62637
0.0142151,2.62825
0.0142225,2.63027
0.0142302,2.63211
0.0142377,2.63408
0.0142454,2.63596
0.0142557,2.63796
0.0142632,2.63991
0.0142707,2.64186
0.0142781,2.64388
0.0142855,2.64587
0.0142927,2.64796
0.0142999,2.65006
0.0143072,2.65212
0.0143145,2.65418
0.0143248,2.65614
0.0143321,2.65826
0.0143393,2.66035
0.0143463,2.66252
0.0143535,2.66459
0.0143608,2.66664
0.0143709,2.66877
0.0143784,2.67072
0.0143853,2.67294
0.0143954,2.67504
0.0144054,2.67723
0.0144123,2.67945
0.0144223,2.68159
0.0144292,2.68383
0.0144364,2.68592
0.0144465,2.68803
0.0144567,2.69004
0.014461,2.69219
0.0144711,2.6943
0.0144783,2.69639
0.0144883,2.69851
0.0144958,2.70046
0.014506,2.70252
0.0145135,2.70448
0.0145237,2.70653
0.014531,2.7086
0.0145383,2.71062
0.0145453,2.71285
0.0145524,2.71498
0.0145621,2.71727
0.0145691,2.71947
0.0145791,2.72161
0.0145859,2.72388
0.0145929,2.72608
0.0146023,2.7285
0.014612,2.73081
0.0146187,2.73316
0.0146255,2.73541
0.0146353,2.73766
0.0146423,2.73987
0.0146523,2.74201
0.0146621,2.74425
0.0146693,2.74636
0.0146762,2.74858
0.0146859,2.75086
0.014693,2.75301
0.0147,2.75521
0.0147104,2.75717
0.0147174,2.75936
0.0147275,2.76146
0.0147346,2.76363
0.0147445,2.76579
0.0147516,2.76796
0.0147612,2.77027
0.0147683,2.77245
0.0147777,2.77484
0.0147847,2.77706
0.0147942,2.77941
0.0148009,2.78177
0.0148075,2.78414
0.0148167,2.7867
0.0148231,2.78914
0.0148294,2.79167
0.014839,2.79404
0.0148458,2.79633
0.0148555,2.7986
0.0148625,2.80081
0.0148721,2.80312
0.0148793,2.80524
0.014889,2.80751
0.0148989,2.80971
0.014906,2.81185
0.0149132,2.81395
0.0149234,2.816
0.0149333,2.81816
0.0149405,2.82033
0.0149501,2.82266
0.0149597,2.82497
0.0149666,2.82721
0.0149762,2.82953
0.0149834,2.83167
0.0149931,2.83394
0.0150001,2.83614
0.0150097,2.83849
0.0150164,2.84082
0.015026,2.84313
0.0150327,2.84548
0.0150395,2.84778
0.0150488,2.85024
0.0150556,2.85253
0.015065,2.85498
0.0150714,2.85744
0.015081,2.8598
0.0150906,2.86212
0.0150976,2.86429
0.0151073,2.86659
0.0151174,2.8687
0.0151243,2.87093
0.0151344,2.87302
0.0151417,2.87508
0.0151517,2.87721
0.0151591,2.87923
0.015166,2.88146
0.015176,2.88361
0.015186,2.88576
0.0151932,2.8879
0.0152,2.89014
0.0152096,2.89247
0.0152195,2.8947
0.0152262,2.89704
0.015233,2.89931
0.0152396,2.9017
0.0152491,2.90409
0.0152557,2.90647
0.0152649,2.90897
0.0152718,2.91124
0.0152785,2.91355
0.0152883,2.91579
0.0152981,2.91805
0.015305,2.92029
0.0153148,2.9225
0.0153247,2.92473
0.0153319,2.92681
0.0153392,2.9289
0.0153494,2.93094
0.0153596,2.93299
0.0153666,2.93517
0.0153739,2.93724
0.0153835,2.93955
0.0153905,2.94173
0.0154006,2.94383
0.0154079,2.94589
0.0154179,2.94803
0.0154248,2.95027
0.0154346,2.95253
0.0154412,2.95493
0.0154479,2.95723
0.0154576,2.95954
0.0154673,2.96184
0.0154741,2.96411
0.0154836,2.96651
0.0154903,2.96886
0.0154997,2.97124
0.0155064,2.97362
0.0155158,2.97602
0.0155224,2.97841
0.015532,2.98073
0.0155415,2.98314
0.0155482,2.98546
0.0155578,2.98783
0.0155645,2.99014
0.0155742,2.99243
0.0155806,2.99492
0.0155903,2.99721
0.0155967,2.99967
0.0156063,3.00199
0.0156133,3.00421
0.0156203,3.00636
0.0156304,3.0085
0.0156371,3.01082
0.015644,3.01306
0.0156506,3.01546
0.0156604,3.0177
0.0156698,3.02013
0.0156763,3.02255
0.0156828,3.02497
0.015692,3.02753
0.0157011,3.03006
0.0157071,3.03275
0.0157161,3.03536
0.0157251,3.038
0.0157312,3.04064
0.0157376,3.04309
0.0157468,3.04563
0.0157565,3.04793
0.015763,3.05034
0.0157726,3.05266
0.0157794,3.05495
0.0157891,3.05724
0.0157962,3.0594
0.0158058,3.06169
0.0158129,3.06391
0.0158228,3.06609
0.0158297,3.06832
0.0158394,3.07062
0.0158456,3.07317
0.0158548,3.0757
0.0158635,3.07845
0.0158696,3.0811
0.0158754,3.08383
0.0158842,3.08658
0.01589,3.08931
0.0158981,3.09236
0.0159039,3.09516
0.0159122,3.09807
0.0159211,3.10076
0.0159272,3.10338
0.0159364,3.10588
0.0159429,3.10831
0.0159522,3.11081
0.0159588,3.11318
0.0159681,3.11565
0.0159749,3.11795
0.0159843,3.12041
0.0159908,3.12284
0.0160003,3.1252
0.0160064,3.12782
0.0160155,3.13039
0.0160214,3.13312
0.0160301,3.13588
0.0160359,3.13867
0.0160472,3.14151
0.016053,3.14433
0.0160614,3.14719
0.01607,3.15003
0.0160783,3.15297
0.0160868,3.15586
0.0160952,3.15875
0.0161034,3.16171
0.016112,3.16457
0.0161202,3.16756
0.0161257,3.17047
0.0161367,3.17351
0.0161419,3.17653
0.0161502,3.17949
0.0161587,3.18236
0.0161672,3.18521
0.0161753,3.18825
0.0161808,3.19116
0.0161891,3.19412
0.0161975,3.19704
0.0162062,3.19979
0.0162148,3.20259
0.0162208,3.20528
0.0162294,3.20806
0.0162381,3.21085
0.0162469,3.21356
0.0162557,3.21626
0.0162644,3.21904
0.0162732,3.22177
0.0162793,3.22437
0.016291,3.22711
0.016297,3.22978
0.0163056,3.23259
0.016314,3.23549
0.0163225,3.23834
0.0163307,3.24137
0.0163362,3.24425
0.0163446,3.24715
0.0163528,3.25015
0.016358,3.25319
0.0163659,3.2563
0.0163743,3.25925
0.0163825,3.26225
0.0163911,3.26506
0.0163995,3.26796
0.0164082,3.27072
0.016417,3.27345
0.0164257,3.2762
0.0164347,3.27883
0.0164437,3.28148
0.0164528,3.28401
0.0164619,3.28661
0.0164709,3.28922
0.01648,3.29178
0.0164888,3.29451
0.0164978,3.29715
0.0165064,3.29996
0.0165123,3.30264
0.0165212,3.30533
0.0165299,3.30811
0.0165386,3.31087
0.0165471,3.31374
0.0165558,3.31648
0.0165615,3.31929
0.0165705,3.32192
0.0165795,3.32451
0.0165859,3.32701
0.0165953,3.32942
0.0166044,3.33197
0.016614,3.33434
0.0166235,3.33673
0.0166305,3.33896
0.0166402,3.3412
0.0166498,3.34355
0.0166565,3.34589
0.0166658,3.34836
0.0166722,3.35085
0.0166813,3.35344
0.0166903,3.35602
0.0166992,3.35872
0.0167078,3.3615
0.0167166,3.36423
0.0167224,3.36699
0.0167313,3.36966
0.0167401,3.37239
0.0167459,3.37517
0.0167549,3.37778
0.0167637,3.38048
0.01677,3.38303
0.0167792,3.38555
0.0167884,3.38805
0.0167975,3.39064
0.0168064,3.39331
0.0168155,3.39592
0.0168242,3.39864
0.0168302,3.40132
0.0168417,3.40412
0.0168475,3.40688
0.0168563,3.40961
0.0168647,3.41254
0.0168732,3.41536
0.0168817,3.41825
0.0168876,3.42093
0.0168993,3.42366
0.0169056,3.42621
0.0169148,3.4287
0.0169239,3.43129
0.0169331,3.43382
0.0169392,3.43646
0.0169483,3.43901
0.0169573,3.44162
0.0169632,3.44432
0.0169719,3.44715
0.0169801,3.45011
0.0169884,3.45307
0.0169964,3.45619
0.0170044,3.45923
0.0170097,3.46228
0.0170176,3.46537
0.0170259,3.46837
0.017031,3.47144
0.0170424,3.47429
0.017051,3.47708
0.0170599,3.47978
0.0170657,3.48253
0.0170744,3.48528
0.0170834,3.4879
0.0170921,3.49068
0.017101,3.49333
0.0171067,3.49616
0.0171183,3.49897
0.0171237,3.50188
0.0171318,3.50496
0.0171399,3.50797
0.0171445,3.51132
0.0171522,3.51456
0.0171595,3.51799
0.0171698,3.52138
0.0171771,3.52481
0.0171842,3.52831
0.0171915,3.53173
0.0171987,3.5352
0.017209,3.53858
0.0172135,3.542
0.0172213,3.54518
0.0172291,3.54834
0.0172368,3.55158
0.0172448,3.55468
0.0172553,3.55799
0.0172604,3.5611
0.0172711,3.56424
0.017279,3.56737
0.0172867,3.57062
0.0172943,3.57396
0.0173019,3.57721
0.0173095,3.58049
0.0173173,3.58367
0.0173253,3.58679
0.0173334,3.58983
0.0173416,3.59284
0.0173495,3.59598
0.0173549,3.59896
0.0173661,3.60192
0.0173746,3.60474
0.0173829,3.60768
0.0173911,3.61071
0.0173993,3.61373
0.0174069,3.61695
0.0174148,3.62014
0.0174221,3.62358
0.0174294,3.62702
0.0174364,3.63056
0.0174433,3.63419
0.0174532,3.63776
0.0174572,3.64136
0.0174643,3.64489
0.0174715,3.64838
0.0174818,3.65171
0.0174896,3.65489
0.0174978,3.65793
0.0175034,3.6608
0.0175146,3.66373
0.0175206,3.6664
0.0175323,3.66913
0.0175381,3.67189
0.0175467,3.67472
0.0175548,3.67774
0.0175628,3.6808
0.0175706,3.68405
0.0175782,3.6873
0.0175857,3.69066
0.0175957,3.69419
0.0175997,3.6978
0.0176064,3.7015
0.0176135,3.70502
0.0176234,3.70861
0.0176307,3.71201
0.0176383,3.7153
0.0176459,3.7186
0.0176538,3.72173
0.0176618,3.72486
0.0176702,3.72774
0.0176756,3.73067
0.017687,3.73354
0.0176956,3.73636
0.017704,3.73929
0.0177125,3.74214
0.0177204,3.74526
0.0177285,3.74832
0.0177362,3.75154
0.0177437,3.75487
0.0177512,3.75826
0.0177585,3.76165
0.017766,3.76497
0.0177733,3.76842
0.017781,3.77164
0.0177887,3.77491
0.0177965,3.77809
0.0178046,3.7811
0.017813,3.78406
0.0178247,3.78675
0.0178305,3.78954
0.017842,3.7923
0.0178505,3.79518
0.0178586,3.79822
0.0178666,3.8013
0.0178745,3.80448
0.0178854,3.80756
0.0178899,3.81095
0.0179,3.81441
0.0179072,3.81789
0.0179115,3.8214
0.0179188,3.82479
0.0179264,3.82811
0.0179342,3.8313
0.0179451,3.83438
0.017953,3.83753
0.0179612,3.84052
0.0179693,3.84359
0.0179777,3.84647
0.0179887,3.84951
0.0179941,3.8525
0.0180048,3.85569
0.0180124,3.85897
0.01802,3.86223
0.0180272,3.86571
0.0180346,3.86911
0.0180443,3.87278
0.0180484,3.87632
0.018058,3.88002
0.0180646,3.88381
0.0180714,3.88747
0.0180811,3.89115
0.0180883,3.8946
0.0180954,3.89812
0.0181057,3.90149
0.0181132,3.90483
0.0181207,3.90818
0.0181316,3.91127
0.0181366,3.91442
0.0181478,3.91736
0.0181559,3.92046
0.0181638,3.92356
0.0181745,3.92675
0.018182,3.93007
0.0181895,3.93344
0.0181995,3.93697
0.0182067,3.94043
0.0182135,3.94411
0.0182229,3.94788
0.0182295,3.95168
0.0182355,3.95568
0.0182451,3.95944
0.0182514,3.96331
0.0182583,3.96691
0.0182651,3.97058
0.0182723,3.97406
0.0182826,3.97745
0.01829,3.98085
0.0182976,3.98415
0.0183079,3.98748
0.0183158,3.99065
0.0183233,3.99398
0.0183337,3.99732
0.0183411,4.0007
0.0183509,4.00429
0.0183579,4.00788
0.0183675,4.0116
0.0183743,4.01526
0.0183811,4.01894
0.0183907,4.02266
0.0183978,4.02617
0.0184049,4.02971
0.0184154,4.03298
0.0184231,4.03623
0.0184311,4.03929
0.0184419,4.04247
0.0184496,4.04569
0.0184576,4.04882
0.0184682,4.05204
0.0184762,4.05512
0.0184836,4.05849
0.0184909,4.06195
0.0184979,4.06552
0.0185074,4.06925
0.0185142,4.07292
0.0185238,4.07666
0.0185306,4.08034
0.0185372,4.08406
0.0185445,4.08751
0.018555,4.09081
0.0185627,4.09404
0.0185708,4.09705
0.0185818,4.10013
0.0185874,4.10298
0.0185988,4.10587
0.0186102,4.10871
0.0186158,4.11156
0.0186267,4.11467
0.0186343,4.11791
0.0186411,4.12162
0.0186507,4.12532
0.0186569,4.12929
0.0186656,4.13338
0.0186715,4.13747
0.0186803,4.14159
0.0186835,4.14559
0.0186926,4.14952
0.0186993,4.15328
0.0187062,4.15689
0.0187166,4.16022
0.0187246,4.1633
0.0187328,4.16629
0.0187446,4.16898
0.0187502,4.17182
0.0187616,4.1747
0.0187667,4.17777
0.0187773,4.18099
0.0187851,4.18422
0.0187922,4.18776
0.0187989,4.19147
0.0188051,4.19538
0.0188112,4.1994
0.0188199,4.20352
0.0188257,4.20764
0.0188319,4.21158
0.0188383,4.21549
0.0188481,4.2191
0.0188523,4.2226
0.0188628,4.22591
0.0188709,4.22895
0.0188791,4.23194
0.0188905,4.23481
0.0188986,4.23784
0.0189067,4.24088
0.0189175,4.24407
0.0189251,4.24735
0.0189324,4.25078
0.0189389,4.25458
0.0189454,4.25838
0.0189515,4.26238
0.0189575,4.26641
0.0189664,4.27043
0.0189723,4.27452
0.0189788,4.27835
0.0189855,4.28211
0.0189926,4.28563
0.0190029,4.28899
0.0190108,4.2921
0.019019,4.29515
0.0190299,4.29821
0.019038,4.30127
0.019046,4.3044
0.019057,4.30742
0.0190646,4.31073
0.0190715,4.31432
0.0190811,4.31801
0.0190872,4.32201
0.0190932,4.32607
0.0191015,4.3304
0.0191067,4.33483
0.019112,4.33919
0.0191204,4.34346
0.0191291,4.34764
0.0191321,4.35173
0.0191417,4.35544
0.0191485,4.35912
0.0191586,4.36258
0.0191662,4.36588
0.0191771,4.36895
0.0191885,4.37183
0.0191938,4.37482
0.0192046,4.37798
0.0192148,4.38137
0.0192251,4.38477
0.0192319,4.38846
0.0192409,4.39243
0.019247,4.39646
0.0192554,4.40073
0.0192608,4.40506
0.0192658,4.40955
0.0192739,4.41397
0.0192824,4.41822
0.0192883,4.42234
0.0192945,4.42627
0.0193039,4.43007
0.0193139,4.43358
0.019324,4.43708
0.0193311,4.44059
0.0193386,4.44394
0.0193459,4.44738
0.019356,4.45082
0.0193627,4.45458
0.019372,4.45841
0.0193811,4.46237
0.019384,4.46646
0.0193928,4.47061
0.0194012,4.47486
0.019407,4.47904
0.0194126,4.48322
0.0194187,4.48725
0.0194276,4.49127
0.019434,4.49517
0.0194436,4.49884
0.0194505,4.50249
0.0194578,4.50589
0.0194679,4.50936
0.0194781,4.51282
0.0194881,4.51631
0.0194948,4.52007
0.0195044,4.52376
0.0195108,4.52762
0.019517,4.53156
0.0195256,4.53577
0.0195311,4.54004
0.0195393,4.54438
0.0195475,4.5488
0.0195529,4.5531
0.0195581,4.55756
0.0195666,4.56174
0.0195754,4.56586
0.0195817,4.56977
0.0195885,4.57344
0.0195979,4.57724
0.0196077,4.58084
0.0196144,4.5846
0.0196243,4.58815
0.0196341,4.59178
0.0196409,4.59545
0.0196502,4.59928
0.0196563,4.60327
0.0196652,4.60733
0.0196737,4.61158
0.0196794,4.61573
0.0196879,4.62
0.0196932,4.62436
0.0197016,4.62863
0.019707,4.633
0.0197157,4.63709
0.0197244,4.64124
0.0197306,4.64524
0.0197395,4.64926
0.0197457,4.6532
0.019755,4.65708
0.0197612,4.66101
0.0197676,4.66486
0.0197768,4.66877
0.0197834,4.67255
0.0197927,4.67639
0.019799,4.68027
0.0198053,4.68418
0.0198143,4.68817
0.0198207,4.69205
0.0198299,4.69594
0.0198391,4.69985
0.0198425,4.70375
0.0198513,4.70781
0.0198605,4.71175
0.0198663,4.71587
0.0198722,4.71996
0.0198808,4.72414
0.0198894,4.72835
0.0198953,4.73244
0.0199011,4.73659
0.01991,4.74062
0.0199188,4.74474
0.0199248,4.74877
0.0199337,4.75283
0.0199401,4.75669
0.0199467,4.76041
0.019956,4.76427
0.0199627,4.76801
0.0199719,4.77191
0.0199782,4.77582
0.0199902,4.77976
0.0199962,4.78382
0.0200021,4.78788
0.0200106,4.79212
0.0200162,4.79633
0.0200219,4.80057
0.0200305,4.80475
0.020039,4.80899
0.0200473,4.8133
0.020056,4.81745
0.0200646,4.82163
0.0200734,4.82575
0.020079,4.82993
0.0200876,4.83414
0.020096,4.83841
0.0201043,4.84278
0.0201128,4.84699
0.0201208,4.85147
0.0201286,4.85602
0.0201335,4.86063
0.020141,4.86533
0.0201487,4.86991
0.0201564,4.87455
0.0201615,4.879
0.0201695,4.88349
0.0201776,4.88794
0.0201857,4.89234
0.0201941,4.89661
0.020203,4.90064
0.0202145,4.90488
0.0202203,4.90897
0.0202319,4.91312
0.0202405,4.9173
0.0202462,4.92154
0.0202543,4.92594
0.0202623,4.93039
0.02027,4.93506
0.0202776,4.9397
0.0202849,4.94446
0.0202922,4.94928
0.0202998,4.95398
0.0203072,4.95871
0.0203148,4.96335
0.0203221,4.96817
0.0203298,4.97281
0.0203373,4.97751
0.0203451,4.98209
0.0203531,4.98654
0.0203611,4.99103
0.0203694,4.99536
0.0203771,4.99997
0.0203849,5.00455
0.0203927,5.0091
0.0204005,5.01367
0.0204085,5.01813
0.0204163,5.02274
0.0204243,5.02716
0.020432,5.0318
0.0204371,5.03626
0.0204449,5.04084
0.0204527,5.04541
0.0204608,5.04987
0.0204688,5.05429
0.020477,5.05866
0.0204878,5.0632
0.0204959,5.06763
0.0205038,5.07215
0.0205087,5.07675
0.0205164,5.08133
0.020524,5.086
0.0205318,5.09058
0.0205391,5.09537
0.0205465,5.1001
0.0205542,5.10471
0.0205619,5.10938
0.0205696,5.11399
0.0205768,5.11884
0.0205844,5.12348
0.0205921,5.12809
0.0206,5.13263
0.0206081,5.13706
0.0206161,5.14154
0.0206241,5.14597
0.0206319,5.15055
0.0206399,5.15503
0.0206479,5.15952
0.020656,5.16394
0.0206642,5.16834
0.0206721,5.17282
0.0206804,5.17719
0.0206884,5.18164
0.0206965,5.18604
0.0207044,5.19062
0.0207119,5.19532
0.0207196,5.19992
0.020727,5.20465
0.0207376,5.20929
0.0207449,5.21408
0.0207524,5.21878
0.0207598,5.22357
0.020767,5.22843
0.0207745,5.23313
0.0207845,5.23801
0.0207924,5.24256
0.0207971,5.2472
0.020805,5.25171
0.0208131,5.25614
0.0208211,5.26059
0.0208295,5.26493
0.0208377,5.26929
0.0208462,5.2735
0.0208547,5.27777
0.0208604,5.28192
0.0208691,5.28611
0.0208774,5.29041
0.0208858,5.29468
0.0208939,5.29911
0.0209023,5.30344
0.0209102,5.30793
0.020918,5.31251
0.020926,5.317
0.0209336,5.32164
0.0209415,5.32618
0.020949,5.33085
0.0209568,5.33546
0.0209645,5.34004
0.0209724,5.34455
0.0209803,5.34907
0.0209879,5.35371
0.0209959,5.35823
0.0210035,5.36286
0.0210145,5.36729
0.0210198,5.37171
0.0210278,5.3762
0.021036,5.38053
0.0210439,5.38505
0.0210549,5.38948
0.0210629,5.39399
0.021071,5.39839
0.0210818,5.40293
0.0210867,5.40748
0.0210972,5.41212
0.0211018,5.41685
0.0211096,5.42143
0.021117,5.42616
0.0211245,5.43089
0.021135,5.43553
0.0211425,5.44026
0.0211473,5.44487
0.0211548,5.4496
0.0211623,5.4543
0.0211698,5.45899
0.0211776,5.4636
0.0211824,5.46818
0.0211901,5.47279
0.0211979,5.47737
0.0212057,5.48194
0.0212137,5.4864
0.0212244,5.49098
0.0212324,5.49549
0.0212405,5.49989
0.0212484,5.50441
0.0212562,5.50895
0.0212637,5.51365
0.0212715,5.51826
0.0212792,5.52284
0.0212897,5.52751
0.0212972,5.53224
0.0213045,5.53703
0.0213149,5.54173
0.0213223,5.54655
0.0213296,5.55131
0.0213367,5.55622
0.0213439,5.56105
0.0213514,5.56578
0.0213614,5.57069
0.0213657,5.57554
0.0213757,5.58042
0.0213829,5.58528
0.02139,5.59019
0.0213969,5.59516
0.0214042,5.59999
0.0214114,5.60484
0.0214186,5.60969
0.0214253,5.61476
0.0214353,5.6197
0.0214424,5.62458
0.0214493,5.62956
0.0214593,5.63447
0.0214664,5.63938
0.0214738,5.64415
0.0214809,5.64903
0.0214881,5.65388
0.0214954,5.65867
0.0215058,5.6634
0.0215133,5.6681
0.0215203,5.67308
0.0215274,5.67799
0.0215373,5.6829
0.0215443,5.68788
0.0215511,5.69291
0.0215576,5.6981
0.021567,5.70329
0.0215731,5.70863
0.0215792,5.71403
0.0215855,5.71931
0.021592,5.7245
0.0215987,5.72956
0.021608,5.73484
0.0216147,5.73988
0.0216215,5.74491
0.0216286,5.74986
0.0216356,5.75477
0.0216427,5.75968
0.0216502,5.76441
0.0216569,5.76951
0.0216665,5.77458
0.021676,5.77973
0.0216825,5.78492
0.0216887,5.7902
0.0216947,5.79566
0.0217039,5.80091
0.0217099,5.80632
0.0217162,5.81166
0.021725,5.81706
0.0217315,5.82231
0.0217381,5.82743
0.0217471,5.83277
0.0217537,5.83793
0.0217631,5.84315
0.0217697,5.84825
0.0217789,5.85356
0.0217882,5.85874
0.0217946,5.86399
0.0218006,5.86946
0.0218092,5.87498
0.0218147,5.88063
0.0218234,5.88615
0.021832,5.89173
0.0218403,5.89741
0.021846,5.90303
0.0218512,5.90882
0.0218564,5.91459
0.0218644,5.92042
0.021873,5.92604
0.0218788,5.93153
0.0218876,5.93702
0.0218966,5.94236
0.0219054,5.94783
0.0219118,5.9531
0.0219178,5.95848
0.021927,5.96376
0.0219332,5.9691
0.021942,5.97459
0.0219506,5.98014
0.0219558,5.98594
0.0219641,5.99168
0.021969,5.9976
0.0219741,6.00343
0.021982,6.00935
0.0219869,6.0153
0.0219923,6.02101
0.0219978,6.02668
0.0220068,6.03199
0.0220128,6.03743
0.022022,6.0427
0.0220286,6.04789
0.0220407,6.05317
0.0220471,6.05836
0.0220562,6.0637
0.0220654,6.06901
0.0220712,6.0745
0.0220796,6.08018
0.0220878,6.08595
0.0220927,6.0919
0.0220975,6.09788
0.0221048,6.10408
0.0221122,6.11018
0.0221165,6.11637
0.0221268,6.12251
0.0221313,6.12867
0.0221386,6.13484
0.0221462,6.14091
0.0221538,6.14695
0.0221617,6.15281
0.0221669,6.15864
0.0221749,6.16447
0.0221832,6.17021
0.0221883,6.17604
0.0221994,6.1818
0.0222046,6.18763
0.0222097,6.19343
0.0222178,6.19926
0.0222254,6.2053
0.0222301,6.21131
0.0222348,6.21736
0.0222425,6.22334
0.0222503,6.22929
0.0222552,6.23524
0.0222629,6.24122
0.0222707,6.24717
0.0222757,6.25306
0.0222835,6.25898
0.0222917,6.26478
0.0222969,6.27058
0.0223047,6.27653
0.0223126,6.28242
0.0223173,6.28846
0.0223249,6.29447
0.0223295,6.30058
0.0223367,6.30683
0.0223408,6.31315
0.0223506,6.3195
0.0223547,6.32582
0.0223616,6.33222
0.0223687,6.33845
0.0223755,6.34489
0.0223796,6.35124
0.0223866,6.35752
0.0223937,6.36381
0.0224014,6.36979
0.0224091,6.3758
0.0224139,6.38182
0.0224215,6.38783
0.0224292,6.39384
0.0224339,6.39988
0.0224412,6.40605
0.0224485,6.41224
0.0224555,6.41856
0.0224594,6.42497
0.0224658,6.43156
0.0224721,6.43824
0.0224783,6.44496
0.0224841,6.45179
0.0224903,6.45854
0.0224962,6.46537
0.0225026,6.472
0.0225092,6.47853
0.0225128,6.48509
0.0225224,6.49156
0.0225261,6.49806
0.0225328,6.5045
0.0225394,6.51103
0.0225433,6.51747
0.0225496,6.52412
0.022556,6.53071
0.0225624,6.5373
0.0225685,6.54408
0.0225746,6.55082
0.0225805,6.55766
0.0225864,6.56449
0.0225923,6.57136
0.0226011,6.5782
0.022607,6.58503
0.0226128,6.59196
0.0226186,6.59883
0.0226241,6.60585
0.0226325,6.6129
0.0226351,6.61994
0.0226434,6.62702
0.0226489,6.63404
0.0226543,6.64112
0.0226597,6.6482
0.0226652,6.65528
0.0226704,6.66243
0.0226755,6.66966
0.0226834,6.67695
0.0226885,6.68415
0.0226934,6.69148
0.0227014,6.69871
0.0227034,6.70603
0.0227112,6.71336
0.022716,6.72071
0.0227207,6.72813
0.0227286,6.73542
0.0227334,6.74275
0.0227384,6.75004
0.0227463,6.7573
0.0227512,6.76463
0.0227562,6.77192
0.0227638,6.77934
0.0227684,6.78678
0.022773,6.79426
0.0227805,6.80171
0.0227878,6.80925
0.0227922,6.81681
0.0227995,6.82438
0.0228034,6.83219
0.0228104,6.83988
0.0228176,6.84751
0.0228218,6.85514
0.0228261,6.86274
0.0228331,6.87043
0.0228404,6.878
0.0228418,6.8856
0.0228493,6.89308
0.0228539,6.90052
0.0228615,6.90797
0.0228662,6.91539
0.0228736,6.92289
0.0228782,6.93034
0.0228827,6.93785
0.0228875,6.9452
0.022895,6.95268
0.0228996,6.96015
0.0229071,6.9676
0.0229144,6.97517
0.0229191,6.98262
0.0229261,6.99031
0.0229332,6.99794
0.0229374,7.0056
0.0229443,7.01335
0.0229482,7.02113
0.0229518,7.02906
0.0229613,7.03694
0.0229646,7.04499
0.0229712,7.05293
0.0229776,7.06092
0.0229839,7.06892
0.0229873,7.07698
0.0229936,7.08503
0.0230002,7.09291
0.0230036,7.1009
0.02301,7.1089
0.0230164,7.11689
0.0230226,7.12495
0.0230261,7.13295
0.0230322,7.14112
0.0230386,7.14906
0.0230448,7.15711
0.023051,7.16523
0.02306,7.17335
0.023066,7.18153
0.0230721,7.18971
0.0230779,7.19795
0.0230808,7.20619
0.0230866,7.21449
0.0230953,7.22273
0.0231011,7.23103
0.0231065,7.23945
0.0231121,7.24787
0.0231146,7.2563
0.0231199,7.26478
0.0231283,7.2732
0.0231337,7.28169
0.0231391,7.29017
0.0231441,7.29878
0.0231527,7.30708
0.0231581,7.31562
0.0231635,7.32399
0.023169,7.33247
0.0231771,7.34101
0.0231855,7.34944
0.0231907,7.35798
0.0231988,7.36653
0.0232039,7.37513
0.0232117,7.38386
0.0232163,7.39265
0.0232208,7.40156
0.0232256,7.41029
0.0232328,7.41932
0.023237,7.42836
0.023244,7.43739
0.0232484,7.44636
0.0232529,7.45521
0.0232599,7.4643
0.0232642,7.47328
0.0232713,7.48231
0.0232787,7.49122
0.0232832,7.50007
0.0232876,7.50898
0.0232952,7.51783
0.0233025,7.52674
0.023307,7.53566
0.0233112,7.54469
0.0233188,7.55348
0.023326,7.56245
0.0233303,7.57142
0.0233349,7.58033
0.0233419,7.5893
0.0233464,7.59822
0.0233538,7.60713
0.0233582,7.61604
0.0233683,7.62507
0.0233726,7.63404
0.0233771,7.64295
0.0233842,7.65193
0.0233916,7.66084
0.0233985,7.66993
0.0234055,7.67903
0.0234095,7.68818
0.0234161,7.69746
0.0234226,7.70674
0.0234262,7.71607
0.0234331,7.72523
0.0234399,7.73439
0.0234437,7.74354
0.0234504,7.75276
0.023454,7.7621
0.0234608,7.77125
0.0234649,7.78041
0.0234721,7.78938
0.0234793,7.79835
0.0234836,7.80732
0.0234906,7.81642
0.0234975,7.82557
0.0235017,7.83454
0.0235086,7.8437
0.0235156,7.85273
0.0235196,7.86189
0.0235263,7.8711
0.023533,7.88032
0.0235397,7.88954
0.0235436,7.89875
0.0235502,7.90803
0.0235537,7.91737
0.023563,7.92671
0.0235664,7.93611
0.0235726,7.94557
0.0235787,7.95509
0.0235878,7.96455
0.0235911,7.97401
0.0235999,7.98359
0.0236058,7.99324
0.0236115,8.00288
0.0236177,8.01234
0.0236207,8.02198
0.0236268,8.03144
0.0236328,8.04097
0.0236388,8.05055
0.0236448,8.06013
0.0236505,8.06983
0.0236592,8.07942
0.023665,8.08912
0.0236705,8.09889
0.0236757,8.10884
0.0236812,8.11866
0.0236895,8.12849
0.0236918,8.13844
0.0237,8.14826
0.0237052,8.15821
0.0237105,8.1681
0.0237186,8.17799
0.0237236,8.18806
0.0237291,8.19789
0.0237373,8.20777
0.0237424,8.21772
0.0237475,8.22767
0.0237556,8.23768
0.0237577,8.24769
0.0237625,8.25776
0.0237703,8.26783
0.023775,8.27803
0.02378,8.28804
0.0237875,8.29829
0.0237921,8.30848
0.0237999,8.31855
0.0238018,8.32868
0.0238097,8.33869
0.0238146,8.34883
0.0238198,8.35878
0.0238278,8.36872
0.023833,8.37867
0.0238381,8.38862
0.0238432,8.39857
0.0238513,8.40852
0.023856,8.41871
0.0238637,8.42884
0.0238684,8.43904
0.0238729,8.44929
0.0238802,8.45954
0.0238845,8.46998
0.0238918,8.4803
0.0238961,8.49061
0.0239033,8.50099
0.0239076,8.5113
0.0239119,8.52168
0.0239193,8.53199
0.0239235,8.54237
0.0239281,8.55256
0.0239325,8.56288
0.023937,8.57319
0.0239444,8.58338
0.0239518,8.5937
0.0239593,8.60389
0.0239669,8.61409
0.0239718,8.62416
0.0239765,8.63429
0.0239843,8.64442
0.023989,8.65455
0.0239963,8.66487
0.0240038,8.67506
0.024008,8.6855
0.0240153,8.69581
0.0240223,8.70625
0.0240261,8.71687
0.0240326,8.72755
0.0240361,8.73829
0.0240424,8.74909
0.0240485,8.75996
0.0240523,8.77058
0.0240585,8.78144
0.0240676,8.79225
0.024071,8.80305
0.0240744,8.81379
0.0240809,8.82453
0.0240872,8.83534
0.0240934,8.84614
0.0240998,8.85688
0.024106,8.86775
0.0241121,8.87861
0.0241182,8.88948
0.0241242,8.90046
0.0241298,8.91151
0.0241327,8.92256
0.0241415,8.93354
0.0241443,8.94465
0.02415,8.9557
0.0241585,8.96681
0.0241643,8.97779
0.0241673,8.98886
0.0241731,8.99984
0.0241791,9.01077
0.0241849,9.02181
0.0241909,9.03274
0.0241967,9.04379
0.0242028,9.05465
0.0242056,9.0657
0.0242139,9.07687
0.0242166,9.08804
0.0242219,9.09927
0.0242275,9.11044
0.0242328,9.12167
0.0242384,9.13278
0.0242467,9.14401
0.0242494,9.15512
0.0242551,9.16622
0.0242609,9.17721
0.0242672,9.18801
0.0242733,9.19894
0.0242796,9.20968
0.0242859,9.22048
0.0242923,9.23123
0.0242987,9.24197
0.0243047,9.25289
0.0243106,9.26388
0.0243133,9.27499
0.0243219,9.28604
0.0243275,9.2972
0.0243327,9.3085
0.0243379,9.31979
0.0243431,9.33114
0.0243483,9.34243
0.0243535,9.35372
0.0243589,9.36495
0.0243643,9.37612
0.0243696,9.38741
0.024375,9.39858
0.0243806,9.40975
0.0243892,9.42086
0.0243919,9.43191
0.0244001,9.4432
0.0244057,9.45437
0.0244111,9.4656
0.0244165,9.47677
0.0244217,9.48806
0.0244298,9.49935
0.024435,9.51071
0.02444,9.52212
0.0244451,9.53347
0.0244498,9.54501
0.0244574,9.55654
0.0244651,9.56808
0.0244696,9.57968
0.0244772,9.59121
0.0244846,9.60293
0.0244893,9.61447
0.0244935,9.62618
0.024501,9.63784
0.0245053,9.64956
0.0245127,9.66122
0.0245201,9.67282
0.0245242,9.68466
0.0245315,9.69637
0.0245356,9.70815
0.02454,9.71987
0.0245471,9.73165
0.0245544,9.74337
0.024559,9.75497
0.0245665,9.76657
0.0245712,9.7781
0.0245756,9.78982
0.0245833,9.80129
0.0245881,9.81277
0.0245959,9.82424
0.0246036,9.83572
0.0246084,9.84725
0.0246133,9.85867
0.024618,9.87026
0.0246285,9.8818
0.0246333,9.89327
0.0246407,9.90493
0.0246481,9.91659
0.0246522,9.92843
0.0246595,9.94009
0.0246668,9.95181
0.0246712,9.96346
0.0246754,9.97531
0.0246824,9.98715
0.0246866,9.99887
0.0246934,10.0108
0.0246976,10.0226
0.0247046,10.0344
0.0247114,10.0464
0.0247183,10.0583
0.0247251,10.0702
0.0247289,10.0821
0.0247383,10.0942
0.0247448,10.1063
0.0247512,10.1184
0.0247576,10.1305
0.024764,10.1426
0.0247703,10.1548
0.0247768,10.1669
0.024783,10.1791
0.0247893,10.1912
0.0247957,10.2033
0.0248022,10.2155
0.0248056,10.2276
0.0248148,10.2398
0.0248183,10.2519
0.0248273,10.2641
0.0248335,10.2763
0.0248394,10.2887
0.024848,10.3012
0.0248539,10.3135
0.0248595,10.326
0.024868,10.3385
0.0248732,10.3512
0.0248781,10.364
0.024883,10.3769
0.0248907,10.3897
0.0248986,10.4026
0.0249034,10.4154
0.0249113,10.4282
0.0249188,10.4412
0.0249236,10.4541
0.0249315,10.4668
0.0249365,10.4796
0.0249416,10.4923
0.0249492,10.5053
0.024954,10.5182
0.0249617,10.531
0.0249664,10.544
0.024974,10.5568
0.0249816,10.5698
0.0249862,10.5828
0.0249933,10.596
0.0249978,10.609
0.0250022,10.622
0.0250098,10.635
0.0250177,10.6477
0.0250223,10.6607
0.0250272,10.6735
0.025035,10.6864
0.0250398,10.6992
0.0250445,10.7122
0.0250523,10.725
0.0250572,10.7379
0.025062,10.7508
0.0250699,10.7635
0.0250744,10.7765
0.025082,10.7895
0.0250896,10.8023
0.0250942,10.8154
0.0251017,10.8283
0.0251091,10.8413
0.0251165,10.8544
0.0251207,10.8675
0.0251248,10.8808
0.0251315,10.8941
0.0251383,10.9074
0.0251451,10.9207
0.0251516,10.9342
0.0251583,10.9475
0.0251649,10.9609
0.0251686,10.9743
0.0251753,10.9876
0.025179,11.0011
0.0251859,11.0143
0.0251927,11.0276
0.0251997,11.0409
0.0252064,11.0542
0.0252132,11.0675
0.0252198,11.0809
0.0252261,11.0944
0.0252326,11.1079
0.0252389,11.1214
0.0252453,11.1349
0.0252515,11.1485
0.0252578,11.1621
0.0252644,11.1755
0.0252709,11.1889
0.0252776,11.2022
0.0252841,11.2157
0.0252908,11.229
0.0253003,11.2425
0.025304,11.2559
0.0253135,11.2693
0.02532,11.2827
0.0253264,11.2962
0.0253324,11.3099
0.0253385,11.3235
0.0253444,11.3372
0.0253534,11.3509
0.0253567,11.3645
0.0253629,11.3781
0.0253693,11.3916
0.0253755,11.4052
0.025379,11.4187
0.0253856,11.4321
0.0253922,11.4455
0.0253987,11.4589
0.0254053,11.4723
0.025412,11.4857
0.0254184,11.4992
0.0254276,11.5127
0.0254341,11.5261
0.0254401,11.5399
0.0254492,11.5534
0.0254521,11.5672
0.0254609,11.581
0.0254668,11.5947
0.0254726,11.6084
0.0254784,11.6222
0.0254838,11.6362
0.0254896,11.65
0.0254951,11.6639
0.0255038,11.6777
0.0255095,11.6916
0.025515,11.7054
0.0255207,11.7193
0.025529,11.7332
0.0255344,11.7472
0.0255425,11.7613
0.0255479,11.7752
0.025556,11.7893
0.0255638,11.8035
0.0255689,11.8177
0.0255765,11.8319
0.0255843,11.8462
0.0255888,11.8606
0.0255964,11.8748
0.025604,11.8891
0.0256085,11.9036
0.0256161,11.9179
0.0256205,11.9323
0.0256279,11.9467
0.0256354,11.9611
0.025643,11.9754
0.0256507,11.9896
0.0256554,12.0039
0.0256632,12.0181
0.0256708,12.0324
0.0256757,12.0467
0.0256805,12.0609
0.0256881,12.0752
0.025696,12.0894
0.0257006,12.1037
0.0257082,12.118
0.0257157,12.1324
0.0257203,12.1467
0.025728,12.161
0.0257357,12.1753
0.0257407,12.1894
0.0257487,12.2035
0.0257568,12.2176
0.0257621,12.2316
0.0257677,12.2455
0.025776,12.2594
0.0257815,12.2734
0.0257899,12.2873
0.0257951,12.3014
0.0258034,12.3153
0.0258086,12.3294
0.0258136,12.3436
0.0258215,12.3577
0.0258293,12.3719
0.0258372,12.3861
0.0258451,12.4002
0.0258502,12.4144
0.025858,12.4286
0.025866,12.4427
0.025871,12.4569
0.0258788,12.471
0.025884,12.4851
0.0258917,12.4994
0.0258994,12.5136
0.0259041,12.5279
0.0259115,12.5423
0.0259188,12.5568
0.0259289,12.5713
0.0259334,12.5857
0.0259433,12.6002
0.0259474,12.6148
0.0259544,12.6294
0.0259615,12.6439
0.0259658,12.6585
0.0259727,12.6731
0.0259801,12.6875
0.025987,12.7021
0.0259941,12.7167
0.0260012,12.7312
0.0260085,12.7456
0.026016,12.76
0.026023,12.7746
0.0260303,12.789
0.0260375,12.8036
0.0260419,12.818
0.026049,12.8325
0.0260562,12.847
0.0260634,12.8615
0.0260705,12.8761
0.0260748,12.8906
0.0260819,12.9051
0.0260891,12.9196
0.0260963,12.9341
0.0261035,12.9486
0.026108,12.963
0.0261154,12.9774
0.026123,12.9917
0.0261276,13.006
0.0261351,13.0203
0.0261426,13.0348
0.0261501,13.0491
0.0261546,13.0635
0.0261647,13.078
0.0261718,13.0925
0.026176,13.107
0.0261831,13.1216
0.0261901,13.1362
0.0261941,13.1508
0.0262011,13.1654
0.0262076,13.1802
0.0262143,13.195
0.026221,13.2097
0.0262277,13.2244
0.0262344,13.2392
0.0262407,13.2541
0.0262499,13.269
0.026256,13.284
0.0262648,13.2992
0.0262706,13.3143
0.0262762,13.3296
0.026282,13.3447
0.0262901,13.3601
0.0262983,13.3755
0.0263066,13.3909
0.026312,13.4063
0.02632,13.4217
0.026325,13.4373
0.0263302,13.4527
0.0263352,13.4683
0.0263407,13.4835
0.0263488,13.499
0.0263571,13.5143
0.0263656,13.5296
0.0263708,13.5451
0.026376,13.5604
0.0263842,13.5759
0.0263897,13.5912
0.0263951,13.6065
0.0264033,13.6219
0.0264087,13.6373
0.0264169,13.6527
0.0264223,13.668
0.0264275,13.6834
0.0264331,13.6987
0.0264417,13.7139
0.0264475,13.7291
0.0264534,13.7442
0.0264622,13.7593
0.0264682,13.7744
0.026477,13.7895
0.0264831,13.8045
0.0264921,13.8195
0.0264982,13.8345
0.0265045,13.8495
0.0265104,13.8646
0.0265192,13.8797
0.0265249,13.8949
0.0265308,13.91
0.0265368,13.925
0.0265425,13.9402
0.0265511,13.9555
0.0265594,13.9708
0.026565,13.986
0.0265703,14.0014
0.0265758,14.0167
0.0265841,14.0321
0.0265895,14.0474
0.0265978,14.0628
0.0266029,14.0783
0.0266111,14.0937
0.0266162,14.1092
0.0266244,14.1246
0.0266298,14.1399
0.0266379,14.1554
0.0266459,14.1709
0.0266508,14.1864
0.0266587,14.202
0.0266664,14.2176
0.0266711,14.2332
0.0266759,14.2489
0.0266861,14.2647
0.0266934,14.2805
0.0266975,14.2965
0.0267046,14.3125
0.0267117,14.3283
0.0267188,14.3442
0.0267259,14.3602
0.0267331,14.3761
0.0267405,14.3918
0.0267448,14.4077
0.0267523,14.4234
0.0267567,14.4393
0.0267639,14.4552
0.0267685,14.4708
0.0267757,14.4867
0.0267831,14.5025
0.0267873,14.5184
0.0267943,14.5344
0.0268015,14.5503
0.0268086,14.5661
0.0268129,14.582
0.0268199,14.598
0.0268242,14.6139
0.0268313,14.6298
0.0268358,14.6456
0.026843,14.6615
0.0268502,14.6773
0.0268576,14.6931
0.0268649,14.7089
0.0268722,14.7247
0.0268793,14.7407
0.0268862,14.7567
0.026893,14.7728
0.0268994,14.7889
0.0269057,14.8053
0.0269145,14.8217
0.0269175,14.8382
0.0269231,14.8549
0.0269314,14.8717
0.0269396,14.8884
0.0269449,14.9051
0.0269503,14.9218
0.0269555,14.9387
0.0269608,14.9554
0.0269665,14.972
0.0269754,14.9885
0.0269844,15.0048
0.0269904,15.0213
0.0269965,15.0377
0.0270054,15.0542
0.0270114,15.0706
0.0270203,15.087
0.0270261,15.1036
0.0270349,15.1201
0.027043,15.1368
0.0270484,15.1537
0.0270538,15.1704
0.027059,15.1871
0.0270643,15.2039
0.0270724,15.2207
0.027078,15.2374
0.0270836,15.254
0.0270924,15.2705
0.0270983,15.287
0.0271044,15.3033
0.0271106,15.3198
0.0271193,15.3363
0.0271257,15.3525
0.0271348,15.3689
0.0271411,15.3851
0.0271473,15.4015
0.0271564,15.4178
0.0271596,15.4343
0.0271653,15.4508
0.0271711,15.4674
0.0271771,15.4839
0.0271834,15.5001
0.0271926,15.5164
0.0271988,15.5328
0.0272051,15.549
0.0272141,15.5655
0.0272176,15.5816
0.027227,15.5979
0.0272334,15.6141
0.0272425,15.6305
0.0272486,15.6469
0.0272574,15.6634
0.0272629,15.68
0.0272683,15.6967
0.0272761,15.7137
0.0272841,15.7307
0.0272888,15.7476
0.0272964,15.7647
0.027304,15.7818
0.0273086,15.7989
0.0273131,15.816
0.0273206,15.8332
0.0273283,15.8502
0.0273332,15.8672
0.0273412,15.884
0.0273491,15.9008
0.0273542,15.9178
0.0273622,15.9347
0.0273674,15.9514
0.0273756,15.9682
0.027384,15.9849
0.0273924,16.0017
0.0273979,16.0183
0.0274032,16.0351
0.0274086,16.0518
0.0274168,16.0685
0.0274221,16.0854
0.0274304,16.1021
0.0274384,16.1189
0.0274437,16.1358
0.0274516,16.1526
0.0274567,16.1695
0.0274647,16.1863
0.02747,16.2031
0.0274783,16.2199
0.0274834,16.2367
0.0274918,16.2533
0.0274972,16.2702
0.0275057,16.2868
0.0275141,16.3034
0.0275225,16.3201
0.0275279,16.3368
0.0275391,16.3535
0.0275447,16.3701
0.0275501,16.3869
0.0275583,16.4037
0.0275661,16.4207
0.0275711,16.4375
0.027582,16.4544
0.0275872,16.4712
0.0275952,16.4882
0.0276029,16.5051
0.0276076,16.5222
0.027618,16.5393
0.0276254,16.5564
0.027633,16.5735
0.0276402,16.5907
0.0276505,16.6079
0.0276579,16.625
0.0276623,16.6422
0.0276725,16.6594
0.0276767,16.6768
0.0276838,16.6941
0.0276907,16.7114
0.027698,16.7287
0.0277049,16.746
0.0277121,16.7633
0.027719,16.7807
0.0277257,16.7982
0.0277298,16.8155
0.0277367,16.8329
0.0277439,16.8501
0.0277512,16.8673
0.0277587,16.8844
0.0277634,16.9015
0.0277711,16.9185
0.0277762,16.9354
0.0277841,16.9523
0.0277922,16.9691
0.0278003,16.986
0.0278056,17.0027
0.0278138,17.0196
0.0278218,17.0364
0.0278298,17.0532
0.0278346,17.0703
0.0278394,17.0873
0.0278471,17.1043
0.0278546,17.1214
0.0278592,17.1385
0.0278665,17.1557
0.0278742,17.1726
0.0278818,17.1897
0.0278896,17.2067
0.0278972,17.2238
0.0279049,17.2407
0.0279099,17.2577
0.0279175,17.2748
0.0279254,17.2916
0.0279303,17.3086
0.0279408,17.3257
0.027948,17.3429
0.0279554,17.3601
0.0279624,17.3775
0.0279693,17.3948
0.0279791,17.4123
0.0279833,17.4296
0.0279933,17.4469
0.0280002,17.4643
0.0280071,17.4816
0.0280141,17.4989
0.0280215,17.5161
0.0280291,17.5331
0.0280369,17.5502
0.0280449,17.5669
0.0280502,17.5838
0.0280581,17.6007
0.0280634,17.6175
0.0280743,17.6343
0.0280798,17.651
0.0280881,17.6677
0.0280962,17.6846
0.0281043,17.7014
0.0281122,17.7183
0.0281173,17.7351
0.0281253,17.7521
0.0281305,17.7688
0.0281356,17.7858
0.0281437,17.8025
0.0281519,17.8192
0.0281602,17.8361
0.0281685,17.8528
0.0281771,17.8697
0.0281858,17.8865
0.0281946,17.9033
0.0282031,17.9202
0.0282117,17.9372
0.0282229,17.9542
0.0282282,17.9713
0.0282361,17.9885
0.0282439,18.0058
0.0282545,18.0232
0.028262,18.0406
0.0282698,18.0579
0.0282773,18.0753
0.0282849,18.0927
0.0282952,18.1101
0.0283026,18.1277
0.0283102,18.145
0.0283179,18.1624
0.0283255,18.1797
0.0283332,18.1972
0.028341,18.2144
0.0283487,18.2317
0.0283564,18.249
0.028367,18.2664
0.0283718,18.2837
0.0283796,18.301
0.0283873,18.3184
0.028395,18.3357
0.0284025,18.3532
0.0284102,18.3705
0.0284177,18.388
0.0284253,18.4053
0.028433,18.4226
0.0284409,18.4398
0.0284491,18.4569
0.0284575,18.474
0.0284659,18.491
0.0284687,18.5078
0.0284774,18.5247
0.0284832,18.5415
0.028492,18.5584
0.0285008,18.5751
0.0285095,18.5921
0.0285179,18.609
0.0285234,18.626
0.0285315,18.6431
0.0285396,18.6603
0.0285476,18.6775
0.0285525,18.6947
0.0285605,18.7119
0.0285683,18.7291
0.0285764,18.7464
0.0285814,18.7636
0.0285928,18.7805
0.0285982,18.7976
0.0286067,18.8146
0.0286124,18.8314
0.0286178,18.8485
0.0286264,18.8654
0.0286351,18.8822
0.0286438,18.8991
0.0286494,18.916
0.0286609,18.933
0.0286661,18.9501
0.0286742,18.9672
0.028682,18.9845
0.0286896,19.002
0.0286973,19.0192
0.028705,19.0366
0.0287125,19.054
0.0287201,19.0714
0.0287277,19.0888
0.0287354,19.1061
0.0287402,19.1234
0.028751,19.1408
0.0287589,19.1579
0.0287642,19.1751
0.0287724,19.1922
0.0287775,19.2093
0.0287856,19.2265
0.0287935,19.2437
0.0288013,19.261
0.0288064,19.2782
0.0288142,19.2954
0.0288221,19.3126
0.0288298,19.33
0.0288377,19.3473
0.0288422,19.3648
0.0288469,19.3821
0.0288543,19.3996
0.0288619,19.417
0.0288695,19.4343
0.028877,19.4518
0.0288816,19.4693
0.028889,19.4867
0.0288964,19.5042
0.0289037,19.5218
0.0289113,19.5391
0.0289188,19.5565
0.0289261,19.5741
0.0289334,19.5916
0.0289374,19.6093
0.0289471,19.6271
0.0289538,19.6449
0.0289601,19.663
0.0289694,19.6809
0.0289755,19.699
0.0289871,19.7173
0.0289928,19.7355
0.0290014,19.7538
0.0290071,19.7722
0.0290126,19.7906
0.0290242,19.8089
0.0290298,19.8272
0.0290386,19.8454
0.0290473,19.8637
0.0290532,19.8819
0.0290622,19.8999
0.0290684,19.918
0.0290775,19.9361
0.0290836,19.9541
0.029093,19.9721
0.0290993,19.9901
0.0291087,20.0081
0.0291152,20.026
0.0291215,20.044
0.0291282,20.0618
0.0291349,20.0796
0.0291418,20.0973
0.0291489,20.115
0.0291589,20.1326
0.0291661,20.1502
0.0291761,20.1677
0.0291835,20.1853
0.0291937,20.2028
0.0292009,20.2204
0.0292082,20.2379
0.0292153,20.2555
0.0292223,20.2732
0.0292318,20.291
0.0292413,20.3089
0.0292478,20.3269
0.0292543,20.3447
0.0292635,20.3628
0.0292698,20.3808
0.0292762,20.3987
0.0292853,20.4169
0.0292913,20.435
0.0292974,20.453
0.0293095,20.4711
0.0293158,20.4892
0.029325,20.5071
0.0293315,20.525
0.0293407,20.5431
0.02935,20.5611
0.0293563,20.579
0.0293652,20.5972
0.0293715,20.6153
0.0293805,20.6333
0.0293896,20.6514
0.0293955,20.6696
0.0294046,20.6876
0.0294105,20.7058
0.0294167,20.7239
0.0294257,20.7421
0.0294317,20.7602
0.0294381,20.7781
0.0294473,20.7962
0.0294538,20.8141
0.0294603,20.8319
0.0294698,20.8499
0.0294764,20.8677
0.029483,20.8856
0.0294925,20.9035
0.0294991,20.9213
0.0295058,20.9392
0.0295153,20.9571
0.0295217,20.975
0.0295311,20.9929
0.0295374,21.0109
0.0295497,21.0288
0.0295558,21.047
0.0295646,21.0652
0.0295732,21.0834
0.0295789,21.1018
0.0295875,21.12
0.0295931,21.1385
0.0296014,21.1569
0.0296096,21.1753
0.0296179,21.1939
0.0296261,21.2123
0.0296312,21.2309
0.0296395,21.2494
0.0296476,21.2678
0.029656,21.2863
0.0296639,21.305
0.029672,21.3235
0.02968,21.3421
0.0296909,21.3607
0.0296989,21.3793
0.0297068,21.398
0.0297148,21.4165
0.0297226,21.4352
0.0297306,21.4539
0.0297383,21.4726
0.0297433,21.4912
0.0297544,21.5097
0.0297628,21.5281
0.0297683,21.5465
0.0297765,21.565
0.0297819,21.5834
0.0297906,21.6017
0.0297993,21.6199
0.0298053,21.6381
0.0298143,21.6562
0.0298207,21.6742
0.0298299,21.6922
0.029839,21.7102
0.0298453,21.7283
0.0298545,21.7464
0.0298609,21.7642
0.02987,21.7822
0.0298791,21.8003
0.0298854,21.8184
0.0298914,21.8366
0.0299005,21.8546
0.0299064,21.8728
0.0299153,21.891
0.0299214,21.9091
0.0299305,21.9271
0.0299394,21.9453
0.0299452,21.9635
0.0299512,21.9817
0.02996,21.9999
0.0299689,22.0181
0.0299776,22.0364
0.0299864,22.0546
0.0299921,22.0729
0.0300004,22.0913
0.0300088,22.1098
0.030014,22.1282
0.0300224,22.1466
0.0300307,22.1651
0.0300388,22.1836
0.030047,22.2022
0.0300551,22.2207
0.0300636,22.239
0.0300719,22.2575
0.0300804,22.2758
0.0300861,22.2942
0.0300919,22.3124
0.0301006,22.3306
0.0301093,22.3489
0.0301182,22.3671
0.030127,22.3853
0.0301332,22.4033
0.0301421,22.4215
0.0301511,22.4396
0.0301572,22.4578
0.0301661,22.4759
0.0301725,22.4938
0.0301787,22.5119
0.0301877,22.5301
0.0301967,22.5481
0.0302027,22.5663
0.0302115,22.5845
0.0302174,22.6027
0.0302264,22.6208
0.0302351,22.6391
0.030241,22.6572
0.0302496,22.6756
0.0302611,22.6939
0.030267,22.7121
0.0302753,22.7305
0.0302836,22.7489
0.0302917,22.7675
0.0302997,22.7862
0.0303077,22.8047
0.0303155,22.8234
0.030326,22.8422
0.0303333,22.8611
0.0303408,22.88
0.0303481,22.8989
0.0303557,22.9177
0.0303631,22.9365
0.0303734,22.9555
0.0303809,22.9743
0.0303881,22.9933
0.0303984,23.0121
0.0304058,23.031
0.0304131,23.0499
0.0304203,23.069
0.0304304,23.0879
0.0304377,23.1068
0.0304422,23.1258
0.0304527,23.1446
0.0304573,23.1634
0.0304649,23.1822
0.0304726,23.2008
0.0304805,23.2195
0.0304886,23.2382
0.0304938,23.2566
0.030502,23.2752
0.0305104,23.2936
0.0305186,23.312
0.030524,23.3305
0.0305321,23.349
0.0305406,23.3673
0.0305459,23.3859
0.0305514,23.4043
0.0305599,23.4226
0.0305684,23.4409
0.0305769,23.4593
0.0305854,23.4777
0.030591,23.4961
0.0305965,23.5144
0.0306079,23.5329
0.0306162,23.5513
0.0306217,23.5697
0.0306328,23.5882
0.0306377,23.6068
0.0306456,23.6255
0.0306561,23.6443
0.0306637,23.6631
0.0306683,23.6819
0.0306783,23.701
0.0306826,23.72
0.0306895,23.739
0.0306995,23.7581
0.0307063,23.7772
0.0307131,23.7964
0.0307226,23.8157
0.0307319,23.835
0.0307358,23.8543
0.0307455,23.8734
0.0307524,23.8925
0.0307592,23.9116
0.0307661,23.9308
0.0307733,23.9499
0.0307804,23.9688
0.0307848,23.9878
0.0307949,24.0067
0.0308025,24.0255
0.0308098,24.0445
0.030817,24.0635
0.0308245,24.0823
0.0308322,24.101
0.03084,24.1198
0.0308473,24.1387
0.0308518,24.1575
0.0308622,24.1764
0.0308667,24.1952
0.0308768,24.2143
0.0308839,24.2333
0.0308911,24.2522
0.0309008,24.2714
0.0309073,24.2908
0.0309165,24.3102
0.030923,24.3295
0.0309322,24.3489
0.0309385,24.3683
0.0309477,24.3877
0.0309569,24.4071
0.0309632,24.4265
0.0309694,24.4461
0.0309757,24.4655
0.0309852,24.4846
0.0309947,24.5041
0.0310011,24.5233
0.0310074,24.5427
0.0310167,24.5622
0.0310231,24.5814
0.0310319,24.6011
0.031038,24.6206
0.0310469,24.6402
0.0310561,24.6597
0.031062,24.6792
0.0310709,24.6988
0.0310771,24.7183
0.0310861,24.7378
0.0310923,24.7572
0.0310984,24.7768
0.031105,24.796
0.0311115,24.8153
0.0311208,24.8347
0.0311272,24.854
0.0311365,24.8734
0.0311432,24.8927
0.0311497,24.912
0.0311591,24.9313
0.0311658,24.9506
0.0311724,24.9697
0.031182,24.9891
0.0311888,25.0083
0.0311958,25.0273
0.0312027,25.0465
0.0312127,25.0654
0.0312196,25.0845
0.0312263,25.1038
0.0312332,25.1229
0.0312429,25.142
0.0312499,25.1612
0.0312566,25.1804
0.0312661,25.1997
0.0312756,25.2189
0.0312823,25.2381
0.0312889,25.2574
0.0312955,25.2767
0.0313052,25.2959
0.0313117,25.3151
0.0313212,25.3345
0.0313306,25.3538
0.0313373,25.373
0.031347,25.3922
0.0313564,25.4115
0.0313629,25.4309
0.0313724,25.4501
0.0313792,25.4693
0.0313887,25.4886
0.0313954,25.5078
0.0314023,25.5269
0.0314121,25.5461
0.0314191,25.5651
0.0314258,25.5843
0.0314328,25.6035
0.0314427,25.6225
0.0314495,25.6417
0.0314592,25.6608
0.0314662,25.68
0.0314732,25.699
0.0314803,25.7181
0.0314872,25.7371
0.0314972,25.7562
0.0315043,25.7752
0.0315143,25.7943
0.031521,25.8134
0.031528,25.8326
0.0315377,25.8518
0.0315474,25.8709
0.031554,25.8902
0.0315633,25.9095
0.0315698,25.9289
0.031579,25.9483
0.0315881,25.9677
0.031597,25.9873
0.0316034,26.0067
0.0316124,26.0262
0.0316212,26.0457
0.0316301,26.0654
0.031639,26.0849
0.031651,26.1043
0.0316601,26.1239
0.031669,26.1435
0.0316778,26.163
0.0316838,26.1826
0.0316924,26.2023
0.0317008,26.2221
0.0317095,26.2418
0.0317153,26.2614
0.0317239,26.2812
0.0317325,26.3009
0.0317382,26.3206
0.0317472,26.34
0.0317561,26.3597
0.0317623,26.3791
0.031772,26.3983
0.031779,26.4174
0.0317893,26.4362
0.0317965,26.4553
0.0318071,26.474
0.0318118,26.4928
0.0318226,26.5114
0.0318304,26.5301
0.0318381,26.5488
0.0318488,26.5676
0.0318535,26.5863
0.031864,26.6051
0.0318714,26.624
0.0318788,26.6429
0.0318861,26.6618
0.0318932,26.6809
0.0319033,26.6998
0.0319105,26.7188
0.0319178,26.7377
0.031928,26.7567
0.0319354,26.7756
0.031943,26.7944
0.0319503,26.8133
0.0319578,26.8321
0.031965,26.8511
0.0319751,26.8701
0.0319821,26.8891
0.0319919,26.9083
0.0319991,26.9273
0.0320058,26.9465
0.0320126,26.9657
0.0320222,26.9849
0.0320292,27.004
0.032036,27.0231
0.0320428,27.0423
0.0320528,27.0614
0.0320601,27.0803
0.0320706,27.0991
0.0320809,27.118
0.0320857,27.1367
0.0320965,27.1553
0.0321039,27.1743
0.0321114,27.1931
0.032119,27.2119
0.0321267,27.2305
0.0321341,27.2495
0.0321413,27.2684
0.0321512,27.2875
0.0321553,27.3066
0.0321651,27.3258
0.0321717,27.3449
0.0321788,27.3641
0.0321858,27.3831
0.0321929,27.4022
0.0322027,27.4212
0.0322068,27.4404
0.0322168,27.4594
0.0322238,27.4785
0.0322337,27.4975
0.0322408,27.5166
0.0322479,27.5356
0.0322577,27.5548
0.0322643,27.5739
0.032271,27.5932
0.0322777,27.6125
0.0322873,27.6317
0.0322967,27.651
0.032303,27.6704
0.0323094,27.6898
0.0323187,27.7092
0.0323278,27.7286
0.0323341,27.748
0.0323405,27.7674
0.0323498,27.7867
0.0323596,27.8059
0.0323667,27.8249
0.0323736,27.8441
0.0323837,27.863
0.0323909,27.882
0.032401,27.901
0.0324085,27.9199
0.0324158,27.9388
0.0324235,27.9575
0.0324309,27.9764
0.032441,27.9954
0.0324451,28.0145
0.0324525,28.0333
0.0324598,28.0522
0.0324673,28.0711
0.0324751,28.0898
0.0324828,28.1085
0.0324906,28.1273
0.0324954,28.1459
0.0325032,28.1646
0.0325112,28.1833
0.0325192,28.2019
0.0325271,28.2205
0.0325319,28.2392
0.0325424,28.258
0.03255,28.2768
0.0325576,28.2956
0.0325653,28.3143
0.0325728,28.3332
0.0325774,28.352
0.0325847,28.3709
0.0325947,28.39
0.032599,28.4089
0.0326089,28.4281
0.032616,28.4471
0.0326226,28.4663
0.0326324,28.4854
0.032639,28.5047
0.0326484,28.524
0.032652,28.5434
0.0326612,28.5628
0.0326679,28.582
0.0326776,28.6011
0.0326846,28.6203
0.0326912,28.6395
0.0327009,28.6586
0.032705,28.6778
0.032715,28.6969
0.0327223,28.7158
0.0327296,28.7347
0.0327372,28.7535
0.0327445,28.7724
0.0327517,28.7913
0.032759,28.8103
0.0327665,28.8292
0.0327741,28.848
0.0327814,28.8669
0.032789,28.8857
0.0327967,28.9044
0.0328045,28.923
0.0328091,28.9418
0.0328168,28.9606
0.0328247,28.9793
0.0328328,28.9979
0.0328407,29.0164
0.0328515,29.0351
0.0328619,29.0539
0.0328695,29.0727
0.0328769,29.0916
0.0328843,29.1105
0.0328915,29.1295
0.0329018,29.1484
0.0329087,29.1676
0.0329152,29.1868
0.0329246,29.2061
0.0329308,29.2257
0.03294,29.2451
0.0329488,29.2646
0.0329545,29.2844
0.032963,29.3042
0.0329714,29.3239
0.0329796,29.3438
0.0329848,29.3637
0.0329932,29.3836
0.0330014,29.4034
0.0330069,29.4233
0.0330152,29.4432
0.0330205,29.4631
0.0330289,29.4829
0.0330372,29.5026
0.0330454,29.5225
0.0330509,29.5424
0.0330594,29.5622
0.0330679,29.5819
0.0330736,29.6016
0.0330795,29.6212
0.0330885,29.6407
0.0330947,29.6602
0.0331039,29.6796
0.0331103,29.699
0.0331197,29.7183
0.0331261,29.7376
0.0331355,29.757
0.0331418,29.7764
0.0331482,29.7957
0.0331573,29.8153
0.0331632,29.8348
0.0331721,29.8544
0.033178,29.874
0.0331868,29.8936
0.0331925,29.9133
0.0331983,29.9331
0.0332071,29.9526
0.0332157,29.9724
0.0332216,29.9919
0.0332273,30.0117
0.0332389,30.0313
0.0332447,30.051
0.0332534,30.0706
0.033262,30.0903
0.0332708,30.1099
0.0332795,30.1296
0.033285,30.1494
0.0332936,30.1691
0.0332991,30.1889
0.0333077,30.2087
0.0333163,30.2283
0.0333248,30.2481
0.0333335,30.2678
0.0333392,30.2874
0.033348,30.3071
0.0333569,30.3266
0.0333658,30.3461
0.0333723,30.3656
0.0333818,30.3848
0.0333887,30.4039
0.0333985,30.423
0.0334056,30.4421
0.0334154,30.4611
0.0334224,30.4803
0.0334294,30.4993
0.0334365,30.5184
0.0334466,30.5373
0.0334532,30.5566
0.0334628,30.5759
0.0334692,30.5953
0.0334755,30.6147
0.0334848,30.634
0.033494,30.6534
0.0335034,30.6728
0.0335098,30.6921
0.0335162,30.7115
0.0335252,30.7309
0.0335344,30.7504
0.0335439,30.7697
0.0335534,30.789
0.03356,30.8082
0.0335694,30.8276
0.0335759,30.8469
0.0335852,30.8663
0.0335942,30.8858
0.0336033,30.9052
0.0336124,30.9246
0.0336215,30.9442
0.0336304,30.9637
0.0336392,30.9834
0.0336479,31.003
0.0336566,31.0227
0.0336653,31.0423
0.0336741,31.062
0.0336831,31.0815
0.033692,31.101
0.0337011,31.1206
0.0337102,31.14
0.0337195,31.1593
0.033726,31.1787
0.0337353,31.198
0.033742,31.2172
0.0337519,31.2363
0.0337617,31.2554
0.0337687,31.2745
0.0337788,31.2935
0.033789,31.3125
0.0337963,31.3314
0.0338036,31.3503
0.033814,31.3691
0.0338244,31.388
0.033832,31.4068
0.0338424,31.4256
0.0338529,31.4444
0.0338605,31.4632
0.0338709,31.482
0.0338785,31.5008
0.0338885,31.5198
0.0338959,31.5388
0.033906,31.5577
0.0339161,31.5766
0.0339231,31.5958
0.0339359,31.6148
0.0339427,31.634
0.0339526,31.6532
0.0339623,31.6723
0.0339718,31.6915
0.0339786,31.7108
0.0339881,31.7299
0.0339975,31.7493
0.0340069,31.7686
0.0340162,31.788
0.0340257,31.8073
0.0340349,31.8267
0.0340413,31.846
0.0340506,31.8654
0.0340599,31.8848
0.0340695,31.904
0.0340763,31.9232
0.0340864,31.9422
0.0340936,31.9613
0.0341009,31.9802
0.034111,31.9991
0.0341183,32.018
0.0341287,32.0369
0.0341391,32.0557
0.0341469,32.0744
0.0341574,32.0932
0.0341652,32.1119
0.0341731,32.1306
0.0341837,32.1492
0.0341915,32.1679
0.0342021,32.1867
0.0342103,32.2053
0.0342181,32.2238
0.0342289,32.2426
0.0342366,32.2613
0.0342444,32.28
0.0342548,32.2988
0.0342649,32.3178
0.0342721,32.3367
0.0342822,32.3558
0.0342922,32.3748
0.0343018,32.394
0.0343111,32.4134
0.0343206,32.4327
0.0343298,32.4521
0.034336,32.4715
0.0343479,32.491
0.034357,32.5106
0.0343632,32.53
0.0343722,32.5495
0.0343815,32.5689
0.0343907,32.5883
0.0343973,32.6075
0.0344069,32.6268
0.0344163,32.6461
0.0344232,32.6652
0.0344328,32.6845
0.0344426,32.7036
0.0344524,32.7227
0.0344593,32.7419
0.0344692,32.7609
0.0344791,32.78
0.0344861,32.7991
0.034493,32.8182
0.0345002,32.8372
0.0345104,32.8562
0.0345176,32.8751
0.0345276,32.8941
0.034535,32.913
0.0345457,32.9317
0.0345533,32.9505
0.034564,32.9692
0.0345746,32.9879
0.0345824,33.0067
0.0345903,33.0252
0.0346008,33.044
0.0346117,33.0627
0.0346196,33.0812
0.0346274,33.1
0.0346377,33.1188
0.0346453,33.1376
0.0346558,33.1564
0.0346635,33.1752
0.034674,33.194
0.0346814,33.213
0.0346917,33.2318
0.0346993,33.2506
0.0347096,33.2695
0.0347199,33.2883
0.0347301,33.3072
0.0347404,33.3261
0.0347477,33.345
0.0347579,33.364
0.0347654,33.3829
0.0347758,33.4017
0.0347834,33.4205
0.0347939,33.4393
0.0348019,33.4578
0.0348098,33.4765
0.034821,33.4949
0.0348291,33.5135
0.0348373,33.5321
0.0348456,33.5505
0.0348569,33.5689
0.0348653,33.5872
0.0348734,33.6058
0.0348845,33.6243
0.0348928,33.6428
0.0349012,33.6612
0.0349093,33.6796
0.0349205,33.6982
0.0349319,33.7165
0.0349403,33.7349
0.0349487,33.7534
0.03496,33.7717
0.0349684,33.7901
0.0349797,33.8085
0.034991,33.827
0.0350023,33.8454
0.0350104,33.8638
0.0350245,33.8823
0.0350326,33.9008
0.0350434,33.9195
0.0350544,33.9381
0.0350656,33.9566
0.0350769,33.9749
0.0350883,33.9934
0.0350967,34.0118
0.0351081,34.0301
0.0351198,34.0483
0.0351314,34.0665
0.035143,34.0848
0.0351547,34.103
0.0351635,34.1212
0.0351752,34.1395
0.0351868,34.1577
0.0351956,34.1759
0.0352076,34.1939
0.0352195,34.2121
0.0352289,34.2301
0.0352412,34.2479
0.0352509,34.2657
0.0352639,34.2833
0.0352741,34.3009
0.0352845,34.3182
0.0352951,34.3355
0.0353058,34.3529
0.0353196,34.3701
0.0353277,34.3872
0.0353415,34.4044
0.0353524,34.4216
0.0353637,34.4387
0.0353776,34.4558
0.0353889,34.4727
0.0354004,34.4897
0.0354119,34.5065
0.0354234,34.5235
0.0354349,34.5404
0.0354467,34.5571
0.0354585,34.5739
0.0354676,34.5905
0.0354827,34.6071
0.035492,34.6237
0.0355044,34.6401
0.0355198,34.6566
0.035533,34.6727
0.0355463,34.6887
0.0355574,34.7044
0.0355716,34.72
0.0355865,34.7353
0.0356051,34.7502
0.0356212,34.7648
0.0356382,34.7791
0.0356561,34.7929
0.0356749,34.8062
0.0356951,34.819
0.0357169,34.8309
0.0357373,34.8421
0.0357597,34.8524
0.035787,34.8616
0.0358133,34.8699
0.0358443,34.8774
0.0358748,34.8837
0.035907,34.8892
0.0359444,34.8937
0.0359771,34.8975
0.0360138,34.9009
0.0360484,34.9038
0.0360861,34.9066
0.036124,34.9094
0.0361583,34.9124
0.0361929,34.9154
0.0362267,34.9187
0.0362601,34.9222
0.0362928,34.9261
0.036325,34.9303
0.0363567,34.9346
0.036385,34.9392
0.0364163,34.9437
0.0364445,34.9483
0.0364733,34.9527
0.0365026,34.9568
0.036536,34.9603
0.036567,34.9622
0.0366163,34.9566
0.0366869,34.9408
0.0367803,34.9138
0.0368957,34.8765
0.0370331,34.8282
0.0372019,34.7652
0.0374079,34.6826
0.0378637,34.4795
0.0404119,33.2686
0.0432196,31.9248
0.0460119,30.5889
0.048789,29.2608
0.0515661,27.9326
0.0543127,26.6123
0.057044,25.292
