"Maximum force",59.1207,"N"
"Gage length ",1.18552,"mm"
"Strain energy",0.501221,"mJ"
"Deformation at maximum force",0.0185052,"mm"
"Standard travel","Standard force"
"mm","N"
0,0.573197
3.54648e-006,0.575638
4.5225e-006,0.577927
5.52833e-006,0.580216
6.89179e-006,0.582322
5.26011e-006,0.584473
9.79006e-006,0.586441
8.38935e-006,0.588501
9.89437e-006,0.590546
8.56072e-006,0.592545
1.03489e-005,0.59446
9.47341e-006,0.596253
8.77306e-006,0.597962
8.50484e-006,0.599465
8.26921e-006,0.600953
8.24919e-006,0.602341
8.26217e-006,0.603714
1.13616e-005,0.604996
8.99233e-006,0.606125
9.81934e-006,0.607109
7.86729e-006,0.60804
8.96998e-006,0.608887
1.00429e-005,0.609757
1.09183e-005,0.610722
8.74273e-006,0.611752
6.70127e-006,0.612729
7.54319e-006,0.613697
8.59372e-006,0.614575
6.85028e-006,0.615406
8.10943e-006,0.616181
6.44795e-006,0.616974
4.84608e-006,0.617733
6.22444e-006,0.618454
4.90568e-006,0.61908
6.48521e-006,0.619709
5.23351e-006,0.620305
4.10847e-006,0.620839
3.1548e-006,0.621293
5.02489e-006,0.621777
3.98926e-006,0.622269
3.09519e-006,0.622694
2.07446e-006,0.623181
9.49425e-007,0.623711
2.81952e-006,0.624199
1.93663e-006,0.624623
1.12451e-006,0.625006
5.13566e-007,0.625296
2.62953e-006,0.625664
1.81742e-006,0.626055
1.02393e-006,0.626433
3.20142e-009,0.626917
-7.45582e-007,0.62727
-1.35653e-006,0.62756
-1.9861e-006,0.627858
-2.58215e-006,0.62814
-3.02272e-007,0.62843
-9.46748e-007,0.628745
-1.77376e-006,0.629136
3.27302e-007,0.629511
-5.70493e-007,0.629942
-1.28202e-006,0.63028
7.89238e-007,0.630671
-6.38538e-008,0.631079
1.97761e-006,0.631485
1.13941e-006,0.631886
2.96481e-006,0.632393
4.66354e-006,0.632966
3.50125e-006,0.633522
5.27449e-006,0.634057
4.142e-006,0.634594
5.93014e-006,0.635121
7.83749e-006,0.635592
9.59582e-006,0.636141
1.13914e-005,0.636664
1.30603e-005,0.637251
1.17788e-005,0.637862
1.34701e-005,0.638434
1.80895e-005,0.638998
1.68974e-005,0.639571
1.85067e-005,0.640181
2.00862e-005,0.64081
2.13603e-005,0.641585
2.29547e-005,0.642203
2.70674e-005,0.643004
2.8334e-005,0.643786
2.96528e-005,0.644537
3.36463e-005,0.645392
3.48831e-005,0.646193
3.60081e-005,0.64704
3.71108e-005,0.647894
4.09851e-005,0.648802
4.47998e-005,0.649748
4.83612e-005,0.650824
4.90578e-005,0.651869
5.25447e-005,0.652968
5.59124e-005,0.654128
5.94588e-005,0.655203
5.98649e-005,0.656393
6.30388e-005,0.657637
6.60936e-005,0.658949
6.91781e-005,0.660239
6.9282e-005,0.661574
7.23367e-005,0.662871
7.83866e-005,0.664137
7.88336e-005,0.665312
8.2097e-005,0.666518
8.51964e-005,0.667799
8.81021e-005,0.66918
9.10526e-005,0.670538
9.68044e-005,0.671927
9.94717e-005,0.673438
0.000102199,0.674895
0.000104747,0.676444
0.000107176,0.678046
0.000109277,0.679808
0.000111363,0.68157
0.0001133,0.683409
0.000118277,0.685179
0.000120184,0.687033
0.000125042,0.688864
0.000126935,0.690718
0.000128797,0.692595
0.000130593,0.694495
0.000135272,0.69641
0.000137105,0.698294
0.000141903,0.700156
0.000143616,0.702101
0.000145367,0.704024
0.000149808,0.706038
0.000154427,0.707991
0.000156186,0.709914
0.000160715,0.711882
0.000162399,0.71385
0.000163815,0.715941
0.000167957,0.718108
0.000169023,0.720366
0.000173106,0.722548
0.000177099,0.724791
0.000181093,0.727034
0.000184997,0.729308
0.00018579,0.731703
0.000189456,0.734084
0.000192943,0.736571
0.000193729,0.738951
0.000197275,0.741408
0.000200792,0.743864
0.000204219,0.746367
0.000207751,0.748839
0.000211268,0.751296
0.000214561,0.753874
0.000217675,0.756529
0.000220834,0.759154
0.000223814,0.761885
0.000226616,0.764677
0.000229402,0.7675
0.000232219,0.770293
0.00023511,0.773055
0.000237866,0.775877
0.000240697,0.77867
0.000246211,0.781569
0.000248968,0.784392
0.000251546,0.787306
0.000254272,0.790144
0.000259875,0.792998
0.000262692,0.795805
0.000268205,0.798705
0.000270649,0.801665
0.000272869,0.804747
0.000274985,0.807875
0.000279992,0.811018
0.000285088,0.814116
0.000287249,0.817229
0.00028932,0.820372
0.000294208,0.823561
0.000296115,0.826796
0.000297992,0.830031
0.000302671,0.833311
0.00030741,0.836577
0.000309168,0.839888
0.000311023,0.843138
0.000315494,0.846541
0.000319934,0.849928
0.000324584,0.853239
0.000326185,0.856612
0.000333457,0.860045
0.000334806,0.863554
0.000339008,0.867064
0.00034315,0.870604
0.000344566,0.874083
0.00035151,0.877669
0.000352821,0.881178
0.000356696,0.884856
0.000360302,0.888655
0.000363908,0.892455
0.00036735,0.89633
0.000371135,0.900053
0.000375009,0.903731
0.00037857,0.907546
0.000384889,0.911436
0.00038848,0.915251
0.000388878,0.919188
0.000395167,0.923094
0.000398639,0.926955
0.000402155,0.9308
0.000405866,0.934554
0.000409323,0.938429
0.000412541,0.942397
0.000416013,0.946272
0.000419292,0.950209
0.000425371,0.954237
0.000428605,0.958205
0.000431779,0.962202
0.000437829,0.966231
0.000438027,0.970259
0.000444017,0.974318
0.000446998,0.978407
0.000452809,0.982558
0.000455625,0.986708
0.000458397,0.99092
0.000461243,0.99507
0.000466965,0.999251
0.000469692,1.00346
0.000475295,1.0077
0.000477813,1.01201
0.000480197,1.0164
0.000485383,1.02083
0.000490598,1.02525
0.000492789,1.02971
0.000497885,1.03419
0.000502981,1.03865
0.000505082,1.04317
0.000510268,1.04759
0.000515394,1.05208
0.00051754,1.05656
0.000522427,1.06111
0.000524394,1.06572
0.000529282,1.07027
0.000536911,1.0749
0.000538818,1.07951
0.000543557,1.08418
0.000545494,1.08876
0.000550024,1.09349
0.000554345,1.09834
0.000558577,1.10322
0.000562958,1.10805
0.000567369,1.11281
0.000574611,1.11766
0.00057622,1.12242
0.000583552,1.12721
0.000584863,1.13209
0.000591986,1.13698
0.00059326,1.14189
0.000597462,1.14677
0.000601575,1.15172
0.000608489,1.15669
0.000609547,1.16173
0.000616372,1.16673
0.000620246,1.1718
0.000623852,1.17695
0.000627592,1.18208
0.000631064,1.18733
0.00063768,1.19246
0.000641406,1.19758
0.000645146,1.20268
0.000649109,1.20769
0.000655845,1.21278
0.000659466,1.21794
0.000663072,1.22313
0.000666752,1.22825
0.000670463,1.23338
0.000674218,1.23851
0.000680655,1.2437
0.000684261,1.24888
0.000687972,1.25401
0.000694141,1.25935
0.000697374,1.26472
0.000700816,1.26997
0.000706866,1.27537
0.0007101,1.28071
0.000713289,1.28609
0.000719249,1.29155
0.000725061,1.29704
0.000727862,1.3026
0.000730723,1.30815
0.000736415,1.3137
0.000739232,1.31926
0.000744805,1.32487
0.000747472,1.33052
0.000753015,1.33613
0.00075832,1.3419
0.000760972,1.34752
0.000766456,1.35319
0.000771791,1.35893
0.000774041,1.36473
0.000779197,1.37056
0.000784323,1.37639
0.00078927,1.38231
0.000794426,1.38814
0.000799492,1.394
0.000804499,1.39989
0.000809237,1.4059
0.000813976,1.41194
0.000818714,1.41795
0.000820436,1.42403
0.000828005,1.43007
0.000832714,1.43611
0.000837393,1.44215
0.000839151,1.44823
0.000846542,1.45433
0.000851043,1.46049
0.000855394,1.46669
0.000859864,1.47282
0.000864245,1.47902
0.000868656,1.48518
0.000872947,1.49141
0.000880189,1.49763
0.00088454,1.50383
0.000888713,1.51012
0.000892945,1.51637
0.000899978,1.52269
0.00090412,1.52898
0.000911005,1.53535
0.0009178,1.54179
0.000921734,1.5482
0.000925474,1.55467
0.000932001,1.56123
0.000938527,1.56779
0.000941999,1.57439
0.000945367,1.58107
0.000951447,1.58781
0.000957705,1.5945
0.000961043,1.60118
0.000967421,1.6078
0.00097353,1.61455
0.000976823,1.62126
0.000982903,1.628
0.000985838,1.6349
0.000991799,1.64171
0.000994705,1.6486
0.00100359,1.65541
0.00100652,1.66228
0.00100938,1.66917
0.00101499,1.67616
0.00102074,1.68309
0.00102628,1.69011
0.00103164,1.69719
0.00103722,1.70421
0.00104264,1.71129
0.00104821,1.71828
0.00105376,1.72529
0.00105617,1.73241
0.00106157,1.73949
0.00106696,1.7466
0.00107212,1.75377
0.00107739,1.76091
0.00108267,1.76805
0.00108794,1.77519
0.00109322,1.78233
0.00109831,1.78956
0.00110329,1.79686
0.0011083,1.80412
0.00111318,1.81145
0.0011181,1.81877
0.00112308,1.82603
0.00112806,1.83333
0.00113616,1.8405
0.00113825,1.84779
0.00114302,1.85515
0.00114796,1.86244
0.00115565,1.86983
0.00115769,1.87712
0.00116538,1.8845
0.00117,1.89195
0.00117474,1.89937
0.00117912,1.90694
0.00118341,1.91453
0.00119092,1.92198
0.00119259,1.92946
0.0011998,1.93706
0.00120427,1.94459
0.0012086,1.95219
0.00121307,1.9597
0.00121757,1.96721
0.00122174,1.97487
0.00122636,1.98231
0.00123351,1.98994
0.00123765,1.99763
0.00124189,2.00526
0.00124901,2.01292
0.00125601,2.02061
0.00126009,2.02833
0.00126415,2.03606
0.00126838,2.04368
0.00127541,2.05137
0.00127947,2.0591
0.00128364,2.06676
0.0012907,2.07442
0.00129484,2.08211
0.00129899,2.08977
0.00130313,2.09746
0.00130998,2.10524
0.00131392,2.11302
0.00132053,2.12089
0.00132441,2.12871
0.00133099,2.13658
0.0013347,2.14445
0.00134102,2.15251
0.00134446,2.16051
0.0013509,2.1685
0.00135725,2.1765
0.00136092,2.18437
0.00136717,2.19243
0.00137337,2.20054
0.00137674,2.20854
0.00138002,2.21666
0.00138902,2.22478
0.00139225,2.23289
0.00139833,2.24101
0.00140408,2.24931
0.00140972,2.25767
0.00141225,2.2661
0.00141785,2.27446
0.00142334,2.28288
0.00142861,2.29143
0.00143395,2.29991
0.00143925,2.30839
0.00144447,2.31694
0.0014498,2.32542
0.00145505,2.33397
0.00146047,2.34245
0.0014658,2.35094
0.00147108,2.35942
0.00147327,2.36803
0.00147852,2.37657
0.00148662,2.38512
0.00149172,2.39372
0.00149672,2.40239
0.00150158,2.41112
0.00150653,2.41978
0.0015113,2.42857
0.00151613,2.4373
0.00152376,2.44603
0.00152849,2.45482
0.00153311,2.46367
0.00153767,2.47252
0.00154521,2.48131
0.00154968,2.49022
0.00155409,2.49919
0.00155824,2.50822
0.00156253,2.5172
0.00156959,2.52623
0.00157379,2.53526
0.00158083,2.54436
0.00158494,2.55339
0.00158899,2.56254
0.00159305,2.57164
0.00160011,2.58067
0.00160428,2.58974
0.00160884,2.59859
0.00161325,2.60751
0.00161787,2.61629
0.00162222,2.62527
0.00162964,2.63418
0.00163408,2.64309
0.00163831,2.65206
0.00164552,2.66109
0.00165274,2.67007
0.00165706,2.67904
0.00166105,2.68813
0.00166504,2.69729
0.00167181,2.70644
0.00167869,2.7156
0.00168263,2.72475
0.00168637,2.73397
0.00169319,2.74319
0.00169693,2.7524
0.00170349,2.76168
0.00170712,2.77102
0.00171365,2.7803
0.0017172,2.78963
0.00172355,2.79903
0.00172983,2.80843
0.0017332,2.81783
0.00173952,2.82723
0.00174584,2.83663
0.0017491,2.84615
0.00175533,2.85555
0.00175836,2.8652
0.00176411,2.87484
0.00176962,2.8846
0.00177522,2.89437
0.00178092,2.90408
0.00178938,2.91378
0.00179495,2.92361
0.00180029,2.93343
0.00180282,2.94326
0.00180827,2.95309
0.00181382,2.96285
0.00181954,2.97256
0.00182538,2.98214
0.00183122,2.99178
0.00183671,3.00161
0.00184231,3.01131
0.00184785,3.02108
0.00185638,3.03085
0.00186192,3.04061
0.00186719,3.0505
0.00187256,3.06039
0.00187762,3.07033
0.00188561,3.08034
0.00189044,3.09048
0.00189545,3.10049
0.00190042,3.1105
0.00190546,3.12051
0.00191035,3.13058
0.00191523,3.14071
0.00192322,3.15066
0.00192829,3.16067
0.00193335,3.17068
0.00193845,3.18063
0.00194334,3.1907
0.00195079,3.20095
0.00195815,3.21127
0.00196247,3.22158
0.00196676,3.23196
0.00197371,3.24245
0.00198059,3.25295
0.00198432,3.26357
0.00199105,3.27419
0.00199466,3.28487
0.00199847,3.29543
0.0020025,3.30593
0.00200929,3.31649
0.00201334,3.32699
0.0020174,3.33742
0.00202458,3.3478
0.00202878,3.35824
0.00203301,3.36861
0.00204005,3.37905
0.00204714,3.38949
0.00205134,3.39986
0.00205545,3.4103
0.00205966,3.42074
0.00206356,3.4313
0.00207047,3.44179
0.00207416,3.45241
0.00208062,3.46316
0.00208429,3.47378
0.00209087,3.48446
0.00209466,3.49502
0.00209838,3.5057
0.00210503,3.51632
0.00211168,3.52694
0.00211549,3.5375
0.00212205,3.54818
0.00212586,3.55874
0.00213254,3.56936
0.00213634,3.57998
0.00214304,3.59054
0.00214666,3.60122
0.00215304,3.61202
0.00215921,3.62283
0.00216246,3.63369
0.00216854,3.64461
0.00217468,3.65548
0.00217787,3.66634
0.0021841,3.67715
0.00219006,3.68813
0.00219605,3.69906
0.00219906,3.71004
0.00220205,3.72103
0.00220804,3.73196
0.00221376,3.743
0.00221964,3.75399
0.00222506,3.76522
0.00223045,3.77639
0.00223573,3.78768
0.002241,3.79897
0.00224607,3.81033
0.00225096,3.8218
0.00225599,3.83315
0.00226079,3.84469
0.0022658,3.8561
0.00227072,3.86752
0.00227575,3.87893
0.00228082,3.89028
0.00228863,3.90169
0.00229352,3.91317
0.00229849,3.92458
0.00230636,3.936
0.00231131,3.94747
0.00231614,3.95895
0.00232102,3.97042
0.00232856,3.98196
0.00233315,3.99355
0.00233777,4.00515
0.00234212,4.01687
0.00234954,4.02853
0.00235392,4.04018
0.00235831,4.0519
0.00236272,4.06362
0.00236728,4.07522
0.00237461,4.08688
0.00237908,4.09853
0.00238394,4.11001
0.00239136,4.12167
0.00239639,4.13302
0.00240116,4.14455
0.00240614,4.15597
0.00241118,4.16732
0.00241606,4.17879
0.00242119,4.19015
0.0024259,4.20168
0.00243081,4.2131
0.00243835,4.22469
0.00244303,4.23629
0.00245034,4.24795
0.00245463,4.25967
0.00245898,4.27138
0.00246887,4.28323
0.00247301,4.29507
0.00247698,4.30697
0.00248076,4.31893
0.00248453,4.33096
0.00249103,4.34298
0.00249771,4.355
0.0025042,4.36703
0.00250811,4.37899
0.00251472,4.39101
0.00252116,4.4031
0.00252463,4.41524
0.00253089,4.42739
0.00253447,4.43948
0.0025409,4.45162
0.00254752,4.46358
0.00255396,4.47573
0.00255761,4.48775
0.00256405,4.49984
0.00257045,4.51199
0.002574,4.52407
0.00258038,4.53616
0.00258381,4.54836
0.00259009,4.56051
0.00259903,4.57278
0.00260215,4.58511
0.00261091,4.5975
0.00261651,4.60995
0.00262194,4.62258
0.00262697,4.63534
0.00263496,4.64803
0.00264295,4.66079
0.00264792,4.67361
0.00265305,4.6863
0.0026611,4.699
0.00266631,4.71169
0.00267165,4.72433
0.0026771,4.7369
0.00268258,4.74947
0.00269147,4.7618
0.00269743,4.77407
0.00270047,4.78646
0.00270622,4.79885
0.00271191,4.8113
0.00271763,4.82375
0.00272604,4.83627
0.00272858,4.8489
0.00273687,4.86147
0.00273952,4.87398
0.00274769,4.88662
0.00275287,4.89931
0.00275815,4.91201
0.00276625,4.92464
0.00277147,4.93734
0.00277654,4.9501
0.00278163,4.96285
0.00278664,4.97561
0.00279433,4.98849
0.00279634,5.0013
0.00280397,5.01424
0.00280889,5.02706
0.00281652,5.04
0.00281856,5.05276
0.00282339,5.06564
0.00283107,5.07851
0.00283608,5.09133
0.0028413,5.10397
0.00284672,5.11654
0.00285477,5.12929
0.00286001,5.14193
0.00286213,5.15475
0.00287029,5.16738
0.00287551,5.18008
0.00288058,5.19283
0.00288558,5.20559
0.00289029,5.21853
0.002895,5.23141
0.00289941,5.24447
0.00290677,5.25753
0.00291127,5.27053
0.00291565,5.28359
0.00292296,5.29671
0.0029274,5.30971
0.00293476,5.32278
0.00293929,5.33578
0.00294364,5.3489
0.00295079,5.36202
0.00295502,5.37514
0.00296215,5.38833
0.00296912,5.40151
0.00297314,5.41476
0.00297708,5.42806
0.00298357,5.44149
0.00299001,5.45498
0.00299648,5.46847
0.00300297,5.48189
0.00300649,5.49538
0.00301287,5.50887
0.00301639,5.52236
0.00302288,5.53585
0.00302959,5.54922
0.00303316,5.56264
0.00303975,5.57607
0.00304655,5.58938
0.00305313,5.60274
0.00305701,5.61605
0.00306362,5.62948
0.00307024,5.64284
0.00307674,5.65633
0.00308021,5.66982
0.00308638,5.68343
0.00309252,5.69704
0.00309588,5.71059
0.00310181,5.72433
0.00310774,5.73806
0.00311061,5.75185
0.0031135,5.76565
0.00311937,5.77938
0.00312494,5.79324
0.0031309,5.80697
0.00313686,5.82064
0.00313993,5.83437
0.00314583,5.84811
0.00314901,5.86172
0.00315509,5.87539
0.00316105,5.88906
0.00316713,5.90273
0.003173,5.91647
0.00317884,5.93026
0.00318142,5.94418
0.00318657,5.95827
0.00319185,5.97225
0.00319983,5.98641
0.00320499,6.00051
0.00321006,6.01461
0.003215,6.02877
0.00321998,6.04299
0.0032249,6.05715
0.00322718,6.07125
0.00323505,6.08541
0.0032402,6.09951
0.00324512,6.11373
0.00324995,6.12795
0.0032546,6.1423
0.00325892,6.15676
0.0032661,6.17129
0.00327304,6.18587
0.00327704,6.20052
0.00328383,6.21517
0.00328762,6.22994
0.00329136,6.24471
0.00329516,6.25942
0.00330183,6.27413
0.0033056,6.2889
0.00330957,6.30355
0.0033163,6.31826
0.00332304,6.33297
0.00332694,6.34768
0.00333064,6.36245
0.00333731,6.37716
0.00334393,6.39193
0.0033504,6.40676
0.00335396,6.42165
0.00336024,6.43655
0.00336379,6.45138
0.00336737,6.46621
0.00337088,6.4811
0.00337732,6.49593
0.00338388,6.51076
0.00338766,6.52547
0.00339137,6.54024
0.0033982,6.55495
0.00340216,6.5696
0.00340923,6.58413
0.00341337,6.59872
0.0034176,6.61324
0.00342186,6.62771
0.00342881,6.64236
0.0034328,6.657
0.00343661,6.67171
0.00344344,6.68636
0.00344724,6.70113
0.00345666,6.7159
0.00346035,6.73074
0.00346381,6.74557
0.00347007,6.76052
0.00347615,6.77554
0.00347956,6.79049
0.0034831,6.80532
0.00348939,6.82021
0.0034929,6.83511
0.0034993,6.85
0.00350595,6.86477
0.00350941,6.87966
0.00351575,6.89455
0.00351923,6.90939
0.00352551,6.92434
0.00353186,6.93923
0.00353782,6.95431
0.00354378,6.96938
0.00354682,6.98446
0.00355254,6.99966
0.0035583,7.01485
0.00356405,7.03005
0.00356968,7.04525
0.00357513,7.06057
0.00358071,7.07583
0.00358625,7.09115
0.00359191,7.10635
0.00359474,7.12154
0.00360303,7.13692
0.0036083,7.15231
0.00361343,7.16781
0.00361847,7.18331
0.0036235,7.19881
0.00362878,7.21426
0.00363414,7.22958
0.00363948,7.24496
0.00364484,7.26034
0.00364752,7.2756
0.00365334,7.29073
0.00365915,7.30593
0.00366487,7.32107
0.00367089,7.33614
0.00367694,7.35122
0.00368293,7.36629
0.00369157,7.38143
0.00369741,7.39657
0.00370331,7.4117
0.00370892,7.42696
0.00371151,7.44222
0.00371714,7.45748
0.00372286,7.47268
0.00372826,7.48806
0.00373359,7.50338
0.00373887,7.51882
0.00374402,7.53426
0.00375177,7.54989
0.00375642,7.56551
0.00376372,7.58138
0.00376799,7.59725
0.00377201,7.61324
0.0037788,7.62936
0.00378551,7.64547
0.00378919,7.66158
0.00379283,7.67782
0.00379938,7.69393
0.00380288,7.71017
0.00380633,7.72652
0.00381276,7.74276
0.00381902,7.75899
0.00382232,7.77535
0.00383126,7.79183
0.00383427,7.80831
0.00384002,7.82479
0.00384532,7.84164
0.0038506,7.85836
0.00385566,7.87521
0.00386383,7.89205
0.00386902,7.9089
0.00387411,7.92574
0.00387906,7.94271
0.00388383,7.95968
0.00388582,7.97665
0.00389351,7.99374
0.00389858,8.01058
0.0039035,8.02755
0.00390856,8.04439
0.00391345,8.06136
0.00391825,8.07845
0.00392326,8.0953
0.00392823,8.11227
0.00393333,8.12911
0.00393564,8.14596
0.00394374,8.16268
0.00394626,8.1794
0.0039516,8.19625
0.00395705,8.21285
0.00396227,8.2297
0.00396464,8.24654
0.00396976,8.26339
0.00397492,8.28023
0.00398302,8.29696
0.00398794,8.31393
0.00399295,8.33089
0.0039979,8.34786
0.00400287,8.36471
0.0040105,8.3818
0.00401527,8.39876
0.00402004,8.41585
0.00402469,8.43294
0.00402946,8.44991
0.00403414,8.467
0.00404176,8.48409
0.0040462,8.50118
0.00405047,8.51852
0.00405768,8.53573
0.004062,8.55294
0.00406924,8.57015
0.00407338,8.58749
0.00407771,8.6047
0.00408477,8.62203
0.00408873,8.63949
0.00409556,8.65694
0.00410229,8.6744
0.00410623,8.69173
0.00410991,8.70931
0.00411344,8.72689
0.0041228,8.74447
0.00412642,8.76205
0.00413289,8.77975
0.00413917,8.79732
0.00414272,8.81502
0.00414919,8.8326
0.00415299,8.85006
0.00415954,8.86764
0.00416625,8.88509
0.00417012,8.90255
0.00417695,8.92
0.00418085,8.93734
0.0041847,8.95492
0.0041917,8.97225
0.00419873,8.98958
0.00420568,9.00692
0.00420976,9.02425
0.00421661,9.04171
0.00422058,9.05904
0.00422743,9.0765
0.0042342,9.09396
0.00423801,9.11141
0.00424466,9.12899
0.00425127,9.14645
0.00425496,9.16402
0.00426157,9.18148
0.00426489,9.19918
0.00427118,9.21688
0.00427455,9.23458
0.00428355,9.2524
0.00429267,9.2701
0.00429588,9.28791
0.00430181,9.30573
0.00431058,9.32355
0.0043163,9.3415
0.00432196,9.35944
0.00432759,9.37751
0.00433606,9.39558
0.00433849,9.41364
0.00434671,9.43183
0.00435202,9.4499
0.0043572,9.46809
0.00436573,9.48615
0.00437103,9.50434
0.00437648,9.52241
0.00438173,9.5406
0.00438996,9.55866
0.00439523,9.57685
0.00440051,9.59504
0.00440602,9.61311
0.0044143,9.63117
0.00441991,9.64912
0.00442801,9.6673
0.00443335,9.68549
0.00444145,9.70368
0.00444676,9.72187
0.004452,9.74006
0.00446017,9.75813
0.00446568,9.77619
0.00447117,9.79426
0.00447963,9.81232
0.00448562,9.83015
0.00449158,9.84797
0.00449751,9.86579
0.00450356,9.88361
0.00450964,9.90144
0.00451599,9.91901
0.00452234,9.93671
0.00452874,9.95429
0.00453786,9.97199
0.00454686,9.98981
0.00455262,10.0078
0.00455837,10.0257
0.00456418,10.0436
0.00456975,10.0616
0.00457834,10.0797
0.00458394,10.0976
0.00458963,10.1155
0.00459798,10.1336
0.00460322,10.1518
0.00461133,10.17
0.00461651,10.1882
0.00462182,10.2064
0.00462992,10.2246
0.00463803,10.2427
0.00464339,10.2609
0.0046515,10.2791
0.0046566,10.2973
0.00466435,10.3157
0.00466935,10.3339
0.00467728,10.3522
0.00468527,10.3706
0.00469021,10.3889
0.00469814,10.4071
0.00470327,10.4254
0.00470812,10.4437
0.00471599,10.462
0.00472076,10.4804
0.00472565,10.4987
0.00473352,10.517
0.0047384,10.5355
0.00474627,10.5537
0.00475125,10.572
0.00475608,10.5904
0.00476377,10.6088
0.00476847,10.6273
0.00477306,10.6457
0.00478081,10.6641
0.00478874,10.6823
0.00479372,10.7006
0.00479863,10.7189
0.00480346,10.7374
0.00480817,10.7558
0.00481592,10.7741
0.00482352,10.7925
0.00482826,10.811
0.0048358,10.8295
0.00484334,10.848
0.00484784,10.8665
0.00485508,10.8851
0.00486205,10.9038
0.00486584,10.9227
0.00487532,10.9416
0.00488157,10.9606
0.00488798,10.9797
0.00489409,10.9988
0.00490008,11.018
0.0049058,11.0373
0.00491162,11.0566
0.00491743,11.0759
0.00492336,11.0952
0.00492938,11.1143
0.00493543,11.1335
0.00494139,11.1527
0.00494741,11.1719
0.00495629,11.1911
0.00496249,11.2102
0.00496563,11.2293
0.00497439,11.2486
0.00498304,11.2679
0.00498587,11.2873
0.00499451,11.3066
0.00500026,11.3259
0.00500628,11.345
0.0050123,11.3643
0.00501844,11.3834
0.0050216,11.4025
0.00502783,11.4217
0.005034,11.4407
0.00504035,11.4598
0.00504681,11.4788
0.00505322,11.4977
0.00505972,11.5168
0.00506607,11.5357
0.00506942,11.5549
0.00507556,11.5739
0.00508486,11.593
0.00508815,11.6121
0.00509721,11.6312
0.00510326,11.6503
0.00510925,11.6696
0.00511521,11.6888
0.00512123,11.708
0.00512716,11.7272
0.00513604,11.7464
0.00513895,11.7657
0.00514735,11.7851
0.00515014,11.8045
0.0051558,11.8238
0.00516438,11.8432
0.00516996,11.8626
0.00517559,11.8819
0.00518086,11.9014
0.00518873,11.9212
0.00519383,11.9407
0.00520187,11.9604
0.00520992,11.9799
0.00521493,11.9997
0.00522268,12.0194
0.00522747,12.0391
0.00523221,12.0589
0.00523689,12.0788
0.00524458,12.0986
0.00524965,12.1182
0.00525758,12.1378
0.00526276,12.1574
0.00526801,12.1769
0.0052734,12.1965
0.005279,12.2159
0.00528747,12.2352
0.00529304,12.2546
0.00529861,12.274
0.00530684,12.2935
0.0053122,12.3131
0.00532025,12.3326
0.00532532,12.3522
0.00533312,12.372
0.00533801,12.3917
0.0053457,12.4114
0.0053502,12.4313
0.00535762,12.4514
0.00536206,12.4713
0.0053696,12.491
0.0053769,12.5111
0.00538111,12.5311
0.00538829,12.5511
0.00539523,12.5712
0.00540495,12.5914
0.00541177,12.6116
0.00541869,12.6318
0.00542554,12.6519
0.00543225,12.6722
0.00543898,12.6923
0.00544563,12.7126
0.00545218,12.733
0.00545856,12.7534
0.00546494,12.7738
0.00547129,12.7941
0.00547728,12.8146
0.00548318,12.8353
0.00549194,12.8559
0.0055007,12.8765
0.00550935,12.8973
0.00551495,12.918
0.00551797,12.9387
0.00552381,12.9593
0.00553287,12.9798
0.0055391,13.0003
0.00554569,13.0206
0.00555225,13.0408
0.00555591,13.0612
0.00556259,13.0815
0.00557224,13.1016
0.00557907,13.1218
0.00558577,13.142
0.00559254,13.1623
0.00559629,13.1826
0.00560279,13.2028
0.00560932,13.2232
0.005613,13.2435
0.00561949,13.2639
0.00562292,13.2842
0.00563216,13.3046
0.00563872,13.325
0.00564518,13.3453
0.00565436,13.3658
0.00566053,13.3863
0.0056638,13.4068
0.00566979,13.4273
0.00567867,13.4479
0.00568172,13.4685
0.00569048,13.4891
0.00569641,13.5097
0.00570211,13.5305
0.00570777,13.5512
0.00571352,13.5718
0.00572216,13.5926
0.005728,13.6132
0.0057337,13.634
0.0057396,13.6546
0.00574848,13.6751
0.00575465,13.6956
0.00576365,13.7161
0.00576985,13.7366
0.00577608,13.7571
0.00577934,13.7777
0.0057887,13.7979
0.00579519,13.8183
0.00580172,13.8386
0.0058081,13.859
0.00581424,13.8795
0.00582065,13.8998
0.0058269,13.9204
0.0058362,13.9407
0.00583969,13.9611
0.00584619,13.9815
0.00585224,14.002
0.005861,14.0227
0.00586414,14.0432
0.00587001,14.0638
0.00587872,14.0845
0.00588712,14.1053
0.00589245,14.1262
0.00590044,14.1472
0.00590566,14.1682
0.0059106,14.1893
0.00591841,14.2103
0.00592628,14.2314
0.00593123,14.2524
0.00593886,14.2736
0.00594655,14.2947
0.00595096,14.3161
0.00595817,14.3375
0.00596526,14.359
0.00597492,14.3804
0.00598177,14.402
0.00598872,14.4235
0.00599545,14.4451
0.00600198,14.4669
0.0060114,14.4886
0.00601517,14.5102
0.00601937,14.5316
0.00602655,14.553
0.00603397,14.5743
0.00604154,14.5955
0.00604619,14.6166
0.00605376,14.6379
0.00606136,14.6591
0.00606619,14.6802
0.00607411,14.7012
0.00607903,14.7224
0.00608672,14.7435
0.00609471,14.7645
0.00609977,14.7855
0.0061077,14.8066
0.00611569,14.8276
0.00611824,14.8483
0.00612664,14.8692
0.00613224,14.89
0.00613785,14.9107
0.00614661,14.9313
0.00615272,14.9519
0.0061619,14.9724
0.00616816,14.9927
0.00617733,15.0133
0.00618368,15.0336
0.00618964,15.0543
0.00619852,15.0748
0.00620434,15.0954
0.00621292,15.1162
0.00622132,15.137
0.00622648,15.1579
0.00623435,15.179
0.00624215,15.2001
0.00624716,15.2211
0.00625479,15.2424
0.00626248,15.2635
0.00626737,15.2846
0.00627506,15.3057
0.00628286,15.3269
0.00629073,15.3478
0.00629562,15.369
0.00630048,15.3901
0.00630835,15.4112
0.00631615,15.4323
0.0063239,15.4533
0.00633177,15.4744
0.00633684,15.4954
0.00634196,15.5164
0.00635007,15.5374
0.00635519,15.5584
0.00636336,15.5793
0.00636843,15.6003
0.00637358,15.6213
0.00638163,15.6423
0.0063869,15.6632
0.00639489,15.6842
0.00639987,15.7053
0.00640768,15.7264
0.00641548,15.7475
0.00642311,15.7686
0.00642753,15.79
0.00643486,15.8112
0.00644201,15.8327
0.00644609,15.8542
0.00645289,15.8757
0.00645968,15.8973
0.00646621,15.919
0.00646962,15.9409
0.00647585,15.9626
0.0064822,15.9844
0.00648849,16.0063
0.00649468,16.0281
0.00650094,16.0499
0.0065072,16.0717
0.00651352,16.0936
0.00651969,16.1154
0.00652304,16.1373
0.00652939,16.159
0.00653565,16.1809
0.006542,16.2026
0.00654846,16.2244
0.00655217,16.246
0.00655858,16.2678
0.00656496,16.2895
0.00657157,16.3112
0.00657825,16.3328
0.00658519,16.3543
0.00658934,16.3758
0.00659363,16.3972
0.00660084,16.4185
0.00660501,16.44
0.00661199,16.4615
0.00661613,16.483
0.00662322,16.5043
0.0066302,16.5258
0.00663735,16.5473
0.00664393,16.5689
0.00665052,16.5906
0.00665399,16.6124
0.00666025,16.6342
0.00666375,16.656
0.00667001,16.6778
0.00667636,16.6995
0.0066825,16.7215
0.00668858,16.7434
0.0066916,16.7653
0.00669771,16.7873
0.00670376,16.8092
0.00670969,16.8311
0.00671261,16.8532
0.00671819,16.8753
0.00672376,16.8975
0.00673187,16.9199
0.00673711,16.9421
0.00674522,16.9644
0.00675031,16.9869
0.0067555,17.0092
0.00676066,17.0316
0.00676578,17.0539
0.00677109,17.0761
0.00677654,17.0983
0.00678223,17.1204
0.00678789,17.1425
0.00679374,17.1646
0.00679967,17.1866
0.00680569,17.2086
0.00681165,17.2305
0.00681773,17.2524
0.00682087,17.2744
0.00682665,17.2963
0.0068324,17.3184
0.00684099,17.3405
0.0068465,17.3627
0.00685193,17.385
0.00685717,17.4073
0.00686233,17.4296
0.00687037,17.452
0.00687544,17.4743
0.00688048,17.4968
0.00688864,17.5191
0.00689082,17.5415
0.00689863,17.5639
0.00690655,17.5864
0.00691129,17.6088
0.00691892,17.6314
0.00692616,17.6541
0.00693317,17.6771
0.00693999,17.7
0.00694661,17.723
0.00695298,17.7462
0.00695918,17.7694
0.00696532,17.7927
0.00697155,17.8159
0.00698073,17.8391
0.00698446,17.8623
0.00699194,17.8853
0.00699957,17.9083
0.00700725,17.9312
0.00701214,17.9542
0.00702001,17.977
0.00702534,17.9997
0.00703068,18.0224
0.00703879,18.0451
0.00704713,18.0678
0.00705223,18.0905
0.00706021,18.1133
0.00706525,18.1362
0.00707288,18.1592
0.00707756,18.1822
0.00708483,18.2054
0.00709219,18.2285
0.00709946,18.2517
0.00710977,18.2747
0.00711419,18.2979
0.00712137,18.3211
0.00712846,18.3443
0.00713269,18.3675
0.00714011,18.3906
0.00714762,18.4136
0.00715513,18.4367
0.00716255,18.4598
0.00716968,18.483
0.00717951,18.5063
0.00718622,18.5297
0.00719295,18.5532
0.00720249,18.5766
0.00720607,18.6002
0.00721253,18.6237
0.00722171,18.6474
0.00722788,18.6711
0.00723402,18.6948
0.00724028,18.7185
0.00724374,18.742
0.00725014,18.7656
0.00725688,18.789
0.00726376,18.8123
0.00727077,18.8356
0.00727777,18.859
0.00728185,18.8823
0.00728915,18.9053
0.00729634,18.9285
0.00730385,18.9516
0.00731112,18.9748
0.00731559,18.9979
0.00732295,19.0209
0.00733025,19.0441
0.0073374,19.0673
0.0073473,19.0906
0.00735144,19.1138
0.00735818,19.1373
0.00736485,19.1607
0.00737421,19.1843
0.0073808,19.2078
0.00738735,19.2313
0.00739361,19.255
0.00739981,19.2786
0.00740869,19.3024
0.00741471,19.3261
0.00742353,19.3499
0.00742958,19.3737
0.0074356,19.3975
0.00744437,19.4213
0.00745009,19.4453
0.00745849,19.4692
0.00746424,19.4931
0.00747283,19.517
0.00748165,19.5408
0.00748773,19.5646
0.00749384,19.5883
0.00749995,19.612
0.00750603,19.6358
0.00751219,19.6595
0.00751854,19.6831
0.00752778,19.7067
0.00753422,19.7302
0.00754352,19.7538
0.00755001,19.7773
0.00755654,19.8009
0.00756304,19.8245
0.00757257,19.8479
0.00757934,19.8713
0.0075861,19.8946
0.00759281,19.9181
0.00759966,19.9415
0.0076092,19.965
0.00761585,19.9884
0.00762249,20.0118
0.00762884,20.0355
0.00763808,20.0591
0.00764464,20.0825
0.00765104,20.1062
0.00766034,20.1298
0.00766675,20.1533
0.00767307,20.1769
0.00768236,20.2006
0.00769178,20.224
0.00769804,20.2477
0.00770734,20.2712
0.00771381,20.2948
0.00772281,20.3185
0.00773199,20.3422
0.0077383,20.3658
0.00774772,20.3893
0.00775413,20.4128
0.00776057,20.4364
0.0077701,20.46
0.00777693,20.4833
0.0077867,20.5066
0.00779058,20.53
0.00779746,20.5533
0.007807,20.5768
0.00781373,20.6002
0.00782038,20.6238
0.00782706,20.6472
0.00783647,20.6707
0.00784273,20.6943
0.00784884,20.718
0.00785748,20.7419
0.00786607,20.7659
0.0078717,20.7898
0.00788004,20.8138
0.00788833,20.8379
0.00789632,20.8622
0.00790418,20.8865
0.00790892,20.9108
0.00791649,20.9352
0.00792397,20.9597
0.00793148,20.9841
0.00793893,21.0087
0.00794638,21.0331
0.00795366,21.0576
0.00796072,21.0823
0.00796769,21.1071
0.00797473,21.1317
0.00798462,21.1564
0.00799174,21.181
0.00799884,21.2057
0.00800614,21.2302
0.00801335,21.2548
0.00802041,21.2794
0.00802777,21.304
0.00803233,21.3285
0.00804008,21.3528
0.00804789,21.3771
0.008056,21.4012
0.00806112,21.4254
0.00806905,21.4497
0.00807692,21.474
0.00808207,21.4982
0.00808726,21.5223
0.00809253,21.5464
0.00810338,21.5707
0.00810845,21.5948
0.0081162,21.6191
0.00812114,21.6434
0.00812895,21.6677
0.0081367,21.6921
0.00814439,21.7164
0.00814904,21.7408
0.00815655,21.7654
0.00816376,21.7899
0.00817115,21.8144
0.00817816,21.8391
0.00818498,21.8639
0.00819157,21.8888
0.00819798,21.9138
0.00820426,21.9388
0.0082132,21.964
0.00821645,21.9891
0.00822545,22.0142
0.00823174,22.0392
0.00823779,22.0643
0.0082439,22.0895
0.00825022,22.1145
0.00825356,22.1396
0.00826262,22.1647
0.00826607,22.1897
0.00827263,22.2146
0.00827904,22.2396
0.0082884,22.2645
0.00829196,22.2894
0.0083012,22.3144
0.00830766,22.3395
0.00831082,22.3646
0.00831699,22.3896
0.00832593,22.4148
0.00833177,22.4401
0.00834036,22.4655
0.00834581,22.4908
0.00835409,22.5164
0.00835934,22.5419
0.00836739,22.5675
0.00837525,22.5931
0.00838011,22.6189
0.00838494,22.6446
0.00839257,22.6704
0.00840032,22.6962
0.00840801,22.7219
0.00841284,22.7477
0.00842339,22.7734
0.00842792,22.7993
0.00843543,22.8252
0.00844291,22.8511
0.00845065,22.8767
0.0084584,22.9025
0.00846341,22.9281
0.00846857,22.9537
0.00847953,22.9792
0.00848475,23.0049
0.00849011,23.0304
0.00849852,23.0558
0.00850433,23.0811
0.00851017,23.1063
0.00851881,23.1316
0.0085245,23.1569
0.00853315,23.1822
0.00853896,23.2075
0.00854772,23.2327
0.00855386,23.2578
0.00855991,23.283
0.00856867,23.3082
0.00857454,23.3335
0.00858035,23.3588
0.00858918,23.3839
0.00859523,23.4091
0.00860116,23.4343
0.00860998,23.4595
0.00861591,23.4847
0.00862181,23.5099
0.00863057,23.5352
0.0086365,23.5604
0.00864538,23.5856
0.00865432,23.6107
0.00866025,23.636
0.00866902,23.6611
0.00867772,23.6865
0.00868338,23.7118
0.00869208,23.7371
0.00870055,23.7624
0.00870895,23.7878
0.00871449,23.8134
0.0087229,23.8387
0.00872826,23.8641
0.00873679,23.8895
0.00874245,23.9149
0.00875097,23.9402
0.00875962,23.9656
0.00876215,23.991
0.00877055,24.0164
0.00877866,24.042
0.00878396,24.0675
0.00879481,24.0931
0.00880268,24.1188
0.00881037,24.1445
0.0088177,24.1705
0.008825,24.1964
0.00883206,24.2225
0.00883898,24.2487
0.00884595,24.2748
0.00885281,24.3009
0.00886228,24.3273
0.00886887,24.3535
0.00887835,24.3799
0.00888481,24.4061
0.00889134,24.4325
0.00890076,24.4589
0.00890732,24.4851
0.00891408,24.5113
0.00892085,24.5376
0.00892499,24.5636
0.00893208,24.5897
0.00893905,24.6158
0.00894642,24.6417
0.00895381,24.6676
0.0089615,24.6934
0.00896936,24.7191
0.00897735,24.7446
0.00897969,24.7703
0.00898803,24.7957
0.00899644,24.821
0.00900514,24.8463
0.00901134,24.8715
0.00902022,24.8966
0.00902934,24.9217
0.00903569,24.9467
0.00904463,24.9719
0.00905083,24.9969
0.00905989,25.022
0.00906585,25.0472
0.00907449,25.0725
0.00908018,25.0979
0.00908591,25.1232
0.00909443,25.1486
0.00910283,25.1739
0.00910829,25.1993
0.00911687,25.2247
0.00912516,25.2502
0.00913344,25.2756
0.00913889,25.3011
0.00914718,25.3265
0.00915564,25.3519
0.00916092,25.3774
0.00916932,25.403
0.00917785,25.4282
0.00918625,25.4537
0.00919471,25.479
0.00920059,25.5043
0.00920929,25.5295
0.00921516,25.5548
0.00922127,25.58
0.00922735,25.6051
0.00923629,25.6302
0.00924243,25.6554
0.00924854,25.6804
0.00925462,25.7056
0.00926344,25.7308
0.00926928,25.7561
0.00927512,25.7814
0.00928382,25.8066
0.00929241,25.8319
0.00929783,25.8574
0.00930635,25.8828
0.00931452,25.9083
0.0093197,25.9338
0.00932775,25.9595
0.0093358,25.985
0.00934367,26.0107
0.00934864,26.0364
0.00935639,26.0621
0.00936432,26.0878
0.00937213,26.1134
0.00937988,26.1392
0.00938774,26.1649
0.00939284,26.1904
0.00940363,26.2162
0.00940872,26.2418
0.00941695,26.2673
0.00942488,26.2928
0.00943027,26.3184
0.00943832,26.344
0.0094438,26.3694
0.00945238,26.3948
0.0094582,26.42
0.00946404,26.4453
0.00947298,26.4705
0.00947912,26.4955
0.00948523,26.5206
0.00949447,26.5457
0.00949767,26.5708
0.00950673,26.5958
0.00951293,26.621
0.00952181,26.6461
0.00952768,26.6714
0.0095362,26.6968
0.00954187,26.722
0.00955015,26.7476
0.00955555,26.7731
0.00956383,26.7985
0.00956931,26.8238
0.00957471,26.8494
0.00958276,26.875
0.00959092,26.9005
0.00959897,26.9261
0.00960707,26.9517
0.00961223,26.9773
0.00961998,27.0029
0.00962797,27.0286
0.00963276,27.0543
0.00964045,27.0801
0.0096454,27.1058
0.00965333,27.1315
0.00966125,27.1571
0.00966635,27.1827
0.0096716,27.2082
0.00967672,27.2339
0.00968221,27.2593
0.00968778,27.2847
0.00969353,27.3099
0.00970223,27.3352
0.00970795,27.3605
0.00971365,27.3859
0.00971922,27.4113
0.00972762,27.4366
0.00973585,27.4622
0.00974109,27.4877
0.00974914,27.5133
0.00975707,27.5389
0.009765,27.5646
0.00977006,27.5902
0.00977781,27.616
0.00978246,27.6417
0.00978994,27.6676
0.00979414,27.6937
0.00980112,27.7197
0.00981095,27.7458
0.00981801,27.772
0.00982496,27.7981
0.00983455,27.8243
0.00984099,27.8507
0.00985035,27.8771
0.00985685,27.9034
0.00986328,27.9298
0.00986987,27.9561
0.00987661,27.9823
0.00988349,28.0084
0.00989297,28.0348
0.00989672,28.061
0.00990328,28.0873
0.00990987,28.1136
0.00991663,28.1398
0.00992068,28.1659
0.00992772,28.192
0.00993466,28.2181
0.00994175,28.2441
0.0099487,28.2703
0.00995576,28.2964
0.00996273,28.3225
0.0099698,28.3485
0.00997704,28.3745
0.00998419,28.4005
0.00999105,28.4268
0.00999778,28.4529
0.0100016,28.4791
0.0100111,28.5055
0.0100175,28.5319
0.0100266,28.5583
0.0100327,28.5848
0.010039,28.6113
0.0100481,28.6378
0.0100541,28.6644
0.0100603,28.6908
0.0100694,28.7173
0.0100758,28.7436
0.0100853,28.77
0.0100921,28.7961
0.0100991,28.8223
0.0101062,28.8484
0.0101132,28.8744
0.0101203,28.9005
0.0101275,28.9265
0.0101348,28.9524
0.0101421,28.9784
0.0101494,29.0044
0.0101566,29.0303
0.010167,29.0561
0.0101714,29.0821
0.0101787,29.108
0.010186,29.134
0.0101932,29.16
0.0102004,29.186
0.0102105,29.212
0.0102178,29.238
0.0102248,29.264
0.0102347,29.2902
0.0102444,29.3164
0.010254,29.3426
0.010258,29.3688
0.0102673,29.3951
0.0102767,29.4215
0.010283,29.448
0.0102949,29.4745
0.010301,29.501
0.0103101,29.5275
0.0103191,29.5541
0.0103249,29.5807
0.0103337,29.6073
0.0103393,29.6342
0.0103482,29.6606
0.010357,29.6873
0.010366,29.7139
0.0103722,29.7404
0.0103814,29.7667
0.0103907,29.7931
0.0103971,29.8196
0.0104037,29.8458
0.0104133,29.8721
0.0104201,29.8982
0.0104271,29.9243
0.0104342,29.9504
0.0104414,29.9764
0.0104485,30.0024
0.0104583,30.0286
0.0104653,30.0547
0.0104721,30.0808
0.010479,30.1071
0.0104887,30.1332
0.0104955,30.1594
0.0105019,30.1858
0.0105112,30.2122
0.0105177,30.2385
0.0105239,30.265
0.0105303,30.2914
0.0105365,30.3179
0.010546,30.3441
0.0105553,30.3705
0.0105645,30.397
0.010571,30.4233
0.0105773,30.4497
0.0105868,30.4761
0.0105933,30.5024
0.0106029,30.5286
0.0106097,30.5548
0.0106166,30.5809
0.0106234,30.6072
0.0106302,30.6334
0.0106371,30.6595
0.010644,30.6857
0.0106509,30.7118
0.0106578,30.7379
0.0106674,30.7642
0.0106741,30.7904
0.0106807,30.8166
0.0106871,30.8431
0.0106931,30.8696
0.0106993,30.8961
0.010708,30.9228
0.0107136,30.9496
0.0107248,30.9764
0.0107297,31.0035
0.0107374,31.0308
0.0107449,31.058
0.0107522,31.0853
0.0107595,31.1127
0.0107697,31.1401
0.0107738,31.1676
0.010781,31.1949
0.0107883,31.2223
0.0107957,31.2496
0.0108003,31.2769
0.0108107,31.3041
0.0108153,31.3314
0.0108229,31.3586
0.0108274,31.3859
0.0108382,31.413
0.010846,31.4401
0.0108508,31.4673
0.0108556,31.4944
0.0108635,31.5215
0.0108687,31.5485
0.0108767,31.5754
0.0108819,31.6024
0.01089,31.6294
0.0108952,31.6564
0.0109032,31.6833
0.010911,31.7104
0.0109162,31.7374
0.0109242,31.7644
0.0109319,31.7916
0.0109367,31.8188
0.0109442,31.8461
0.0109518,31.8733
0.0109563,31.9005
0.0109639,31.9277
0.0109712,31.9551
0.0109784,31.9825
0.0109857,32.0099
0.0109927,32.0373
0.0109997,32.0648
0.0110067,32.0924
0.0110167,32.1199
0.0110209,32.1473
0.0110309,32.1747
0.011035,32.2023
0.0110421,32.2297
0.0110492,32.2571
0.0110563,32.2845
0.0110635,32.312
0.0110708,32.3394
0.0110781,32.3667
0.0110853,32.394
0.0110895,32.4215
0.0110964,32.4491
0.011106,32.4768
0.0111097,32.5044
0.011119,32.5322
0.0111253,32.56
0.0111341,32.5881
0.0111399,32.6162
0.0111484,32.6444
0.0111537,32.6727
0.0111617,32.701
0.0111669,32.7295
0.0111746,32.758
0.0111824,32.7865
0.01119,32.8152
0.0111974,32.8439
0.0112022,32.8724
0.0112096,32.9011
0.011217,32.9298
0.0112243,32.9586
0.0112315,32.9874
0.0112357,33.0162
0.0112432,33.0449
0.0112508,33.0736
0.0112553,33.1023
0.0112632,33.1307
0.0112682,33.1592
0.0112733,33.1876
0.0112813,33.216
0.0112865,33.2444
0.0112949,33.2726
0.0113004,33.3009
0.0113088,33.3291
0.0113144,33.3573
0.0113231,33.3854
0.0113285,33.4136
0.0113341,33.4418
0.0113426,33.47
0.011348,33.4983
0.0113533,33.5265
0.0113613,33.5549
0.0113691,33.5835
0.0113768,33.612
0.0113814,33.6407
0.0113888,33.6694
0.0113962,33.6981
0.0114004,33.7269
0.0114074,33.7558
0.0114147,33.7846
0.0114191,33.8135
0.0114267,33.842
0.0114346,33.8705
0.0114395,33.8989
0.0114476,33.9273
0.0114531,33.9555
0.0114615,33.9837
0.0114673,34.0119
0.0114759,34.04
0.0114817,34.0681
0.0114902,34.0962
0.0114958,34.1245
0.0115041,34.1527
0.0115097,34.1809
0.011518,34.2092
0.0115232,34.2375
0.0115342,34.2659
0.011539,34.2944
0.0115469,34.3229
0.0115547,34.3514
0.0115621,34.3801
0.0115698,34.4088
0.011577,34.4375
0.0115841,34.4664
0.011591,34.4953
0.0116006,34.5244
0.0116073,34.5534
0.0116169,34.5825
0.0116234,34.6117
0.01163,34.6407
0.0116397,34.6697
0.0116463,34.6988
0.0116534,34.7276
0.0116606,34.7565
0.0116679,34.7853
0.0116754,34.8138
0.0116831,34.8425
0.0116911,34.8708
0.0116963,34.8993
0.0117046,34.9276
0.0117131,34.9557
0.0117218,34.9837
0.0117276,35.0119
0.0117335,35.0399
0.0117396,35.0679
0.0117486,35.0958
0.0117578,35.1236
0.011764,35.1515
0.011773,35.1794
0.0117791,35.2074
0.011788,35.2353
0.0117967,35.2634
0.0118055,35.2915
0.0118108,35.3198
0.0118189,35.3481
0.0118268,35.3766
0.0118377,35.405
0.0118456,35.4335
0.0118538,35.4619
0.0118589,35.4903
0.0118669,35.5187
0.011875,35.5471
0.0118832,35.5754
0.0118886,35.6036
0.011897,35.6318
0.0119026,35.66
0.0119111,35.6882
0.0119168,35.7164
0.0119253,35.7445
0.0119311,35.7727
0.0119367,35.8008
0.0119452,35.829
0.0119511,35.857
0.0119597,35.8851
0.0119655,35.9132
0.0119715,35.9411
0.0119774,35.9692
0.0119834,35.9972
0.0119893,36.0252
0.0119979,36.0533
0.0120037,36.0814
0.0120124,36.1095
0.0120179,36.1378
0.0120261,36.166
0.0120312,36.1944
0.0120389,36.223
0.0120436,36.2517
0.0120507,36.2805
0.0120575,36.3096
0.0120643,36.3385
0.0120708,36.3677
0.0120774,36.3968
0.0120839,36.4259
0.0120905,36.4551
0.0120972,36.484
0.0121012,36.513
0.0121083,36.5419
0.0121129,36.5705
0.0121178,36.599
0.0121256,36.6275
0.012131,36.6559
0.0121364,36.6841
0.012142,36.7123
0.012148,36.7402
0.0121568,36.7683
0.0121628,36.7962
0.0121688,36.8243
0.0121745,36.8524
0.0121833,36.8805
0.0121891,36.9084
0.0121945,36.9367
0.0122028,36.9649
0.0122081,36.9934
0.012216,37.0218
0.0122208,37.0504
0.0122256,37.079
0.0122302,37.1076
0.0122376,37.1363
0.012245,37.165
0.0122521,37.1938
0.0122597,37.2225
0.0122669,37.2513
0.0122715,37.2799
0.0122762,37.3086
0.0122838,37.3371
0.0122887,37.3657
0.0122967,37.3941
0.0123017,37.4226
0.0123098,37.4509
0.0123152,37.4792
0.0123205,37.5075
0.012329,37.5357
0.0123343,37.5639
0.0123396,37.5924
0.012345,37.6206
0.0123529,37.649
0.012358,37.6775
0.012366,37.7059
0.0123737,37.7345
0.0123815,37.763
0.0123892,37.7916
0.0123937,37.8203
0.0123984,37.8489
0.0124086,37.8777
0.0124128,37.9065
0.01242,37.9353
0.0124298,37.9642
0.0124365,37.9933
0.0124435,38.0222
0.0124503,38.0513
0.0124599,38.0803
0.0124665,38.1094
0.0124729,38.1385
0.0124796,38.1676
0.0124862,38.1968
0.0124928,38.2258
0.0125026,38.2547
0.0125095,38.2837
0.0125163,38.3127
0.012523,38.3418
0.0125296,38.3708
0.0125362,38.4
0.0125429,38.4291
0.0125465,38.4581
0.0125561,38.4872
0.0125628,38.5162
0.0125662,38.5455
0.0125727,38.5746
0.012579,38.6039
0.0125852,38.6332
0.0125916,38.6623
0.0126006,38.6916
0.0126037,38.7211
0.0126126,38.7505
0.0126183,38.78
0.012624,38.8096
0.0126297,38.8391
0.0126381,38.8686
0.0126434,38.8984
0.0126517,38.9281
0.0126571,38.9577
0.0126627,38.9873
0.0126713,39.0168
0.012677,39.0464
0.0126829,39.0758
0.0126917,39.1052
0.0126979,39.1345
0.0127042,39.1638
0.0127108,39.1929
0.0127176,39.2219
0.0127215,39.251
0.0127311,39.2799
0.0127382,39.3088
0.0127451,39.3377
0.0127522,39.3666
0.0127593,39.3955
0.0127633,39.4244
0.0127732,39.4534
0.01278,39.4823
0.0127867,39.5113
0.0127963,39.5404
0.0128027,39.5696
0.0128089,39.5989
0.012818,39.6282
0.0128268,39.6576
0.0128326,39.6871
0.0128411,39.7167
0.0128465,39.7463
0.0128576,39.7761
0.0128629,39.8059
0.012871,39.8356
0.012879,39.8655
0.0128871,39.8951
0.0128951,39.925
0.0129037,39.9546
0.0129092,39.9841
0.0129178,40.0137
0.0129239,40.0431
0.0129328,40.0724
0.0129393,40.1015
0.0129456,40.1308
0.012955,40.16
0.0129646,40.1889
0.0129713,40.2181
0.012981,40.2471
0.0129878,40.2761
0.0129975,40.305
0.0130073,40.334
0.0130143,40.3629
0.0130242,40.3918
0.0130311,40.4208
0.0130411,40.4497
0.0130478,40.4786
0.0130546,40.5077
0.0130669,40.5368
0.0130734,40.566
0.01308,40.5951
0.0130893,40.6242
0.0130986,40.6534
0.0131107,40.6827
0.01312,40.7119
0.0131266,40.7411
0.013136,40.7701
0.0131428,40.7992
0.0131525,40.8281
0.0131596,40.857
0.0131693,40.886
0.0131764,40.9149
0.0131834,40.9438
0.0131934,40.9726
0.0132006,41.0014
0.0132076,41.0304
0.0132149,41.0592
0.0132247,41.088
0.0132316,41.117
0.0132383,41.1461
0.0132447,41.1753
0.0132538,41.2046
0.0132627,41.234
0.0132709,41.2637
0.0132791,41.2934
0.0132897,41.3233
0.0132942,41.3535
0.0133013,41.3836
0.0133111,41.414
0.0133178,41.4446
0.0133244,41.4751
0.0133339,41.5055
0.0133405,41.536
0.0133503,41.5664
0.0133572,41.5968
0.0133645,41.6269
0.0133719,41.657
0.0133795,41.687
0.0133874,41.7169
0.0133956,41.7467
0.0134012,41.7762
0.0134097,41.8058
0.0134155,41.8353
0.0134244,41.8646
0.0134305,41.894
0.0134365,41.9234
0.0134455,41.9527
0.0134543,41.9822
0.0134631,42.0116
0.0134719,42.041
0.0134808,42.0704
0.0134839,42.0998
0.0134928,42.1291
0.0135016,42.1587
0.0135102,42.1882
0.0135158,42.2178
0.013524,42.2475
0.0135324,42.2771
0.0135407,42.3067
0.0135489,42.3365
0.0135597,42.3663
0.0135675,42.3963
0.0135724,42.4263
0.0135801,42.4562
0.0135881,42.4861
0.0135963,42.5157
0.0136019,42.5454
0.0136102,42.5749
0.0136188,42.6046
0.0136242,42.6343
0.0136326,42.6638
0.0136382,42.6935
0.0136464,42.7231
0.0136575,42.7529
0.0136655,42.7827
0.0136733,42.8126
0.0136809,42.8426
0.0136882,42.8728
0.0136986,42.9028
0.0137061,42.933
0.0137164,42.963
0.0137239,42.9931
0.0137314,43.0232
0.0137388,43.0533
0.0137462,43.0835
0.0137563,43.1136
0.0137638,43.1438
0.0137741,43.1738
0.0137841,43.2041
0.0137942,43.2342
0.013801,43.2646
0.0138139,43.2949
0.0138213,43.3251
0.0138314,43.3552
0.0138389,43.3854
0.0138465,43.4154
0.0138539,43.4454
0.0138618,43.4753
0.0138697,43.5052
0.0138777,43.535
0.0138891,43.5647
0.0138976,43.5942
0.0139062,43.6238
0.0139117,43.6533
0.0139203,43.683
0.0139318,43.7125
0.0139375,43.7419
0.0139457,43.7717
0.0139543,43.8013
0.0139625,43.8309
0.0139734,43.8607
0.0139814,43.8906
0.0139917,43.9206
0.0139994,43.9507
0.0140067,43.9808
0.0140139,44.0111
0.014024,44.0412
0.0140344,44.0713
0.0140391,44.1013
0.0140497,44.1313
0.0140601,44.1614
0.014065,44.1913
0.0140729,44.2212
0.014081,44.251
0.0140891,44.2807
0.0140975,44.3104
0.0141057,44.3401
0.0141139,44.3699
0.014122,44.3996
0.0141303,44.4293
0.0141387,44.459
0.014147,44.4886
0.0141582,44.5183
0.0141666,44.548
0.0141778,44.5776
0.0141862,44.6073
0.0141942,44.6371
0.0142026,44.6666
0.0142106,44.6965
0.0142213,44.7264
0.014229,44.7565
0.0142392,44.7865
0.0142464,44.8168
0.0142564,44.847
0.0142662,44.8773
0.0142759,44.9077
0.0142858,44.9381
0.0142926,44.9685
0.0143027,44.9988
0.0143127,45.0289
0.0143201,45.0591
0.0143307,45.0891
0.0143354,45.1191
0.0143434,45.1489
0.0143515,45.1787
0.0143598,45.2084
0.0143712,45.2379
0.0143769,45.2674
0.0143855,45.297
0.0143944,45.3264
0.0144033,45.3557
0.0144095,45.385
0.0144187,45.4143
0.0144249,45.4436
0.014434,45.4729
0.0144435,45.5019
0.0144528,45.5312
0.0144621,45.5604
0.0144714,45.5896
0.0144805,45.6189
0.0144869,45.6481
0.0144959,45.6775
0.0145051,45.7066
0.0145146,45.7357
0.014527,45.7649
0.0145365,45.7939
0.0145432,45.823
0.014553,45.8519
0.0145601,45.8808
0.0145703,45.9095
0.0145778,45.9382
0.0145885,45.9668
0.0145966,45.9951
0.0146071,46.0238
0.0146151,46.0521
0.014623,46.0807
0.0146338,46.1091
0.0146446,46.1376
0.0146522,46.1662
0.0146599,46.1947
0.0146703,46.2234
0.0146806,46.2522
0.0146878,46.281
0.0146978,46.3098
0.0147075,46.3387
0.0147172,46.3678
0.0147269,46.3967
0.0147364,46.4259
0.0147432,46.4549
0.0147523,46.4842
0.0147616,46.5134
0.0147709,46.5426
0.014777,46.5719
0.0147892,46.6012
0.0147954,46.6304
0.0148045,46.6596
0.0148138,46.6889
0.0148205,46.718
0.0148301,46.7469
0.0148373,46.7759
0.0148444,46.8047
0.0148547,46.8334
0.0148594,46.8619
0.0148669,46.8906
0.0148748,46.9192
0.0148857,46.9475
0.0148936,46.9759
0.0149045,47.0044
0.0149097,47.0329
0.0149174,47.0613
0.0149251,47.0899
0.0149327,47.1185
0.0149403,47.1471
0.0149508,47.1758
0.0149583,47.2044
0.0149657,47.2332
0.014973,47.2619
0.014983,47.2908
0.0149898,47.3197
0.0149969,47.3486
0.0150036,47.3777
0.0150135,47.4065
0.0150204,47.4354
0.0150302,47.4645
0.0150373,47.4933
0.0150446,47.5221
0.015052,47.5508
0.0150624,47.5795
0.0150671,47.608
0.0150749,47.6366
0.0150829,47.6649
0.0150879,47.6935
0.0150958,47.7219
0.0151037,47.7504
0.0151114,47.7789
0.0151159,47.8076
0.0151262,47.8363
0.0151332,47.8652
0.0151403,47.8942
0.0151471,47.9231
0.0151568,47.9522
0.0151634,47.9812
0.0151699,48.0104
0.0151763,48.0396
0.0151825,48.0689
0.0151914,48.0983
0.0151972,48.1277
0.0152059,48.1572
0.0152143,48.1868
0.0152227,48.2164
0.0152338,48.2462
0.0152419,48.276
0.0152499,48.3058
0.0152551,48.3356
0.0152633,48.3652
0.0152717,48.3949
0.0152834,48.4243
0.0152895,48.4538
0.0152985,48.483
0.0153048,48.5123
0.0153114,48.5414
0.015321,48.5704
0.0153281,48.5993
0.0153351,48.6282
0.015345,48.6571
0.0153549,48.6859
0.015362,48.7149
0.015369,48.7438
0.0153791,48.7726
0.0153891,48.8014
0.0153962,48.8303
0.0154034,48.859
0.0154131,48.8881
0.01542,48.917
0.0154267,48.9461
0.0154361,48.9752
0.0154454,49.0044
0.0154575,49.0337
0.0154665,49.063
0.0154728,49.0923
0.0154817,49.1216
0.0154904,49.1511
0.0154968,49.1803
0.0155058,49.2096
0.0155153,49.2388
0.015525,49.2678
0.0155318,49.2968
0.0155419,49.3256
0.0155491,49.3544
0.0155561,49.3833
0.0155635,49.412
0.0155711,49.4406
0.0155784,49.4694
0.0155889,49.4981
0.0155959,49.5269
0.0156059,49.5557
0.015616,49.5845
0.015623,49.6134
0.0156326,49.6426
0.0156422,49.6715
0.0156515,49.7007
0.0156608,49.73
0.0156671,49.7592
0.0156786,49.7887
0.0156845,49.8181
0.0156927,49.8479
0.0157008,49.8777
0.0157086,49.9076
0.0157194,49.9375
0.0157271,49.9674
0.0157377,49.9975
0.0157454,50.0274
0.0157534,50.0573
0.0157616,50.0869
0.0157699,50.1166
0.0157788,50.146
0.015785,50.1753
0.0157945,50.2044
0.015801,50.2335
0.0158075,50.2627
0.0158171,50.2918
0.0158238,50.3208
0.0158333,50.3499
0.015843,50.3788
0.0158525,50.408
0.015859,50.4371
0.0158656,50.4662
0.0158747,50.4955
0.0158812,50.5247
0.0158906,50.5538
0.0158969,50.583
0.0159059,50.6124
0.0159149,50.6417
0.0159206,50.6713
0.0159323,50.7007
0.0159381,50.7302
0.0159467,50.7597
0.0159556,50.7891
0.0159643,50.8186
0.0159731,50.848
0.0159794,50.8773
0.0159886,50.9065
0.0159981,50.9357
0.0160076,50.9647
0.0160144,50.9938
0.0160213,51.0227
0.0160309,51.0517
0.0160377,51.0807
0.0160477,51.1095
0.0160547,51.1384
0.0160615,51.1675
0.0160684,51.1964
0.0160752,51.2255
0.0160877,51.2544
0.0160944,51.2836
0.0161035,51.3128
0.0161099,51.3421
0.0161189,51.3714
0.0161277,51.4008
0.0161363,51.4303
0.0161477,51.46
0.016156,51.4896
0.0161639,51.5194
0.0161747,51.5493
0.0161826,51.5792
0.0161904,51.6091
0.016198,51.6392
0.0162055,51.6692
0.0162129,51.6994
0.0162232,51.7294
0.0162309,51.7594
0.0162384,51.7894
0.0162462,51.8194
0.016254,51.8493
0.0162619,51.8792
0.01627,51.909
0.0162781,51.9387
0.0162836,51.9684
0.0162921,51.9979
0.0163008,52.0275
0.0163067,52.0569
0.0163156,52.0862
0.0163214,52.1157
0.0163306,52.1449
0.0163397,52.1742
0.0163487,52.2036
0.0163548,52.2329
0.0163635,52.2625
0.016372,52.292
0.0163775,52.3217
0.0163853,52.3516
0.0163932,52.3815
0.0164036,52.4115
0.0164106,52.4418
0.0164149,52.4721
0.0164247,52.5023
0.0164316,52.5327
0.0164384,52.5631
0.0164453,52.5935
0.0164524,52.6238
0.0164594,52.6541
0.0164664,52.6843
0.0164736,52.7146
0.0164808,52.7448
0.016488,52.775
0.0164952,52.8052
0.0165022,52.8355
0.0165094,52.8657
0.0165163,52.896
0.0165232,52.9264
0.01653,52.9568
0.0165366,52.9873
0.0165459,53.018
0.0165522,53.0486
0.0165583,53.0794
0.016567,53.1102
0.0165754,53.1413
0.0165808,53.1724
0.016589,53.2035
0.0165968,53.2348
0.016605,53.2659
0.0166129,53.2971
0.016618,53.3284
0.016626,53.3596
0.016634,53.3909
0.0166425,53.4218
0.0166514,53.4527
0.0166604,53.4834
0.0166668,53.5139
0.0166764,53.5444
0.0166829,53.575
0.0166896,53.6054
0.0166963,53.6359
0.0167032,53.6663
0.0167102,53.6965
0.0167199,53.7269
0.0167268,53.7573
0.0167334,53.7879
0.0167401,53.8183
0.0167497,53.8488
0.0167564,53.8792
0.0167663,53.9094
0.0167732,53.9398
0.0167801,53.9702
0.0167871,54.0005
0.0167939,54.0309
0.0168037,54.0613
0.0168104,54.0917
0.0168199,54.1222
0.0168294,54.1527
0.0168388,54.1832
0.0168453,54.2139
0.0168547,54.2444
0.0168609,54.275
0.01687,54.3057
0.0168795,54.3363
0.0168862,54.3667
0.0168961,54.397
0.0169031,54.4273
0.01691,54.4577
0.0169202,54.4878
0.0169272,54.5182
0.0169345,54.5482
0.0169447,54.5784
0.0169521,54.6087
0.0169595,54.6387
0.0169694,54.669
0.0169795,54.6992
0.0169867,54.7294
0.0169968,54.7597
0.0170067,54.7899
0.0170165,54.8203
0.0170232,54.8507
0.0170354,54.8814
0.0170446,54.912
0.0170565,54.9428
0.0170656,54.9734
0.0170717,55.0042
0.0170835,55.0349
0.0170925,55.0657
0.0170988,55.0963
0.0171083,55.1268
0.0171177,55.1575
0.0171248,55.1878
0.0171347,55.218
0.0171421,55.2482
0.0171527,55.2781
0.0171634,55.308
0.0171715,55.3378
0.0171798,55.3674
0.017188,55.3972
0.0171965,55.4268
0.0172051,55.4563
0.0172136,55.4859
0.0172225,55.5153
0.0172312,55.5447
0.0172398,55.5744
0.0172484,55.6038
0.0172569,55.6334
0.0172655,55.663
0.017274,55.6925
0.0172824,55.7222
0.017291,55.7517
0.0172995,55.7813
0.0173079,55.8109
0.0173163,55.8405
0.0173247,55.8701
0.0173361,55.8998
0.0173418,55.9293
0.0173534,55.9588
0.0173625,55.9881
0.0173718,56.0172
0.0173783,56.0464
0.0173879,56.0755
0.0173976,56.1045
0.0174072,56.1336
0.0174144,56.1624
0.0174242,56.1913
0.0174341,56.2202
0.017441,56.2492
0.0174505,56.2782
0.01746,56.3074
0.0174664,56.3366
0.0174756,56.3657
0.0174848,56.395
0.017491,56.4243
0.0174999,56.4536
0.0175089,56.483
0.0175175,56.5126
0.017526,56.5421
0.0175346,56.5717
0.0175459,56.6013
0.0175545,56.6309
0.0175628,56.6605
0.017571,56.6902
0.0175795,56.7199
0.0175876,56.7496
0.0175959,56.7793
0.0176044,56.8089
0.0176159,56.8384
0.0176248,56.8678
0.0176339,56.8971
0.0176431,56.9263
0.0176498,56.9553
0.0176568,56.9843
0.0176639,57.0132
0.0176743,57.0418
0.0176818,57.0704
0.0176895,57.099
0.0176976,57.1273
0.0177087,57.1558
0.0177168,57.1841
0.017728,57.2124
0.0177362,57.2407
0.0177448,57.2688
0.0177534,57.297
0.0177647,57.3252
0.0177734,57.3533
0.0177821,57.3814
0.0177936,57.4094
0.0178052,57.4376
0.0178169,57.4656
0.0178254,57.4938
0.0178343,57.5217
0.0178429,57.5499
0.0178544,57.578
0.0178633,57.606
0.0178751,57.634
0.017884,57.662
0.0178931,57.6898
0.0179021,57.7178
0.0179114,57.7456
0.0179212,57.7732
0.0179308,57.8008
0.0179406,57.8284
0.0179506,57.8559
0.0179573,57.8834
0.0179672,57.911
0.0179769,57.9386
0.0179892,57.9663
0.0180016,57.994
0.0180108,58.0219
0.0180198,58.0498
0.0180319,58.0777
0.0180407,58.1056
0.0180522,58.1338
0.0180607,58.1619
0.0180691,58.1902
0.0180803,58.2185
0.0180917,58.2466
0.0181,58.2749
0.0181111,58.3032
0.0181224,58.3314
0.0181335,58.3598
0.0181422,58.388
0.0181538,58.4159
0.0181631,58.4437
0.0181756,58.4715
0.0181887,58.4988
0.0181993,58.526
0.0182102,58.553
0.0182218,58.5796
0.0182334,58.6063
0.0182452,58.6329
0.0182576,58.6592
0.0182701,58.6854
0.0182828,58.7116
0.0182986,58.7377
0.0183087,58.7637
0.0183217,58.7897
0.018335,58.8156
0.018348,58.8416
0.0183584,58.8673
0.0183721,58.8931
0.0183856,58.9188
0.0183994,58.9445
0.018416,58.9701
0.0184301,58.9956
0.0184443,59.021
0.0184616,59.0463
0.0184738,59.0713
0.0184919,59.0962
0.0185052,59.1207
