"Maximum force",83.2958,"N"
"Gage length ",1.36435,"mm"
"Strain energy",1.11999,"mJ"
"Deformation at maximum force",0.0297656,"mm"
"Standard travel","Standard force"
"mm","N"
0,0.495421
4.20213e-006,0.497557
5.42402e-006,0.499739
4.21703e-006,0.501692
6.02007e-006,0.503592
5.14835e-006,0.505385
7.42823e-006,0.507056
6.70925e-006,0.50878
6.47269e-006,0.510268
9.22941e-006,0.51171
9.33791e-006,0.513037
9.71416e-006,0.514242
9.99169e-006,0.515486
1.0435e-005,0.516653
1.07293e-005,0.517889
1.12881e-005,0.519003
1.17947e-005,0.52014
1.26031e-005,0.521132
1.35233e-005,0.522078
1.14371e-005,0.52307
1.24578e-005,0.523959
1.33519e-005,0.524912
1.16383e-005,0.525729
1.27484e-005,0.526575
1.1221e-005,0.527304
1.26814e-005,0.527983
1.12657e-005,0.528658
1.29794e-005,0.529223
1.42758e-005,0.529982
1.30613e-005,0.530562
1.16606e-005,0.531229
1.32178e-005,0.531863
1.21524e-005,0.532374
1.38585e-005,0.532938
1.289e-005,0.5334
1.18171e-005,0.533907
1.37244e-005,0.53438
1.25919e-005,0.534918
1.16308e-005,0.535374
1.08336e-005,0.535752
1.28006e-005,0.53619
1.21226e-005,0.536518
1.12136e-005,0.536949
1.04685e-005,0.537302
1.25249e-005,0.537701
1.15712e-005,0.538157
1.08783e-005,0.538485
1.00848e-005,0.538861
9.52231e-006,0.539128
8.72882e-006,0.539503
8.28179e-006,0.539716
7.86672e-006,0.539912
7.38989e-006,0.540139
6.80874e-006,0.540412
8.93961e-006,0.540773
8.42552e-006,0.541024
7.73261e-006,0.541352
7.25205e-006,0.541581
6.65973e-006,0.541862
5.91467e-006,0.542215
8.04554e-006,0.542575
7.09931e-006,0.543031
9.31959e-006,0.543351
8.66766e-006,0.543664
8.07162e-006,0.543946
1.05005e-005,0.544167
9.93799e-006,0.544439
1.22328e-005,0.544722
1.16218e-005,0.545019
1.40358e-005,0.545248
1.63157e-005,0.545546
1.56824e-005,0.545851
1.79772e-005,0.546133
1.99739e-005,0.546564
2.22091e-005,0.546885
2.41164e-005,0.547356
2.31888e-005,0.547802
2.78678e-005,0.548325
2.65938e-005,0.548947
3.09449e-005,0.549626
3.22637e-005,0.550385
3.0781e-005,0.55109
3.49831e-005,0.551853
3.6585e-005,0.552471
3.79708e-005,0.553192
3.91405e-005,0.554012
4.06903e-005,0.554657
4.48328e-005,0.555447
4.63154e-005,0.556122
4.76864e-005,0.556851
5.21865e-005,0.557461
5.36915e-005,0.558136
5.49656e-005,0.558911
5.92571e-005,0.559624
6.31314e-005,0.560543
6.43533e-005,0.561348
6.81382e-005,0.562306
6.90732e-005,0.563244
7.29177e-005,0.564179
7.66877e-005,0.56514
7.75855e-005,0.566097
8.12065e-005,0.567127
8.48424e-005,0.568165
8.54384e-005,0.569264
8.897e-005,0.570339
9.25463e-005,0.5714
9.57649e-005,0.572628
9.92965e-005,0.573712
0.00010256,0.574917
0.000105928,0.576077
0.000108803,0.577473
0.000111754,0.578831
0.000114898,0.58009
0.00011758,0.58157
0.000120695,0.582852
0.000126446,0.584248
0.000129248,0.585682
0.000131856,0.5872
0.000134135,0.588879
0.000139589,0.590428
0.000141869,0.592098
0.000144343,0.593685
0.000146429,0.595448
0.000151734,0.597058
0.000154028,0.598736
0.000156204,0.60046
0.000161598,0.60204
0.000164012,0.603642
0.000169585,0.605129
0.00017185,0.606816
0.000177066,0.608471
0.000179182,0.610233
0.00018401,0.612072
0.000185962,0.613903
0.000190492,0.615887
0.000192257,0.617809
0.000196698,0.619824
0.000198173,0.621884
0.000202495,0.623959
0.00020388,0.626064
0.000208559,0.627987
0.00021291,0.630047
0.0002175,0.632015
0.00021905,0.63403
0.00022346,0.636074
0.000227841,0.638134
0.000232103,0.64024
0.000236514,0.642285
0.000240627,0.644467
0.000244859,0.646588
0.000248852,0.648831
0.000252816,0.651089
0.000253829,0.653362
0.00025745,0.655773
0.000261414,0.658032
0.000265348,0.66029
0.000269311,0.662548
0.00027012,0.664929
0.00027389,0.667263
0.00027763,0.669628
0.00028134,0.672009
0.000288314,0.674206
0.000289357,0.676464
0.000293321,0.678723
0.000297136,0.681042
0.000300757,0.683468
0.000304482,0.685833
0.000307954,0.68832
0.00031457,0.690685
0.00031508,0.693203
0.000321458,0.69569
0.000324572,0.698345
0.000327627,0.701031
0.000333617,0.703701
0.000336374,0.706524
0.000339444,0.70921
0.000345166,0.712002
0.000348295,0.714657
0.000354285,0.717327
0.000357295,0.720028
0.000363345,0.722668
0.000366445,0.725338
0.000369663,0.727947
0.000372629,0.730663
0.000378589,0.733349
0.000381525,0.736096
0.000387276,0.738873
0.000392998,0.741665
0.000395606,0.744579
0.000398169,0.747494
0.000403206,0.750607
0.000408362,0.753674
0.000413637,0.756695
0.000416006,0.759701
0.000421579,0.762554
0.000423769,0.765667
0.000428955,0.768704
0.000431235,0.771771
0.000436391,0.774822
0.000441904,0.777722
0.000447328,0.780651
0.000452722,0.783627
0.00045463,0.786846
0.000459756,0.789929
0.000464554,0.793148
0.000469531,0.796307
0.000474418,0.799511
0.000478978,0.802853
0.000483806,0.806072
0.000488217,0.80949
0.000492628,0.812908
0.000497217,0.81625
0.000498826,0.819622
0.000506247,0.822979
0.00050764,0.826458
0.000515091,0.829815
0.000516626,0.833233
0.000524136,0.836544
0.000528547,0.839962
0.000532958,0.84338
0.000537517,0.846737
0.00054163,0.850308
0.000545951,0.853756
0.000550034,0.857342
0.000554296,0.860821
0.000561359,0.864361
0.000565353,0.867977
0.000572386,0.871533
0.000576186,0.875256
0.000580179,0.878857
0.000583964,0.88258
0.000587809,0.886257
0.000594604,0.889935
0.000598418,0.893627
0.000605452,0.897183
0.000609326,0.90086
0.000613409,0.904431
0.000619995,0.908199
0.00062378,0.911923
0.000627654,0.9156
0.00063442,0.919262
0.000638413,0.922878
0.000642094,0.926663
0.000648799,0.930355
0.000655147,0.934246
0.000658559,0.938137
0.000664848,0.942043
0.000671017,0.94598
0.000674519,0.949856
0.000677618,0.953884
0.000683787,0.957852
0.000689956,0.961819
0.000696095,0.965786
0.000699105,0.969876
0.000704917,0.973995
0.000708046,0.978024
0.000713828,0.982174
0.000719699,0.986294
0.00072557,0.990383
0.000728535,0.994503
0.000734436,0.998593
0.000740069,1.0028
0.00074588,1.00692
0.000748443,1.01123
0.000754016,1.01547
0.00075953,1.01974
0.000765103,1.02398
0.000770825,1.02816
0.000776189,1.03253
0.000781464,1.03689
0.000789332,1.04144
0.000791686,1.04583
0.00079711,1.05017
0.000802624,1.05441
0.000808286,1.05862
0.000813412,1.06308
0.000815916,1.06741
0.000821101,1.07183
0.000826376,1.07623
0.000831651,1.08062
0.000837046,1.08493
0.00084539,1.08923
0.0008477,1.09369
0.000852945,1.09808
0.000858071,1.10254
0.000866177,1.10693
0.000871393,1.11136
0.000876489,1.11584
0.000884536,1.12027
0.000886756,1.12475
0.000894802,1.12918
0.000899809,1.13369
0.000904637,1.1383
0.000909376,1.14294
0.000913608,1.14782
0.000921148,1.15252
0.000925856,1.15716
0.000931012,1.16162
0.00093882,1.16616
0.000943946,1.17065
0.000949043,1.17511
0.00095393,1.17968
0.000962036,1.18411
0.000967341,1.18847
0.000973093,1.19262
0.000978636,1.1969
0.000986564,1.20141
0.000991541,1.20593
0.000996399,1.21051
0.00100415,1.21511
0.00100841,1.21997
0.00101282,1.22479
0.00101985,1.2297
0.00102095,1.23471
0.00102783,1.23971
0.00103142,1.2449
0.00103822,1.24994
0.00104187,1.25509
0.00104577,1.26013
0.00105269,1.2651
0.00105963,1.27008
0.00106377,1.27502
0.00106757,1.28009
0.00107464,1.285
0.00108155,1.29
0.00108581,1.29486
0.00109279,1.29983
0.00109934,1.30499
0.0011059,1.31015
0.00111219,1.31543
0.00111588,1.32055
0.00112217,1.32583
0.00112852,1.33108
0.00113186,1.33639
0.00113797,1.34176
0.00114141,1.34704
0.00115035,1.35244
0.0011537,1.35772
0.00115972,1.36316
0.00116574,1.36856
0.00117197,1.37387
0.00117525,1.37921
0.00118157,1.38449
0.00118744,1.38995
0.00119373,1.39523
0.00119966,1.40069
0.00120574,1.40606
0.00121182,1.41146
0.00121766,1.41696
0.00122359,1.42242
0.00122934,1.42794
0.0012321,1.43353
0.00124044,1.43921
0.00124587,1.44491
0.00125135,1.45056
0.00125379,1.4563
0.00126232,1.46191
0.00126771,1.46762
0.00127349,1.47314
0.00127919,1.4787
0.00128482,1.48428
0.00129075,1.48974
0.00129668,1.49521
0.00130273,1.50061
0.00130824,1.50625
0.00131408,1.51175
0.00131978,1.51733
0.00132526,1.52298
0.00133059,1.52871
0.0013356,1.5346
0.00134347,1.54052
0.00134827,1.54651
0.00135596,1.55252
0.00136055,1.55862
0.00136519,1.56466
0.00136981,1.57074
0.00137732,1.57681
0.0013823,1.58273
0.0013899,1.58877
0.00139467,1.59475
0.00139956,1.60073
0.00140737,1.60666
0.00141553,1.61242
0.00142051,1.61834
0.00142844,1.6242
0.00143317,1.63025
0.00144065,1.63635
0.00144524,1.64242
0.00145269,1.64856
0.00146026,1.6546
0.00146465,1.66079
0.00147192,1.66696
0.00147606,1.67328
0.00148321,1.67953
0.00148744,1.68579
0.00149445,1.6921
0.00149865,1.69839
0.00150574,1.70465
0.00151012,1.71084
0.00151433,1.71713
0.00152142,1.72342
0.00152568,1.72964
0.00153271,1.73596
0.00153724,1.74209
0.0015444,1.74832
0.0015517,1.75451
0.00155602,1.76074
0.00156335,1.7669
0.00156776,1.77307
0.00157488,1.77932
0.0015823,1.78546
0.00158648,1.79174
0.00159363,1.798
0.00159777,1.80432
0.00160475,1.81063
0.00160895,1.81692
0.00161604,1.82321
0.00162012,1.82953
0.00162686,1.83596
0.00163094,1.84231
0.0016375,1.84884
0.0016411,1.8554
0.00164781,1.86184
0.00165446,1.86834
0.00166119,1.87478
0.00166769,1.88134
0.00167126,1.88794
0.00167764,1.89456
0.00168405,1.90115
0.00169052,1.90771
0.00169695,1.9143
0.00170071,1.9208
0.00170715,1.9274
0.00171335,1.93411
0.00171691,1.94067
0.00172314,1.94738
0.00172936,1.95407
0.00173532,1.96087
0.00174152,1.96759
0.00174766,1.9743
0.00175374,1.98108
0.00175997,1.98776
0.00176593,1.99459
0.00177216,2.00128
0.00177803,2.00811
0.00178411,2.01489
0.00179007,2.02169
0.00179594,2.02856
0.0018019,2.03537
0.00180754,2.04235
0.0018135,2.04916
0.00181892,2.05624
0.00182449,2.06323
0.00182692,2.07037
0.00183509,2.07751
0.00184075,2.08447
0.00184623,2.09152
0.00184889,2.09851
0.00185717,2.10559
0.00186263,2.11267
0.00186808,2.11972
0.00187642,2.12677
0.00187914,2.13375
0.00188748,2.14084
0.00189302,2.14785
0.00189812,2.15506
0.00190641,2.16217
0.00191186,2.16922
0.0019169,2.17648
0.00192506,2.18362
0.00192692,2.19101
0.00193478,2.1983
0.00193976,2.20559
0.00194757,2.21289
0.00195249,2.22021
0.00196012,2.2276
0.00196208,2.23495
0.00196983,2.24231
0.00197496,2.24951
0.00198265,2.25689
0.00198736,2.26428
0.00199504,2.27166
0.00199966,2.27911
0.00200446,2.2865
0.00201197,2.29394
0.00201656,2.30142
0.00202371,2.30905
0.00202777,2.31677
0.00203188,2.32446
0.0020387,2.33224
0.00204583,2.3399
0.00204982,2.34762
0.00205674,2.35537
0.00206073,2.36313
0.0020674,2.37094
0.00207134,2.37875
0.00207816,2.38653
0.00208526,2.39419
0.00208925,2.40194
0.00209646,2.40954
0.0021004,2.41732
0.00210701,2.4252
0.00211095,2.43301
0.00211747,2.44088
0.0021243,2.4487
0.00213088,2.45657
0.00213741,2.4645
0.00214108,2.47244
0.00214754,2.48037
0.00215122,2.48825
0.0021576,2.49624
0.00216413,2.50418
0.00217062,2.51211
0.00217727,2.51999
0.00218129,2.52777
0.002188,2.53558
0.0021919,2.54339
0.00219828,2.55139
0.00220201,2.55926
0.00220862,2.56714
0.0022153,2.57501
0.0022191,2.58282
0.00222545,2.59082
0.00223182,2.59881
0.0022379,2.60699
0.00224123,2.61505
0.00224725,2.62323
0.00225601,2.63141
0.00226203,2.63958
0.00226467,2.64801
0.0022706,2.65625
0.0022762,2.66461
0.0022818,2.67297
0.00228738,2.68133
0.00229295,2.68969
0.00229858,2.69806
0.00230409,2.70648
0.00230967,2.71484
0.00231506,2.72326
0.00232329,2.73175
0.00232874,2.74023
0.00233408,2.74871
0.00234254,2.75708
0.00234776,2.76568
0.00235303,2.77417
0.00235825,2.78271
0.00236349,2.79126
0.00236894,2.79968
0.00237416,2.80822
0.00237949,2.81671
0.00238444,2.82537
0.00238945,2.83404
0.00239998,2.84287
0.00240451,2.85172
0.00241193,2.86057
0.00241899,2.8696
0.00242618,2.87863
0.00243267,2.88791
0.00243641,2.89719
0.00244285,2.90653
0.00244935,2.91586
0.00245581,2.9252
0.0024621,2.9346
0.00246571,2.94394
0.002472,2.95334
0.00247846,2.96268
0.00248451,2.9722
0.00249104,2.98148
0.00249742,2.99088
0.00250102,3.00015
0.00250743,3.00955
0.00251384,3.01889
0.00252022,3.02829
0.00252689,3.03751
0.00253324,3.04691
0.00253701,3.05612
0.00254068,3.0654
0.00255015,3.07468
0.00255641,3.08414
0.00256261,3.0936
0.00256884,3.103
0.00257492,3.11252
0.00258139,3.12186
0.00258717,3.1315
0.00259048,3.14096
0.00259653,3.15048
0.00260272,3.15994
0.00260602,3.1694
0.00261225,3.17886
0.00261871,3.1882
0.00262515,3.19754
0.00263159,3.20688
0.002635,3.21628
0.00264156,3.22556
0.00264817,3.23483
0.0026544,3.24429
0.00266075,3.25369
0.00266707,3.26309
0.00267353,3.27243
0.00267997,3.28177
0.00268608,3.29129
0.00268948,3.30069
0.00269532,3.31027
0.00270122,3.31992
0.00270688,3.32962
0.00271287,3.33914
0.0027217,3.34879
0.00272742,3.35843
0.00273308,3.36813
0.0027385,3.37796
0.00274411,3.38773
0.00275257,3.39749
0.00275525,3.40726
0.00276378,3.41696
0.00276932,3.42673
0.00277501,3.43643
0.00278082,3.44608
0.00278684,3.4556
0.00279268,3.46524
0.00279829,3.47501
0.00280428,3.48453
0.00280988,3.49429
0.00281882,3.50382
0.00282448,3.51352
0.00283012,3.52329
0.00283828,3.53317
0.00284044,3.54318
0.00284849,3.55313
0.00285648,3.56314
0.00286169,3.57303
0.0028664,3.58322
0.00287421,3.59329
0.00287916,3.60336
0.00288679,3.6135
0.00289182,3.62351
0.00289656,3.63364
0.00290133,3.64377
0.00290875,3.65402
0.00291614,3.66434
0.0029207,3.67453
0.00292809,3.68485
0.00293265,3.69504
0.00293971,3.70548
0.00294702,3.71579
0.00295429,3.72611
0.00295867,3.73642
0.00296615,3.74667
0.00297056,3.75699
0.00297807,3.76718
0.00298233,3.77756
0.00298975,3.78781
0.00299431,3.79807
0.0030017,3.80832
0.00300915,3.81857
0.00301643,3.82889
0.00302099,3.83914
0.00302531,3.84952
0.00303249,3.85989
0.0030366,3.87033
0.00304372,3.88071
0.00304793,3.89114
0.00305481,3.90164
0.00306202,3.91196
0.0030662,3.92239
0.00307332,3.93277
0.00308044,3.94321
0.00308473,3.95358
0.00309233,3.96372
0.00309701,3.97391
0.00310175,3.98404
0.00310926,3.99429
0.0031168,4.00449
0.00312443,4.01462
0.00312917,4.02481
0.00313698,4.03488
0.00314431,4.0452
0.0031486,4.05551
0.00315551,4.06601
0.00316255,4.07645
0.00316663,4.08695
0.00317357,4.09744
0.00318049,4.10788
0.00318713,4.1185
0.00319384,4.12912
0.00320045,4.13974
0.00320722,4.1503
0.00321431,4.16074
0.00321825,4.1713
0.00322492,4.18186
0.00323175,4.19241
0.00323854,4.20297
0.00324525,4.21359
0.00325461,4.22427
0.00326107,4.23502
0.00326709,4.24594
0.00327332,4.25675
0.0032791,4.26779
0.00328769,4.27884
0.00329073,4.28983
0.00329642,4.30087
0.00330241,4.3118
0.00330813,4.32291
0.00331695,4.33383
0.00332297,4.34476
0.00332905,4.35568
0.00333507,4.36661
0.00334395,4.37753
0.00335319,4.38834
0.00335921,4.39926
0.00336508,4.41025
0.00337355,4.42136
0.00337915,4.43247
0.00338472,4.44363
0.00339277,4.45493
0.00339813,4.46622
0.00340314,4.47757
0.00340827,4.48892
0.00341601,4.5004
0.0034209,4.51187
0.00342603,4.52322
0.00343408,4.53458
0.00343953,4.54575
0.00344507,4.55692
0.00345336,4.56809
0.00345896,4.57926
0.00346468,4.5903
0.00347344,4.60129
0.00347917,4.61234
0.00348495,4.62338
0.00349067,4.63443
0.00349931,4.64554
0.00350492,4.65665
0.00351034,4.66782
0.00351591,4.67899
0.00352137,4.69016
0.00352682,4.70133
0.0035354,4.71243
0.00354139,4.72336
0.00354753,4.73422
0.00355358,4.74515
0.00356005,4.75583
0.00356911,4.76669
0.00357546,4.77744
0.00358183,4.78824
0.00358797,4.7991
0.00359691,4.80997
0.00360249,4.82114
0.00361095,4.83225
0.00361611,4.8436
0.00362415,4.85495
0.00362889,4.86649
0.00363372,4.87796
0.00363855,4.88944
0.00364612,4.90097
0.00365101,4.91245
0.00365595,4.92392
0.00366406,4.93521
0.00366925,4.9465
0.00367753,4.95773
0.00368298,4.9689
0.00369097,4.98032
0.00369625,4.99155
0.00370128,5.00296
0.00370933,5.01431
0.00371726,5.02567
0.00372203,5.0372
0.00372658,5.0488
0.00373368,5.06064
0.00374077,5.07242
0.00374482,5.08426
0.00375201,5.09598
0.00375928,5.1077
0.00376342,5.11954
0.00377355,5.13126
0.00377773,5.14304
0.00378512,5.15469
0.00379269,5.16623
0.00380017,5.17783
0.00380786,5.18936
0.00381242,5.20096
0.00381996,5.21256
0.00382723,5.22427
0.00383176,5.23587
0.00383921,5.24753
0.0038466,5.25919
0.00385113,5.27078
0.00385843,5.2825
0.00386591,5.2941
0.00387032,5.30576
0.00387777,5.31741
0.00388519,5.32901
0.00388969,5.34067
0.00389738,5.35214
0.00390492,5.36374
0.00391273,5.37521
0.00392042,5.38669
0.00392528,5.39816
0.00393288,5.4097
0.00394036,5.42136
0.0039451,5.43289
0.00395258,5.44449
0.00396021,5.45603
0.00396444,5.46774
0.00397147,5.47958
0.00397561,5.49143
0.00398244,5.50333
0.00398646,5.51517
0.00399323,5.52713
0.00400014,5.53903
0.00400404,5.55093
0.00401394,5.56278
0.00401817,5.57456
0.00402529,5.58634
0.00403268,5.59793
0.0040368,5.60977
0.00404395,5.62155
0.00405098,5.63333
0.00405796,5.64523
0.00406493,5.65707
0.00407423,5.66916
0.00407758,5.68137
0.00408628,5.69376
0.00408917,5.70615
0.00409746,5.71878
0.00410276,5.73142
0.00411087,5.74411
0.00411576,5.75693
0.00412077,5.76968
0.00412562,5.78256
0.00413349,5.79538
0.00414154,5.80808
0.00414684,5.82071
0.00415543,5.83316
0.00416094,5.84573
0.00416934,5.85825
0.00417504,5.8707
0.00418064,5.88321
0.00418934,5.8956
0.0041947,5.90823
0.00420311,5.92075
0.00420856,5.93332
0.00421372,5.94602
0.00421855,5.95889
0.00422641,5.97171
0.00423151,5.98447
0.00423911,5.99735
0.0042471,6.0101
0.00425207,6.02292
0.00426006,6.03561
0.00426525,6.04837
0.00427028,6.06113
0.00427857,6.0737
0.00428393,6.08634
0.00428954,6.09879
0.00429782,6.11142
0.00430336,6.12393
0.00430867,6.13657
0.00431397,6.1492
0.00432208,6.1619
0.004327,6.17471
0.00433194,6.18753
0.00433674,6.20041
0.00434443,6.21329
0.00435206,6.22623
0.00435698,6.23905
0.00436491,6.2518
0.00436991,6.26456
0.00437528,6.27719
0.00438091,6.28964
0.00438967,6.30203
0.00439554,6.31442
0.00440132,6.32681
0.00440714,6.3392
0.00441277,6.35172
0.00442123,6.36423
0.00442946,6.37686
0.00443485,6.38944
0.00443995,6.40219
0.0044477,6.41501
0.00445279,6.42777
0.00445753,6.44071
0.00446516,6.45358
0.00447297,6.4664
0.00447783,6.47928
0.00448271,6.4921
0.00449019,6.5051
0.00449782,6.51804
0.00450247,6.53098
0.00450995,6.54392
0.00451746,6.55692
0.00452202,6.56992
0.00452944,6.58292
0.00453651,6.5961
0.00454381,6.60916
0.00455099,6.62228
0.00455525,6.63541
0.00456205,6.64871
0.00456565,6.6622
0.00457239,6.67551
0.00457868,6.68906
0.00458494,6.70261
0.00459388,6.71628
0.00459981,6.73001
0.00460571,6.74374
0.00461158,6.75748
0.00461772,6.77109
0.00462684,6.7847
0.00463007,6.79831
0.00463627,6.81192
0.00463976,6.82541
0.00464646,6.83878
0.00465308,6.85214
0.00466002,6.86539
0.00466691,6.87863
0.00467409,6.89176
0.00468127,6.90488
0.00468813,6.91818
0.00469525,6.93131
0.00469921,6.94461
0.00470598,6.95792
0.00471265,6.97128
0.00471936,6.98465
0.00472577,6.99814
0.00473179,7.01181
0.00473772,7.02554
0.00474344,7.03934
0.00475244,7.05295
0.00475834,7.06674
0.00476415,7.08048
0.00477014,7.09421
0.00477616,7.10788
0.00478215,7.12155
0.00478796,7.13535
0.00479398,7.14902
0.00480269,7.16275
0.00480868,7.17648
0.00481744,7.19022
0.00482301,7.20413
0.00482859,7.21799
0.00483374,7.23209
0.00483887,7.24619
0.00484703,7.26022
0.00485231,7.27426
0.00486047,7.2883
0.00486852,7.30234
0.00487368,7.31644
0.00488142,7.33072
0.00488652,7.34482
0.00489433,7.35904
0.00490202,7.37326
0.00490691,7.38748
0.00491451,7.40183
0.0049193,7.41605
0.00492669,7.43045
0.00493102,7.44492
0.00493814,7.45944
0.00494532,7.47397
0.00494964,7.48843
0.00495373,7.50302
0.004961,7.51749
0.004968,7.53207
0.00497521,7.5466
0.00497959,7.56101
0.00498707,7.57541
0.00499175,7.58969
0.00499923,7.60404
0.00500397,7.61832
0.00501172,7.6326
0.00501679,7.6467
0.00502194,7.6608
0.00502999,7.6749
0.00503509,7.689
0.00504295,7.70316
0.00504793,7.71738
0.00505291,7.73154
0.00505797,7.74564
0.00506608,7.75974
0.00507097,7.7739
0.00507884,7.78812
0.00508369,7.80234
0.00509144,7.81656
0.00509627,7.83078
0.00510402,7.845
0.00510867,7.85935
0.00511591,7.87381
0.00512318,7.88828
0.00512744,7.9028
0.00513492,7.91715
0.00514231,7.93155
0.00514643,7.94614
0.00515331,7.96079
0.00515719,7.9755
0.00516416,7.99008
0.00516818,8.00473
0.00517531,8.01926
0.00518249,8.03372
0.00518672,8.04825
0.00519372,8.06284
0.0052007,8.07749
0.00520514,8.09189
0.0052125,8.10629
0.00521688,8.12076
0.00522406,8.13522
0.00523133,8.14969
0.00523858,8.16416
0.00524549,8.1788
0.00525226,8.19351
0.00525594,8.20828
0.00526535,8.22311
0.00526877,8.23801
0.00527765,8.25308
0.00528085,8.2681
0.00528675,8.28323
0.00529259,8.29837
0.00530153,8.31339
0.00530469,8.32846
0.00531387,8.34335
0.00532025,8.35825
0.00532402,8.37302
0.00533075,8.38773
0.00533773,8.40231
0.00534464,8.41696
0.00534873,8.43155
0.00535561,8.4462
0.00536503,8.46097
0.00537167,8.47574
0.00537517,8.49063
0.00538146,8.50552
0.00538763,8.52054
0.00539645,8.53561
0.00539972,8.55063
0.00540583,8.56564
0.005412,8.5806
0.00541523,8.59561
0.00542447,8.61051
0.00542809,8.62534
0.00543751,8.64017
0.00544424,8.65488
0.00545056,8.66977
0.00545712,8.6846
0.0054632,8.69962
0.00547208,8.71469
0.00547503,8.72983
0.00548373,8.74497
0.00549243,8.7601
0.00549774,8.77554
0.00550301,8.79093
0.00550799,8.80649
0.00551586,8.82199
0.00552089,8.83756
0.00552578,8.85312
0.00553058,8.86874
0.00553821,8.88437
0.00554578,8.90017
0.0055532,8.91592
0.00556062,8.93166
0.00556518,8.94741
0.0055726,8.96316
0.00558005,8.9789
0.00558452,8.99465
0.00559176,9.01052
0.00559924,9.02627
0.00560354,9.04214
0.0056109,9.05788
0.00561522,9.07375
0.00562258,9.08962
0.0056297,9.10549
0.00563677,9.12148
0.00564109,9.13735
0.00564538,9.15322
0.00565301,9.16885
0.00565766,9.18459
0.00566821,9.20022
0.00567017,9.21584
0.0056781,9.23135
0.00568603,9.24685
0.00569127,9.26229
0.00569673,9.27761
0.00570212,9.29299
0.00571065,9.30825
0.00571607,9.32357
0.00572135,9.33895
0.00572981,9.35427
0.00573511,9.36965
0.00574334,9.38503
0.00574864,9.40041
0.00575687,9.41579
0.00576241,9.43105
0.00576784,9.44637
0.00577606,9.46181
0.00578131,9.47719
0.00578697,9.49245
0.00579531,9.50777
0.00580071,9.52309
0.00580911,9.53841
0.00581752,9.55367
0.00582312,9.56899
0.00582825,9.58443
0.00583641,9.59981
0.0058416,9.61532
0.00584684,9.6307
0.00585459,9.64632
0.00585939,9.66195
0.0058672,9.67757
0.00587185,9.6932
0.00587942,9.70895
0.00588675,9.72469
0.00589101,9.74056
0.00589828,9.75643
0.00590251,9.7723
0.00590964,9.78829
0.00591664,9.80428
0.00592367,9.82015
0.00593086,9.83602
0.00593515,9.85189
0.00594221,9.86788
0.00594623,9.88387
0.00595327,9.89986
0.00596018,9.91585
0.00596715,9.93185
0.00597413,9.94771
0.00597836,9.96371
0.00598545,9.97958
0.0059893,9.99569
0.00599588,10.0118
0.00599964,10.0279
0.00600626,10.0442
0.00601296,10.0603
0.00601952,10.0764
0.00602625,10.0925
0.00602986,10.1087
0.0060365,10.1248
0.00604297,10.1411
0.00604664,10.1572
0.00605033,10.1734
0.00605695,10.1895
0.00606365,10.2056
0.00607015,10.2219
0.00607361,10.2381
0.00607975,10.2545
0.00608592,10.2708
0.00609197,10.2872
0.0060979,10.3037
0.00610377,10.3203
0.0061094,10.3369
0.00611494,10.3535
0.00612034,10.3702
0.00612579,10.3869
0.0061314,10.4035
0.00613676,10.4202
0.0061451,10.437
0.0061505,10.4537
0.00615604,10.4704
0.0061615,10.487
0.00616698,10.5037
0.00617255,10.5203
0.00617827,10.5369
0.00618391,10.5535
0.00618954,10.5702
0.00619523,10.5868
0.00620078,10.6035
0.00620617,10.6202
0.00621159,10.6369
0.00621988,10.6536
0.00622515,10.6704
0.00623031,10.6872
0.00623824,10.7042
0.00624318,10.721
0.00624801,10.7381
0.00625296,10.755
0.006258,10.7719
0.006263,10.7888
0.00626798,10.8057
0.00627287,10.8227
0.00627802,10.8396
0.00628601,10.8564
0.00628832,10.8733
0.00629368,10.89
0.00629908,10.9067
0.00630441,10.9234
0.00630963,10.9403
0.00631466,10.9572
0.00631961,10.9741
0.00632176,10.991
0.00632957,11.008
0.00633451,11.0249
0.00634211,11.042
0.00634658,11.0592
0.00635108,11.0763
0.00635567,11.0933
0.00636324,11.1104
0.00636813,11.1274
0.00637311,11.1444
0.00637802,11.1613
0.00638589,11.1782
0.0063881,11.1952
0.00639591,11.2121
0.00640088,11.229
0.00640869,11.2459
0.00641343,11.263
0.0064179,11.2801
0.00642508,11.2974
0.00642937,11.3147
0.00643638,11.332
0.00644341,11.3493
0.00645021,11.3668
0.0064542,11.3841
0.00645819,11.4016
0.00646493,11.419
0.0064716,11.4365
0.00647539,11.4541
0.00648221,11.4714
0.00648895,11.4889
0.00649285,11.5063
0.00649968,11.5238
0.00650342,11.5412
0.00651018,11.5587
0.00651388,11.5763
0.00652043,11.5938
0.0065242,11.6113
0.00653073,11.6289
0.00653447,11.6464
0.006541,11.6639
0.0065477,11.6815
0.0065542,11.6991
0.00655808,11.7165
0.00656472,11.734
0.00657155,11.7514
0.00657545,11.7689
0.00657935,11.7863
0.00658612,11.8037
0.00658993,11.8212
0.00659643,11.8388
0.00660278,11.8564
0.00660907,11.8741
0.0066153,11.8918
0.00662149,11.9095
0.00662754,11.9273
0.00663356,11.9452
0.0066395,11.963
0.00664552,11.9808
0.00665136,11.9987
0.00665735,12.0166
0.00666334,12.0344
0.00666936,12.0522
0.00667523,12.07
0.00668077,12.0881
0.00668623,12.1062
0.00669433,12.1244
0.00669952,12.1425
0.0067042,12.161
0.00671194,12.1794
0.00671934,12.1978
0.00672649,12.2165
0.00673063,12.2352
0.00673734,12.2541
0.00674139,12.2728
0.00674804,12.2917
0.00675194,12.3105
0.0067587,12.3294
0.00676282,12.3481
0.00677259,12.3669
0.00677673,12.3856
0.00678398,12.4041
0.0067883,12.4228
0.00679572,12.4412
0.00680013,12.4599
0.00680761,12.4784
0.00681515,12.4968
0.00681983,12.5152
0.00682469,12.5337
0.00683232,12.5521
0.00683708,12.5705
0.0068417,12.589
0.00684623,12.6075
0.00685362,12.6259
0.00685812,12.6445
0.00686546,12.663
0.00686987,12.6816
0.00687696,12.7003
0.00688122,12.719
0.00688823,12.7376
0.00689231,12.7564
0.0068991,12.7752
0.0069062,12.7939
0.00691031,12.8126
0.00691725,12.8314
0.00692426,12.8501
0.00692828,12.8689
0.00693224,12.8877
0.00693874,12.9066
0.00694518,12.9256
0.00695176,12.9445
0.00695802,12.9636
0.00696425,12.9826
0.00697051,13.0017
0.00697404,13.0207
0.00698304,13.0399
0.00698616,13.059
0.00699206,13.0783
0.0069982,13.0974
0.00700436,13.1165
0.00701033,13.1357
0.00701655,13.1549
0.00702248,13.174
0.00702856,13.1932
0.00703438,13.2125
0.00704028,13.2318
0.00704344,13.2509
0.00704969,13.27
0.00705595,13.289
0.00706233,13.3081
0.00706874,13.3271
0.00707222,13.346
0.00707555,13.3652
0.00708184,13.3842
0.00708812,13.4033
0.00709447,13.4223
0.00710052,13.4415
0.00710624,13.4608
0.00711194,13.4802
0.00711748,13.4996
0.0071229,13.519
0.00712836,13.5385
0.00713082,13.5579
0.00713603,13.5776
0.00714107,13.5973
0.00714613,13.6168
0.007154,13.6364
0.00715928,13.6561
0.00716449,13.6756
0.00716968,13.6952
0.00717498,13.7147
0.00718291,13.7343
0.00718804,13.754
0.00719602,13.7736
0.00720133,13.7932
0.00720955,13.8127
0.00721483,13.8322
0.00722288,13.8518
0.00722779,13.8715
0.00723554,13.8912
0.00724034,13.911
0.00724803,13.9307
0.00725292,13.9505
0.00725765,13.9703
0.00726525,13.9901
0.00726967,14.0101
0.00727721,14.0299
0.00728176,14.0498
0.0072865,14.0695
0.00729133,14.0893
0.00729908,14.1091
0.00730713,14.1286
0.00731228,14.1483
0.00731741,14.1679
0.00732259,14.1875
0.00733118,14.2067
0.00733681,14.2262
0.00734521,14.2456
0.00735076,14.265
0.00735624,14.2845
0.0073619,14.3038
0.00737031,14.3232
0.00737573,14.3427
0.0073839,14.3623
0.00738929,14.3818
0.0073974,14.4013
0.00740246,14.421
0.00740756,14.4406
0.00741543,14.4603
0.00742035,14.4799
0.00742798,14.4997
0.00743566,14.5196
0.00744046,14.5393
0.00744797,14.5592
0.00745247,14.5791
0.00745983,14.599
0.00746711,14.619
0.0074745,14.6389
0.0074787,14.6589
0.00748305,14.6789
0.00749023,14.6989
0.00749744,14.719
0.00750457,14.739
0.0075088,14.759
0.00751604,14.779
0.00752009,14.799
0.00752731,14.8191
0.00753443,14.8391
0.00754167,14.8591
0.00754879,14.8791
0.00755306,14.8991
0.00756021,14.9192
0.00756456,14.9392
0.00757219,14.9589
0.0075797,14.9788
0.00758444,14.9986
0.00759204,15.0184
0.00759678,15.0382
0.00760154,15.0579
0.00761203,15.0778
0.00761659,15.0977
0.00762115,15.1176
0.00762834,15.1377
0.00763528,15.1577
0.00764207,15.1779
0.00764872,15.1982
0.00765519,15.2186
0.00766163,15.2389
0.00766806,15.2592
0.00767426,15.2797
0.00768016,15.3004
0.00768588,15.3211
0.00769155,15.3418
0.00769688,15.3626
0.00770493,15.3836
0.00771292,15.4046
0.0077148,15.4259
0.00772222,15.4471
0.00772961,15.4683
0.00773432,15.4896
0.00774192,15.5108
0.00774666,15.5319
0.00775128,15.5532
0.00775614,15.5743
0.00776388,15.5954
0.00776868,15.6165
0.00777372,15.6375
0.00777861,15.6587
0.00778636,15.6798
0.00779097,15.701
0.00779834,15.7224
0.00780278,15.7436
0.00780734,15.7649
0.00781473,15.7862
0.00781932,15.8075
0.00782435,15.8285
0.00783216,15.8496
0.0078372,15.8706
0.0078393,15.8916
0.00784717,15.9127
0.00784961,15.9336
0.00785784,15.9544
0.00786308,15.9754
0.00787107,15.9964
0.0078761,16.0174
0.00788063,16.0387
0.00788505,16.06
0.00789238,16.0814
0.00789661,16.1027
0.00790385,16.1241
0.00790805,16.1455
0.00791225,16.167
0.00791938,16.1883
0.00792647,16.2098
0.00793073,16.2312
0.00793505,16.2525
0.00794247,16.2739
0.00794969,16.2952
0.00795395,16.3166
0.00796107,16.338
0.00797108,16.3595
0.0079752,16.3809
0.00798175,16.4025
0.0079884,16.4243
0.00799202,16.446
0.00799852,16.4676
0.00800513,16.4893
0.00801172,16.5109
0.0080186,16.5326
0.00802519,16.5542
0.00802921,16.5756
0.00803324,16.5972
0.00804057,16.6185
0.00804787,16.6399
0.00805216,16.6612
0.00805642,16.6826
0.00806367,16.7041
0.00807073,16.7254
0.00807767,16.7469
0.00808465,16.7684
0.00809132,16.7901
0.0080977,16.8118
0.00810399,16.8337
0.00811019,16.8556
0.00811633,16.8774
0.00812521,16.8994
0.00813102,16.9213
0.00813707,16.9433
0.00814291,16.9653
0.00814881,16.9874
0.00815763,17.0094
0.0081635,17.0313
0.0081694,17.0533
0.00817513,17.0754
0.00818085,17.0975
0.00818937,17.1196
0.00819784,17.1418
0.00820317,17.164
0.00820845,17.1864
0.00821637,17.2087
0.00822123,17.2313
0.00822627,17.2536
0.00823413,17.2761
0.00824188,17.2985
0.00824677,17.3211
0.00825476,17.3435
0.00826269,17.3659
0.00826799,17.3881
0.00827335,17.4104
0.00828182,17.4326
0.0082873,17.4548
0.00829296,17.4769
0.00830185,17.4989
0.00830822,17.5206
0.0083146,17.5423
0.00832083,17.5642
0.00832721,17.586
0.00833058,17.6077
0.00833999,17.6295
0.00834643,17.6512
0.00835311,17.6729
0.00836228,17.6947
0.00836828,17.7166
0.00837099,17.7387
0.00837933,17.7609
0.00838756,17.7833
0.00839262,17.8056
0.00840049,17.8281
0.00840791,17.8508
0.00841614,17.8734
0.00842418,17.8962
0.00843241,17.9189
0.00843768,17.9416
0.00844585,17.9643
0.00845425,17.9869
0.0084626,18.0096
0.00846814,18.0322
0.00847679,18.0546
0.00848266,18.0771
0.00849154,18.0994
0.00849777,18.1217
0.00850399,18.144
0.00851311,18.1662
0.0085194,18.1884
0.0085259,18.2105
0.0085355,18.2326
0.0085393,18.2546
0.00854859,18.2768
0.00855521,18.2989
0.00856162,18.3211
0.00857086,18.3432
0.00857729,18.3654
0.00858663,18.3877
0.00859304,18.4098
0.00860204,18.4321
0.00860821,18.4543
0.00861437,18.4767
0.00862036,18.499
0.00862901,18.5216
0.00863765,18.544
0.00864623,18.5665
0.00865464,18.5892
0.00866015,18.6118
0.00866844,18.6344
0.00867648,18.6572
0.00868143,18.6801
0.00868912,18.703
0.00869693,18.7259
0.00870754,18.7489
0.00871523,18.7718
0.00872601,18.7946
0.008734,18.8175
0.0087391,18.8403
0.00874696,18.8633
0.00875519,18.8858
0.00876353,18.9085
0.008772,18.9311
0.00878058,18.9536
0.00878636,18.976
0.00879209,18.9986
0.00880055,19.0212
0.00880919,19.0437
0.00881766,19.0663
0.00882338,19.0887
0.00883202,19.1113
0.00884048,19.1339
0.00884642,19.1562
0.00885524,19.1787
0.00886161,19.2009
0.00886793,19.223
0.00887723,19.2452
0.00888376,19.2673
0.00889335,19.2894
0.00890021,19.3114
0.00890694,19.3333
0.00891425,19.3551
0.00892408,19.377
0.00893093,19.399
0.00893755,19.421
0.00894426,19.4431
0.00895349,19.4653
0.00896273,19.4875
0.00896905,19.5097
0.00897823,19.532
0.00898723,19.5542
0.00899325,19.5766
0.00900195,19.5991
0.00900803,19.6214
0.00901697,19.6438
0.00902603,19.6661
0.00903232,19.6883
0.00904126,19.7107
0.0090505,19.7329
0.00905968,19.7551
0.00906621,19.7772
0.00907264,19.7993
0.00908218,19.8214
0.00908889,19.8435
0.00909547,19.8656
0.00910513,19.8875
0.00911198,19.9095
0.00911911,19.9312
0.00912617,19.9532
0.00913606,19.9751
0.00914334,19.9968
0.00915353,20.0185
0.00916095,20.0403
0.00916837,20.0619
0.00917606,20.0835
0.00918375,20.1049
0.00919144,20.1266
0.00919907,20.1482
0.00920938,20.1699
0.0092168,20.1915
0.00922705,20.2132
0.00923712,20.2351
0.00924419,20.2569
0.00925101,20.2789
0.00926061,20.3009
0.00926705,20.3231
0.00927628,20.3453
0.00928552,20.3675
0.00929211,20.3896
0.00930141,20.4117
0.00930764,20.4341
0.00931682,20.4563
0.00932301,20.4785
0.00933231,20.5007
0.00933866,20.5229
0.00934802,20.545
0.0093575,20.5671
0.00936393,20.5893
0.00937329,20.6114
0.00937988,20.6335
0.00938953,20.6555
0.0093963,20.6775
0.00940354,20.6993
0.00941078,20.721
0.00942085,20.7429
0.00942819,20.7646
0.00943528,20.7865
0.00944264,20.8081
0.00945015,20.8298
0.00945757,20.8514
0.00946794,20.8731
0.00947533,20.8949
0.00948249,20.9166
0.00949232,20.9386
0.00949956,20.9603
0.00950672,20.9821
0.00951408,21.0039
0.00952141,21.0256
0.00952847,21.0475
0.00953574,21.0692
0.00954269,21.091
0.00954984,21.1129
0.00955973,21.1347
0.00956662,21.1567
0.00957347,21.1787
0.00958018,21.2007
0.00958954,21.2229
0.00959594,21.245
0.00960223,21.2673
0.00961141,21.2895
0.00962059,21.3117
0.00962691,21.334
0.00963323,21.3562
0.00964294,21.3781
0.00964673,21.4001
0.00965644,21.4221
0.00966064,21.4439
0.0096706,21.4658
0.0096748,21.4876
0.00968487,21.5095
0.00969218,21.5312
0.00969936,21.5529
0.0097066,21.5748
0.0097136,21.5966
0.00972061,21.6185
0.00972487,21.6404
0.00973178,21.6622
0.00973864,21.6842
0.0097454,21.7063
0.00975488,21.7282
0.00976135,21.7505
0.00977059,21.7727
0.00977681,21.7949
0.00978277,21.8174
0.00979177,21.8396
0.00980054,21.862
0.00980632,21.8845
0.00981201,21.9071
0.00982047,21.9297
0.00982894,21.9522
0.00983722,21.9748
0.00984569,21.9974
0.00985373,22.0202
0.00986178,22.0431
0.00986953,22.0659
0.00987707,22.089
0.00988461,22.112
0.00989221,22.135
0.00990002,22.1579
0.00990479,22.1809
0.00991253,22.2038
0.00992034,22.2267
0.00992845,22.2495
0.00993667,22.2722
0.00994502,22.2948
0.00995071,22.3174
0.0099564,22.3398
0.00996499,22.3623
0.00997357,22.3849
0.00998239,22.4073
0.00998841,22.4297
0.00999735,22.452
0.0100063,22.4743
0.0100124,22.4967
0.0100186,22.5189
0.0100275,22.5412
0.0100338,22.5634
0.0100429,22.5858
0.0100521,22.608
0.0100582,22.6303
0.0100674,22.6526
0.0100763,22.6749
0.0100823,22.6972
0.0100911,22.7197
0.0100999,22.7422
0.0101087,22.7646
0.0101171,22.7871
0.0101227,22.8098
0.010131,22.8324
0.0101393,22.8551
0.0101446,22.8778
0.0101527,22.9005
0.0101637,22.9233
0.0101689,22.946
0.0101771,22.9687
0.0101883,22.9914
0.0101937,23.0141
0.0102021,23.0366
0.0102077,23.0592
0.0102165,23.0816
0.0102253,23.1041
0.0102343,23.1263
0.0102404,23.1487
0.0102493,23.1711
0.0102553,23.1935
0.0102642,23.2158
0.0102731,23.2383
0.010279,23.2606
0.0102877,23.2831
0.0102933,23.3056
0.0103019,23.3281
0.0103103,23.3508
0.0103187,23.3734
0.0103272,23.396
0.0103327,23.4185
0.010341,23.4413
0.0103491,23.464
0.0103542,23.4868
0.010365,23.5096
0.010373,23.5324
0.0103807,23.5554
0.0103913,23.5783
0.010396,23.6013
0.0104061,23.6245
0.0104132,23.6478
0.0104202,23.671
0.0104273,23.6943
0.0104374,23.7175
0.0104445,23.7407
0.0104516,23.764
0.0104613,23.7873
0.0104683,23.8106
0.0104752,23.834
0.0104824,23.8571
0.0104896,23.8803
0.0104999,23.9034
0.0105046,23.9265
0.0105153,23.9493
0.0105229,23.9724
0.0105307,23.9953
0.0105387,24.018
0.0105468,24.0407
0.010552,24.0636
0.0105602,24.0863
0.0105685,24.109
0.0105768,24.1316
0.010585,24.1543
0.0105932,24.1771
0.0106016,24.1997
0.0106069,24.2224
0.0106153,24.245
0.0106207,24.2675
0.0106321,24.2901
0.0106376,24.3128
0.0106488,24.3354
0.0106541,24.3581
0.0106622,24.381
0.0106706,24.4035
0.0106787,24.4264
0.0106868,24.4491
0.0106949,24.4718
0.0107002,24.4945
0.010708,24.5174
0.0107159,24.5403
0.0107238,24.5631
0.0107317,24.5859
0.0107395,24.6089
0.0107473,24.6318
0.0107551,24.6546
0.010763,24.6776
0.0107709,24.7004
0.0107789,24.7232
0.010787,24.7459
0.0107922,24.7686
0.0108006,24.7912
0.0108062,24.8138
0.0108149,24.8364
0.0108234,24.859
0.0108292,24.8814
0.0108379,24.9039
0.0108462,24.9265
0.0108546,24.9491
0.0108601,24.9718
0.0108685,24.9944
0.0108766,25.0171
0.0108847,25.0399
0.0108924,25.0628
0.0108973,25.0857
0.0109079,25.1086
0.0109154,25.1317
0.0109231,25.1546
0.0109333,25.1778
0.0109406,25.2009
0.010948,25.2241
0.010955,25.2473
0.0109649,25.2706
0.0109719,25.2939
0.0109817,25.3172
0.0109911,25.3408
0.0109978,25.3642
0.0110071,25.3878
0.0110134,25.4115
0.0110227,25.4349
0.011029,25.4586
0.011038,25.4823
0.0110443,25.506
0.0110535,25.5296
0.0110627,25.5532
0.011069,25.5769
0.0110756,25.6003
0.0110851,25.6237
0.011092,25.6472
0.0110988,25.6706
0.0111087,25.6938
0.0111161,25.7169
0.0111234,25.7401
0.0111309,25.7632
0.0111354,25.7862
0.0111461,25.8092
0.0111537,25.8321
0.0111615,25.8551
0.011169,25.878
0.0111763,25.9012
0.0111834,25.9244
0.0111905,25.9477
0.0111977,25.9709
0.0112075,25.9942
0.0112145,26.0175
0.0112212,26.041
0.0112279,26.0643
0.0112347,26.0877
0.0112414,26.1112
0.011251,26.1346
0.0112577,26.1581
0.0112642,26.1816
0.0112733,26.2053
0.0112794,26.229
0.0112884,26.2528
0.0112972,26.2765
0.0113031,26.3004
0.0113119,26.3242
0.0113177,26.348
0.0113265,26.3719
0.0113295,26.3957
0.0113356,26.4194
0.0113417,26.4431
0.0113508,26.4668
0.0113573,26.4903
0.0113637,26.5139
0.0113732,26.5374
0.0113795,26.561
0.0113861,26.5846
0.0113953,26.6081
0.0113989,26.6317
0.011408,26.6554
0.0114169,26.6792
0.0114229,26.703
0.0114286,26.7269
0.0114371,26.7508
0.0114454,26.7749
0.0114538,26.7989
0.0114619,26.823
0.0114671,26.8471
0.0114751,26.8714
0.0114832,26.8956
0.0114915,26.9196
0.0114996,26.9438
0.0115078,26.9679
0.0115129,26.9922
0.0115207,27.0163
0.0115287,27.0406
0.0115394,27.0649
0.0115446,27.0891
0.0115525,27.1134
0.011563,27.1377
0.0115679,27.1621
0.0115756,27.1864
0.0115834,27.2107
0.0115913,27.235
0.0115993,27.2591
0.0116044,27.2834
0.0116125,27.3076
0.0116179,27.3316
0.0116264,27.3556
0.0116349,27.3795
0.0116408,27.4034
0.0116467,27.4272
0.0116557,27.4509
0.0116645,27.4747
0.0116706,27.4984
0.0116767,27.5222
0.0116858,27.5459
0.0116949,27.5695
0.011704,27.5932
0.0117102,27.6169
0.011716,27.6407
0.0117218,27.6646
0.0117305,27.6884
0.0117393,27.7122
0.011748,27.7362
0.0117565,27.7601
0.0117626,27.7839
0.0117713,27.8077
0.0117828,27.8316
0.0117885,27.8556
0.0117972,27.8795
0.0118087,27.9034
0.0118172,27.9273
0.0118258,27.9513
0.0118345,27.9752
0.0118434,27.9989
0.0118518,28.0229
0.0118574,28.0468
0.0118661,28.0708
0.0118721,28.0945
0.0118812,28.1181
0.0118903,28.1419
0.0118965,28.1656
0.0119056,28.1892
0.0119118,28.213
0.0119207,28.2367
0.0119298,28.2603
0.0119387,28.2841
0.0119445,28.308
0.0119532,28.3319
0.0119618,28.3558
0.0119703,28.3797
0.0119787,28.4038
0.0119869,28.4278
0.0119953,28.452
0.0120036,28.4759
0.0120119,28.5001
0.0120199,28.5243
0.0120278,28.5484
0.0120358,28.5727
0.0120435,28.5971
0.0120512,28.6214
0.0120617,28.6458
0.012069,28.6704
0.0120792,28.6949
0.0120864,28.7196
0.0120964,28.7442
0.0121064,28.7688
0.0121138,28.7933
0.0121211,28.8178
0.0121286,28.8423
0.0121336,28.8665
0.0121442,28.8908
0.0121522,28.9151
0.0121575,28.9393
0.0121658,28.9632
0.0121744,28.9872
0.0121833,29.011
0.012189,29.0349
0.0121981,29.0586
0.0122073,29.0822
0.0122138,29.1058
0.0122235,29.1291
0.0122303,29.1526
0.01224,29.1759
0.0122466,29.1994
0.0122533,29.2227
0.0122629,29.2463
0.0122696,29.2697
0.0122789,29.2933
0.012288,29.317
0.0122941,29.3407
0.0123032,29.3643
0.0123121,29.3882
0.0123181,29.412
0.0123269,29.4358
0.0123357,29.4596
0.0123418,29.4832
0.0123507,29.507
0.0123597,29.5307
0.0123685,29.5545
0.0123775,29.5783
0.0123835,29.6021
0.0123926,29.6258
0.0123988,29.6494
0.012408,29.6731
0.0124174,29.6966
0.0124235,29.7203
0.0124299,29.744
0.0124391,29.7675
0.0124457,29.791
0.0124523,29.8145
0.0124621,29.8379
0.0124719,29.8612
0.0124787,29.8846
0.0124854,29.9081
0.0124922,29.9314
0.0124991,29.9547
0.0125089,29.978
0.012516,30.0013
0.0125228,30.0246
0.0125323,30.0482
0.0125388,30.0718
0.0125451,30.0953
0.0125545,30.1189
0.0125638,30.1424
0.0125701,30.1661
0.0125795,30.1896
0.0125858,30.2132
0.0125947,30.237
0.0126006,30.2608
0.0126094,30.2846
0.0126153,30.3085
0.0126241,30.3323
0.012633,30.3561
0.012642,30.3797
0.0126509,30.4035
0.0126566,30.4275
0.0126654,30.4513
0.0126715,30.475
0.0126807,30.4986
0.012687,30.5223
0.0126933,30.5459
0.0126997,30.5694
0.012709,30.5931
0.0127155,30.6166
0.012725,30.6401
0.0127348,30.6634
0.0127417,30.6867
0.0127486,30.7101
0.0127555,30.7334
0.0127627,30.7566
0.0127726,30.7799
0.0127798,30.8031
0.0127869,30.8263
0.0127971,30.8495
0.0128011,30.8729
0.012811,30.8961
0.012821,30.9194
0.0128251,30.9426
0.012835,30.9659
0.0128418,30.9894
0.0128487,31.0127
0.0128554,31.0361
0.0128651,31.0594
0.0128718,31.0829
0.0128785,31.1063
0.0128878,31.13
0.0128941,31.1535
0.0129032,31.1772
0.0129094,31.2009
0.0129185,31.2246
0.0129276,31.2483
0.0129336,31.2721
0.0129427,31.2958
0.0129488,31.3194
0.0129549,31.3431
0.0129641,31.3668
0.0129735,31.3904
0.0129801,31.4138
0.0129869,31.4372
0.0129967,31.4606
0.0130008,31.4837
0.0130107,31.5071
0.0130148,31.5304
0.0130218,31.5537
0.013029,31.5769
0.0130359,31.6002
0.0130427,31.6236
0.0130522,31.6471
0.0130587,31.6706
0.013068,31.6942
0.0130743,31.7179
0.0130833,31.7416
0.0130893,31.7652
0.0130955,31.789
0.0131042,31.8128
0.0131101,31.8367
0.0131216,31.8606
0.0131272,31.8846
0.0131355,31.9087
0.0131437,31.9327
0.0131488,31.9569
0.0131594,31.9813
0.013167,32.0057
0.0131744,32.0303
0.0131818,32.0547
0.013192,32.0792
0.0131997,32.1036
0.0132074,32.1279
0.013215,32.1523
0.0132199,32.1767
0.013228,32.2008
0.0132362,32.225
0.0132416,32.249
0.0132501,32.2729
0.0132586,32.297
0.013267,32.3209
0.0132723,32.3451
0.0132778,32.369
0.0132861,32.3932
0.0132944,32.4172
0.0133025,32.4414
0.0133079,32.4654
0.0133161,32.4895
0.0133243,32.5137
0.0133327,32.5377
0.0133411,32.5616
0.0133467,32.5857
0.0133549,32.6097
0.0133605,32.6338
0.0133686,32.6578
0.0133769,32.682
0.0133823,32.706
0.0133933,32.7302
0.0133984,32.7544
0.0134059,32.7788
0.0134165,32.8032
0.0134211,32.8276
0.0134288,32.852
0.0134393,32.8764
0.0134441,32.9007
0.0134547,32.9252
0.0134624,32.9494
0.0134671,32.9739
0.0134751,32.998
0.0134832,33.0222
0.0134916,33.0462
0.0135001,33.0702
0.0135057,33.0941
0.0135143,33.1181
0.0135227,33.1421
0.0135312,33.1661
0.013537,33.1899
0.0135457,33.2138
0.0135545,33.2377
0.0135604,33.2615
0.0135689,33.2854
0.0135773,33.3094
0.013586,33.3334
0.0135947,33.3572
0.0136035,33.381
0.0136122,33.4049
0.0136236,33.4288
0.0136321,33.4529
0.0136375,33.4769
0.0136458,33.501
0.0136541,33.525
0.0136621,33.5492
0.0136729,33.5735
0.0136808,33.5978
0.0136883,33.6222
0.0136959,33.6466
0.0137064,33.671
0.013714,33.6954
0.0137244,33.7198
0.0137319,33.7442
0.0137395,33.7687
0.0137502,33.7929
0.0137581,33.8172
0.0137663,33.8414
0.0137747,33.8653
0.0137833,33.8893
0.0137918,33.9133
0.0138006,33.9371
0.0138096,33.9608
0.013816,33.9845
0.0138282,34.0079
0.0138347,34.0315
0.013844,34.055
0.0138503,34.0787
0.0138598,34.1023
0.0138693,34.1257
0.0138788,34.1492
0.013888,34.1728
0.0138973,34.1964
0.0139037,34.22
0.013913,34.2436
0.0139221,34.2672
0.0139312,34.2909
0.01394,34.3147
0.0139516,34.3386
0.013957,34.3627
0.0139652,34.3867
0.0139735,34.4109
0.0139814,34.435
0.0139894,34.4593
0.014,34.4836
0.0140048,34.508
0.0140154,34.5323
0.0140262,34.5566
0.0140343,34.5808
0.0140397,34.6048
0.0140483,34.6288
0.0140569,34.6527
0.0140657,34.6765
0.0140715,34.7004
0.0140804,34.7241
0.0140864,34.7479
0.0140953,34.7717
0.0141044,34.7954
0.0141103,34.8192
0.0141192,34.843
0.0141277,34.8669
0.0141334,34.8909
0.0141418,34.9149
0.0141502,34.9389
0.0141588,34.9629
0.0141645,34.9868
0.014173,35.0107
0.0141813,35.0348
0.0141895,35.0588
0.0141976,35.083
0.0142058,35.1072
0.0142139,35.1313
0.0142249,35.1555
0.0142328,35.1797
0.0142404,35.2042
0.0142507,35.2286
0.0142581,35.2532
0.0142654,35.2777
0.0142757,35.3021
0.0142829,35.3268
0.0142899,35.3514
0.0142968,35.3762
0.0143067,35.4009
0.0143136,35.4256
0.0143207,35.4503
0.014331,35.4748
0.0143387,35.4991
0.0143463,35.5235
0.0143539,35.548
0.0143617,35.5722
0.0143697,35.5964
0.0143776,35.6207
0.0143858,35.6449
0.014394,35.6689
0.0144023,35.693
0.0144105,35.7171
0.0144155,35.7413
0.0144236,35.7655
0.0144346,35.7897
0.0144429,35.8138
0.0144482,35.8379
0.0144593,35.862
0.0144644,35.8862
0.0144724,35.9104
0.0144803,35.9347
0.014488,35.959
0.0144957,35.9834
0.0145062,36.0078
0.0145108,36.0322
0.014521,36.0567
0.0145281,36.0814
0.0145353,36.1061
0.0145452,36.1307
0.0145519,36.1555
0.0145587,36.1804
0.0145682,36.2052
0.0145748,36.2301
0.0145843,36.255
0.0145908,36.2799
0.0145974,36.3048
0.014607,36.3297
0.0146111,36.3544
0.0146209,36.379
0.0146284,36.4035
0.0146358,36.4281
0.0146434,36.4524
0.0146509,36.4769
0.0146586,36.5012
0.0146663,36.5256
0.0146769,36.5499
0.0146844,36.5744
0.0146916,36.599
0.0146988,36.6236
0.0147056,36.6484
0.0147153,36.6732
0.0147247,36.6981
0.0147341,36.723
0.0147405,36.748
0.0147494,36.7732
0.0147554,36.7983
0.0147643,36.8236
0.014773,36.8489
0.0147817,36.8741
0.0147904,36.8994
0.0147991,36.9247
0.0148075,36.9501
0.0148161,36.9754
0.0148215,37.0008
0.0148298,37.0263
0.0148382,37.0517
0.0148468,37.0771
0.0148583,37.1024
0.0148639,37.1278
0.0148727,37.1529
0.0148814,37.1782
0.0148875,37.2034
0.0148938,37.2285
0.0149026,37.2536
0.0149117,37.2787
0.0149178,37.3038
0.0149241,37.329
0.0149333,37.354
0.0149425,37.379
0.0149486,37.4042
0.0149547,37.4292
0.0149609,37.4543
0.01497,37.4794
0.0149763,37.5044
0.0149827,37.5294
0.0149889,37.5544
0.0149979,37.5796
0.015007,37.6047
0.0150134,37.6296
0.0150226,37.6546
0.015029,37.6797
0.0150353,37.7047
0.0150413,37.7298
0.0150503,37.755
0.0150595,37.78
0.0150686,37.8052
0.0150778,37.8302
0.0150842,37.8552
0.0150934,37.8802
0.0150996,37.9053
0.0151088,37.9303
0.0151152,37.9553
0.0151217,37.9802
0.0151311,38.0051
0.0151406,38.03
0.0151471,38.0549
0.0151537,38.0798
0.0151604,38.1047
0.0151696,38.1297
0.0151761,38.1546
0.0151854,38.1797
0.0151915,38.2047
0.0151977,38.2298
0.0152068,38.255
0.0152157,38.2801
0.0152244,38.3054
0.0152303,38.3305
0.0152391,38.3558
0.0152478,38.3811
0.0152565,38.4064
0.0152621,38.4317
0.0152706,38.4571
0.0152791,38.4825
0.0152903,38.5079
0.0152982,38.5336
0.015306,38.5593
0.0153166,38.5851
0.0153239,38.6111
0.0153315,38.6368
0.0153391,38.6627
0.0153465,38.6886
0.0153541,38.7143
0.0153617,38.7401
0.0153698,38.7657
0.0153781,38.7912
0.0153868,38.8165
0.0153957,38.8417
0.0154048,38.8668
0.0154113,38.8917
0.015421,38.9165
0.0154284,38.9409
0.0154387,38.9654
0.0154464,38.9898
0.0154571,39.0141
0.0154649,39.0384
0.0154729,39.0626
0.0154839,39.0868
0.015492,39.1109
0.0155028,39.1352
0.0155109,39.1594
0.0155217,39.1836
0.0155298,39.2079
0.0155377,39.232
0.0155456,39.2563
0.0155565,39.2805
0.0155644,39.3048
0.0155725,39.329
0.0155834,39.3531
0.0155943,39.3773
0.0155993,39.4016
0.01561,39.4259
0.0156206,39.4503
0.0156284,39.4746
0.015639,39.4989
0.0156468,39.5233
0.0156577,39.5475
0.0156659,39.5715
0.0156743,39.5956
0.0156829,39.6195
0.0156914,39.6435
0.0157002,39.6673
0.0157062,39.691
0.0157181,39.7148
0.0157273,39.7384
0.0157365,39.7621
0.0157457,39.7857
0.0157548,39.8094
0.015764,39.833
0.0157732,39.8567
0.0157822,39.8804
0.0157913,39.904
0.0157974,39.9277
0.0158065,39.9514
0.0158182,39.9753
0.0158267,39.9992
0.0158381,40.0232
0.0158463,40.0473
0.0158573,40.0715
0.0158625,40.0957
0.0158733,40.1199
0.0158811,40.1443
0.015886,40.1686
0.0158965,40.193
0.015907,40.2173
0.0159148,40.2417
0.0159226,40.266
0.0159332,40.2903
0.015941,40.3146
0.0159487,40.339
0.0159595,40.3631
0.0159673,40.3876
0.0159753,40.4117
0.0159835,40.4359
0.0159918,40.4598
0.0160003,40.4839
0.0160086,40.5079
0.0160172,40.5318
0.0160259,40.5558
0.0160319,40.5794
0.0160409,40.6033
0.0160474,40.6267
0.0160567,40.6504
0.0160631,40.6739
0.0160724,40.6975
0.0160817,40.7211
0.0160883,40.7446
0.0161006,40.7682
0.0161071,40.7916
0.0161164,40.8152
0.0161225,40.839
0.0161286,40.8627
0.0161374,40.8865
0.0161462,40.9103
0.0161521,40.9342
0.0161608,40.958
0.0161692,40.9819
0.0161746,41.0061
0.0161826,41.0303
0.0161906,41.0544
0.0161987,41.0786
0.0162067,41.1029
0.0162147,41.1271
0.0162229,41.1512
0.016231,41.1753
0.0162365,41.1993
0.016245,41.2234
0.0162507,41.2472
0.0162594,41.2711
0.0162682,41.2949
0.016274,41.3188
0.016283,41.3425
0.0162891,41.3662
0.0162981,41.39
0.0163071,41.4137
0.0163132,41.4375
0.0163191,41.4613
0.0163281,41.485
0.0163371,41.5086
0.0163433,41.5323
0.0163523,41.5561
0.0163641,41.5798
0.0163731,41.6036
0.0163761,41.6274
0.0163878,41.6512
0.0163937,41.675
0.0164023,41.699
0.0164109,41.7229
0.0164193,41.7469
0.0164275,41.7711
0.0164381,41.7954
0.0164458,41.8197
0.0164532,41.8442
0.0164634,41.8688
0.0164707,41.8933
0.0164807,41.9179
0.0164881,41.9425
0.0164981,41.9671
0.0165055,41.9916
0.0165131,42.0161
0.0165235,42.0404
0.0165283,42.0648
0.0165393,42.089
0.0165476,42.113
0.0165559,42.1371
0.0165642,42.1611
0.0165725,42.1852
0.016581,42.2092
0.0165896,42.2332
0.0165983,42.257
0.0166072,42.2808
0.0166131,42.3046
0.0166249,42.3284
0.0166308,42.3522
0.0166398,42.376
0.0166515,42.3997
0.0166575,42.4235
0.0166664,42.4473
0.0166754,42.4711
0.0166842,42.4949
0.0166929,42.5187
0.0166987,42.5426
0.0167071,42.5665
0.0167183,42.5907
0.0167265,42.6147
0.0167348,42.6388
0.0167458,42.663
0.0167539,42.6871
0.0167617,42.7114
0.0167697,42.7357
0.0167805,42.7599
0.0167885,42.7842
0.0167967,42.8082
0.0168049,42.8324
0.0168132,42.8564
0.0168213,42.8806
0.0168294,42.9048
0.0168405,42.9288
0.016846,42.9529
0.0168543,42.9769
0.0168626,43.001
0.0168711,43.025
0.0168794,43.0491
0.0168875,43.0732
0.016896,43.0972
0.0169046,43.1211
0.0169103,43.145
0.0169188,43.1689
0.0169276,43.1927
0.0169365,43.2166
0.0169452,43.2405
0.0169537,43.2644
0.0169624,43.2883
0.0169711,43.3121
0.0169797,43.3361
0.0169911,43.3601
0.0169967,43.384
0.017008,43.408
0.0170163,43.4321
0.0170272,43.4563
0.0170356,43.4803
0.017044,43.5044
0.0170551,43.5284
0.0170632,43.5526
0.0170742,43.5768
0.0170825,43.6008
0.0170907,43.625
0.017099,43.649
0.0171102,43.6731
0.0171186,43.6971
0.017127,43.7212
0.0171356,43.745
0.0171442,43.7689
0.0171531,43.7927
0.0171622,43.8164
0.017174,43.8402
0.0171804,43.8638
0.0171897,43.8873
0.0171992,43.9109
0.0172089,43.9342
0.0172184,43.9576
0.0172283,43.981
0.0172382,44.0043
0.0172482,44.0275
0.0172581,44.0508
0.0172683,44.074
0.0172784,44.0972
0.0172884,44.1204
0.0172987,44.1436
0.0173088,44.1667
0.0173188,44.1899
0.0173288,44.2131
0.0173391,44.2363
0.0173492,44.2595
0.0173591,44.2827
0.0173694,44.3059
0.0173766,44.3291
0.0173897,44.3522
0.0173997,44.3755
0.01741,44.3986
0.0174202,44.4218
0.0174276,44.4448
0.0174411,44.4678
0.0174519,44.4906
0.0174601,44.5133
0.0174682,44.536
0.0174797,44.5586
0.0174913,44.5811
0.0174998,44.6036
0.0175115,44.6261
0.0175204,44.6484
0.0175322,44.6708
0.0175438,44.6932
0.0175526,44.7157
0.0175643,44.738
0.0175728,44.7607
0.0175842,44.7832
0.0175928,44.8058
0.0176041,44.8284
0.0176127,44.8508
0.0176242,44.8734
0.0176356,44.896
0.0176466,44.9187
0.0176549,44.9414
0.0176658,44.9642
0.0176764,44.9872
0.0176869,45.0101
0.0176971,45.0333
0.0177074,45.0564
0.0177202,45.0797
0.0177302,45.1029
0.0177399,45.1263
0.0177496,45.1497
0.0177592,45.1731
0.0177689,45.1965
0.0177788,45.2198
0.0177856,45.2432
0.0177957,45.2664
0.0178057,45.2897
0.0178158,45.3129
0.0178261,45.3359
0.0178335,45.359
0.0178438,45.3821
0.0178542,45.4052
0.0178647,45.4282
0.0178723,45.4512
0.0178829,45.4741
0.0178908,45.4971
0.0178986,45.5199
0.0179064,45.5428
0.017914,45.5658
0.0179242,45.589
0.0179316,45.6121
0.0179417,45.6353
0.0179489,45.6584
0.0179588,45.6818
0.0179688,45.705
0.0179756,45.7284
0.0179825,45.7517
0.0179893,45.775
0.018002,45.7983
0.0180092,45.8217
0.0180192,45.8448
0.0180265,45.868
0.0180365,45.8912
0.0180435,45.9146
0.0180534,45.9379
0.0180632,45.9612
0.0180728,45.9846
0.0180795,46.0081
0.018089,46.0315
0.0180984,46.0551
0.0181077,46.0786
0.0181143,46.1021
0.0181235,46.1257
0.018133,46.1492
0.0181395,46.1727
0.0181463,46.1962
0.0181559,46.2196
0.0181625,46.243
0.0181718,46.2666
0.0181784,46.2902
0.018188,46.3136
0.0181975,46.337
0.018207,46.3606
0.0182134,46.3842
0.0182225,46.4078
0.0182287,46.4315
0.0182376,46.4552
0.0182467,46.4789
0.0182555,46.5027
0.0182642,46.5266
0.0182698,46.5505
0.0182784,46.5745
0.0182899,46.5984
0.0182952,46.6226
0.0183065,46.6465
0.0183149,46.6705
0.0183231,46.6947
0.0183314,46.7188
0.0183396,46.7429
0.0183476,46.7671
0.0183556,46.7913
0.0183635,46.8156
0.0183745,46.8397
0.0183826,46.8638
0.0183909,46.8879
0.0183992,46.912
0.0184105,46.936
0.0184161,46.96
0.018425,46.9838
0.0184312,47.0074
0.0184405,47.031
0.0184501,47.0544
0.0184568,47.0779
0.0184664,47.1013
0.0184732,47.1248
0.0184827,47.1482
0.0184923,47.1715
0.0185021,47.1949
0.0185089,47.2184
0.0185185,47.2418
0.018528,47.2653
0.0185346,47.2887
0.0185441,47.3123
0.0185537,47.3356
0.0185633,47.3591
0.0185699,47.3826
0.0185793,47.4061
0.0185886,47.4297
0.0185977,47.4534
0.0186068,47.4771
0.0186129,47.5007
0.0186218,47.5245
0.0186335,47.5483
0.0186393,47.5723
0.0186482,47.5959
0.0186601,47.6198
0.0186665,47.6433
0.0186759,47.6669
0.0186856,47.6902
0.0186955,47.7135
0.0187054,47.7368
0.0187128,47.7599
0.0187231,47.783
0.0187308,47.806
0.0187414,47.8289
0.0187491,47.8519
0.0187596,47.8749
0.0187641,47.8979
0.0187744,47.921
0.0187818,47.9442
0.0187918,47.9674
0.0188019,47.9906
0.0188089,48.0139
0.0188188,48.0372
0.0188282,48.0607
0.0188377,48.0842
0.0188442,48.1078
0.0188534,48.1313
0.0188628,48.1549
0.0188719,48.1785
0.0188811,48.2021
0.0188899,48.226
0.0188988,48.2498
0.0189104,48.2737
0.0189191,48.2975
0.0189279,48.3213
0.0189364,48.3453
0.0189478,48.3693
0.0189563,48.3933
0.0189649,48.4172
0.0189736,48.441
0.0189853,48.4648
0.0189914,48.4885
0.0190007,48.5122
0.0190071,48.5358
0.0190167,48.5592
0.0190237,48.5825
0.0190338,48.6057
0.0190438,48.6289
0.0190512,48.652
0.0190615,48.6752
0.0190688,48.6982
0.0190793,48.7212
0.0190899,48.7441
0.0190979,48.767
0.0191086,48.7899
0.0191135,48.8129
0.0191243,48.8357
0.0191321,48.8586
0.0191431,48.8813
0.0191482,48.9042
0.0191594,48.9268
0.0191675,48.9496
0.0191756,48.9723
0.0191864,48.9952
0.0191942,49.0181
0.0192052,49.0408
0.0192131,49.0637
0.0192238,49.0865
0.0192314,49.1096
0.0192418,49.1327
0.0192461,49.1559
0.0192563,49.179
0.0192666,49.2021
0.0192767,49.2252
0.0192841,49.2484
0.0192943,49.2715
0.0193018,49.2946
0.0193094,49.3175
0.0193199,49.3406
0.0193279,49.3634
0.0193359,49.3861
0.0193439,49.4089
0.0193548,49.4318
0.0193629,49.4546
0.019368,49.4773
0.0193787,49.5002
0.0193869,49.5229
0.0193948,49.5458
0.0194028,49.5686
0.0194107,49.5914
0.0194187,49.6143
0.0194268,49.6371
0.0194377,49.6598
0.0194458,49.6826
0.0194538,49.7053
0.0194649,49.7281
0.0194729,49.751
0.0194839,49.7737
0.0194891,49.7964
0.0195,49.8192
0.019508,49.842
0.0195158,49.865
0.0195266,49.8878
0.0195346,49.9106
0.0195394,49.9336
0.0195502,49.9564
0.0195578,49.9794
0.0195687,50.0022
0.0195768,50.025
0.019585,50.0477
0.019593,50.0704
0.0196012,50.0933
0.0196093,50.116
0.0196174,50.1388
0.0196258,50.1613
0.0196372,50.184
0.0196428,50.2064
0.0196516,50.2289
0.0196606,50.2512
0.0196696,50.2736
0.0196786,50.2959
0.0196849,50.3181
0.0196915,50.3402
0.019701,50.3623
0.0197104,50.3844
0.0197171,50.4064
0.0197267,50.4285
0.019733,50.4507
0.0197422,50.4729
0.0197515,50.495
0.019761,50.5171
0.0197704,50.5393
0.0197797,50.5614
0.0197861,50.5836
0.0197921,50.606
0.0198009,50.6284
0.0198096,50.6509
0.0198154,50.6733
0.0198268,50.6959
0.0198322,50.7185
0.0198431,50.7413
0.0198506,50.7644
0.0198581,50.7875
0.0198658,50.8104
0.0198735,50.8334
0.0198812,50.8563
0.0198888,50.8793
0.0198937,50.9022
0.0199013,50.9252
0.0199089,50.9482
0.0199169,50.9711
0.0199249,50.9938
0.0199328,51.0166
0.0199406,51.0396
0.0199455,51.0625
0.0199533,51.0854
0.0199609,51.1084
0.0199688,51.1312
0.0199737,51.1542
0.0199817,51.1769
0.0199867,51.1998
0.0199916,51.2227
0.0199993,51.2456
0.0200071,51.2686
0.0200122,51.2914
0.0200228,51.3142
0.0200305,51.3373
0.0200381,51.3602
0.0200425,51.3834
0.0200526,51.4066
0.0200597,51.4298
0.020067,51.453
0.020074,51.4762
0.0200778,51.4996
0.0200843,51.5232
0.0200936,51.5468
0.0201001,51.5703
0.0201089,51.5941
0.0201151,51.6178
0.0201238,51.6417
0.0201296,51.6655
0.0201383,51.6895
0.0201441,51.7133
0.0201527,51.7372
0.0201584,51.7611
0.0201643,51.785
0.0201729,51.8088
0.0201789,51.8326
0.0201874,51.8566
0.0201933,51.8805
0.0201991,51.9043
0.0202049,51.9281
0.0202139,51.9519
0.0202201,51.9756
0.020226,51.9994
0.0202322,52.0231
0.0202383,52.0468
0.0202473,52.0704
0.0202537,52.0941
0.0202629,52.1177
0.0202692,52.1414
0.0202757,52.1649
0.0202852,52.1884
0.0202918,52.2118
0.0203015,52.2352
0.0203079,52.2588
0.0203144,52.2823
0.0203208,52.3059
0.0203301,52.3295
0.0203366,52.353
0.0203458,52.3767
0.020352,52.4004
0.020361,52.4241
0.0203669,52.4479
0.0203758,52.4717
0.0203848,52.4954
0.0203941,52.5189
0.0204005,52.5426
0.0204099,52.566
0.0204165,52.5895
0.0204261,52.6129
0.02043,52.6364
0.0204397,52.6598
0.0204497,52.683
0.0204568,52.7063
0.0204639,52.7295
0.0204738,52.7527
0.0204781,52.776
0.0204881,52.7992
0.0204952,52.8224
0.020505,52.8458
0.0205118,52.8691
0.0205216,52.8925
0.0205314,52.9159
0.0205383,52.9392
0.0205453,52.9624
0.020552,52.986
0.0205614,53.0094
0.0205706,53.0331
0.020577,53.0566
0.0205862,53.0803
0.0205952,53.104
0.0206042,53.1277
0.0206131,53.1515
0.0206219,53.1753
0.0206304,53.1993
0.0206393,53.223
0.0206482,53.2468
0.0206571,53.2706
0.0206661,53.2943
0.0206722,53.318
0.0206811,53.3418
0.0206899,53.3656
0.0206961,53.3893
0.0207049,53.4132
0.020714,53.4369
0.0207233,53.4604
0.0207327,53.4839
0.0207421,53.5074
0.0207487,53.531
0.0207583,53.5544
0.0207655,53.5776
0.0207754,53.6008
0.0207824,53.6241
0.0207894,53.6475
0.0207993,53.6708
0.020806,53.6942
0.0208127,53.7177
0.0208251,53.7411
0.0208317,53.7646
0.0208383,53.7881
0.0208475,53.8117
0.0208567,53.8353
0.0208631,53.8589
0.0208723,53.8825
0.0208786,53.9062
0.0208849,53.9297
0.0208942,53.9534
0.0209035,53.977
0.0209099,54.0005
0.0209191,54.0242
0.0209252,54.0479
0.0209343,54.0716
0.0209404,54.0953
0.0209521,54.1191
0.0209608,54.143
0.0209665,54.1669
0.020975,54.1908
0.0209832,54.215
0.0209888,54.2389
0.0209974,54.2629
0.0210059,54.2868
0.0210147,54.3107
0.0210206,54.3344
0.0210269,54.3581
0.0210332,54.3818
0.0210396,54.4053
0.021049,54.4288
0.0210554,54.4524
0.0210616,54.4761
0.0210707,54.4998
0.021077,54.5234
0.021083,54.5472
0.0210919,54.571
0.0211005,54.5949
0.0211061,54.6188
0.0211116,54.6429
0.0211197,54.6669
0.021125,54.6911
0.0211359,54.7153
0.021141,54.7395
0.0211487,54.7638
0.0211562,54.7884
0.0211637,54.8128
0.021171,54.8373
0.0211784,54.8619
0.0211857,54.8864
0.0211957,54.9111
0.021203,54.9356
0.0212102,54.9601
0.0212172,54.9849
0.0212241,55.0096
0.0212313,55.0342
0.0212381,55.059
0.0212451,55.0837
0.0212521,55.1083
0.021262,55.1331
0.0212692,55.1576
0.0212735,55.1823
0.021281,55.2067
0.0212884,55.2312
0.0212961,55.2555
0.0213039,55.2798
0.0213089,55.3041
0.0213171,55.3282
0.0213251,55.3523
0.0213331,55.3766
0.0213383,55.4008
0.021346,55.4251
0.021351,55.4494
0.0213614,55.4738
0.0213661,55.4983
0.0213763,55.5228
0.0213807,55.5474
0.0213878,55.5721
0.0213976,55.5967
0.0214016,55.6215
0.0214112,55.6463
0.021418,55.6711
0.0214248,55.6958
0.0214316,55.7207
0.0214381,55.7457
0.0214446,55.7706
0.0214511,55.7955
0.0214607,55.8204
0.0214674,55.8451
0.0214738,55.8702
0.0214832,55.8951
0.0214871,55.9198
0.0214936,55.9449
0.0215033,55.9695
0.0215103,55.9943
0.0215174,56.019
0.0215245,56.0436
0.0215288,56.0682
0.0215389,56.0927
0.0215434,56.1172
0.0215506,56.1419
0.0215575,56.1665
0.0215645,56.1913
0.0215712,56.2161
0.0215808,56.2409
0.0215873,56.2659
0.0215965,56.2909
0.0216026,56.3161
0.0216114,56.3412
0.0216173,56.3665
0.0216262,56.3916
0.0216351,56.4169
0.0216411,56.4421
0.0216497,56.4673
0.0216555,56.4926
0.0216609,56.5181
0.021669,56.5436
0.0216772,56.5691
0.0216851,56.5948
0.0216933,56.6204
0.0216981,56.646
0.0217055,56.672
0.0217129,56.6979
0.0217206,56.7237
0.0217282,56.7494
0.0217361,56.7752
0.0217443,56.8006
0.0217496,56.8262
0.021755,56.8516
0.0217636,56.877
0.0217724,56.9021
0.0217786,56.9273
0.0217848,56.9523
0.0217941,56.9773
0.0218005,57.0022
0.0218068,57.0274
0.0218161,57.0523
0.0218224,57.0773
0.0218289,57.1022
0.0218382,57.1272
0.0218449,57.1521
0.0218542,57.177
0.0218606,57.2021
0.0218669,57.2271
0.0218729,57.2522
0.0218824,57.2771
0.0218915,57.3022
0.0219007,57.3273
0.0219097,57.3525
0.0219155,57.3777
0.0219211,57.403
0.0219295,57.4284
0.0219381,57.4538
0.0219462,57.4794
0.0219544,57.5049
0.0219626,57.5304
0.0219707,57.556
0.0219788,57.5815
0.0219843,57.607
0.0219929,57.6322
0.0220014,57.6576
0.0220077,57.6827
0.0220139,57.7077
0.0220203,57.7327
0.0220301,57.7575
0.0220368,57.7823
0.0220464,57.8072
0.0220531,57.832
0.0220598,57.8569
0.0220691,57.8818
0.0220785,57.9067
0.0220849,57.9317
0.022097,57.9567
0.0221033,57.9817
0.0221123,58.0069
0.0221182,58.0322
0.0221272,58.0572
0.0221362,58.0823
0.0221424,58.1075
0.0221513,58.1326
0.0221603,58.1578
0.022169,58.183
0.0221748,58.2083
0.0221863,58.2337
0.0221947,58.2591
0.022203,58.2845
0.0222141,58.3101
0.022222,58.3357
0.0222299,58.3614
0.0222406,58.3871
0.0222486,58.4126
0.0222565,58.4384
0.0222646,58.4639
0.02227,58.4894
0.0222783,58.5148
0.0222871,58.5401
0.022296,58.5652
0.0223026,58.5901
0.022312,58.615
0.022319,58.6398
0.0223259,58.6646
0.022336,58.6891
0.0223435,58.7135
0.022354,58.738
0.0223616,58.7624
0.0223691,58.7868
0.0223767,58.8112
0.022387,58.8357
0.0223945,58.8602
0.022402,58.8847
0.0224125,58.909
0.02242,58.9335
0.0224299,58.9582
0.0224344,58.9827
0.0224445,59.0072
0.0224517,59.0319
0.0224616,59.0566
0.0224684,59.0813
0.0224782,59.1061
0.022488,59.1309
0.0224976,59.1557
0.0225046,59.1803
0.0225145,59.205
0.0225216,59.2297
0.0225314,59.2544
0.0225385,59.2791
0.0225455,59.3038
0.0225556,59.3284
0.0225627,59.3531
0.0225699,59.3776
0.0225769,59.4023
0.0225869,59.427
0.022594,59.4516
0.022601,59.4764
0.022608,59.501
0.0226152,59.5256
0.0226226,59.5501
0.0226298,59.5746
0.022637,59.5993
0.0226473,59.6238
0.0226518,59.6482
0.0226621,59.6728
0.0226695,59.6973
0.0226797,59.7218
0.0226872,59.7463
0.0226945,59.7708
0.0227015,59.7956
0.0227085,59.8202
0.0227155,59.8449
0.0227222,59.8697
0.0227317,59.8946
0.0227382,59.9196
0.0227473,59.9446
0.0227534,59.9698
0.0227622,59.995
0.0227709,60.0203
0.0227769,60.0455
0.022783,60.0706
0.0227893,60.0956
0.0227983,60.1208
0.0228045,60.1458
0.0228109,60.1708
0.0228176,60.1956
0.0228244,60.2204
0.0228314,60.2452
0.0228413,60.2698
0.0228457,60.2944
0.0228529,60.3189
0.0228573,60.3436
0.0228674,60.3681
0.0228749,60.3925
0.0228823,60.417
0.0228897,60.4416
0.0228971,60.4661
0.0229016,60.4905
0.0229119,60.5151
0.0229163,60.5396
0.0229236,60.5641
0.022934,60.5885
0.0229413,60.6131
0.0229485,60.6377
0.0229529,60.6623
0.0229599,60.6869
0.0229698,60.7117
0.0229769,60.7363
0.0229839,60.761
0.0229908,60.7857
0.0230008,60.8103
0.0230079,60.835
0.0230148,60.8598
0.0230216,60.8846
0.0230283,60.9093
0.0230351,60.9341
0.0230421,60.9589
0.0230519,60.9837
0.0230589,61.0083
0.0230688,61.033
0.0230757,61.0578
0.0230798,61.0824
0.0230873,61.1069
0.0230977,61.1313
0.0231057,61.1556
0.0231107,61.1797
0.0231187,61.204
0.0231267,61.2282
0.0231343,61.2526
0.0231422,61.2769
0.0231526,61.3013
0.0231599,61.3259
0.0231639,61.3506
0.0231737,61.3753
0.0231804,61.4002
0.0231895,61.4252
0.0231958,61.4502
0.0232049,61.4754
0.0232109,61.5005
0.0232195,61.5259
0.0232282,61.5512
0.0232366,61.5766
0.0232451,61.602
0.0232535,61.6274
0.0232614,61.653
0.0232695,61.6786
0.0232777,61.7041
0.0232826,61.7298
0.0232905,61.7554
0.0232988,61.7809
0.0233069,61.8064
0.0233123,61.832
0.0233208,61.8573
0.0233263,61.8827
0.0233351,61.908
0.023341,61.9333
0.0233497,61.9584
0.0233558,61.9836
0.0233619,62.0087
0.0233708,62.0339
0.0233797,62.0591
0.0233856,62.0844
0.0233914,62.1095
0.0233998,62.1351
0.0234054,62.1603
0.0234139,62.1857
0.0234223,62.2112
0.0234275,62.2367
0.0234359,62.2621
0.023441,62.2878
0.0234489,62.3134
0.023457,62.339
0.0234621,62.3645
0.0234702,62.3902
0.023478,62.4158
0.0234859,62.4415
0.0234937,62.4672
0.0235018,62.4928
0.0235097,62.5185
0.0235176,62.5441
0.0235228,62.5697
0.0235307,62.5953
0.0235384,62.6211
0.0235463,62.6468
0.0235545,62.6723
0.0235623,62.6979
0.0235675,62.7236
0.0235756,62.7491
0.0235807,62.7747
0.023589,62.8002
0.0235974,62.8256
0.0236028,62.8511
0.0236114,62.8764
0.0236172,62.9017
0.0236258,62.927
0.0236343,62.9523
0.0236402,62.9776
0.0236517,63.003
0.0236572,63.0284
0.0236657,63.0538
0.023674,63.0791
0.0236791,63.1048
0.0236901,63.1303
0.0236981,63.1559
0.0237059,63.1817
0.0237136,63.2074
0.0237212,63.2332
0.0237285,63.2592
0.0237361,63.2851
0.0237464,63.3108
0.0237539,63.3368
0.0237614,63.3626
0.0237691,63.3884
0.0237765,63.4142
0.023784,63.4401
0.0237918,63.4659
0.0237994,63.4916
0.0238102,63.5173
0.0238185,63.5428
0.0238268,63.5683
0.0238323,63.5937
0.0238412,63.6188
0.02385,63.6441
0.0238591,63.6691
0.0238655,63.6941
0.0238749,63.719
0.0238844,63.7439
0.0238908,63.769
0.0239002,63.7939
0.0239094,63.8189
0.0239187,63.8439
0.0239248,63.8691
0.0239337,63.8942
0.0239424,63.9195
0.0239511,63.9447
0.0239596,63.9701
0.0239679,63.9955
0.0239765,64.0209
0.0239848,64.0464
0.023993,64.0718
0.0240014,64.0973
0.0240068,64.1227
0.024018,64.1482
0.0240235,64.1736
0.0240349,64.199
0.0240431,64.2245
0.0240515,64.2499
0.024057,64.2754
0.0240685,64.3007
0.0240773,64.326
0.024086,64.3512
0.0240918,64.3765
0.0241006,64.4017
0.0241094,64.4269
0.0241154,64.4522
0.0241242,64.4773
0.0241305,64.5024
0.0241395,64.5275
0.0241453,64.5528
0.0241511,64.578
0.0241598,64.6033
0.0241684,64.6286
0.0241767,64.6541
0.0241851,64.6795
0.024193,64.7051
0.0242009,64.7309
0.0242113,64.7566
0.0242185,64.7828
0.0242256,64.8088
0.0242327,64.8349
0.0242422,64.8611
0.0242485,64.8875
0.0242579,64.9139
0.024264,64.9404
0.0242701,64.967
0.0242791,64.9935
0.0242851,65.0201
0.0242938,65.0467
0.0242998,65.0733
0.0243082,65.1001
0.024314,65.1268
0.024323,65.1534
0.0243289,65.18
0.0243349,65.2065
0.0243441,65.233
0.0243503,65.2594
0.0243538,65.2858
0.0243608,65.3119
0.0243675,65.3382
0.0243746,65.3642
0.0243819,65.3902
0.0243892,65.4161
0.0243966,65.4421
0.0244041,65.4678
0.0244119,65.4936
0.0244166,65.5195
0.0244243,65.5451
0.0244318,65.571
0.0244394,65.5968
0.0244468,65.6227
0.0244538,65.6487
0.0244608,65.6749
0.0244678,65.701
0.0244774,65.7272
0.0244837,65.7537
0.0244869,65.7802
0.0244955,65.8069
0.0245009,65.8338
0.0245094,65.8606
0.0245176,65.8875
0.0245228,65.9145
0.024531,65.9413
0.0245393,65.9683
0.0245446,65.9952
0.0245531,66.0219
0.0245589,66.0486
0.024565,66.0751
0.0245714,66.1015
0.0245778,66.128
0.0245841,66.1543
0.0245937,66.1806
0.0246003,66.2068
0.0246068,66.2332
0.0246132,66.2596
0.0246198,66.2859
0.0246288,66.3124
0.0246379,66.3389
0.0246438,66.3655
0.0246522,66.3924
0.0246611,66.4189
0.0246696,66.4457
0.0246748,66.4727
0.024683,66.4997
0.024691,66.5267
0.0246986,66.5539
0.0247062,66.581
0.0247138,66.6082
0.0247213,66.6356
0.0247288,66.6628
0.0247361,66.6901
0.0247432,66.7176
0.0247508,66.7448
0.0247583,66.772
0.0247687,66.7992
0.0247738,66.8263
0.0247819,66.8533
0.0247902,66.8802
0.0247985,66.907
0.0248041,66.9338
0.0248097,66.9606
0.0248183,66.9874
0.0248269,67.0141
0.0248354,67.0408
0.0248444,67.0673
0.0248501,67.094
0.0248585,67.1209
0.0248641,67.1476
0.0248725,67.1745
0.024881,67.2012
0.0248896,67.228
0.0248982,67.2547
0.0249036,67.2815
0.0249121,67.3083
0.0249204,67.3351
0.0249288,67.362
0.0249374,67.3887
0.0249457,67.4156
0.0249511,67.4424
0.0249594,67.4694
0.0249676,67.4963
0.0249757,67.5232
0.024984,67.5501
0.0249923,67.577
0.0250005,67.6039
0.0250091,67.6307
0.0250175,67.6574
0.025026,67.6843
0.0250317,67.711
0.0250376,67.7376
0.0250463,67.7642
0.0250553,67.7908
0.0250645,67.8172
0.0250705,67.8438
0.0250766,67.8703
0.0250854,67.897
0.0250913,67.9236
0.0251002,67.9501
0.0251063,67.9767
0.0251151,68.0033
0.0251238,68.03
0.0251325,68.0567
0.0251409,68.0835
0.0251492,68.1104
0.0251575,68.1373
0.0251654,68.1644
0.0251732,68.1915
0.0251834,68.2188
0.0251905,68.2463
0.0252003,68.2739
0.0252069,68.3016
0.0252162,68.3293
0.0252226,68.3571
0.0252321,68.3848
0.0252386,68.4125
0.0252482,68.4402
0.0252551,68.4677
0.0252593,68.4952
0.0252697,68.5224
0.0252742,68.5497
0.0252819,68.5768
0.0252901,68.6038
0.0252985,68.6307
0.0253042,68.6574
0.0253129,68.684
0.0253192,68.7105
0.0253283,68.737
0.0253349,68.7632
0.0253444,68.7896
0.0253512,68.8157
0.0253584,68.8417
0.0253685,68.8677
0.0253756,68.8937
0.0253857,68.9197
0.0253956,68.9459
0.0254051,68.9721
0.0254115,68.9986
0.0254177,69.0251
0.0254267,69.0516
0.0254358,69.0781
0.0254447,69.1047
0.0254504,69.1314
0.0254591,69.158
0.0254676,69.1849
0.0254734,69.2115
0.025482,69.2382
0.0254909,69.2648
0.0254968,69.2914
0.0255058,69.3179
0.0255149,69.3444
0.0255208,69.371
0.0255297,69.3976
0.0255384,69.4244
0.0255445,69.4509
0.0255534,69.4775
0.0255597,69.5038
0.0255691,69.5302
0.0255754,69.5567
0.0255848,69.5829
0.0255913,69.6093
0.0255982,69.6354
0.0256048,69.6618
0.0256142,69.688
0.0256208,69.7144
0.0256271,69.7408
0.0256333,69.7673
0.0256422,69.7939
0.0256509,69.8206
0.0256594,69.8473
0.0256709,69.8741
0.0256764,69.9009
0.0256846,69.9278
0.0256901,69.9546
0.0256982,69.9816
0.0257063,70.0086
0.0257145,70.0355
0.0257227,70.0624
0.0257308,70.0894
0.0257388,70.1164
0.0257469,70.1434
0.0257552,70.1702
0.0257637,70.197
0.0257723,70.2238
0.0257807,70.2505
0.0257868,70.277
0.0257929,70.3036
0.0258022,70.33
0.0258088,70.3563
0.0258154,70.3826
0.0258219,70.409
0.0258284,70.4352
0.025835,70.4615
0.0258415,70.4878
0.0258512,70.5141
0.0258576,70.5405
0.0258638,70.5669
0.0258702,70.5933
0.0258765,70.6198
0.0258827,70.6463
0.0258919,70.6727
0.0258981,70.6992
0.0259041,70.7258
0.0259132,70.7523
0.0259193,70.7787
0.025925,70.8055
0.0259338,70.8321
0.0259424,70.8588
0.025948,70.8856
0.0259538,70.9123
0.0259625,70.939
0.0259681,70.9658
0.0259768,70.9924
0.0259828,71.019
0.0259886,71.0457
0.0259947,71.0722
0.0260011,71.0986
0.0260072,71.1251
0.0260166,71.1514
0.0260232,71.1778
0.0260296,71.2042
0.0260363,71.2304
0.0260429,71.2566
0.0260492,71.2831
0.0260556,71.3095
0.0260622,71.3357
0.026071,71.3624
0.0260774,71.3887
0.0260866,71.4152
0.0260927,71.4418
0.0260987,71.4683
0.0261075,71.4949
0.0261132,71.5217
0.0261214,71.5485
0.0261298,71.5754
0.0261377,71.6025
0.0261455,71.6296
0.0261562,71.6568
0.0261632,71.6843
0.0261704,71.7116
0.0261774,71.7391
0.0261842,71.7668
0.0261912,71.7942
0.0261984,71.8216
0.0262053,71.8492
0.0262126,71.8765
0.0262202,71.9037
0.0262276,71.9311
0.0262356,71.9581
0.026244,71.9849
0.0262524,72.0117
0.0262612,72.0383
0.0262671,72.065
0.0262728,72.0917
0.0262818,72.1182
0.0262879,72.1448
0.0262968,72.1713
0.026306,72.1978
0.0263152,72.2242
0.0263212,72.2508
0.0263301,72.2774
0.0263361,72.3039
0.0263448,72.3306
0.0263538,72.3571
0.0263596,72.3838
0.0263684,72.4105
0.0263771,72.4372
0.0263856,72.4639
0.0263968,72.4908
0.0264024,72.5175
0.026411,72.5442
0.0264222,72.5711
0.0264308,72.5978
0.0264367,72.6244
0.0264452,72.6513
0.0264541,72.6779
0.0264633,72.7043
0.0264722,72.7309
0.0264787,72.7573
0.026488,72.7836
0.026497,72.8101
0.0265065,72.8365
0.0265131,72.8627
0.026522,72.8893
0.0265314,72.9156
0.026538,72.9419
0.0265442,72.9684
0.0265534,72.9948
0.0265625,73.0213
0.0265713,73.0479
0.0265774,73.0745
0.0265862,73.1011
0.0265946,73.128
0.0266033,73.1546
0.0266117,73.1814
0.0266196,73.2085
0.0266276,73.2355
0.0266385,73.2625
0.0266463,73.2897
0.0266542,73.3167
0.0266621,73.3438
0.0266726,73.371
0.0266804,73.3981
0.0266882,73.4252
0.0266957,73.4524
0.0267064,73.4795
0.0267143,73.5066
0.026722,73.5339
0.026733,73.5608
0.0267408,73.5879
0.0267487,73.6149
0.0267541,73.6419
0.0267625,73.6686
0.0267708,73.6955
0.0267796,73.7221
0.0267886,73.7487
0.0267976,73.7752
0.0268042,73.8016
0.0268135,73.8279
0.026823,73.8542
0.0268326,73.8804
0.0268396,73.9065
0.0268493,73.9328
0.0268591,73.9589
0.0268661,73.985
0.0268759,74.0112
0.0268855,74.0374
0.0268949,74.0637
0.0269042,74.0901
0.0269133,74.1166
0.0269223,74.1431
0.0269306,74.17
0.0269361,74.1968
0.0269476,74.2236
0.0269556,74.2505
0.0269639,74.2774
0.0269723,74.3043
0.0269807,74.3311
0.0269892,74.3578
0.0269952,74.3845
0.0270042,74.4109
0.0270135,74.4373
0.0270201,74.4637
0.0270294,74.49
0.0270389,74.5163
0.0270457,74.5425
0.0270551,74.5689
0.0270646,74.5951
0.0270714,74.6214
0.0270807,74.6478
0.0270872,74.674
0.0270939,74.7004
0.0271033,74.7266
0.0271127,74.753
0.0271223,74.7792
0.0271285,74.8057
0.0271404,74.8323
0.0271493,74.8588
0.0271578,74.8857
0.0271661,74.9125
0.0271772,74.9394
0.027185,74.9665
0.0271924,74.9938
0.0272,75.021
0.0272099,75.0485
0.0272172,75.0759
0.0272246,75.1032
0.0272347,75.1307
0.027242,75.158
0.0272497,75.1851
0.0272601,75.2125
0.0272678,75.2396
0.0272734,75.2663
0.0272844,75.2933
0.0272929,75.32
0.0273016,75.3467
0.0273076,75.3733
0.0273165,75.4
0.0273256,75.4263
0.0273315,75.4531
0.0273406,75.4795
0.0273497,75.506
0.0273582,75.5328
0.0273669,75.5594
0.0273755,75.5861
0.0273839,75.613
0.027392,75.6399
0.0274003,75.6668
0.0274054,75.6939
0.0274134,75.7209
0.0274245,75.7477
0.0274323,75.775
0.0274402,75.8019
0.0274482,75.829
0.0274558,75.8561
0.0274635,75.8834
0.0274712,75.9105
0.0274815,75.9378
0.0274891,75.965
0.0274967,75.9922
0.0275067,76.0197
0.0275145,76.0468
0.0275223,76.0739
0.0275298,76.1011
0.0275378,76.1282
0.0275427,76.1553
0.0275506,76.1823
0.0275589,76.2093
0.0275669,76.2363
0.027575,76.2632
0.0275832,76.2901
0.0275913,76.3171
0.0275989,76.3443
0.0276068,76.3714
0.0276145,76.3985
0.027622,76.4258
0.0276325,76.4529
0.0276399,76.4803
0.0276475,76.5075
0.0276577,76.5348
0.027668,76.5622
0.0276723,76.5895
0.0276825,76.617
0.0276895,76.6445
0.0277022,76.6721
0.0277092,76.6995
0.0277187,76.7272
0.027728,76.7549
0.0277343,76.7828
0.0277435,76.8106
0.0277497,76.8386
0.027759,76.8664
0.0277653,76.8942
0.0277748,76.9219
0.0277816,76.9495
0.0277915,76.977
0.0277956,77.0044
0.0278033,77.0317
0.0278136,77.0589
0.0278212,77.0861
0.0278291,77.1132
0.0278367,77.1404
0.0278447,77.1674
0.0278557,77.1944
0.0278633,77.2216
0.0278681,77.2487
0.0278789,77.2758
0.0278863,77.3032
0.0278939,77.3304
0.0279015,77.3576
0.0279086,77.3851
0.0279186,77.4124
0.0279257,77.4399
0.0279354,77.4675
0.0279426,77.4949
0.0279526,77.5224
0.0279595,77.55
0.0279697,77.5773
0.027977,77.6047
0.027987,77.6321
0.0279947,77.6592
0.0280052,77.6865
0.0280129,77.7137
0.0280208,77.7407
0.0280288,77.7678
0.0280369,77.7947
0.0280453,77.8215
0.0280539,77.8482
0.0280623,77.8751
0.0280738,77.9018
0.0280823,77.9285
0.0280907,77.9554
0.0280992,77.9822
0.0281074,78.0091
0.0281184,78.0361
0.0281264,78.063
0.028137,78.0903
0.0281445,78.1175
0.028155,78.1447
0.028165,78.1722
0.0281719,78.1998
0.0281789,78.2272
0.0281913,78.2549
0.0282006,78.2826
0.0282102,78.3104
0.0282192,78.3383
0.0282283,78.3661
0.0282376,78.394
0.0282466,78.4218
0.0282562,78.4495
0.0282661,78.4771
0.028273,78.5046
0.0282801,78.532
0.0282906,78.5593
0.0282981,78.5865
0.028306,78.6136
0.028317,78.6406
0.0283248,78.6677
0.0283331,78.6945
0.0283443,78.7214
0.0283525,78.7483
0.0283611,78.7751
0.028367,78.8017
0.0283787,78.8283
0.0283847,78.8549
0.0283939,78.8813
0.0284001,78.9078
0.0284124,78.9341
0.0284188,78.9605
0.028428,78.987
0.0284373,79.0134
0.0284464,79.0398
0.0284551,79.0665
0.028464,79.0931
0.028473,79.1197
0.0284817,79.1463
0.0284904,79.173
0.028499,79.1998
0.0285073,79.2266
0.0285158,79.2533
0.0285244,79.2801
0.0285357,79.3069
0.0285445,79.3335
0.0285505,79.3602
0.0285592,79.3868
0.028568,79.4134
0.0285771,79.44
0.0285832,79.4665
0.0285923,79.493
0.0286016,79.5193
0.0286074,79.546
0.0286165,79.5724
0.0286228,79.5989
0.0286315,79.6257
0.0286374,79.6523
0.0286492,79.6788
0.0286551,79.7055
0.0286609,79.7322
0.0286696,79.7588
0.028678,79.7857
0.0286865,79.8124
0.0286922,79.8391
0.0287002,79.8662
0.0287082,79.8932
0.0287161,79.9202
0.0287238,79.9474
0.0287315,79.9745
0.0287392,80.0017
0.0287465,80.0291
0.0287539,80.0564
0.0287614,80.0836
0.0287686,80.1111
0.028776,80.1383
0.0287835,80.1657
0.028791,80.1929
0.0287988,80.22
0.0288067,80.2471
0.0288116,80.2742
0.0288198,80.301
0.0288285,80.3278
0.0288342,80.3545
0.0288431,80.3811
0.0288524,80.4075
0.0288586,80.434
0.0288651,80.4602
0.0288717,80.4866
0.0288812,80.5128
0.028891,80.5389
0.028898,80.5651
0.0289075,80.5913
0.0289142,80.6176
0.0289212,80.6437
0.0289307,80.6701
0.0289374,80.6962
0.0289471,80.7224
0.0289536,80.7488
0.0289629,80.7752
0.0289691,80.8016
0.0289751,80.8283
0.0289839,80.8549
0.0289928,80.8814
0.0290015,80.9081
0.0290101,80.9348
0.0290189,80.9614
0.0290275,80.9882
0.0290363,81.0148
0.0290428,81.0411
0.0290519,81.0676
0.0290585,81.094
0.0290653,81.1201
0.029072,81.1464
0.0290817,81.1725
0.0290891,81.1985
0.029099,81.2246
0.0291061,81.2506
0.0291132,81.2766
0.0291199,81.3029
0.0291267,81.3291
0.0291364,81.3552
0.0291455,81.3817
0.0291518,81.4082
0.0291608,81.4347
0.0291669,81.4613
0.0291788,81.4878
0.029185,81.5143
0.0291936,81.541
0.029202,81.5679
0.0292076,81.5946
0.0292158,81.6216
0.0292241,81.6484
0.0292321,81.6754
0.0292402,81.7024
0.0292508,81.7295
0.0292583,81.7567
0.0292656,81.7842
0.0292731,81.8114
0.0292837,81.8385
0.0292884,81.8659
0.029296,81.893
0.0293043,81.9199
0.0293125,81.9468
0.0293177,81.9738
0.0293259,82.0006
0.0293343,82.0275
0.0293398,82.0543
0.0293483,82.0811
0.0293566,82.1079
0.0293621,82.1348
0.0293735,82.1615
0.0293815,82.1886
0.0293867,82.2156
0.0293949,82.2424
0.029403,82.2694
0.029411,82.2964
0.0294192,82.3234
0.0294243,82.3503
0.0294322,82.3774
0.0294404,82.4043
0.0294482,82.4315
0.029459,82.4585
0.0294641,82.4855
0.0294718,82.5127
0.0294794,82.5399
0.0294872,82.567
0.0294948,82.5942
0.0295056,82.6213
0.029514,82.6482
0.0295219,82.6752
0.0295302,82.702
0.0295358,82.7289
0.0295441,82.7556
0.029553,82.7824
0.0295621,82.8087
0.0295683,82.8353
0.0295773,82.8618
0.0295867,82.8882
0.0295929,82.9146
0.0296021,82.941
0.0296116,82.9673
0.029621,82.9937
0.0296277,83.0199
0.0296374,83.0462
0.02965,83.0723
0.0296575,83.0982
0.0296684,83.1238
0.0296794,83.1493
0.0296912,83.1746
0.0297066,83.1993
0.0297196,83.224
0.029733,83.2484
0.0297504,83.2722
0.0297656,83.2958
0.0299173,83.2533
0.034678,80.9877
0.0399576,78.4721
0.0452371,75.9564
0.0505166,73.4408
0.0557962,70.9096
0.0611062,68.3783
0.0664163,65.8314
0.0716348,63.2689
0.0767007,60.7064
0.0814615,58.2064
