"Maximum force",63.663,"N"
"Gage length ",1.005,"mm"
"Strain energy",0.624522,"mJ"
"Deformation at maximum force",0.0262453,"mm"
"Standard travel","Standard force"
"mm","N"
0,0.00596117
-5.1558e-006,0.00565599
-7.86781e-006,0.00555395
-1.34706e-005,0.00545191
-1.94013e-005,0.00550651
-2.22921e-005,0.00549882
-2.50787e-005,0.00544398
-3.09199e-005,0.00546735
-3.39448e-005,0.00551431
-3.98457e-005,0.00556128
-4.26471e-005,0.00550668
-4.55827e-005,0.00552218
-4.8399e-005,0.00547545
-5.13196e-005,0.00548308
-5.1192e-005,0.00542062
-5.37401e-005,0.00525658
-5.64819e-005,0.00517791
-5.89555e-005,0.00497382
-5.84414e-005,0.00472396
-6.10044e-005,0.0045666
-6.36568e-005,0.00444167
-6.3624e-005,0.00442534
-6.31621e-005,0.00420599
-6.59337e-005,0.00414353
-6.55891e-005,0.00397949
-6.83905e-005,0.00393181
-7.11323e-005,0.00385361
-7.10541e-005,0.00381427
-7.12189e-005,0.00389247
-7.40949e-005,0.00388472
-7.43072e-005,0.00397866
-7.43733e-005,0.00400989
-7.75324e-005,0.00413482
-7.74122e-005,0.00407284
-7.71813e-005,0.00396316
-8.00125e-005,0.00393169
-8.00045e-005,0.00392388
-8.00869e-005,0.00396298
-7.99389e-005,0.00389289
-8.00702e-005,0.00395488
-8.30206e-005,0.0039786
-8.29605e-005,0.00394737
-8.29934e-005,0.00396298
-8.28117e-005,0.00387715
-8.28117e-005,0.00387683
-8.2564e-005,0.00375953
-8.22343e-005,0.00360313
-8.51847e-005,0.00362602
-8.50902e-005,0.00357929
-8.50569e-005,0.00356343
-8.75305e-005,0.0033603
-8.73023e-005,0.00325015
-8.69558e-005,0.00308612
-8.69051e-005,0.00306204
-8.69379e-005,0.00307753
-8.7004e-005,0.00310877
-8.72685e-005,0.0032337
-9.00998e-005,0.00320318
-9.02246e-005,0.00325778
-9.02248e-005,0.00325783
-9.02744e-005,0.00328131
-9.03736e-005,0.00332828
-9.04232e-005,0.00335176
-9.06216e-005,0.0034457
-9.08358e-005,0.00354727
-9.11822e-005,0.00371225
-9.13489e-005,0.00379045
-9.12996e-005,0.00376721
-9.14151e-005,0.0038218
-9.12176e-005,0.00372834
-9.12498e-005,0.0037436
-9.11343e-005,0.00368901
-9.1002e-005,0.00362654
-9.08865e-005,0.00357147
-9.05569e-005,0.00341506
-9.02924e-005,0.00328918
-8.99273e-005,0.00311752
-8.66788e-005,0.00295253
-8.62951e-005,0.00277229
-8.60455e-005,0.00265451
-8.59794e-005,0.00262327
-8.29992e-005,0.00258417
-8.33363e-005,0.00274821
-8.34364e-005,0.00279541
-8.07244e-005,0.00288172
-8.06625e-005,0.00285824
-7.78611e-005,0.0029052
-7.82336e-005,0.0030845
-7.84664e-005,0.00319512
-7.60822e-005,0.00343735
-7.34745e-005,0.0035785
-7.38266e-005,0.00375111
-7.08911e-005,0.00373585
-6.78959e-005,0.00368889
-6.48859e-005,0.00364192
-6.1697e-005,0.00350936
-6.14102e-005,0.00337584
-5.82213e-005,0.00324233
-5.51964e-005,0.00317986
-5.20821e-005,0.00308545
-4.89677e-005,0.00298388
-4.56895e-005,0.00281127
-4.23218e-005,0.00259192
-3.91479e-005,0.00246699
-3.61378e-005,0.00241168
-3.33364e-005,0.00246628
-3.08926e-005,0.00268562
-2.79273e-005,0.00265463
-2.22648e-005,0.00272472
-1.92846e-005,0.00269373
-1.63789e-005,0.00269367
-1.04482e-005,0.00263883
-7.55739e-006,0.00264664
-4.83048e-006,0.00273247
-1.90985e-006,0.00272502
5.4884e-007,0.00293578
6.4199e-006,0.0028974
8.9978e-006,0.00306143
1.47496e-005,0.00309314
2.06207e-005,0.00305428
2.36605e-005,0.00299944
2.93826e-005,0.0030383
3.5045e-005,0.00310887
4.09459e-005,0.00306977
4.38963e-005,0.00305416
5.00654e-005,0.00287391
5.63537e-005,0.00265457
6.2642e-005,0.00242759
6.88707e-005,0.00223209
7.48907e-005,0.00212957
8.09108e-005,0.00204374
8.68713e-005,0.00197317
8.97025e-005,0.00200392
9.53649e-005,0.0020745
0.000103829,0.00217606
0.000109759,0.00213744
0.000115601,0.00212957
0.000121502,0.00209047
0.000127373,0.00205137
0.000132886,0.00219919
0.000138727,0.00218441
0.00014433,0.00227834
0.00015035,0.00219251
0.000159231,0.00209047
0.00016248,0.00194933
0.000168202,0.00198843
0.000173894,0.00205089
0.000179646,0.00208236
0.000188169,0.00216056
0.000194011,0.00215302
0.000199524,0.0023018
0.000205216,0.00234877
0.000214038,0.00230204
0.000220028,0.00222383
0.000226227,0.00204359
0.000235227,0.00191103
0.000241217,0.00181614
0.000246969,0.00185524
0.00025585,0.00176941
0.00026199,0.00162064
0.00026801,0.00152622
0.000274238,0.00133072
0.000280229,0.00123631
0.00028911,0.0011581
0.000294772,0.00123583
0.000300375,0.00133024
0.000308958,0.00140034
0.00031468,0.00144778
0.000320253,0.00155746
0.000325916,0.00162803
0.000334499,0.001675
0.00034034,0.00167505
0.000348685,0.00183908
0.000354496,0.00186304
0.00035992,0.0020347
0.00036892,0.00191073
0.000377742,0.00185541
0.000383971,0.00165991
0.000393209,0.00141672
0.000402269,0.00123648
0.000408528,0.00104098
0.00041428,0.00107149
0.00042322,0.000969928
0.000431684,0.00107912
0.000437406,0.0011342
0.00044581,0.00126676
0.000454155,0.001447
0.000459937,0.00147895
0.00046542,0.00163535
0.000474063,0.00165931
0.000482706,0.00170628
0.000488249,0.00182359
0.000496772,0.00190989
0.000502703,0.00186316
0.000511823,0.00168292
0.000520823,0.00154273
0.000526992,0.00137774
0.000535694,0.00136952
0.000541327,0.00146345
0.000549731,0.00160364
0.000555036,0.00186304
0.000563619,0.00190214
0.000569222,0.00202708
0.000577924,0.00202765
0.000586805,0.00195755
0.000592617,0.00194933
0.000598726,0.00180913
0.000607309,0.00187875
0.000616131,0.00183178
0.000621853,0.00187875
0.000627992,0.00171472
0.000636992,0.00158121
0.000646112,0.00137807
0.000652072,0.00132252
0.000660536,0.00144745
0.000666079,0.00157239
0.000674245,0.00181557
0.000682649,0.00196435
0.000691173,0.00206639
0.000696776,0.00217606
0.000705538,0.00216086
0.00071424,0.00216085
0.000720081,0.00215304
0.000731585,0.00220001
0.000737367,0.00223125
0.000745771,0.00238002
0.000754294,0.00246633
0.000760255,0.00240386
0.000769195,0.00228656
0.000778375,0.00207484
0.000787256,0.00199664
0.000795839,0.00205863
0.000804541,0.00205899
0.000813064,0.00214482
0.000821886,0.00209833
0.000827936,0.00200439
0.000836996,0.00182415
0.000845936,0.00173784
0.000854698,0.00172211
0.000863401,0.00172206
0.000871924,0.00182363
0.000880567,0.00184735
0.000888971,0.00199613
0.000894574,0.0021058
0.000903157,0.00216063
0.000911919,0.00215304
0.000920681,0.00211393
0.000926462,0.0021373
0.000935105,0.00216853
0.000943569,0.00229346
0.000952092,0.00237977
0.000957963,0.00236463
0.000966606,0.002388
0.000975606,0.00224781
0.000984547,0.00216913
0.000993547,0.00202798
0.000999359,0.00202765
0.0010108,0.00211348
0.00101647,0.00218405
0.00102517,0.00219216
0.00103375,0.00223913
0.00103965,0.00221576
0.00105151,0.00210609
0.00106051,0.00197353
0.00106621,0.00202741
0.00107491,0.00204327
0.00108307,0.0022855
0.00109184,0.0022706
0.0011006,0.00226273
0.00110948,0.00218453
0.00111842,0.0020596
0.0011242,0.00209012
0.00113594,0.00202765
0.00114143,0.00219168
0.00114995,0.00227036
0.00115824,0.00249733
0.00116676,0.00256791
0.00117245,0.00263848
0.00118395,0.00270142
0.00118994,0.00262322
0.00119853,0.00266232
0.00120741,0.00260748
0.00121575,0.00278677
0.00122428,0.00286593
0.0012331,0.00282707
0.00124216,0.00265541
0.00124854,0.00240554
0.00125766,0.00219287
0.00126678,0.00201263
0.00127542,0.00205101
0.00128412,0.00204333
0.00129282,0.00207456
0.00129857,0.00209816
0.00130734,0.00207468
0.00131592,0.00214477
0.00132444,0.00223108
0.00133046,0.00214525
0.00133899,0.00222345
0.00134787,0.00216099
0.00135621,0.00233265
0.00136474,0.00241895
0.00137022,0.00258394
0.00138202,0.00248237
0.00138819,0.0023336
0.00139725,0.00216957
0.00140637,0.00197311
0.00141489,0.00205894
0.0014207,0.00206681
0.00142917,0.00219174
0.00143787,0.00218438
0.00144663,0.00218436
0.00145533,0.00217655
0.00146416,0.00212958
0.00146991,0.00216868
0.00148165,0.00210622
0.00148725,0.00221541
0.0014987,0.00228599
0.0015043,0.00239566
0.00151282,0.00247386
0.001522,0.00227931
0.00152832,0.00202945
0.00154042,0.00181678
0.00154647,0.00169089
0.00155529,0.00164392
0.00156393,0.00169065
0.00157246,0.00176886
0.00158128,0.00172999
0.00158986,0.00178459
0.00159862,0.00177696
0.00160715,0.00186279
0.00161561,0.00198057
0.00162145,0.00198064
0.0016295,0.00227818
0.0016379,0.00242696
0.00164619,0.0026463
0.00165483,0.00267014
0.00166353,0.00269363
0.00167265,0.00248286
0.00167894,0.00227878
0.0016908,0.00215385
0.00169688,0.0020437
0.00170275,0.00201199
0.00171175,0.0018718
0.00172075,0.00173065
0.00172969,0.00163624
0.00173875,0.00147221
0.00174764,0.00140879
0.00175658,0.00129912
0.00176534,0.00127551
0.00177398,0.00129888
0.0017794,0.00149438
0.00178769,0.00169847
0.00179627,0.00176093
0.00180191,0.00184724
0.00181091,0.00171468
0.00181967,0.00169859
0.00182548,0.00169856
0.00183406,0.00176102
0.00184229,0.00198037
0.00184795,0.00206668
0.00185957,0.00205905
0.00186571,0.00191886
0.00187471,0.00177771
0.00188389,0.001566
0.00188994,0.00145585
0.0018987,0.00141651
0.0019048,0.00130678
0.0019132,0.00143171
0.00192197,0.00140871
0.00193067,0.0014242
0.00193678,0.00129927
0.00194596,0.0010723
0.00195484,0.000993618
0.00196086,0.000907311
0.00196932,0.00101651
0.00197785,0.00111044
0.00198342,0.00123537
0.00199224,0.00117386
0.0020013,0.00102509
0.00201298,0.00099338
0.00201879,0.00099336
0.0020272,0.00113355
0.0020359,0.00115787
0.00204141,0.00129806
0.00204994,0.00137721
0.00205852,0.00143205
0.00206442,0.00140869
0.00207324,0.00135385
0.00208224,0.00122892
0.00208844,0.00104867
0.00209744,0.000892271
0.00210603,0.000969519
0.00211467,0.00100099
0.00212027,0.00111066
0.00212915,0.0010172
0.00213815,0.000892271
0.00214715,0.000758757
0.00215597,0.000719179
0.00216462,0.00075828
0.00217326,0.000773896
0.00218172,0.000914086
0.00218748,0.000938405
0.00219302,0.00107097
0.00220178,0.00105606
0.0022106,0.000993599
0.00221659,0.000923027
0.00222547,0.000844826
0.00223394,0.000945915
0.00223954,0.00106369
0.00224485,0.0012983
0.00225325,0.00143181
0.00226195,0.00145565
0.00227089,0.00133835
0.00227977,0.00126015
0.00228564,0.00125198
0.00229429,0.00128322
0.00230281,0.00137715
0.00230859,0.00140076
0.00231718,0.00144773
0.00232588,0.00145565
0.00233193,0.00136172
0.00234093,0.00122153
0.00234975,0.00116598
0.00235881,0.00100957
0.00236739,0.00107919
0.00237285,0.00125181
0.00238387,0.00152456
0.00238954,0.00159656
0.00239818,0.00162016
0.00240724,0.00147997
0.002416,0.00146352
0.0024244,0.00158845
0.00243293,0.0016905
0.00244109,0.00196325
0.00244661,0.00209772
0.00245233,0.00215279
0.00246395,0.00213741
0.00246973,0.00216864
0.00248118,0.00224685
0.00248702,0.00223147
0.00249566,0.0022627
0.0025043,0.0023018
0.00251247,0.00255929
0.00252087,0.00272428
0.00252928,0.00286542
0.00253798,0.00288164
0.0025468,0.00282704
0.0025555,0.00282687
0.00256421,0.00282687
0.00257255,0.00302238
0.0025809,0.00317878
0.00259246,0.00322646
0.00260116,0.00323427
0.00260694,0.00324989
0.00261559,0.00328112
0.00262417,0.00335932
0.00263549,0.00348425
0.00264101,0.00363303
0.00264935,0.00379801
0.00265752,0.00407267
0.00266568,0.00433779
0.00267367,0.00467539
0.00268506,0.00478554
0.00269081,0.00482488
0.00269939,0.00487972
0.00270803,0.00491882
0.00271644,0.00508285
0.00272502,0.00513816
0.00273336,0.00530982
0.00274207,0.00533414
0.00275071,0.00536537
0.00275935,0.00540471
0.00276794,0.00545955
0.00277634,0.00562358
0.00278474,0.00574947
0.00279291,0.00601459
0.00279833,0.00621105
0.0028065,0.00646091
0.00281478,0.00666595
0.00282325,0.00679088
0.00283171,0.00691676
0.00284024,0.00700307
0.00284846,0.00723768
0.00285663,0.0075028
0.00286467,0.00782514
0.00287278,0.00812269
0.00288107,0.00832677
0.00288923,0.00857663
0.00289752,0.00879693
0.00290568,0.0090468
0.00291403,0.00922799
0.00292225,0.00945497
0.00293054,0.00966668
0.00293888,0.00984693
0.00294717,0.0100434
0.00295539,0.010278
0.0029638,0.0104268
0.00296931,0.0105832
0.00298081,0.0106308
0.00298606,0.0109036
0.00299715,0.0111706
0.00300513,0.0115006
0.0030133,0.0117657
0.00302134,0.0120804
0.00302945,0.0123704
0.00303762,0.0126355
0.00304554,0.0130112
0.00305067,0.0133412
0.0030586,0.0137246
0.00306664,0.0140393
0.00307725,0.0145085
0.00308485,0.0150502
0.00309248,0.0155499
0.00309719,0.0160916
0.00310798,0.0164826
0.00311293,0.016906
0.00312062,0.0173924
0.00312816,0.0179493
0.00313558,0.0185597
0.00314312,0.0191243
0.00315093,0.0195477
0.00315909,0.0198128
0.00316443,0.0200408
0.00317545,0.0203154
0.00318338,0.0206912
0.00319137,0.021044
0.00319929,0.0214121
0.0032071,0.0218508
0.00321184,0.0223582
0.00322263,0.0227511
0.00323026,0.0232661
0.00323795,0.0237696
0.00324546,0.0243342
0.00325303,0.0248911
0.00326322,0.0255549
0.00326766,0.0262148
0.00327785,0.026871
0.00328554,0.0273745
0.00329329,0.0278361
0.00330089,0.0283778
0.00330837,0.0289652
0.00331579,0.029568
0.00332315,0.0302165
0.0033306,0.030823
0.00333799,0.0314486
0.00334831,0.0320742
0.0033557,0.0326922
0.00336318,0.0332835
0.00337072,0.0338442
0.00337823,0.0344164
0.00338571,0.0350039
0.00339295,0.035702
0.0034032,0.0363543
0.00341071,0.0369265
0.00341828,0.037472
0.00342585,0.0380213
0.00343339,0.0385859
0.00344364,0.0392306
0.00344805,0.0398943
0.00345533,0.0405772
0.00346245,0.0413439
0.00347252,0.0420573
0.00347962,0.0428469
0.00348656,0.0436862
0.00349362,0.044472
0.00350089,0.0451586
0.00350808,0.0458872
0.00351511,0.0466883
0.00352199,0.0475504
0.00352885,0.0484355
0.00353874,0.0492518
0.0035459,0.0499957
0.00355326,0.0506365
0.00356339,0.0513423
0.0035706,0.0520632
0.00357761,0.0528796
0.00358762,0.0536234
0.00359474,0.0543978
0.00360195,0.0551112
0.00360911,0.055855
0.0036165,0.0564845
0.00362669,0.0571711
0.00363393,0.0578692
0.00364105,0.0586207
0.00364803,0.0594447
0.00365479,0.0603755
0.0036615,0.0613253
0.00367121,0.0622256
0.00367831,0.0630114
0.00368546,0.0637476
0.00369541,0.0645449
0.00370218,0.0654681
0.00370891,0.0664103
0.00371562,0.0673602
0.00372551,0.0681803
0.00373264,0.0689394
0.00373967,0.0697329
0.00374661,0.0705798
0.00375353,0.0714419
0.00376348,0.0722086
0.00376765,0.0729983
0.00377469,0.0737994
0.00378154,0.0746844
0.00379132,0.0755541
0.00379805,0.0765116
0.00380497,0.0773661
0.00381486,0.078171
0.00382195,0.078953
0.00382875,0.0798647
0.00383534,0.0808642
0.00384493,0.0818217
0.00385179,0.0827143
0.0038615,0.0836108
0.00386561,0.0844309
0.00387253,0.0852854
0.00388224,0.0861704
0.00388913,0.0870631
0.00389878,0.08799
0.00390543,0.0889742
0.0039119,0.0900424
0.00392108,0.091202
0.00392751,0.0922778
0.00393404,0.093323
0.00394346,0.0943682
0.0039501,0.0953448
0.00395654,0.0964282
0.00396566,0.097626
0.00396913,0.0987322
0.00397855,0.0997775
0.00398523,0.100754
0.00399482,0.101708
0.0040015,0.102673
0.00400811,0.103672
0.00402045,0.104717
0.00402389,0.105839
0.00403319,0.106938
0.00403972,0.107983
0.00404908,0.109051
0.00405543,0.11018
0.00406455,0.111347
0.00407372,0.11253
0.00407989,0.113735
0.004086,0.114971
0.00409184,0.116337
0.00410078,0.117604
0.00410677,0.118901
0.00411583,0.120114
0.00412183,0.121403
0.00413083,0.122654
0.00413691,0.123898
0.0041431,0.125096
0.00414927,0.126309
0.00415833,0.127514
0.00416757,0.128651
0.00417368,0.129887
0.00417979,0.13113
0.00418867,0.132427
0.00419475,0.133686
0.00420098,0.134861
0.00420998,0.136097
0.00421594,0.137417
0.00422476,0.138745
0.00423048,0.140156
0.00423633,0.141522
0.00424509,0.142872
0.00425105,0.144184
0.00425698,0.145504
0.00426562,0.146908
0.00427125,0.148388
0.00427984,0.149815
0.00428836,0.15128
0.0042939,0.152813
0.00430243,0.154263
0.00431095,0.155751
0.00431646,0.157269
0.00432487,0.158795
0.00433309,0.160397
0.00433846,0.161984
0.00434668,0.163594
0.00435479,0.165272
0.00436015,0.166859
0.0043685,0.168408
0.00437678,0.169995
0.00438495,0.171643
0.00439037,0.173207
0.00439842,0.174885
0.00440373,0.17651
0.00441195,0.178128
0.00442006,0.179798
0.00442536,0.181408
0.00443347,0.183087
0.00443859,0.18478
0.0044467,0.186444
0.00445493,0.188046
0.00445993,0.189823
0.00446768,0.191654
0.00447257,0.19347
0.0044802,0.19537
0.00448783,0.197247
0.00449531,0.19923
0.00450273,0.201229
0.00451015,0.203198
0.00451474,0.205166
0.00452225,0.207119
0.00452693,0.209042
0.00453468,0.210881
0.00454228,0.212773
0.00455008,0.214581
0.00455789,0.216397
0.00456287,0.218167
0.00457074,0.219952
0.00457849,0.221798
0.00458612,0.223675
0.00459366,0.225621
0.00459825,0.227574
0.00460581,0.229496
0.00461318,0.231526
0.0046206,0.233509
0.00462781,0.2356
0.00463514,0.237644
0.00464232,0.239735
0.00464655,0.241871
0.0046538,0.243946
0.00466098,0.246052
0.00466837,0.248066
0.00467856,0.250111
0.00468318,0.252064
0.00469045,0.254124
0.00469787,0.256108
0.00470801,0.258198
0.00471519,0.260304
0.00472246,0.262364
0.00472964,0.264469
0.0047368,0.26659
0.00474365,0.268849
0.00475331,0.271168
0.00475992,0.273548
0.00476366,0.275898
0.00477332,0.278218
0.00478026,0.28043
0.00478721,0.282643
0.0047968,0.284962
0.00480351,0.287312
0.00481027,0.289631
0.00481704,0.291935
0.00482389,0.294194
0.00483081,0.296421
0.00484058,0.298664
0.0048475,0.300907
0.00485685,0.303364
0.00486347,0.305744
0.00486997,0.308171
0.00487944,0.310551
0.00488573,0.313084
0.00489199,0.315632
0.00489813,0.318241
0.00490713,0.320851
0.00491333,0.323429
0.00491923,0.326145
0.00492549,0.328678
0.00493455,0.331288
0.0049409,0.333775
0.00494716,0.336323
0.00495645,0.338795
0.00496316,0.341145
0.00496981,0.343495
0.00497639,0.345875
0.00498286,0.348332
0.00499216,0.350788
0.00499842,0.353352
0.00500754,0.3559
0.005014,0.358357
0.00502032,0.360874
0.00502649,0.363468
0.00503257,0.366093
0.00503856,0.368763
0.00504768,0.371327
0.00505094,0.373921
0.00506322,0.376332
0.00506975,0.378773
0.00507601,0.381321
0.00508495,0.383961
0.00509389,0.386601
0.00510032,0.389073
0.00510649,0.391651
0.00511567,0.394184
0.00512169,0.396855
0.00513069,0.399479
0.00513656,0.40221
0.00514527,0.404972
0.00515111,0.407704
0.00515689,0.410481
0.00516559,0.413243
0.00517143,0.415989
0.00518031,0.418659
0.00518639,0.421284
0.00519226,0.424015
0.00520079,0.426853
0.00520636,0.429737
0.00521205,0.432545
0.00521789,0.435292
0.00522672,0.437992
0.0052325,0.440769
0.0052409,0.443653
0.00524639,0.446583
0.00525467,0.449543
0.00526021,0.452427
0.00526898,0.455158
0.00527479,0.45792
0.00528349,0.460652
0.00528915,0.463505
0.00529774,0.466313
0.00530331,0.469197
0.00530909,0.471958
0.00531487,0.47472
0.00532363,0.477467
0.00533257,0.480107
0.00533853,0.482792
0.00534754,0.485401
0.00535358,0.488072
0.00536253,0.490711
0.00536852,0.493382
0.00537457,0.496022
0.00538091,0.498524
0.00538985,0.501179
0.00539874,0.503834
0.00540461,0.506581
0.00541367,0.509159
0.00542279,0.511723
0.00542887,0.514363
0.00543787,0.516972
0.00544693,0.519566
0.00545315,0.522129
0.00546186,0.524891
0.00547074,0.527592
0.00547661,0.530308
0.00548531,0.53307
0.00549366,0.536
0.00549899,0.538975
0.00550722,0.541981
0.0055152,0.545063
0.00552021,0.548207
0.00552525,0.551335
0.00553317,0.554463
0.00554122,0.55753
0.0055462,0.560688
0.00555401,0.563862
0.00555895,0.567036
0.00556652,0.570332
0.0055715,0.57349
0.00557943,0.576603
0.00558458,0.579701
0.00559227,0.58292
0.0055999,0.586201
0.00560732,0.589573
0.00561471,0.592945
0.00562234,0.596211
0.00562678,0.599629
0.00563423,0.602986
0.00564145,0.606449
0.00564571,0.609959
0.00565274,0.613499
0.00565986,0.617008
0.00566696,0.620533
0.0056711,0.624089
0.0056781,0.627644
0.00568481,0.631367
0.00569157,0.635059
0.00569553,0.638676
0.0057023,0.642353
0.00570906,0.64603
0.00571279,0.649784
0.0057195,0.653492
0.00572328,0.657215
0.00572984,0.660984
0.00573639,0.664768
0.00574271,0.668659
0.00574912,0.672504
0.00575535,0.676441
0.00576447,0.680378
0.00576782,0.684315
0.0057767,0.688343
0.00578278,0.692371
0.00578868,0.696461
0.00579479,0.700459
0.00580084,0.704456
0.00580996,0.708393
0.00581313,0.712421
0.00581907,0.71648
0.00582801,0.720509
0.00583382,0.724659
0.00583692,0.728687
0.00584562,0.732838
0.00585152,0.736927
0.00585748,0.740986
0.00586329,0.745106
0.00587205,0.749226
0.00587787,0.753345
0.00588359,0.757526
0.00588931,0.761707
0.00589795,0.765858
0.00590379,0.770008
0.00590946,0.774189
0.00591503,0.778431
0.00592337,0.782734
0.00592924,0.786854
0.00593807,0.790943
0.00594111,0.795002
0.00595017,0.798969
0.00595905,0.803028
0.00596235,0.806995
0.00597141,0.810963
0.00597764,0.814899
0.0059839,0.818806
0.0059929,0.822803
0.00599584,0.826923
0.00600454,0.831074
0.00601038,0.835194
0.00601592,0.839436
0.00602165,0.843616
0.00602731,0.847828
0.00603571,0.8521
0.00604144,0.856281
0.00604674,0.860645
0.00605497,0.865009
0.00606033,0.869343
0.00606861,0.873707
0.00607392,0.878071
0.00608215,0.882435
0.00608757,0.886738
0.00609573,0.891163
0.00610092,0.895588
0.00610891,0.900043
0.00611439,0.904346
0.00611996,0.908588
0.00612855,0.912769
0.00613719,0.916981
0.00614276,0.921192
0.00615135,0.925404
0.00615692,0.929646
0.00616252,0.933887
0.00617116,0.938038
0.00617671,0.94231
0.00618523,0.946522
0.00619381,0.950733
0.00619933,0.955006
0.00620505,0.959187
0.00621363,0.963398
0.00622216,0.967579
0.00622782,0.97179
0.00623634,0.976032
0.00624183,0.980305
0.00625005,0.984669
0.0062584,0.988972
0.00626364,0.993397
0.00627151,0.997913
0.00627613,1.00261
0.00628376,1.00728
0.00629127,1.01198
0.00629568,1.01677
0.0063031,1.02153
0.00630772,1.02623
0.00631553,1.03078
0.00632047,1.03533
0.00632828,1.03991
0.00633615,1.04442
0.00634396,1.04897
0.00634905,1.05346
0.0063568,1.05806
0.00636461,1.06261
0.00636935,1.06728
0.00637385,1.07201
0.00638106,1.07686
0.0063881,1.08181
0.0063951,1.08675
0.00640195,1.09175
0.00640881,1.09676
0.00641262,1.10186
0.00642246,1.10683
0.00642657,1.11177
0.00643345,1.11678
0.0064376,1.12169
0.00644442,1.12673
0.00645137,1.1317
0.00645828,1.13668
0.00646508,1.14174
0.00647199,1.14672
0.00647872,1.15178
0.00648537,1.15691
0.0064919,1.16207
0.00649857,1.16716
0.00650519,1.17232
0.00651192,1.17739
0.00651571,1.18248
0.00652241,1.18755
0.00652924,1.19258
0.00653872,1.19771
0.00654533,1.20287
0.00655201,1.20797
0.00655862,1.21309
0.00656527,1.21822
0.00657183,1.22338
0.00657847,1.22847
0.00658515,1.2336
0.00659171,1.23873
0.00659838,1.24385
0.00660482,1.24907
0.00661161,1.25411
0.00661829,1.2592
0.00662794,1.26427
0.00663465,1.26937
0.00664124,1.27449
0.00664785,1.27962
0.00665709,1.28487
0.00666356,1.29009
0.00666985,1.29537
0.00667611,1.30068
0.0066821,1.30608
0.00669104,1.31151
0.00669688,1.31701
0.00670266,1.32253
0.00671148,1.32799
0.00671723,1.33352
0.00672307,1.33904
0.00672889,1.34453
0.00673753,1.35009
0.00674352,1.35549
0.00674933,1.36101
0.00675809,1.3665
0.00676387,1.37203
0.0067696,1.37758
0.006778,1.38323
0.0067833,1.389
0.00679147,1.39476
0.00679654,1.40062
0.00680163,1.40648
0.0068095,1.41237
0.00681442,1.41832
0.00682217,1.42427
0.00682702,1.43026
0.00683477,1.43621
0.00683963,1.44219
0.00684455,1.44811
0.00684938,1.45409
0.00685411,1.4601
0.00685885,1.46614
0.00686642,1.47219
0.00687128,1.47817
0.00687876,1.48424
0.0068863,1.49031
0.00689086,1.49642
0.00689542,1.50252
0.0069001,1.50856
0.00690752,1.5147
0.00691506,1.52074
0.00691971,1.52681
0.00692424,1.53295
0.00693166,1.53908
0.00693613,1.54522
0.00694349,1.55135
0.00694781,1.55758
0.00695222,1.56377
0.00696218,1.57003
0.00696659,1.57622
0.00697085,1.58248
0.00697785,1.58879
0.00698486,1.59511
0.00699183,1.60146
0.00699875,1.60784
0.00700551,1.61425
0.00700944,1.62066
0.00701633,1.62703
0.00702013,1.6335
0.00702674,1.64
0.00703333,1.64653
0.00703695,1.6531
0.00704339,1.65966
0.00704995,1.66622
0.0070565,1.67275
0.00706303,1.67928
0.00706671,1.68581
0.00707288,1.69252
0.00707613,1.69924
0.00708221,1.70601
0.00708814,1.71285
0.0070944,1.71953
0.00710054,1.72625
0.00710647,1.73308
0.00710939,1.73995
0.00711529,1.74681
0.00712101,1.75374
0.00712676,1.76067
0.00712985,1.76744
0.00713551,1.7744
0.00714135,1.7813
0.00714695,1.78829
0.00715253,1.79528
0.00715831,1.80217
0.00716391,1.80916
0.00716954,1.81612
0.00717819,1.82305
0.00718409,1.82991
0.00718978,1.83684
0.00719574,1.84368
0.00720161,1.85051
0.00720441,1.85747
0.00721299,1.8644
0.00721845,1.87148
0.0072242,1.87838
0.00722983,1.88536
0.0072352,1.89244
0.00724059,1.89956
0.0072459,1.90667
0.00725394,1.91387
0.00725892,1.92116
0.00726402,1.92839
0.00726884,1.93575
0.00727385,1.94301
0.00727853,1.95043
0.00728604,1.95787
0.00729087,1.96523
0.00729832,1.97274
0.00730014,1.98012
0.00730771,1.98757
0.00731245,1.99495
0.00731716,2.00237
0.00732485,2.00975
0.00732959,2.01714
0.00733722,2.02456
0.0073419,2.03197
0.0073495,2.03939
0.00735421,2.0468
0.00735871,2.05431
0.00736613,2.06182
0.00737066,2.06929
0.00737519,2.0768
0.00738293,2.08413
0.00738749,2.09163
0.00739205,2.09911
0.00739962,2.10653
0.00740392,2.11415
0.00741128,2.12169
0.00741581,2.12917
0.00742332,2.13662
0.00742803,2.14403
0.00743261,2.15151
0.00743992,2.15908
0.00744433,2.16661
0.00745163,2.17418
0.00745595,2.18178
0.00746325,2.18932
0.00746769,2.19689
0.00747198,2.20449
0.00747902,2.21218
0.00748593,2.2199
0.00748998,2.22762
0.00749386,2.23543
0.00750062,2.24324
0.00750439,2.25112
0.00750801,2.25899
0.00751454,2.26693
0.00752098,2.27492
0.00752458,2.28286
0.00753108,2.29079
0.00753731,2.29885
0.00754071,2.3069
0.00754703,2.3149
0.00755071,2.32277
0.00755708,2.33077
0.00756051,2.33883
0.00756665,2.34694
0.00756977,2.35506
0.00757584,2.36324
0.00758169,2.37148
0.00759063,2.37966
0.00759355,2.3879
0.00759927,2.3962
0.00760478,2.40462
0.00761045,2.41292
0.00761626,2.42122
0.00761916,2.42946
0.00762488,2.43776
0.00763043,2.44619
0.00763609,2.45449
0.00764166,2.46291
0.00764703,2.47139
0.00765254,2.47976
0.00765779,2.4883
0.00766577,2.49691
0.0076677,2.50563
0.00767533,2.51442
0.00768018,2.52315
0.00768483,2.53194
0.00768942,2.54079
0.00769383,2.54976
0.00770131,2.55855
0.00770554,2.56758
0.00770972,2.57662
0.00771705,2.58553
0.00772128,2.59456
0.00772849,2.60353
0.00773261,2.61263
0.00773964,2.62172
0.00774366,2.63082
0.00775055,2.63991
0.00775418,2.64925
0.00776086,2.65847
0.0077675,2.66768
0.00777117,2.67702
0.00777782,2.68624
0.00778157,2.69545
0.00778795,2.70485
0.00779158,2.71413
0.00779793,2.72353
0.0078044,2.73287
0.00780814,2.74215
0.00781464,2.75142
0.00781829,2.7607
0.0078246,2.7701
0.00783104,2.7795
0.00783438,2.7889
0.00784067,2.7983
0.00784675,2.80782
0.00784997,2.81734
0.00785599,2.82686
0.00785897,2.83651
0.00786767,2.84609
0.00787056,2.85579
0.00787637,2.86544
0.00788215,2.87508
0.00788498,2.88478
0.00789091,2.89437
0.00789667,2.90401
0.00789971,2.91359
0.00790558,2.92318
0.00791169,2.9327
0.00791498,2.94216
0.00792091,2.95174
0.00792693,2.96132
0.00792976,2.97097
0.00793554,2.98061
0.00794121,2.99038
0.0079469,3.00002
0.00795241,3.00985
0.00795798,3.01961
0.00796365,3.02932
0.00796919,3.03908
0.00797476,3.04885
0.00797752,3.05855
0.00798324,3.0682
0.00798914,3.07784
0.00799208,3.08748
0.00799816,3.09694
0.00800403,3.10659
0.00800978,3.11623
0.00801532,3.126
0.00802087,3.13576
0.00802656,3.14547
0.00803198,3.15529
0.00803738,3.16518
0.00804247,3.17513
0.0080476,3.18508
0.00805249,3.19515
0.00805741,3.20528
0.00806241,3.21529
0.00806718,3.22542
0.00807198,3.23555
0.00807663,3.24575
0.00808432,3.25588
0.00808906,3.26601
0.00809388,3.27614
0.00809868,3.28621
0.00810348,3.29634
0.00811117,3.30648
0.00811594,3.31661
0.00812085,3.32668
0.00812568,3.33681
0.00813045,3.34694
0.00813495,3.3572
0.00814207,3.36757
0.00814619,3.37807
0.00815322,3.38851
0.00815703,3.39907
0.00816386,3.40963
0.00816741,3.42031
0.00817375,3.43111
0.00817715,3.44191
0.00818065,3.45266
0.00818995,3.46334
0.00819645,3.47408
0.00820007,3.48476
0.00820645,3.4955
0.00820995,3.50624
0.00821624,3.51705
0.00821972,3.52779
0.00822595,3.53859
0.00823194,3.54952
0.00823778,3.5605
0.00824357,3.57155
0.00824637,3.58266
0.00825501,3.59371
0.00825757,3.60488
0.00826326,3.61592
0.00826593,3.62709
0.00827153,3.6382
0.00827726,3.64925
0.0082803,3.66024
0.00828338,3.67116
0.00828931,3.68209
0.00829542,3.69301
0.00830138,3.70394
0.00830764,3.71474
0.00831363,3.72567
0.00831691,3.73653
0.00832293,3.74746
0.00832883,3.75844
0.00833169,3.76949
0.00833729,3.7806
0.00834296,3.79165
0.00834541,3.80294
0.00835072,3.81417
0.00835877,3.82552
0.00836395,3.83681
0.00836923,3.8481
0.00837444,3.85939
0.0083799,3.87056
0.00838502,3.88192
0.00839024,3.89327
0.00839545,3.90456
0.00840073,3.91579
0.00840877,3.92714
0.00841384,3.9385
0.00841885,3.94991
0.00842362,3.96144
0.00842821,3.97304
0.00843545,3.98476
0.00843965,3.99654
0.00844379,4.00832
0.00845059,4.02028
0.00845458,4.03218
0.00846138,4.04409
0.00846525,4.05605
0.00847202,4.06801
0.0084786,4.07998
0.00848239,4.092
0.00848613,4.10402
0.00849,4.11592
0.0084937,4.12795
0.00850025,4.13997
0.00850663,4.15212
0.00850992,4.16433
0.00851618,4.17653
0.00851925,4.18886
0.00852533,4.20113
0.00853135,4.2134
0.00853728,4.22573
0.00854023,4.23812
0.00854595,4.25057
0.00854876,4.26302
0.00855439,4.27547
0.00856029,4.28786
0.00856604,4.30025
0.00857164,4.31276
0.00857722,4.32528
0.00857993,4.33779
0.00858562,4.35024
0.00859146,4.36263
0.00859462,4.3749
0.0086008,4.38715
0.00860387,4.39941
0.00861,4.41168
0.0086131,4.42401
0.00861936,4.43616
0.00862544,4.44842
0.00862893,4.46057
0.00863522,4.47272
0.00864136,4.48498
0.00864455,4.49725
0.00865054,4.50952
0.00865679,4.52173
0.00866006,4.53394
0.00866626,4.54614
0.00866952,4.55841
0.00867551,4.57074
0.00867851,4.58307
0.00868715,4.59546
0.00869305,4.60785
0.0086988,4.6203
0.00870157,4.63275
0.00870416,4.64526
0.00871245,4.65784
0.00871504,4.67041
0.00872321,4.6831
0.00872577,4.69562
0.00873105,4.70831
0.00873668,4.72076
0.00874237,4.73321
0.00874797,4.74573
0.00875355,4.75824
0.00875633,4.77069
0.00876194,4.7832
0.00876757,4.79565
0.00877311,4.80817
0.00878158,4.82068
0.00878421,4.83325
0.00878925,4.84601
0.00879712,4.85883
0.00880216,4.87158
0.00880716,4.88434
0.00881196,4.89722
0.00881679,4.91009
0.00881861,4.92297
0.00882349,4.93585
0.00883118,4.94873
0.00883854,4.96179
0.00884027,4.97473
0.00884772,4.98773
0.00885517,5.00073
0.00885944,5.01385
0.00886382,5.02692
0.00887088,5.0401
0.00887487,5.05334
0.00887872,5.06671
0.00888527,5.08008
0.00889213,5.09338
0.00889584,5.10681
0.0088994,5.12024
0.0089059,5.13373
0.00891254,5.14709
0.00891628,5.16046
0.0089229,5.17383
0.00892701,5.18707
0.00893104,5.20026
0.00893521,5.21344
0.0089423,5.22662
0.00894647,5.23981
0.00895374,5.25287
0.0089578,5.26611
0.00896173,5.27942
0.00896561,5.29272
0.00897249,5.30597
0.00897633,5.31934
0.0089828,5.33276
0.00898629,5.34631
0.00899249,5.35986
0.00899575,5.37347
0.00899888,5.38715
0.00900475,5.40088
0.00901089,5.41449
0.00901679,5.42822
0.00901971,5.44202
0.00902534,5.45587
0.00903116,5.46967
0.009037,5.4834
0.0090429,5.49713
0.00904586,5.51086
0.00905162,5.52472
0.00905764,5.53839
0.00906345,5.55212
0.00906947,5.5658
0.00907537,5.57953
0.00908118,5.59332
0.00908416,5.60706
0.00908985,5.62091
0.00909545,5.63477
0.00910106,5.64862
0.00910642,5.66266
0.00911459,5.67664
0.00911971,5.69073
0.00912454,5.70502
0.00912922,5.7193
0.00913387,5.73364
0.00914138,5.74799
0.00914859,5.76245
0.00915592,5.77692
0.00915998,5.7915
0.00916427,5.80603
0.00917118,5.82062
0.00917521,5.83527
0.00918206,5.84991
0.00918614,5.8645
0.00919017,5.87915
0.00919982,5.89386
0.00920399,5.90839
0.00920787,5.9231
0.00921484,5.93768
0.00921884,5.95233
0.00922578,5.96692
0.00922992,5.98151
0.00923722,5.99597
0.00923862,6.01044
0.00924596,6.0249
0.00925031,6.03931
0.00925746,6.05383
0.00926163,6.06842
0.00926884,6.08289
0.00927305,6.09741
0.00928023,6.11194
0.00928452,6.1264
0.00929158,6.14099
0.00929579,6.15552
0.00929981,6.17017
0.00930684,6.18469
0.00931113,6.19922
0.0093156,6.21362
0.00932285,6.22809
0.00932723,6.24255
0.00933486,6.25684
0.00933939,6.27124
0.00934687,6.28558
0.00935143,6.29993
0.00935605,6.31427
0.00936332,6.32873
0.0093705,6.34326
0.00937467,6.35779
0.00937879,6.37238
0.00938585,6.38696
0.00939258,6.40167
0.0093964,6.41638
0.00940003,6.43121
0.00940632,6.44611
0.00941276,6.46094
0.00941914,6.47583
0.00942254,6.49078
0.00942879,6.50574
0.00943478,6.52075
0.00944068,6.53589
0.00944346,6.55109
0.009449,6.56634
0.0094546,6.5816
0.00946015,6.59692
0.00946566,6.61218
0.00947129,6.62744
0.00947683,6.6427
0.00947926,6.65808
0.0094846,6.67346
0.00948993,6.68884
0.00949524,6.70422
0.0095034,6.71967
0.00950868,6.73505
0.00951404,6.75043
0.00951938,6.76581
0.00952477,6.78113
0.00953014,6.79651
0.00953276,6.81183
0.00953537,6.82709
0.00954103,6.84235
0.00954678,6.85748
0.00955253,6.87268
0.0095582,6.88788
0.0095638,6.90314
0.00956907,6.91858
0.00957426,6.93402
0.00957944,6.94946
0.00958472,6.96484
0.00958988,6.98035
0.00959201,6.99585
0.00959713,7.01135
0.00960211,7.02685
0.00960738,7.0423
0.00961242,7.0578
0.00961752,7.0733
0.00962249,7.08881
0.00962744,7.10437
0.00963233,7.11999
0.00963996,7.13562
0.00964488,7.15124
0.00964952,7.16687
0.00965441,7.18249
0.00965885,7.19824
0.0096663,7.21399
0.00967089,7.22974
0.00967515,7.2456
0.00967968,7.26147
0.00968433,7.2771
0.00968898,7.29285
0.0096964,7.30859
0.00970064,7.32446
0.00970761,7.34045
0.00971464,7.35644
0.00971893,7.37231
0.00972579,7.38831
0.00973008,7.40417
0.00973693,7.42029
0.00974041,7.43652
0.00974702,7.45264
0.00975039,7.46899
0.00975689,7.48511
0.00976028,7.50146
0.00976654,7.51782
0.00976978,7.53418
0.00977592,7.55054
0.00978217,7.56689
0.00978831,7.58325
0.00979451,7.59961
0.00979761,7.61597
0.00980384,7.63232
0.00980713,7.64868
0.00981345,7.66492
0.00981413,7.68115
0.00982039,7.69751
0.00982701,7.71362
0.00983048,7.72986
0.00983406,7.74609
0.00983763,7.76233
0.00984404,7.77856
0.00984765,7.7948
0.00985399,7.81103
0.00985745,7.82727
0.00986365,7.84363
0.009867,7.85998
0.00987308,7.87634
0.00987614,7.89282
0.00988204,7.9093
0.00988508,7.92578
0.00989122,7.94214
0.0098942,7.95862
0.00990016,7.9751
0.00990315,7.99158
0.00990899,8.00806
0.0099177,8.02466
0.00992054,8.04126
0.00992632,8.05774
0.00992922,8.07434
0.00993476,8.09094
0.00993744,8.10754
0.00994281,8.12427
0.00994832,8.14099
0.0099535,8.15784
0.00996167,8.17456
0.00996689,8.19141
0.00996903,8.20837
0.00997696,8.22522
0.00998182,8.24219
0.00998682,8.25916
0.00999144,8.27625
0.00999621,8.29321
0.0100037,8.3103
0.0100056,8.32739
0.0100131,8.34448
0.0100177,8.36157
0.0100224,8.37866
0.010027,8.39575
0.0100316,8.41284
0.010036,8.43005
0.0100405,8.44714
0.0100451,8.46423
0.0100497,8.48145
0.0100573,8.49841
0.0100618,8.51563
0.0100663,8.53271
0.010071,8.5498
0.0100758,8.56677
0.0100806,8.58386
0.0100827,8.60071
0.0100904,8.61768
0.0100953,8.63464
0.0101001,8.65173
0.010105,8.6687
0.01011,8.68555
0.0101148,8.70264
0.0101193,8.71973
0.0101265,8.73694
0.0101307,8.75427
0.0101377,8.77161
0.0101417,8.78894
0.0101484,8.80652
0.010152,8.8241
0.0101614,8.84167
0.010165,8.85925
0.0101683,8.87695
0.0101744,8.89478
0.0101805,8.91248
0.0101837,8.9303
0.0101895,8.94812
0.0101953,8.96606
0.0101979,8.98413
0.0102062,9.0022
0.0102083,9.02051
0.0102158,9.03906
0.0102203,9.0575
0.0102247,9.07617
0.0102318,9.09485
0.0102356,9.11365
0.0102398,9.13232
0.0102466,9.15112
0.0102506,9.16992
0.0102545,9.18872
0.0102613,9.20752
0.0102654,9.2262
0.0102693,9.245
0.0102735,9.26379
0.0102805,9.28247
0.0102847,9.30115
0.0102887,9.31982
0.0102958,9.3385
0.0102998,9.3573
0.010304,9.37598
0.0103113,9.39453
0.0103155,9.41321
0.0103169,9.43188
0.010321,9.45056
0.0103252,9.46924
0.0103324,9.48792
0.0103395,9.50659
0.0103436,9.52527
0.0103478,9.54395
0.010352,9.56262
0.0103559,9.58142
0.0103598,9.60022
0.0103666,9.61902
0.0103704,9.63794
0.0103742,9.65674
0.0103805,9.67578
0.0103838,9.69495
0.0103898,9.71411
0.0103957,9.7334
0.0103986,9.75269
0.0104043,9.77197
0.0104101,9.79126
0.0104129,9.81067
0.0104188,9.82983
0.0104247,9.84912
0.0104279,9.86829
0.0104341,9.88733
0.0104374,9.90649
0.0104434,9.92566
0.0104493,9.94495
0.0104552,9.96411
0.0104611,9.9834
0.010467,10.0026
0.0104725,10.0221
0.010478,10.0415
0.0104805,10.0609
0.0104858,10.0804
0.0104911,10.1
0.0104967,10.1194
0.0104995,10.1387
0.0105052,10.1581
0.0105108,10.1775
0.0105137,10.1968
0.0105196,10.2159
0.0105225,10.2352
0.0105282,10.2546
0.0105312,10.2738
0.0105371,10.2931
0.0105426,10.3125
0.0105451,10.3319
0.0105505,10.3514
0.0105558,10.371
0.0105607,10.3906
0.0105655,10.4104
0.0105702,10.4303
0.0105747,10.4502
0.0105788,10.4702
0.0105829,10.4904
0.0105868,10.5105
0.0105937,10.5308
0.0105973,10.551
0.0105981,10.5713
0.0106044,10.5918
0.0106108,10.6122
0.0106141,10.6326
0.0106174,10.6531
0.0106237,10.6735
0.0106299,10.694
0.0106334,10.7144
0.0106396,10.7349
0.0106458,10.7552
0.0106492,10.7758
0.0106552,10.7963
0.0106614,10.8168
0.0106646,10.8373
0.0106709,10.8578
0.0106741,10.8783
0.0106802,10.8988
0.0106835,10.9193
0.0106894,10.9399
0.0106927,10.9603
0.0106987,10.981
0.0107053,11.0012
0.0107119,11.0215
0.0107157,11.0417
0.0107197,11.0619
0.0107237,11.082
0.010731,11.1021
0.0107351,11.1221
0.0107424,11.1421
0.0107496,11.162
0.0107541,11.182
0.0107612,11.202
0.0107653,11.2222
0.0107723,11.2422
0.0107792,11.2623
0.0107861,11.2825
0.01079,11.3027
0.0107969,11.3229
0.010801,11.3429
0.010805,11.363
0.0108119,11.3832
0.0108187,11.4034
0.0108227,11.4236
0.0108293,11.4438
0.0108357,11.4642
0.0108424,11.4845
0.0108487,11.5049
0.0108523,11.5253
0.0108583,11.5458
0.0108645,11.5663
0.0108707,11.5868
0.0108768,11.6073
0.0108828,11.6278
0.010889,11.6483
0.0108953,11.6688
0.0109014,11.6892
0.0109077,11.7097
0.0109141,11.7301
0.0109205,11.7505
0.0109269,11.7709
0.0109333,11.7913
0.0109397,11.8116
0.0109433,11.8319
0.0109497,11.8524
0.0109562,11.8727
0.0109627,11.8929
0.0109694,11.9132
0.0109728,11.9337
0.0109822,11.954
0.0109858,11.9744
0.0109923,11.9948
0.0109987,12.015
0.011002,12.0355
0.0110084,12.0559
0.0110144,12.0765
0.0110201,12.0972
0.0110258,12.1179
0.0110341,12.1388
0.0110394,12.1597
0.0110472,12.1808
0.011052,12.2019
0.0110565,12.2231
0.0110638,12.2445
0.0110678,12.2661
0.0110746,12.2876
0.0110811,12.3093
0.0110876,12.3311
0.0110911,12.3528
0.0110974,12.3746
0.0111038,12.3964
0.0111073,12.4181
0.0111137,12.4399
0.0111172,12.4617
0.0111205,12.4835
0.0111267,12.5054
0.0111331,12.5271
0.0111392,12.549
0.0111427,12.5708
0.0111488,12.5927
0.011155,12.6145
0.0111583,12.6364
0.0111645,12.6582
0.0111679,12.6801
0.0111715,12.7018
0.011178,12.7235
0.0111843,12.7452
0.0111909,12.767
0.0111945,12.7887
0.0111981,12.8103
0.0112045,12.8322
0.011211,12.8539
0.0112146,12.8755
0.0112179,12.8974
0.0112241,12.9192
0.0112273,12.9412
0.0112332,12.9632
0.0112361,12.9851
0.011242,13.0072
0.0112475,13.0294
0.0112498,13.0518
0.0112547,13.0741
0.0112597,13.0966
0.0112648,13.119
0.0112728,13.1414
0.0112777,13.1638
0.0112796,13.1863
0.0112845,13.2089
0.0112921,13.2313
0.011297,13.2538
0.0113048,13.2763
0.0113069,13.2987
0.0113144,13.3213
0.0113191,13.3439
0.0113238,13.3665
0.0113256,13.3891
0.0113333,13.4115
0.011338,13.4341
0.0113428,13.4567
0.0113475,13.4791
0.0113526,13.5016
0.0113573,13.5242
0.0113622,13.5467
0.0113671,13.5691
0.011372,13.5916
0.0113768,13.614
0.0113816,13.6366
0.0113863,13.6592
0.0113911,13.6817
0.0113984,13.7044
0.0114027,13.7272
0.011407,13.7499
0.0114141,13.7727
0.0114182,13.7956
0.0114249,13.8186
0.0114315,13.8416
0.0114381,13.8646
0.0114416,13.8878
0.0114478,13.911
0.0114512,13.9342
0.0114603,13.9574
0.0114635,13.9807
0.0114693,14.0042
0.0114749,14.0276
0.0114805,14.0512
0.0114858,14.0748
0.0114912,14.0984
0.0114995,14.122
0.0115048,14.1456
0.01151,14.1695
0.011515,14.1933
0.0115203,14.2169
0.0115256,14.2405
0.011531,14.2642
0.0115364,14.2877
0.0115389,14.3113
0.0115472,14.335
0.0115524,14.3587
0.0115548,14.3823
0.0115603,14.4059
0.0115659,14.4293
0.0115745,14.4529
0.0115772,14.4765
0.0115831,14.4998
0.0115889,14.5232
0.011592,14.5465
0.0115979,14.5698
0.0116041,14.5932
0.01161,14.6165
0.0116158,14.6399
0.0116215,14.6634
0.011627,14.6869
0.0116325,14.7105
0.0116377,14.7343
0.011643,14.758
0.0116508,14.7818
0.0116555,14.8057
0.0116632,14.8296
0.0116677,14.8537
0.0116723,14.8776
0.0116768,14.9016
0.0116813,14.9257
0.011689,14.9496
0.0116936,14.9735
0.0117013,14.9975
0.0117061,15.0214
0.011714,15.0452
0.0117187,15.0691
0.0117267,15.0929
0.0117319,15.1166
0.011737,15.1403
0.0117423,15.164
0.0117473,15.1878
0.0117495,15.2116
0.0117575,15.2354
0.0117624,15.2592
0.0117672,15.283
0.0117721,15.3069
0.0117771,15.3307
0.0117848,15.3546
0.0117896,15.3786
0.0117971,15.4025
0.0118015,15.4265
0.0118061,15.4506
0.0118133,15.4748
0.0118176,15.4988
0.0118219,15.523
0.0118288,15.5473
0.0118326,15.5716
0.0118392,15.5961
0.0118425,15.6206
0.0118516,15.6453
0.0118548,15.6699
0.0118606,15.6947
0.0118693,15.7195
0.0118717,15.7445
0.01188,15.7696
0.0118855,15.7945
0.0118911,15.8194
0.0118966,15.8443
0.0119023,15.8692
0.011908,15.8941
0.0119138,15.9188
0.0119197,15.9436
0.0119259,15.9682
0.0119292,15.9928
0.0119357,16.0172
0.0119422,16.0416
0.0119487,16.0662
0.0119524,16.0906
0.0119592,16.1149
0.0119631,16.1393
0.0119699,16.1636
0.0119738,16.1879
0.0119807,16.2122
0.0119851,16.2362
0.0119924,16.2604
0.0119996,16.2844
0.0120072,16.3084
0.0120118,16.3324
0.0120164,16.3563
0.012024,16.3804
0.0120286,16.4043
0.0120363,16.4282
0.012041,16.4522
0.0120485,16.4762
0.0120529,16.5003
0.0120601,16.5244
0.0120641,16.5486
0.0120709,16.573
0.0120777,16.5973
0.0120843,16.6217
0.0120909,16.6461
0.0120973,16.6707
0.0121038,16.6951
0.0121075,16.7196
0.0121168,16.744
0.0121206,16.7685
0.0121271,16.7929
0.0121339,16.8173
0.0121378,16.8416
0.0121447,16.8659
0.0121518,16.89
0.0121558,16.9143
0.0121626,16.9386
0.0121696,16.9629
0.0121765,16.9871
0.0121807,17.0114
0.0121875,17.0357
0.0121916,17.0598
0.0121985,17.0841
0.0122025,17.1084
0.0122091,17.1328
0.0122161,17.157
0.0122231,17.1813
0.0122302,17.2055
0.0122343,17.2296
0.0122441,17.2539
0.0122483,17.2782
0.012255,17.3025
0.0122618,17.3269
0.0122654,17.3513
0.0122747,17.3759
0.012281,17.4004
0.0122872,17.4251
0.0122931,17.4499
0.0123015,17.4748
0.0123073,17.4995
0.0123128,17.5244
0.0123184,17.5493
0.0123241,17.5742
0.0123296,17.5991
0.0123354,17.6239
0.0123438,17.6489
0.0123493,17.6738
0.0123549,17.6988
0.0123636,17.7235
0.0123694,17.7483
0.0123754,17.7731
0.0123815,17.7976
0.0123876,17.8223
0.0123937,17.8469
0.0123978,17.8716
0.0124022,17.8961
0.0124094,17.9207
0.0124166,17.9453
0.0124237,17.9699
0.0124305,17.9946
0.0124343,18.0196
0.0124411,18.0443
0.0124476,18.0692
0.0124543,18.0941
0.012461,18.1189
0.0124675,18.1438
0.0124713,18.1687
0.0124807,18.1936
0.0124844,18.2185
0.0124909,18.2434
0.0124975,18.2683
0.0125038,18.2934
0.0125101,18.3184
0.0125191,18.3435
0.0125253,18.3687
0.0125314,18.3938
0.0125375,18.4188
0.0125438,18.4439
0.0125501,18.4689
0.0125565,18.4939
0.0125629,18.5189
0.0125693,18.5438
0.0125758,18.5687
0.0125795,18.5938
0.0125861,18.6186
0.0125927,18.6435
0.0126023,18.6684
0.0126061,18.6931
0.0126126,18.718
0.0126193,18.7429
0.0126259,18.7677
0.0126328,18.7925
0.0126367,18.8173
0.0126462,18.8422
0.0126527,18.8672
0.0126592,18.8921
0.0126655,18.9171
0.0126717,18.9422
0.0126807,18.9673
0.0126865,18.9926
0.0126921,19.018
0.0127004,19.0434
0.0127055,19.069
0.0127106,19.0946
0.0127181,19.1205
0.0127254,19.1464
0.0127326,19.1725
0.0127398,19.1985
0.0127471,19.2244
0.0127543,19.2504
0.0127614,19.2765
0.0127655,19.3025
0.0127727,19.3285
0.0127801,19.3544
0.0127876,19.3803
0.0127927,19.4059
0.0128007,19.4315
0.0128087,19.4572
0.0128138,19.4827
0.012822,19.5082
0.0128275,19.5336
0.012833,19.5591
0.0128416,19.5844
0.0128471,19.6098
0.0128526,19.6352
0.0128609,19.6607
0.0128693,19.6862
0.0128749,19.7114
0.0128833,19.737
0.0128917,19.7624
0.012897,19.7879
0.0129053,19.8133
0.0129106,19.8388
0.0129186,19.8644
0.0129269,19.8899
0.0129349,19.9155
0.0129429,19.9412
0.0129507,19.9668
0.0129585,19.9926
0.0129661,20.0183
0.0129736,20.0442
0.0129813,20.07
0.012989,20.0957
0.0129969,20.1214
0.0130046,20.1471
0.0130126,20.1728
0.0130207,20.1984
0.0130285,20.224
0.0130338,20.2495
0.0130421,20.275
0.0130505,20.3004
0.0130588,20.3258
0.0130673,20.3512
0.013073,20.3766
0.0130785,20.402
0.0130869,20.4275
0.0130951,20.4529
0.0131034,20.4784
0.0131086,20.5039
0.0131168,20.5296
0.0131247,20.5552
0.0131325,20.5808
0.0131402,20.6066
0.0131477,20.6325
0.013155,20.6585
0.0131623,20.6843
0.0131694,20.7105
0.0131735,20.7365
0.0131833,20.7626
0.0131902,20.7888
0.0131969,20.8151
0.0132035,20.8413
0.0132099,20.8677
0.0132191,20.8942
0.0132284,20.9206
0.0132349,20.9469
0.0132444,20.9732
0.0132511,20.9994
0.0132578,21.0257
0.0132645,21.0519
0.0132684,21.078
0.0132782,21.1041
0.0132853,21.1303
0.0132926,21.1563
0.0133,21.1821
0.0133075,21.208
0.0133151,21.2338
0.0133197,21.2597
0.0133273,21.2854
0.013335,21.3112
0.0133426,21.3371
0.0133504,21.3627
0.0133581,21.3884
0.0133689,21.4141
0.0133766,21.44
0.0133814,21.4657
0.0133888,21.4915
0.0133992,21.5174
0.0134037,21.5432
0.0134112,21.5692
0.0134186,21.5951
0.0134258,21.6211
0.0134359,21.6471
0.0134401,21.6731
0.01345,21.6992
0.0134572,21.7252
0.0134644,21.7512
0.0134745,21.7772
0.0134788,21.8032
0.0134891,21.8291
0.0134967,21.8549
0.0135045,21.8806
0.0135097,21.9063
0.0135177,21.9318
0.0135258,21.9574
0.0135312,21.9828
0.0135393,22.0084
0.0135476,22.0338
0.0135561,22.0592
0.0135615,22.0847
0.0135697,22.1103
0.0135779,22.1358
0.0135829,22.1614
0.0135907,22.1872
0.0135985,22.2128
0.013606,22.2387
0.0136136,22.2644
0.0136238,22.2904
0.0136309,22.3164
0.0136378,22.3427
0.0136474,22.3689
0.0136566,22.3953
0.013663,22.4217
0.0136723,22.448
0.0136784,22.4746
0.0136846,22.5011
0.0136963,22.5277
0.0137022,22.5543
0.0137111,22.581
0.013717,22.6076
0.0137259,22.6342
0.0137346,22.6608
0.0137437,22.6873
0.0137497,22.7139
0.0137586,22.7405
0.0137675,22.767
0.0137765,22.7936
0.0137798,22.8201
0.0137888,22.8466
0.0137981,22.8729
0.0138044,22.8994
0.0138109,22.9258
0.0138174,22.952
0.0138268,22.9784
0.0138334,23.0047
0.0138401,23.0309
0.0138468,23.0571
0.0138562,23.0835
0.01386,23.1098
0.0138694,23.1361
0.0138758,23.1625
0.013882,23.189
0.0138879,23.2156
0.0138969,23.2421
0.0139027,23.2688
0.0139111,23.2957
0.0139166,23.3225
0.0139248,23.3494
0.013933,23.3762
0.0139413,23.4032
0.0139465,23.4301
0.0139546,23.4571
0.0139598,23.484
0.0139649,23.5111
0.013973,23.538
0.0139783,23.565
0.0139863,23.5919
0.0139915,23.6189
0.0139969,23.6458
0.014005,23.6728
0.0140103,23.6997
0.0140185,23.7266
0.0140238,23.7536
0.0140319,23.7805
0.0140372,23.8074
0.0140456,23.8342
0.0140509,23.8612
0.0140562,23.8881
0.0140643,23.9151
0.0140725,23.9419
0.0140803,23.969
0.0140852,23.9961
0.014093,24.0232
0.0141009,24.0504
0.0141086,24.0775
0.014119,24.1048
0.0141265,24.1321
0.0141338,24.1593
0.0141409,24.1869
0.0141481,24.2143
0.0141522,24.2417
0.0141621,24.2693
0.0141691,24.2968
0.014176,24.3244
0.0141827,24.3519
0.0141898,24.3794
0.0141996,24.4069
0.0142066,24.4345
0.014214,24.4617
0.0142212,24.4892
0.0142257,24.5165
0.0142331,24.5437
0.0142404,24.5711
0.0142479,24.5984
0.0142554,24.6256
0.0142628,24.653
0.0142704,24.6802
0.0142752,24.7073
0.0142825,24.7346
0.0142899,24.762
0.0142974,24.7892
0.0143048,24.8165
0.0143123,24.8438
0.0143198,24.8711
0.0143271,24.8985
0.0143345,24.9257
0.0143389,24.953
0.014346,24.9805
0.0143533,25.0078
0.0143606,25.0352
0.0143677,25.0626
0.0143749,25.0901
0.014385,25.1175
0.0143921,25.1449
0.0143995,25.1723
0.0144071,25.1995
0.0144147,25.2267
0.0144254,25.2538
0.0144304,25.2808
0.0144383,25.3079
0.0144465,25.3349
0.0144548,25.3617
0.0144602,25.3886
0.0144686,25.4154
0.014477,25.4423
0.0144848,25.4693
0.01449,25.4962
0.0144979,25.5233
0.0145083,25.5506
0.0145158,25.5779
0.014523,25.6053
0.0145302,25.6327
0.0145402,25.6601
0.0145471,25.6877
0.0145539,25.7152
0.0145636,25.7428
0.0145702,25.7705
0.0145798,25.7982
0.0145895,25.8258
0.0145961,25.8535
0.0146057,25.8811
0.0146153,25.9088
0.0146248,25.9364
0.0146316,25.9641
0.014641,25.9918
0.0146477,26.0194
0.0146569,26.0473
0.0146635,26.075
0.0146729,26.1027
0.0146826,26.1303
0.0146895,26.1579
0.0146964,26.1855
0.0147033,26.213
0.0147103,26.2405
0.0147206,26.2677
0.0147282,26.2951
0.014736,26.3221
0.0147439,26.3491
0.014752,26.3761
0.0147604,26.403
0.0147658,26.4298
0.0147773,26.4566
0.0147832,26.4832
0.014792,26.5098
0.0147979,26.5365
0.0148068,26.563
0.0148156,26.5896
0.0148246,26.6161
0.0148337,26.6427
0.0148425,26.6693
0.0148513,26.696
0.0148573,26.7226
0.0148688,26.7493
0.0148775,26.7759
0.0148861,26.8026
0.0148946,26.8294
0.0149033,26.8561
0.0149119,26.8828
0.0149204,26.9096
0.0149289,26.9364
0.0149377,26.963
0.0149462,26.9898
0.0149519,27.0165
0.0149606,27.0431
0.0149694,27.0699
0.0149783,27.0963
0.0149842,27.1231
0.0149928,27.1498
0.0149986,27.1764
0.0150076,27.203
0.0150163,27.2296
0.0150223,27.2563
0.0150312,27.2829
0.0150369,27.3095
0.0150457,27.3362
0.0150544,27.3628
0.0150631,27.3896
0.015069,27.4162
0.0150804,27.4429
0.0150858,27.4698
0.0150941,27.4967
0.0151022,27.5237
0.01511,27.5507
0.0151177,27.5779
0.0151253,27.6051
0.0151325,27.6325
0.01514,27.6598
0.0151473,27.6872
0.0151546,27.7145
0.0151621,27.7417
0.0151703,27.7686
0.0151789,27.7953
0.0151878,27.8219
0.0151941,27.8484
0.0152005,27.8748
0.0152103,27.9009
0.0152175,27.9269
0.0152276,27.9529
0.0152352,27.9788
0.0152427,28.0047
0.0152495,28.0308
0.0152593,28.0569
0.0152662,28.083
0.015276,28.1093
0.0152858,28.1354
0.0152928,28.1615
0.0152997,28.1877
0.0153067,28.2137
0.0153136,28.2399
0.0153205,28.266
0.0153304,28.2921
0.0153375,28.3181
0.0153442,28.3444
0.0153541,28.3705
0.0153608,28.3968
0.0153701,28.4231
0.0153763,28.4496
0.0153856,28.476
0.0153945,28.5026
0.0154037,28.529
0.0154128,28.5554
0.0154188,28.5821
0.0154249,28.6085
0.0154339,28.6352
0.0154402,28.6616
0.0154466,28.688
0.015456,28.7143
0.0154625,28.7406
0.0154692,28.7669
0.0154789,28.7931
0.0154854,28.8194
0.0154922,28.8456
0.0154988,28.8719
0.0155054,28.8981
0.0155117,28.9246
0.0155207,28.9511
0.0155295,28.9778
0.0155352,29.0044
0.0155437,29.0313
0.015552,29.0581
0.0155604,29.085
0.0155684,29.112
0.0155733,29.1391
0.0155806,29.1664
0.0155878,29.1939
0.0155921,29.2212
0.0156017,29.2489
0.0156084,29.2765
0.0156176,29.3043
0.0156236,29.3324
0.0156296,29.3604
0.0156382,29.3885
0.0156442,29.4164
0.0156504,29.4444
0.015657,29.4721
0.0156636,29.4998
0.0156706,29.5273
0.0156776,29.5547
0.0156822,29.5819
0.01569,29.609
0.0156948,29.6363
0.0157027,29.6634
0.0157079,29.6903
0.0157157,29.7174
0.0157237,29.7444
0.0157315,29.7715
0.0157394,29.7986
0.0157443,29.8257
0.0157519,29.8529
0.0157593,29.8802
0.0157668,29.9075
0.0157744,29.9347
0.0157816,29.9621
0.0157892,29.9893
0.0157994,30.0166
0.0158066,30.0441
0.0158138,30.0714
0.0158209,30.0989
0.0158281,30.1264
0.0158353,30.1537
0.0158422,30.1812
0.0158493,30.2088
0.0158565,30.2361
0.0158634,30.2637
0.0158704,30.2912
0.0158776,30.3186
0.0158849,30.346
0.0158955,30.3731
0.0159032,30.4002
0.0159111,30.4273
0.0159192,30.4543
0.0159273,30.4812
0.0159327,30.5081
0.0159412,30.5349
0.0159499,30.5616
0.0159585,30.5883
0.015967,30.615
0.0159757,30.6418
0.0159811,30.6686
0.0159925,30.6953
0.0159981,30.7222
0.0160095,30.7489
0.0160179,30.7758
0.0160263,30.8026
0.0160345,30.8295
0.0160455,30.8565
0.0160537,30.8835
0.0160615,30.9106
0.0160724,30.9375
0.0160802,30.9646
0.0160905,30.992
0.0160979,31.0193
0.0161081,31.0467
0.0161154,31.074
0.0161257,31.1012
0.0161362,31.1284
0.0161437,31.1558
0.0161514,31.1829
0.0161593,31.21
0.0161702,31.237
0.0161759,31.2637
0.0161847,31.2903
0.0161936,31.3169
0.0162026,31.3434
0.0162115,31.37
0.0162235,31.3965
0.0162296,31.4231
0.0162387,31.4496
0.0162476,31.4761
0.0162563,31.5028
0.0162678,31.5296
0.0162763,31.5563
0.0162816,31.5833
0.0162927,31.6101
0.0163007,31.6371
0.0163056,31.6643
0.0163191,31.6914
0.0163267,31.7187
0.0163342,31.7459
0.0163447,31.7731
0.0163522,31.8004
0.0163596,31.8277
0.0163672,31.8549
0.0163775,31.8822
0.0163852,31.9093
0.0163928,31.9366
0.0164005,31.9638
0.0164111,31.9909
0.0164188,32.0181
0.0164236,32.0452
0.0164314,32.0723
0.0164394,32.0994
0.0164501,32.1265
0.0164553,32.1535
0.0164632,32.1804
0.0164713,32.2075
0.0164766,32.2344
0.0164878,32.2613
0.016496,32.2881
0.0165013,32.3151
0.0165067,32.3419
0.0165145,32.369
0.0165255,32.396
0.0165305,32.4231
0.016538,32.4503
0.0165484,32.4777
0.0165554,32.5052
0.0165652,32.5327
0.0165721,32.5602
0.0165843,32.588
0.0165905,32.6159
0.0165997,32.6437
0.0166086,32.6718
0.0166146,32.6997
0.0166235,32.7277
0.0166266,32.7556
0.0166382,32.7837
0.0166444,32.8117
0.0166534,32.8396
0.0166599,32.8673
0.0166667,32.8949
0.0166735,32.9225
0.0166804,32.9501
0.0166904,32.9776
0.0166948,33.0049
0.0167021,33.0323
0.0167127,33.0594
0.0167203,33.0866
0.0167278,33.1138
0.0167356,33.1409
0.0167433,33.1681
0.016751,33.1953
0.0167587,33.2224
0.0167634,33.2497
0.0167711,33.2769
0.0167788,33.304
0.0167864,33.3312
0.0167939,33.3584
0.0168014,33.3858
0.0168113,33.4132
0.0168183,33.4407
0.0168251,33.4683
0.0168347,33.4959
0.0168445,33.5235
0.0168509,33.5513
0.0168571,33.5791
0.0168663,33.6071
0.0168757,33.6348
0.0168849,33.6626
0.0168917,33.6902
0.0168984,33.7178
0.0169051,33.7455
0.0169121,33.773
0.0169191,33.8004
0.0169294,33.8278
0.0169368,33.8551
0.0169441,33.8825
0.0169512,33.9099
0.0169613,33.9373
0.0169711,33.9649
0.0169778,33.9926
0.0169875,34.02
0.0169938,34.0479
0.0170059,34.0757
0.0170152,34.1035
0.0170243,34.1315
0.0170334,34.1593
0.0170395,34.1873
0.0170482,34.2154
0.0170571,34.2433
0.0170686,34.2715
0.0170773,34.2996
0.017086,34.3277
0.0170946,34.3559
0.0171028,34.3841
0.0171114,34.4123
0.01712,34.4403
0.0171286,34.4685
0.0171377,34.4964
0.0171437,34.5243
0.0171531,34.5522
0.0171624,34.5799
0.017169,34.6076
0.0171786,34.6353
0.0171882,34.6629
0.017195,34.6906
0.0172015,34.7182
0.0172111,34.7459
0.0172176,34.7736
0.0172243,34.8013
0.0172339,34.8289
0.0172402,34.8567
0.0172496,34.8845
0.017256,34.9123
0.0172654,34.94
0.0172749,34.9678
0.0172843,34.9955
0.017291,35.0231
0.0172977,35.0508
0.017307,35.0785
0.0173164,35.1063
0.017323,35.1341
0.0173324,35.1618
0.0173417,35.1895
0.0173483,35.2172
0.0173604,35.245
0.0173697,35.2729
0.0173761,35.3007
0.0173826,35.3284
0.0173924,35.356
0.0173992,35.3836
0.0174062,35.411
0.0174131,35.4386
0.0174233,35.466
0.0174306,35.4933
0.0174408,35.5207
0.0174484,35.5479
0.0174585,35.5752
0.0174658,35.6026
0.0174757,35.6302
0.0174825,35.6577
0.0174922,35.6853
0.0175023,35.7127
0.0175121,35.7403
0.0175189,35.7678
0.0175285,35.7956
0.0175377,35.8234
0.0175441,35.8511
0.0175529,35.8792
0.0175616,35.9073
0.0175703,35.9353
0.0175786,35.9635
0.0175895,35.992
0.0175976,36.0204
0.0176081,36.049
0.0176159,36.0775
0.0176239,36.106
0.017629,36.1344
0.0176401,36.1627
0.0176488,36.1908
0.0176576,36.2188
0.017664,36.2466
0.0176736,36.2742
0.0176805,36.3018
0.017691,36.329
0.0176987,36.3561
0.0177065,36.3833
0.0177146,36.4103
0.0177229,36.4372
0.0177309,36.4641
0.0177421,36.491
0.0177504,36.5178
0.0177586,36.5448
0.017767,36.5716
0.0177781,36.5985
0.0177863,36.6255
0.0177945,36.6524
0.0178025,36.6793
0.0178104,36.7064
0.0178185,36.7334
0.0178293,36.7605
0.0178371,36.7876
0.0178477,36.8147
0.0178551,36.8421
0.0178654,36.8694
0.017873,36.8966
0.0178833,36.924
0.0178908,36.9512
0.0178985,36.9783
0.0179093,37.0054
0.0179144,37.0324
0.0179254,37.0594
0.0179337,37.0862
0.0179422,37.1131
0.017951,37.1397
0.0179594,37.1665
0.017968,37.1933
0.0179768,37.2199
0.0179824,37.2466
0.0179936,37.2735
0.018002,37.3003
0.0180102,37.3272
0.0180154,37.3542
0.0180262,37.3813
0.0180339,37.4085
0.0180443,37.4357
0.0180518,37.4629
0.018059,37.4904
0.0180661,37.5178
0.0180731,37.5453
0.0180798,37.5729
0.0180894,37.6006
0.0180989,37.6283
0.0181054,37.656
0.0181118,37.6839
0.0181214,37.7115
0.0181279,37.7392
0.0181372,37.767
0.0181439,37.7947
0.0181505,37.8223
0.0181603,37.8499
0.0181676,37.8772
0.0181747,37.9047
0.0181821,37.932
0.0181868,37.9593
0.0181942,37.9865
0.0182018,38.0137
0.0182068,38.0408
0.0182146,38.0679
0.0182224,38.095
0.0182303,38.1221
0.0182379,38.1493
0.0182457,38.1764
0.0182534,38.2036
0.018261,38.2307
0.0182689,38.2578
0.0182738,38.2849
0.0182814,38.3122
0.0182891,38.3393
0.0182968,38.3665
0.0183044,38.3937
0.0183119,38.4209
0.0183165,38.4483
0.0183239,38.4755
0.0183312,38.5028
0.0183382,38.5304
0.0183451,38.5579
0.0183522,38.5854
0.018359,38.6129
0.0183658,38.6405
0.0183727,38.6681
0.0183769,38.6956
0.0183868,38.723
0.0183911,38.7504
0.0183983,38.7779
0.0184028,38.8052
0.0184104,38.8324
0.0184149,38.8596
0.0184227,38.8867
0.0184306,38.9138
0.0184383,38.9409
0.0184431,38.9682
0.0184507,38.9954
0.0184584,39.0225
0.0184689,39.0497
0.0184766,39.077
0.018484,39.1042
0.0184916,39.1314
0.0184959,39.1589
0.0185027,39.1865
0.0185098,39.2139
0.0185193,39.2415
0.0185287,39.2693
0.018535,39.2972
0.0185441,39.325
0.01855,39.3531
0.0185618,39.381
0.0185675,39.4092
0.0185761,39.4373
0.0185849,39.4653
0.0185906,39.4935
0.0185994,39.5215
0.0186083,39.5495
0.0186145,39.5773
0.0186265,39.6053
0.018633,39.633
0.0186396,39.6607
0.018649,39.6884
0.0186556,39.7161
0.0186625,39.7437
0.0186693,39.7713
0.0186792,39.7988
0.018686,39.8263
0.0186959,39.8539
0.0187028,39.8814
0.0187125,39.909
0.0187192,39.9367
0.0187259,39.9643
0.0187323,39.9921
0.0187385,40.0201
0.0187475,40.0479
0.0187562,40.076
0.0187622,40.1041
0.0187708,40.1321
0.0187792,40.1603
0.0187877,40.1885
0.0187932,40.2167
0.0188017,40.2449
0.0188104,40.273
0.0188192,40.3011
0.0188253,40.329
0.0188344,40.3569
0.0188437,40.3847
0.0188502,40.4124
0.0188599,40.44
0.0188638,40.4676
0.0188735,40.4952
0.0188805,40.5226
0.0188874,40.5502
0.0188976,40.5776
0.0189051,40.6048
0.0189156,40.6321
0.018923,40.6594
0.0189304,40.6867
0.0189376,40.714
0.0189449,40.7414
0.018955,40.7689
0.0189651,40.7962
0.0189723,40.8237
0.0189822,40.8511
0.0189887,40.879
0.0189951,40.9067
0.0190042,40.9346
0.0190133,40.9625
0.0190223,40.9904
0.0190312,41.0184
0.019037,41.0464
0.0190457,41.0745
0.0190571,41.1027
0.0190625,41.131
0.0190711,41.1591
0.0190796,41.1873
0.0190882,41.2154
0.019097,41.2435
0.0191027,41.2717
0.0191116,41.2996
0.0191178,41.3274
0.0191266,41.3555
0.019133,41.3834
0.0191423,41.4111
0.0191517,41.4388
0.0191581,41.4666
0.0191646,41.4943
0.019174,41.5221
0.0191836,41.5497
0.0191902,41.5774
0.0191996,41.6052
0.0192064,41.6327
0.0192157,41.6606
0.019222,41.6884
0.0192313,41.7162
0.0192377,41.7439
0.0192498,41.7718
0.019256,41.7997
0.0192651,41.8276
0.0192712,41.8555
0.0192803,41.8835
0.0192892,41.9114
0.0192985,41.9393
0.0193079,41.967
0.0193143,41.9948
0.019324,42.0224
0.0193336,42.05
0.0193432,42.0777
0.019347,42.1053
0.0193568,42.1329
0.0193636,42.1605
0.0193765,42.1879
0.0193837,42.2153
0.0193908,42.2427
0.019398,42.2702
0.0194078,42.2977
0.0194149,42.3251
0.0194222,42.3525
0.0194321,42.3799
0.019442,42.4075
0.0194491,42.435
0.0194587,42.4626
0.0194653,42.4903
0.0194743,42.5182
0.0194833,42.5462
0.0194889,42.5744
0.0195002,42.6026
0.0195052,42.631
0.0195161,42.6595
0.0195238,42.688
0.019531,42.7169
0.0195385,42.7455
0.0195457,42.7742
0.0195558,42.8032
0.0195601,42.832
0.0195705,42.8606
0.0195778,42.8893
0.0195853,42.918
0.0195931,42.9465
0.0196008,42.975
0.0196117,43.0035
0.0196166,43.032
0.0196275,43.0605
0.0196328,43.0888
0.0196409,43.1171
0.0196462,43.1454
0.0196545,43.1738
0.0196599,43.202
0.019668,43.2304
0.0196733,43.2587
0.0196813,43.287
0.0196894,43.3155
0.0196943,43.3439
0.0197021,43.3725
0.0197101,43.4009
0.0197179,43.4294
0.0197255,43.4581
0.0197334,43.4865
0.019738,43.5152
0.0197458,43.5438
0.0197535,43.5722
0.0197611,43.6009
0.0197659,43.6294
0.0197734,43.6581
0.0197838,43.6867
0.0197915,43.7153
0.0197993,43.7438
0.0198071,43.7724
0.0198121,43.8008
0.01982,43.8293
0.0198251,43.8577
0.0198334,43.886
0.0198414,43.9145
0.0198467,43.9427
0.0198549,43.971
0.0198629,43.9994
0.0198709,44.0279
0.0198785,44.0566
0.019883,44.0853
0.0198931,44.1141
0.0199002,44.1429
0.0199071,44.1718
0.019917,44.2007
0.0199238,44.2297
0.0199333,44.2588
0.019943,44.2878
0.0199496,44.3169
0.0199562,44.346
0.0199657,44.3752
0.0199719,44.4045
0.0199813,44.4335
0.0199903,44.4629
0.0199964,44.4922
0.0200082,44.5217
0.0200143,44.551
0.0200233,44.5804
0.0200324,44.6097
0.0200387,44.6388
0.0200452,44.668
0.0200551,44.6968
0.0200621,44.7258
0.0200696,44.7544
0.0200772,44.7831
0.0200878,44.8117
0.0200929,44.84
0.0201008,44.8686
0.0201089,44.8969
0.0201201,44.9252
0.0201254,44.9535
0.0201363,44.982
0.0201444,45.0103
0.0201524,45.0387
0.0201605,45.0671
0.0201686,45.0955
0.0201765,45.124
0.0201872,45.1525
0.0201949,45.181
0.0202026,45.2096
0.0202132,45.2381
0.0202209,45.2667
0.0202314,45.2953
0.0202392,45.3239
0.0202498,45.3523
0.0202577,45.3809
0.0202658,45.4092
0.020277,45.4376
0.0202855,45.4658
0.0202972,45.4937
0.0203032,45.5218
0.0203122,45.5496
0.0203214,45.5774
0.0203303,45.6055
0.0203395,45.6334
0.0203486,45.6612
0.0203577,45.6891
0.0203665,45.7171
0.0203755,45.745
0.0203871,45.7731
0.0203959,45.8012
0.0204073,45.8294
0.0204155,45.8577
0.0204268,45.8859
0.020432,45.9144
0.0204427,45.9428
0.0204534,45.9714
0.0204639,45.9999
0.0204712,46.0287
0.0204815,46.0574
0.0204915,46.0864
0.0205016,46.115
0.0205119,46.1439
0.0205164,46.1725
0.0205269,46.2011
0.0205377,46.2295
0.0205458,46.258
0.0205571,46.2862
0.0205629,46.3143
0.0205744,46.3425
0.0205836,46.3703
0.0205929,46.3981
0.0205993,46.4258
0.020612,46.4534
0.0206187,46.481
0.0206288,46.5085
0.020639,46.5358
0.0206491,46.5632
0.0206593,46.5905
0.0206669,46.6177
0.0206773,46.6451
0.0206847,46.6723
0.0206953,46.6995
0.0207025,46.7269
0.0207127,46.7542
0.0207228,46.7817
0.0207325,46.8093
0.0207421,46.837
0.0207516,46.8646
0.020761,46.8924
0.0207678,46.92
0.0207775,46.9476
0.0207872,46.9752
0.020797,47.0027
0.0208044,47.0301
0.0208144,47.0574
0.0208249,47.0846
0.0208327,47.1117
0.0208435,47.1388
0.0208517,47.1658
0.0208597,47.1928
0.0208706,47.2198
0.020879,47.2466
0.0208872,47.2735
0.0208953,47.3006
0.0209065,47.3274
0.0209146,47.3543
0.0209227,47.3813
0.020931,47.4083
0.0209418,47.4352
0.0209497,47.4623
0.0209607,47.4893
0.0209687,47.5163
0.0209795,47.5434
0.0209875,47.5704
0.020998,47.5976
0.0210053,47.6249
0.0210128,47.6523
0.0210229,47.6796
0.0210329,47.7071
0.0210429,47.7346
0.0210528,47.762
0.0210597,47.7896
0.0210695,47.8172
0.0210792,47.8448
0.0210862,47.8722
0.0210934,47.8997
0.0211035,47.9271
0.0211138,47.9544
0.0211215,47.9815
0.0211321,48.0087
0.02114,48.0357
0.021148,48.0628
0.0211561,48.0898
0.0211642,48.1168
0.0211724,48.1436
0.0211808,48.1705
0.0211891,48.1973
0.0211976,48.2241
0.0212059,48.2509
0.0212143,48.2778
0.0212228,48.3045
0.0212312,48.3314
0.0212397,48.3582
0.0212454,48.3849
0.0212568,48.4117
0.0212622,48.4385
0.0212706,48.4654
0.0212816,48.4924
0.0212896,48.5193
0.0212975,48.5464
0.0213051,48.5737
0.0213156,48.6009
0.0213232,48.6281
0.0213304,48.6554
0.0213379,48.6828
0.0213452,48.71
0.0213525,48.7375
0.0213599,48.7647
0.0213701,48.792
0.0213775,48.8194
0.021382,48.8466
0.0213898,48.8738
0.0213976,48.9009
0.0214086,48.9279
0.0214139,48.9548
0.021422,48.9817
0.0214273,49.0087
0.0214326,49.0356
0.021441,49.0624
0.0214494,49.0893
0.0214605,49.1161
0.0214656,49.1432
0.0214736,49.1702
0.0214816,49.1972
0.021492,49.2244
0.0214997,49.2516
0.02151,49.2789
0.0215175,49.3062
0.0215245,49.3337
0.0215344,49.3611
0.0215444,49.3886
0.0215513,49.4162
0.0215608,49.4439
0.0215702,49.4716
0.0215767,49.4993
0.0215832,49.5272
0.0215924,49.555
0.021599,49.5827
0.0216085,49.6103
0.0216183,49.6379
0.0216251,49.6655
0.0216321,49.693
0.0216392,49.7205
0.0216462,49.748
0.0216562,49.7753
0.0216635,49.8028
0.0216712,49.8299
0.0216786,49.8572
0.021686,49.8846
0.0216966,49.9117
0.021704,49.939
0.0217115,49.9662
0.0217218,49.9936
0.0217293,50.0208
0.0217368,50.048
0.0217442,50.0754
0.0217512,50.103
0.0217613,50.1303
0.0217683,50.1578
0.021778,50.1854
0.0217849,50.2129
0.0217944,50.2407
0.0218011,50.2684
0.0218108,50.296
0.0218206,50.3234
0.0218304,50.351
0.0218375,50.3785
0.0218444,50.4061
0.0218545,50.4334
0.021862,50.4606
0.0218696,50.4878
0.0218803,50.5149
0.0218883,50.542
0.021896,50.5691
0.0219037,50.5962
0.0219117,50.6233
0.0219195,50.6504
0.0219278,50.6773
0.0219384,50.7044
0.0219462,50.7316
0.0219538,50.7588
0.0219614,50.7861
0.0219717,50.8133
0.021979,50.8406
0.0219895,50.8679
0.021997,50.8952
0.0220075,50.9223
0.022018,50.9496
0.0220283,50.9769
0.0220357,51.0042
0.022046,51.0315
0.0220532,51.0589
0.0220632,51.0864
0.0220734,51.1137
0.0220831,51.1413
0.0220926,51.169
0.0221022,51.1966
0.0221116,51.2244
0.0221211,51.2521
0.0221308,51.2797
0.0221404,51.3073
0.0221477,51.3348
0.0221579,51.3621
0.0221652,51.3895
0.0221728,51.4166
0.0221806,51.4438
0.0221882,51.4709
0.0221987,51.4981
0.0222063,51.5253
0.0222166,51.5527
0.0222241,51.5799
0.0222311,51.6074
0.0222381,51.6349
0.022248,51.6624
0.0222547,51.69
0.0222644,51.7177
0.022274,51.7453
0.0222807,51.773
0.0222905,51.8005
0.0222947,51.8279
0.0223044,51.8555
0.0223111,51.8832
0.0223209,51.9107
0.0223279,51.9383
0.0223378,51.9658
0.0223479,51.9931
0.0223549,52.0207
0.0223648,52.0481
0.0223748,52.0756
0.0223818,52.1031
0.0223889,52.1305
0.0223967,52.1576
0.022404,52.185
0.0224116,52.2122
0.0224191,52.2394
0.0224294,52.2668
0.022437,52.294
0.0224415,52.3213
0.0224517,52.3487
0.0224591,52.376
0.0224665,52.4033
0.0224764,52.4308
0.0224833,52.4583
0.02249,52.486
0.0224964,52.5137
0.0225057,52.5416
0.0225117,52.5695
0.0225204,52.5976
0.0225291,52.6257
0.0225372,52.6541
0.0225452,52.6825
0.022553,52.711
0.0225608,52.7396
0.0225684,52.7681
0.022576,52.7968
0.0225835,52.8255
0.0225908,52.8542
0.0225982,52.8829
0.0226056,52.9117
0.0226132,52.9402
0.0226212,52.9686
0.0226294,52.997
0.0226381,53.0251
0.0226439,53.0532
0.0226501,53.081
0.0226595,53.1087
0.0226662,53.1364
0.0226761,53.1639
0.0226831,53.1914
0.0226902,53.2188
0.0226971,53.2464
0.022707,53.2739
0.0227138,53.3015
0.0227234,53.3291
0.0227305,53.3566
0.0227399,53.3844
0.0227468,53.4118
0.0227534,53.4395
0.0227629,53.4672
0.0227724,53.495
0.0227792,53.5225
0.0227914,53.5504
0.0228007,53.5781
0.0228068,53.6062
0.0228153,53.6342
0.0228241,53.6623
0.0228329,53.6903
0.0228417,53.7183
0.0228477,53.7464
0.0228562,53.7745
0.0228621,53.8026
0.0228709,53.8306
0.022877,53.8585
0.0228862,53.8863
0.0228928,53.914
0.0228992,53.9419
0.0229082,53.9698
0.0229174,53.9976
0.0229233,54.0256
0.0229323,54.0535
0.0229411,54.0816
0.0229494,54.1098
0.0229577,54.1381
0.0229656,54.1667
0.0229732,54.1953
0.0229807,54.224
0.0229884,54.2525
0.0229957,54.2812
0.0230058,54.31
0.0230128,54.3389
0.0230195,54.368
0.0230266,54.3969
0.023036,54.426
0.0230456,54.455
0.0230524,54.4841
0.023062,54.5131
0.0230717,54.5421
0.0230789,54.571
0.0230859,54.5998
0.0230963,54.6285
0.0231011,54.6571
0.0231088,54.6856
0.0231169,54.7139
0.0231281,54.7423
0.0231363,54.7706
0.023145,54.7987
0.0231535,54.8269
0.023162,54.8551
0.023171,54.883
0.0231797,54.9111
0.0231886,54.939
0.0231947,54.967
0.0232035,54.995
0.0232125,55.0229
0.0232213,55.051
0.0232299,55.0791
0.0232385,55.1073
0.0232471,55.1353
0.0232552,55.1638
0.0232633,55.1921
0.0232681,55.2207
0.0232756,55.2493
0.023286,55.278
0.0232933,55.3067
0.0233036,55.3354
0.0233113,55.3641
0.0233189,55.3927
0.0233267,55.4212
0.0233376,55.4495
0.0233429,55.4779
0.0233513,55.5061
0.0233602,55.5341
0.0233689,55.5622
0.0233752,55.59
0.0233843,55.6179
0.0233934,55.6458
0.0234027,55.6735
0.0234087,55.7016
0.0234175,55.7296
0.0234263,55.7576
0.0234349,55.7857
0.0234463,55.8139
0.0234551,55.842
0.0234664,55.8702
0.0234719,55.8984
0.0234831,55.9267
0.0234914,55.955
0.0234999,55.9832
0.0235088,56.0112
0.0235205,56.0391
0.0235324,56.0672
0.0235411,56.0953
0.0235496,56.1234
0.0235583,56.1514
0.02357,56.1795
0.0235817,56.2076
0.0235905,56.2356
0.0235994,56.2635
0.023611,56.2916
0.0236201,56.3195
0.0236292,56.3475
0.0236383,56.3753
0.0236478,56.403
0.0236571,56.4307
0.0236667,56.4585
0.0236765,56.486
0.0236835,56.5135
0.0236933,56.5411
0.0237032,56.5686
0.0237103,56.596
0.0237204,56.6235
0.0237278,56.6507
0.023738,56.6781
0.0237455,56.7054
0.0237531,56.7326
0.0237633,56.76
0.0237707,56.7872
0.0237809,56.8147
0.0237878,56.8421
0.0237974,56.8697
0.0238069,56.8974
0.0238163,56.9251
0.0238256,56.9531
0.0238377,56.9808
0.0238438,57.0087
0.0238531,57.0366
0.0238623,57.0644
0.0238685,57.0922
0.023881,57.12
0.0238877,57.1477
0.0238944,57.1753
0.0239013,57.2028
0.0239113,57.2302
0.0239214,57.2576
0.023929,57.2849
0.0239394,57.3121
0.023947,57.3393
0.0239549,57.3664
0.0239628,57.3935
0.0239735,57.4205
0.0239818,57.4475
0.0239896,57.4746
0.0239973,57.5017
0.0240051,57.5288
0.0240155,57.5561
0.024023,57.5833
0.0240334,57.6106
0.0240435,57.638
0.0240506,57.6655
0.0240608,57.6928
0.0240676,57.7204
0.0240745,57.748
0.0240873,57.7755
0.0240911,57.8032
0.0241009,57.8306
0.0241107,57.8582
0.0241203,57.8858
0.0241272,57.9134
0.0241345,57.9408
0.0241441,57.9685
0.0241511,57.9959
0.0241586,58.0232
0.024166,58.0505
0.0241738,58.0776
0.0241814,58.1048
0.024186,58.132
0.024194,58.159
0.0242018,58.1861
0.0242098,58.2132
0.0242213,58.2399
0.0242296,58.2668
0.024238,58.2937
0.0242464,58.3204
0.024252,58.3472
0.0242603,58.3741
0.0242689,58.4008
0.0242773,58.4276
0.0242855,58.4545
0.0242937,58.4815
0.0243016,58.5085
0.0243097,58.5355
0.0243205,58.5626
0.0243287,58.5896
0.0243367,58.6165
0.024345,58.6434
0.0243529,58.6705
0.0243637,58.6975
0.024372,58.7244
0.02438,58.7514
0.0243884,58.7783
0.0243997,58.805
0.0244083,58.8317
0.0244139,58.8586
0.0244226,58.8852
0.0244285,58.9118
0.0244373,58.9384
0.0244465,58.9649
0.0244557,58.9913
0.0244621,59.0178
0.0244711,59.0443
0.0244799,59.0709
0.0244886,59.0976
0.024497,59.1243
0.0245056,59.1512
0.0245139,59.1779
0.0245224,59.2048
0.0245305,59.2318
0.0245411,59.2589
0.024549,59.286
0.0245568,59.3131
0.0245672,59.3403
0.0245747,59.3676
0.0245849,59.395
0.0245949,59.4224
0.0246018,59.4499
0.0246144,59.4776
0.0246211,59.5052
0.024631,59.5328
0.0246407,59.5604
0.0246476,59.5878
0.0246547,59.6153
0.0246647,59.6428
0.024675,59.6701
0.0246825,59.6973
0.0246901,59.7246
0.0246978,59.7517
0.0247057,59.7788
0.0247133,59.806
0.0247209,59.8332
0.0247288,59.8602
0.0247366,59.8874
0.0247442,59.9146
0.0247548,59.9417
0.0247622,59.9691
0.0247698,59.9963
0.0247802,60.0235
0.0247874,60.0509
0.024795,60.0781
0.0248027,60.1053
0.0248103,60.1325
0.0248207,60.1597
0.0248286,60.1868
0.0248359,60.2142
0.0248435,60.2414
0.0248508,60.2688
0.0248609,60.2961
0.0248714,60.3233
0.0248816,60.3507
0.0248888,60.3781
0.0248989,60.4055
0.0249063,60.4328
0.0249136,60.4602
0.0249214,60.4873
0.0249293,60.5144
0.0249402,60.5413
0.0249486,60.5682
0.024957,60.5951
0.0249626,60.6218
0.0249714,60.6484
0.02498,60.6751
0.0249884,60.702
0.025,60.7287
0.0250088,60.7553
0.0250174,60.7821
0.0250258,60.8088
0.0250372,60.8357
0.0250422,60.8626
0.0250502,60.8897
0.025061,60.9168
0.0250688,60.9439
0.0250797,60.9709
0.0250872,60.9981
0.0250975,61.0255
0.0251048,61.0528
0.025115,61.0802
0.0251249,61.1077
0.0251324,61.135
0.0251456,61.1623
0.0251529,61.1897
0.0251633,61.2169
0.0251707,61.2442
0.0251811,61.2714
0.0251888,61.2987
0.0251994,61.3258
0.0252072,61.3529
0.0252182,61.3798
0.0252264,61.4067
0.0252346,61.4337
0.0252433,61.4604
0.0252547,61.4871
0.0252633,61.5139
0.0252722,61.5405
0.0252812,61.567
0.0252932,61.5935
0.0253025,61.6198
0.0253116,61.6463
0.0253206,61.6728
0.0253298,61.6993
0.0253387,61.7259
0.0253476,61.7525
0.0253595,61.779
0.0253682,61.8056
0.02538,61.8322
0.0253886,61.859
0.0253971,61.8858
0.0254059,61.9124
0.0254148,61.939
0.0254265,61.9657
0.0254353,61.9923
0.0254473,62.0188
0.0254562,62.0452
0.0254656,62.0717
0.025478,62.098
0.0254876,62.1242
0.0254975,62.1503
0.0255075,62.1763
0.0255175,62.2024
0.0255277,62.2284
0.0255354,62.2541
0.0255459,62.28
0.0255564,62.3057
0.025567,62.3315
0.0255777,62.3573
0.0255854,62.383
0.0255962,62.4086
0.025607,62.4343
0.0256179,62.4599
0.0256317,62.4856
0.0256428,62.5111
0.0256539,62.5366
0.0256651,62.562
0.0256794,62.5874
0.0256904,62.613
0.0257017,62.6384
0.0257158,62.6639
0.0257268,62.6894
0.0257376,62.715
0.0257513,62.7408
0.0257621,62.7664
0.0257728,62.7922
0.0257838,62.8177
0.0257973,62.8435
0.0258083,62.8691
0.0258224,62.8945
0.0258339,62.9199
0.0258426,62.9451
0.0258542,62.9704
0.0258662,62.9954
0.0258753,63.0206
0.0258875,63.0456
0.0259029,63.0704
0.0259127,63.0952
0.0259255,63.1198
0.0259384,63.1445
0.0259485,63.169
0.0259618,63.1936
0.0259723,63.218
0.0259861,63.2421
0.025997,63.2664
0.0260111,63.2905
0.0260225,63.3144
0.026037,63.3383
0.0260486,63.3621
0.0260634,63.3859
0.0260752,63.4097
0.0260869,63.4336
0.0261019,63.4571
0.0261166,63.4809
0.026129,63.5045
0.0261442,63.5279
0.0261599,63.5512
0.0261759,63.5744
0.0261925,63.5972
0.0262098,63.6198
0.0262252,63.6418
0.0262453,63.663
0.0263712,63.6315
0.0296213,62.0925
0.0333445,60.3269
0.0370829,58.5456
0.0408365,56.7644
0.0446207,54.9675
0.0484202,53.1628
0.0522196,51.3503
0.055958,49.5222
0.0596354,47.6784
0.0630991,45.8815
0.0633375,45.5827
0.0630839,45.5065
0.0628226,45.4304
0.0625851,45.3483
0.0623696,45.2565
0.0621826,45.1472
0.0620091,45.029
0.0618536,44.9045
0.0617115,44.7766
0.0615875,44.6438
0.0614831,44.5012
