"Maximum force",82.8895,"N"
"Gage length ",1.1997,"mm"
"Strain energy",0.896632,"mJ"
"Deformation at maximum force",0.0350365,"mm"
"Standard travel","Standard force"
"mm","N"
0,0.341263
3.8743e-006,0.342183
7.7486e-006,0.343102
1.13994e-005,0.344124
1.77771e-005,0.345231
1.82576e-005,0.34639
2.15657e-005,0.347573
2.19699e-005,0.348763
2.56654e-005,0.34977
2.65557e-005,0.350724
2.75914e-005,0.351609
3.18233e-005,0.352353
3.35146e-005,0.352933
3.52282e-005,0.353497
3.40659e-005,0.354054
3.87449e-005,0.354581
3.78247e-005,0.355027
3.99258e-005,0.355403
4.231e-005,0.355654
4.19673e-005,0.355819
4.46644e-005,0.355913
4.7138e-005,0.356116
4.65754e-005,0.356391
4.89149e-005,0.356656
4.85387e-005,0.356837
4.80246e-005,0.357081
5.06323e-005,0.357222
5.02709e-005,0.357393
5.27743e-005,0.357582
5.21373e-005,0.357887
5.15413e-005,0.35817
5.34188e-005,0.358654
5.24353e-005,0.359125
5.13401e-005,0.35964
5.33815e-005,0.36005
5.25769e-005,0.360434
5.18654e-005,0.360771
5.11538e-005,0.361107
5.324e-005,0.361492
5.24241e-005,0.361883
5.1761e-005,0.362196
5.12321e-005,0.362448
5.1016e-005,0.36255
5.36833e-005,0.36266
5.35091e-005,0.362746
5.35748e-005,0.362715
5.37732e-005,0.362621
5.41364e-005,0.362449
5.45834e-005,0.362237
5.47157e-005,0.362174
5.77108e-005,0.362127
5.79846e-005,0.362002
5.82826e-005,0.361861
5.87464e-005,0.361642
5.92084e-005,0.361422
5.92426e-005,0.361406
5.88142e-005,0.361609
6.09898e-005,0.361955
6.01329e-005,0.362361
5.96039e-005,0.362613
5.89259e-005,0.362933
6.11462e-005,0.363254
6.02782e-005,0.363669
5.95518e-005,0.364015
6.1474e-005,0.364476
6.06731e-005,0.364861
6.27295e-005,0.36526
6.1977e-005,0.365621
6.42568e-005,0.36591
6.41199e-005,0.365982
6.69512e-005,0.366013
6.98867e-005,0.365998
6.99321e-005,0.365982
7.29123e-005,0.365943
7.57733e-005,0.365966
7.86791e-005,0.365966
7.8668e-005,0.365974
8.1678e-005,0.36592
8.44795e-005,0.365974
8.72362e-005,0.366044
8.98439e-005,0.366185
9.24367e-005,0.366334
9.45228e-005,0.366718
9.64004e-005,0.36721
0.00010099,0.367782
0.0001028,0.368308
0.0001047,0.368787
0.0001066,0.369264
0.000108463,0.369756
0.000110109,0.370351
0.000111428,0.371106
0.00011262,0.371919
0.000116971,0.372602
0.000118611,0.373212
0.000120622,0.373636
0.00012551,0.374076
0.000127507,0.374505
0.000132484,0.374898
0.000134674,0.375243
0.00013676,0.375627
0.000144807,0.375932
0.000147057,0.376262
0.000152123,0.376605
0.000154403,0.376912
0.00015947,0.377256
0.000164536,0.377616
0.000169245,0.378143
0.000173804,0.378738
0.000175287,0.379409
0.000179608,0.380115
0.000184079,0.38074
0.00018843,0.381439
0.000192751,0.382144
0.000193839,0.383014
0.000197713,0.38393
0.00020126,0.385005
0.000205104,0.385936
0.000208621,0.387027
0.000212138,0.38811
0.000215654,0.389201
0.000219365,0.390201
0.000223075,0.391193
0.000227039,0.392066
0.000233715,0.393035
0.000234668,0.39397
0.000238662,0.394824
0.000245993,0.395488
0.000250493,0.396098
0.000255232,0.396617
0.000259821,0.397189
0.000264381,0.397792
0.000271802,0.398403
0.000276123,0.399108
0.000280445,0.399814
0.000287389,0.400653
0.000291352,0.401538
0.000297939,0.402538
0.000298684,0.403575
0.000305151,0.404636
0.000308518,0.405795
0.000311782,0.407008
0.000314687,0.408382
0.00032038,0.409808
0.00032631,0.411136
0.000329604,0.412334
0.000335892,0.413478
0.000342061,0.414691
0.000345473,0.415828
0.000349124,0.416858
0.00035577,0.417842
0.000359331,0.41891
0.000366216,0.41978
0.000370328,0.420577
0.000374382,0.421417
0.000384157,0.422286
0.00038815,0.423148
0.000392174,0.424003
0.000398879,0.424949
0.000405018,0.426177
0.000411158,0.42739
0.000417297,0.428626
0.000420679,0.429778
0.000426819,0.430999
0.000432839,0.432273
0.000435789,0.433639
0.000441362,0.435119
0.000446905,0.436622
0.000449737,0.438041
0.000455548,0.439414
0.000461479,0.440742
0.000467171,0.442169
0.000472863,0.44361
0.000478496,0.445075
0.000481521,0.446395
0.000487124,0.447868
0.000495886,0.44921
0.000498806,0.450599
0.000504707,0.451934
0.000510936,0.453117
0.000514274,0.454292
0.000523512,0.455421
0.000532632,0.456588
0.000538652,0.457885
0.00054494,0.459045
0.000548457,0.460128
0.000557636,0.461265
0.000561004,0.462447
0.000569944,0.463706
0.000572701,0.465171
0.000581165,0.466667
0.000586649,0.4682
0.000591864,0.469856
0.000600149,0.471443
0.000602086,0.473281
0.000609954,0.475059
0.00061505,0.476783
0.000620176,0.478477
0.000625481,0.480102
0.000630875,0.481681
0.000639279,0.483199
0.000644823,0.484702
0.000650694,0.48606
0.000659515,0.487373
0.000665535,0.48867
0.000671585,0.489929
0.000680466,0.49121
0.000686576,0.492462
0.000692506,0.493789
0.000701268,0.495132
0.00070705,0.496543
0.000715693,0.497939
0.000721444,0.499358
0.000727226,0.500739
0.000733127,0.502082
0.000741889,0.50344
0.000747581,0.504882
0.000753273,0.506301
0.000761618,0.507858
0.000770261,0.509269
0.000775953,0.510711
0.000781705,0.512122
0.00078695,0.513763
0.000792195,0.515411
0.000800242,0.517112
0.000805427,0.518791
0.000813474,0.520461
0.00082158,0.52214
0.000826796,0.523811
0.000832071,0.525443
0.000840535,0.526939
0.000846525,0.528228
0.000855704,0.52938
0.000862111,0.530494
0.000871112,0.531715
0.00087746,0.532859
0.000886937,0.533874
0.000893374,0.534957
0.000902613,0.536079
0.000908812,0.537284
0.000917574,0.538642
0.000923117,0.540145
0.0009317,0.541587
0.000940104,0.543113
0.000948747,0.544517
0.00095423,0.546058
0.000962456,0.547675
0.000970741,0.549247
0.000979324,0.550674
0.000985016,0.552139
0.000990559,0.553634
0.000996043,0.555167
0.00100433,0.556732
0.00101285,0.558212
0.00102149,0.559615
0.00102737,0.560981
0.00103619,0.562316
0.00104209,0.563644
0.00104799,0.564987
0.00105955,0.566375
0.00106536,0.567771
0.00107395,0.569213
0.00108253,0.570648
0.00109105,0.57212
0.00109677,0.573539
0.00110235,0.575027
0.00111093,0.576469
0.00111916,0.578071
0.00112756,0.579612
0.00113573,0.581237
0.00114145,0.582679
0.00115295,0.584098
0.00115844,0.585639
0.00116648,0.587333
0.00117417,0.589187
0.00117894,0.591087
0.00118636,0.59307
0.00119384,0.595023
0.0012012,0.597053
0.00120862,0.599037
0.00121619,0.600974
0.00122078,0.602928
0.00123163,0.604659
0.00123676,0.606384
0.00124468,0.608115
0.00125291,0.609741
0.00126108,0.611373
0.00126662,0.612891
0.00127514,0.614364
0.00128355,0.615867
0.00129171,0.61753
0.0012997,0.619247
0.00130468,0.621017
0.0013126,0.622779
0.00132047,0.624557
0.00132518,0.626464
0.00133266,0.628417
0.00133999,0.630462
0.00134703,0.632629
0.00135424,0.634719
0.00135844,0.636871
0.00136544,0.639053
0.00137209,0.641418
0.00137876,0.643752
0.00138574,0.645965
0.00139307,0.647994
0.00139763,0.649963
0.00140511,0.651946
0.00141542,0.653945
0.00142287,0.655914
0.00143041,0.657852
0.0014384,0.659576
0.00144639,0.661308
0.00145443,0.662994
0.00146248,0.664687
0.00147053,0.666366
0.00147845,0.668121
0.00148656,0.669814
0.00149455,0.671531
0.00150235,0.673339
0.00150995,0.675254
0.0015174,0.677238
0.0015248,0.679237
0.00153216,0.681266
0.00153907,0.683479
0.00154281,0.685859
0.00155211,0.688316
0.00155864,0.690742
0.00156519,0.693153
0.00157175,0.695548
0.00157845,0.697883
0.00158805,0.700218
0.00159225,0.702369
0.00159947,0.704444
0.00160689,0.706458
0.00161425,0.708473
0.00162173,0.710426
0.00162921,0.712394
0.00163675,0.714332
0.00164468,0.716071
0.00165558,0.717796
0.00166062,0.71955
0.00166837,0.721381
0.00167874,0.723335
0.00168345,0.725265
0.00169105,0.727172
0.001696,0.728957
0.00170368,0.730819
0.00171429,0.732673
0.00171879,0.734672
0.00172922,0.736625
0.00173364,0.73867
0.00174061,0.740867
0.00175021,0.743186
0.00175676,0.745612
0.0017602,0.748115
0.00176938,0.750633
0.0017757,0.753166
0.0017822,0.755592
0.00178852,0.758109
0.00179486,0.760597
0.00179838,0.763084
0.00180804,0.765388
0.00181522,0.767494
0.00182282,0.769409
0.00183057,0.771224
0.00183844,0.773002
0.00184916,0.774825
0.00185399,0.776664
0.00186174,0.778495
0.00187229,0.780395
0.00187977,0.782348
0.00188737,0.784263
0.00189461,0.786338
0.00190168,0.788505
0.00190853,0.790763
0.00191509,0.793174
0.00192161,0.795585
0.00192784,0.798133
0.00193416,0.800666
0.00194039,0.803214
0.00194668,0.805747
0.00195297,0.808265
0.00195949,0.810691
0.00196605,0.813087
0.00197264,0.815482
0.00198223,0.817802
0.00198903,0.820106
0.00199579,0.82241
0.00200274,0.824622
0.00200962,0.826881
0.00201951,0.829063
0.00202628,0.831367
0.00203313,0.83364
0.00203978,0.836006
0.00204944,0.838294
0.00205909,0.840614
0.00206607,0.842826
0.00207036,0.844932
0.00208019,0.84716
0.00208737,0.849265
0.00209438,0.851447
0.00210132,0.85366
0.00210838,0.855827
0.00211816,0.85807
0.00212495,0.860374
0.00213139,0.86283
0.00213783,0.865287
0.00214677,0.867942
0.00215288,0.870551
0.00215854,0.873374
0.00216435,0.876136
0.002173,0.878913
0.00217872,0.881721
0.00218489,0.8843
0.00219129,0.886772
0.00220077,0.889167
0.00220754,0.891486
0.00221445,0.893714
0.00222169,0.895805
0.00222899,0.897834
0.00223648,0.899803
0.00224679,0.901801
0.00225424,0.903785
0.00226431,0.905876
0.00227146,0.908027
0.00228154,0.910133
0.00229095,0.912528
0.00229742,0.915
0.00230353,0.91761
0.00231253,0.920234
0.00231584,0.922813
0.00232478,0.925453
0.00233366,0.928138
0.00233959,0.930824
0.00234555,0.933509
0.00235157,0.936179
0.00236051,0.938804
0.00236969,0.941352
0.00237601,0.94387
0.00238263,0.94625
0.00239204,0.948661
0.00239869,0.951026
0.00240835,0.95333
0.00241484,0.955756
0.00242396,0.958335
0.00243022,0.960868
0.00243946,0.963371
0.00244596,0.965827
0.00245519,0.96833
0.00246455,0.970771
0.0024706,0.973411
0.00247692,0.975929
0.00248568,0.978675
0.00249498,0.981162
0.00250133,0.983665
0.0025075,0.986228
0.00251364,0.988838
0.0025224,0.991569
0.00253122,0.994285
0.00253685,0.997123
0.00254243,0.999992
0.00255059,1.003
0.00255864,1.00606
0.00256385,1.00912
0.00256907,1.01215
0.00257771,1.01495
0.00258343,1.01775
0.00258936,1.02044
0.00259831,1.02309
0.00260436,1.02575
0.00261088,1.02814
0.00262026,1.03061
0.00263004,1.03284
0.0026368,1.03514
0.00264378,1.03737
0.00265349,1.03964
0.00266309,1.04196
0.00266973,1.04434
0.00267879,1.04693
0.00268499,1.0495
0.00269104,1.05215
0.0027001,1.05475
0.00270615,1.05737
0.00271173,1.06026
0.00272019,1.06312
0.00272523,1.06624
0.00273327,1.0693
0.00274114,1.07246
0.00274609,1.07564
0.00275414,1.0787
0.00275905,1.08189
0.0027671,1.08496
0.00277526,1.08797
0.00278066,1.09094
0.00278888,1.09393
0.00279711,1.09691
0.00280298,1.09965
0.00281162,1.10242
0.00282104,1.10486
0.00282715,1.10748
0.00283651,1.10992
0.00284557,1.1125
0.00285138,1.11528
0.00286014,1.118
0.00286867,1.12086
0.00287457,1.12358
0.00288005,1.12648
0.00288851,1.12935
0.00289668,1.13237
0.00290485,1.13539
0.00291018,1.13837
0.00291811,1.14149
0.00292344,1.14448
0.00293155,1.14754
0.00293685,1.15053
0.00294508,1.1535
0.00295029,1.15655
0.0029587,1.15947
0.00296388,1.1625
0.00297187,1.16559
0.00297968,1.16878
0.00298498,1.1718
0.00299321,1.17479
0.00300149,1.17775
0.00301014,1.18051
0.00301586,1.18333
0.003022,1.18593
0.00303386,1.18855
0.00304015,1.1911
0.00304933,1.19363
0.00305857,1.19615
0.00306506,1.19859
0.0030743,1.20109
0.00308071,1.20357
0.00308971,1.20618
0.00309859,1.20885
0.00310711,1.21171
0.00311233,1.21475
0.0031205,1.21777
0.00312854,1.22082
0.00313677,1.22381
0.00314475,1.22694
0.00314961,1.23013
0.00315778,1.23314
0.00316588,1.2362
0.00317146,1.23906
0.00317986,1.24196
0.0031888,1.2446
0.0031978,1.24725
0.00320406,1.24979
0.0032133,1.25227
0.00321977,1.25474
0.00322912,1.25717
0.0032383,1.25972
0.00324754,1.26222
0.00325678,1.26475
0.00326292,1.26735
0.00327204,1.26991
0.00328074,1.27266
0.0032895,1.2754
0.00329773,1.27838
0.00330303,1.2814
0.00331126,1.28436
0.00331919,1.2875
0.00332428,1.2906
0.00333173,1.29397
0.00333948,1.29716
0.00334705,1.30047
0.0033548,1.30369
0.0033596,1.30693
0.00336735,1.31015
0.00337539,1.31322
0.00338338,1.31633
0.00339179,1.31921
0.00339724,1.32216
0.0034057,1.32503
0.00341429,1.32785
0.00342263,1.33078
0.00342841,1.33354
0.00343711,1.3363
0.00344898,1.33894
0.00345464,1.34178
0.00346608,1.34462
0.00347154,1.34755
0.0034797,1.35055
0.00348793,1.35353
0.00349878,1.35666
0.00350378,1.35982
0.00351159,1.36301
0.00351898,1.36638
0.00352366,1.36967
0.00353403,1.37302
0.00353889,1.37622
0.0035492,1.37961
0.00355394,1.38287
0.00356145,1.3862
0.00356881,1.38959
0.00357638,1.3929
0.00358353,1.39639
0.00359402,1.39967
0.00360139,1.40309
0.0036089,1.4064
0.00361611,1.40988
0.00362332,1.41334
0.00363074,1.41672
0.0036381,1.42012
0.00364597,1.42326
0.00365402,1.42634
0.00366236,1.42927
0.00367065,1.43223
0.00367592,1.43526
0.00368719,1.43817
0.00369279,1.44104
0.00370423,1.44388
0.00371234,1.4469
0.00372033,1.45003
0.00372533,1.45315
0.0037357,1.45651
0.00374029,1.45984
0.00374733,1.46339
0.00375421,1.46702
0.00376092,1.47073
0.00376756,1.47447
0.00377451,1.47806
0.00378151,1.48164
0.00378607,1.48498
0.00379325,1.48846
0.00380082,1.49176
0.00380842,1.49505
0.00381641,1.49815
0.00382481,1.50105
0.00383304,1.50403
0.0038387,1.50687
0.00384693,1.50984
0.00385533,1.51277
0.00386636,1.51581
0.00387122,1.51901
0.00388212,1.52211
0.00388659,1.5255
0.00389428,1.52872
0.00390164,1.53213
0.00390927,1.5354
0.00391669,1.53877
0.00392411,1.54214
0.00393151,1.54553
0.00393845,1.54913
0.00394584,1.5525
0.00395296,1.55603
0.00396047,1.55936
0.00396497,1.56273
0.00397228,1.56615
0.0039797,1.56953
0.00398965,1.57307
0.00399403,1.57651
0.00400393,1.58006
0.00400866,1.58334
0.00401614,1.58668
0.00402351,1.59009
0.00403119,1.59332
0.00404151,1.59669
0.00404925,1.59991
0.00405384,1.60326
0.00406433,1.60655
0.00407208,1.60976
0.00407983,1.61299
0.00408764,1.61615
0.00409515,1.61949
0.0041054,1.62289
0.00410946,1.62648
0.00411604,1.63025
0.00412263,1.63402
0.00412868,1.63805
0.00413497,1.64195
0.00414355,1.64613
0.0041469,1.65007
0.00415298,1.65407
0.00415936,1.65794
0.00416842,1.66188
0.00417465,1.66582
0.00418114,1.66965
0.00418773,1.67341
0.0041947,1.677
0.00420159,1.68062
0.0042113,1.68428
0.00421807,1.68796
0.00422725,1.69186
0.00423088,1.69566
0.00424024,1.69949
0.00424656,1.70338
0.00425273,1.70735
0.00425875,1.71138
0.00426495,1.71532
0.00427383,1.71937
0.00428027,1.72322
0.00428632,1.72722
0.00429532,1.73122
0.00430143,1.73521
0.00430721,1.73936
0.00431347,1.7433
0.00431925,1.74745
0.00432521,1.75151
0.00433102,1.75563
0.00433972,1.75978
0.00434512,1.76411
0.0043503,1.76854
0.00435877,1.77278
0.00436657,1.77736
0.00437215,1.7816
0.00437733,1.78602
0.00438592,1.79021
0.00439444,1.79445
0.00439974,1.79884
0.00440517,1.80315
0.00441351,1.80745
0.00442233,1.81154
0.00443122,1.81557
0.0044404,1.8195
0.00444645,1.82353
0.00445217,1.82768
0.00446081,1.83186
0.00446594,1.83632
0.0044741,1.84071
0.00447938,1.84511
0.0044845,1.84956
0.00449231,1.85411
0.0044969,1.85884
0.00450447,1.86351
0.00450918,1.86818
0.00451395,1.87279
0.0045217,1.87739
0.00452944,1.88197
0.00453749,1.88643
0.00454241,1.89097
0.00454804,1.89522
0.00455603,1.89967
0.00456407,1.90413
0.00457224,1.90852
0.00458041,1.91292
0.0045858,1.91725
0.00459367,1.92177
0.00459912,1.9261
0.00460735,1.93046
0.00461587,1.93468
0.004621,1.93913
0.00462615,1.94359
0.00463438,1.94795
0.00464207,1.95256
0.00465005,1.95705
0.00465786,1.96159
0.00466299,1.96608
0.00467098,1.97053
0.00467595,1.97508
0.00468364,1.97969
0.00469106,1.98445
0.00469613,1.98894
0.00470686,1.99348
0.00471207,1.99791
0.00471717,2.00239
0.00472539,2.00676
0.00473392,2.01097
0.00474208,2.01536
0.0047448,2.01961
0.00475326,2.02382
0.00476172,2.02809
0.00477031,2.0323
0.00477564,2.03667
0.0047844,2.04076
0.00479299,2.04494
0.00480187,2.04903
0.00481057,2.05315
0.00481909,2.05736
0.0048275,2.06166
0.00483584,2.06596
0.00484478,2.06999
0.00485337,2.07417
0.00485903,2.07841
0.00486725,2.08275
0.0048753,2.0872
0.00488347,2.0916
0.00489116,2.09621
0.00489631,2.10066
0.00490379,2.10539
0.0049113,2.11009
0.00491583,2.11485
0.00492307,2.11967
0.00493064,2.12434
0.00493768,2.12929
0.00494531,2.13393
0.00495261,2.13875
0.00496012,2.14345
0.00497073,2.14802
0.00497865,2.15254
0.00498706,2.15684
0.00499499,2.16136
0.00500333,2.16566
0.00501132,2.17015
0.00501942,2.17457
0.00502705,2.17918
0.00503164,2.18394
0.00503915,2.18864
0.00504628,2.19353
0.0050537,2.19826
0.00506031,2.20338
0.00506699,2.20848
0.00507378,2.21355
0.00508043,2.21864
0.00508749,2.22359
0.00509444,2.22853
0.0051018,2.23332
0.00510925,2.23805
0.00511658,2.24284
0.00512394,2.2476
0.00513139,2.25233
0.00513926,2.25688
0.00514647,2.26173
0.0051541,2.26637
0.00516164,2.27107
0.00516927,2.27574
0.00517678,2.28044
0.00518399,2.28529
0.00519156,2.28996
0.00519869,2.29484
0.00520864,2.29976
0.00521853,2.3047
0.00522566,2.30961
0.00523305,2.31438
0.00524288,2.31935
0.0052529,2.32423
0.00525969,2.3293
0.00526959,2.33421
0.00527641,2.33928
0.00528601,2.34434
0.00529292,2.34935
0.00529936,2.35457
0.005306,2.35969
0.00531506,2.365
0.00532132,2.37031
0.00533032,2.37572
0.0053361,2.38124
0.0053451,2.38661
0.00535387,2.39207
0.00536048,2.39723
0.0053671,2.40236
0.00537681,2.40736
0.00538412,2.41218
0.00539425,2.41704
0.00540182,2.42171
0.00541177,2.42662
0.00541946,2.43126
0.0054267,2.43608
0.00543672,2.44099
0.00544363,2.44597
0.00545329,2.45103
0.00546023,2.45601
0.00546935,2.46132
0.00547549,2.46669
0.00548151,2.47209
0.00549063,2.47743
0.00549981,2.48271
0.00550604,2.48802
0.00551551,2.49315
0.00552141,2.49864
0.00553042,2.50401
0.00553924,2.50947
0.00554538,2.51485
0.00555455,2.52013
0.00556066,2.5255
0.00556984,2.53078
0.00557604,2.53612
0.0055851,2.54143
0.00559154,2.54668
0.00559819,2.5518
0.00560772,2.5569
0.00561413,2.56215
0.00562119,2.56706
0.00563085,2.57213
0.00563809,2.57695
0.00564515,2.58186
0.00565487,2.5869
0.0056619,2.59184
0.00567144,2.59697
0.00567832,2.60197
0.00568488,2.60713
0.0056946,2.61217
0.00570103,2.61738
0.00571033,2.6226
0.00571662,2.62788
0.00572261,2.63331
0.00572881,2.63866
0.00573751,2.64415
0.00574335,2.64967
0.00575235,2.65501
0.00575852,2.66035
0.00576478,2.66566
0.00577378,2.67103
0.00578022,2.67625
0.00578934,2.68159
0.00579554,2.6869
0.00580203,2.69209
0.00581151,2.69722
0.00582146,2.70216
0.00582823,2.70723
0.00583508,2.71223
0.00584185,2.7173
0.00585139,2.72243
0.00586098,2.72752
0.0058673,2.73277
0.00587407,2.73784
0.00588605,2.74318
0.00589254,2.74837
0.00589883,2.75365
0.00590777,2.75905
0.00591385,2.76445
0.00592232,2.77009
0.00592786,2.77571
0.00593632,2.78133
0.00594508,2.78685
0.00595397,2.79225
0.00595975,2.7978
0.00596559,2.80327
0.00597381,2.80904
0.00597977,2.81447
0.00598848,2.81999
0.00599748,2.82533
0.006004,2.83052
0.00601312,2.83586
0.0060226,2.84099
0.00602883,2.84633
0.00603825,2.85149
0.00604737,2.85683
0.00605666,2.86204
0.00606561,2.86748
0.00607148,2.87294
0.00608048,2.87831
0.00608882,2.88399
0.0060974,2.88957
0.00610569,2.89531
0.00611082,2.90114
0.0061191,2.90684
0.00612721,2.91261
0.00613543,2.91838
0.00614059,2.92421
0.00614905,2.92985
0.00615752,2.93547
0.0061661,2.94102
0.00617194,2.94655
0.00618058,2.95207
0.00618958,2.95744
0.0061984,2.96294
0.00620442,2.96834
0.00621366,2.97359
0.00622266,2.97899
0.0062316,2.98436
0.00623727,2.98994
0.00624621,2.99538
0.00625455,3.00102
0.00626314,3.00661
0.00627166,3.01222
0.00627708,3.01793
0.00628274,3.02351
0.00629097,3.02922
0.00629979,3.03468
0.00630536,3.04033
0.00631377,3.04597
0.00632217,3.05165
0.00632772,3.0573
0.00633654,3.06276
0.00634494,3.0684
0.00635364,3.07393
0.00635907,3.07963
0.00636723,3.08537
0.00637546,3.09111
0.00638357,3.09696
0.00639197,3.1026
0.00640019,3.10834
0.00640598,3.11386
0.00641432,3.11954
0.00642007,3.12509
0.00642889,3.13056
0.00643491,3.13596
0.00644415,3.14121
0.00645303,3.14664
0.00645932,3.15195
0.00646838,3.15726
0.00647732,3.16269
0.00648346,3.16803
0.00649205,3.17362
0.00649783,3.17914
0.00650581,3.185
0.0065141,3.19074
0.00652197,3.19663
0.00652706,3.20249
0.00653517,3.20828
0.00654304,3.21417
0.0065512,3.21997
0.00655901,3.22589
0.00656429,3.23166
0.00657263,3.23734
0.00658098,3.24304
0.0065864,3.24875
0.00659743,3.25452
0.00660321,3.26007
0.00661137,3.26584
0.0066199,3.27143
0.00662812,3.27716
0.00663635,3.28293
0.00664174,3.28861
0.00664979,3.29444
0.00665819,3.30011
0.00666636,3.30588
0.00667482,3.31149
0.00668341,3.31708
0.00669199,3.32266
0.00670057,3.32822
0.0067088,3.33399
0.00671696,3.33975
0.00672483,3.34567
0.0067327,3.35156
0.00674051,3.35752
0.00674805,3.36359
0.00675541,3.36975
0.00676205,3.37625
0.00676891,3.38263
0.00677564,3.38907
0.00678265,3.39539
0.00678733,3.40146
0.00679788,3.40747
0.00680306,3.41327
0.00681081,3.41922
0.00681898,3.42499
0.00682732,3.4307
0.00683573,3.43634
0.00684437,3.4419
0.00685265,3.4476
0.00686124,3.45319
0.00686922,3.45905
0.00687739,3.46482
0.00688499,3.47086
0.00689268,3.47687
0.00690028,3.48291
0.0069074,3.48917
0.00691497,3.49524
0.00692242,3.50134
0.00693011,3.50733
0.00693786,3.51331
0.00694534,3.51941
0.00695303,3.52539
0.00696066,3.53144
0.0069687,3.53726
0.00697657,3.54315
0.00698468,3.54895
0.00699272,3.55478
0.00700053,3.56073
0.00700822,3.56671
0.00701561,3.57288
0.00702324,3.57889
0.00703051,3.58508
0.0070377,3.59134
0.00704491,3.59757
0.00705203,3.60382
0.0070627,3.6098
0.0070703,3.61582
0.00707823,3.62171
0.00708604,3.62766
0.00709384,3.63361
0.00710177,3.63947
0.00710994,3.64524
0.00711834,3.65091
0.00712645,3.65671
0.00713443,3.66257
0.00714206,3.66858
0.0071494,3.67475
0.00715685,3.68088
0.00716406,3.68711
0.00717142,3.69324
0.00717851,3.69953
0.00718552,3.70584
0.00719276,3.71207
0.00719982,3.71836
0.0072073,3.72446
0.00721714,3.73081
0.00722164,3.73694
0.00722888,3.74317
0.00723645,3.74921
0.00724405,3.75525
0.00725144,3.76138
0.00725919,3.76734
0.00726956,3.77344
0.00727743,3.77936
0.00728506,3.78537
0.00728982,3.79141
0.00729757,3.79737
0.00730487,3.80356
0.0073125,3.80957
0.00731969,3.81583
0.00732743,3.82178
0.00733471,3.82797
0.0073418,3.83426
0.00734892,3.84055
0.00735593,3.84683
0.00736329,3.853
0.00737318,3.85935
0.00737768,3.86548
0.00738507,3.87161
0.0073927,3.87763
0.00740033,3.88367
0.00740763,3.88983
0.00741532,3.89585
0.00742283,3.90192
0.00743058,3.9079
0.00744119,3.91388
0.00744888,3.91986
0.00745371,3.92587
0.00746396,3.93201
0.00746849,3.93814
0.00747546,3.94446
0.00748577,3.95059
0.00749305,3.95682
0.00750017,3.96308
0.00750759,3.96918
0.00751725,3.97565
0.0075241,3.98203
0.00753066,3.98856
0.0075373,3.99506
0.0075469,4.0015
0.00755343,4.00806
0.00756296,4.01456
0.00756919,4.02127
0.00757578,4.02777
0.00758207,4.03446
0.00758874,4.04093
0.0075956,4.04733
0.00760227,4.0538
0.00760919,4.06015
0.00761586,4.06662
0.00762611,4.07279
0.00763347,4.07895
0.0076409,4.08508
0.00765127,4.09116
0.00765565,4.09735
0.00766328,4.1034
0.00767058,4.10959
0.00768107,4.1156
0.00768834,4.12183
0.00769552,4.12805
0.00770566,4.13428
0.00771254,4.14066
0.00771957,4.14697
0.00772616,4.15347
0.00773257,4.1601
0.00773883,4.16675
0.007748,4.17343
0.00775453,4.17996
0.00776377,4.18662
0.0077677,4.19303
0.00777682,4.19971
0.00778341,4.20624
0.00779012,4.21271
0.00779658,4.2193
0.00780338,4.22571
0.00781309,4.23212
0.00782019,4.23841
0.00782701,4.24481
0.00783702,4.25107
0.00784686,4.25742
0.00785365,4.26386
0.0078606,4.2702
0.00786736,4.27664
0.00787458,4.28287
0.0078817,4.28916
0.0078887,4.29547
0.0078986,4.30176
0.00790262,4.30814
0.00791251,4.31446
0.00791642,4.32089
0.00792661,4.32706
0.0079365,4.33338
0.00794354,4.33972
0.00795054,4.34604
0.0079574,4.35242
0.00796741,4.35871
0.00797397,4.36524
0.00798091,4.37158
0.00798779,4.37796
0.00799456,4.3844
0.00800445,4.39072
0.0080111,4.39722
0.00801822,4.40351
0.00802517,4.40985
0.00803253,4.41602
0.00804236,4.42237
0.00804949,4.42862
0.00805974,4.43479
0.00806367,4.44119
0.00807109,4.4473
0.00808105,4.45362
0.00808808,4.4599
0.00809511,4.46622
0.00810215,4.47254
0.00810927,4.47882
0.00811627,4.48511
0.00812641,4.49133
0.00813308,4.4978
0.00814011,4.50412
0.00814995,4.5105
0.00815665,4.51697
0.00816357,4.52332
0.00817299,4.52988
0.00817951,4.53641
0.00818601,4.543
0.00819549,4.5495
0.00820222,4.55597
0.00820863,4.56256
0.00821823,4.56903
0.00822472,4.57559
0.00823438,4.58203
0.00824097,4.58856
0.00825056,4.59503
0.00826028,4.60147
0.00826981,4.60794
0.00827688,4.61426
0.00828337,4.62082
0.00829303,4.62726
0.00829947,4.63385
0.00830865,4.6405
0.00831794,4.64713
0.00832411,4.65384
0.00833294,4.66068
0.00833848,4.6677
0.00834381,4.67481
0.00835192,4.68198
0.00836003,4.68915
0.00836849,4.69617
0.0083766,4.70334
0.00838506,4.71033
0.00839063,4.71735
0.00839939,4.72421
0.00840568,4.7309
0.00841504,4.73749
0.00842499,4.74378
0.00843164,4.75028
0.00843858,4.75662
0.00844812,4.76312
0.00845766,4.76959
0.00846415,4.77619
0.00847023,4.78293
0.00848251,4.78952
0.00849145,4.7963
0.00849741,4.80313
0.00850582,4.81015
0.00851434,4.81714
0.00852003,4.82407
0.00852868,4.831
0.00853786,4.83768
0.00854388,4.84445
0.008553,4.85114
0.00856194,4.85794
0.00856805,4.86469
0.00857728,4.87131
0.00858333,4.87808
0.00859216,4.88492
0.00859794,4.89185
0.00860664,4.89871
0.00861227,4.9057
0.00862062,4.91275
0.00862646,4.91965
0.00863486,4.92667
0.00864082,4.9335
0.00864953,4.9404
0.00865566,4.94711
0.00866508,4.95368
0.00867158,4.96024
0.00868129,4.96665
0.00869101,4.97309
0.00869795,4.97943
0.00870749,4.98593
0.00871703,4.99243
0.00872352,4.99899
0.00873264,5.00568
0.00874194,5.0123
0.00874769,5.01923
0.00875362,5.02603
0.00876215,5.03302
0.00876787,5.03995
0.00877639,5.04694
0.00878197,5.05393
0.00878787,5.06079
0.00879371,5.06766
0.00880289,5.07431
0.00880906,5.08106
0.00881824,5.08771
0.00882446,5.09439
0.00883341,5.1012
0.00884253,5.10788
0.00885158,5.1146
0.00886059,5.12134
0.00886649,5.12821
0.00887218,5.13516
0.00888082,5.14206
0.00888911,5.14917
0.00889769,5.1561
0.00890597,5.16321
0.00891167,5.17017
0.00892019,5.17713
0.00892871,5.18411
0.00893476,5.19089
0.00894341,5.19782
0.00895223,5.20465
0.00896051,5.21173
0.00896892,5.21875
0.00897422,5.22589
0.00898227,5.2331
0.00898754,5.24027
0.00899523,5.24762
0.00900328,5.25482
0.00901085,5.26227
0.00901848,5.26966
0.00902319,5.27707
0.00903392,5.2844
0.00903922,5.29154
0.00904745,5.29865
0.00905609,5.30557
0.00906455,5.31256
0.00907027,5.31949
0.00907886,5.32645
0.00908714,5.33356
0.00909567,5.34052
0.00910371,5.34772
0.009112,5.35483
0.00912004,5.36203
0.00912803,5.36926
0.00913301,5.37653
0.0091407,5.38394
0.00914868,5.39115
0.00915637,5.3985
0.00916159,5.4057
0.00916969,5.41287
0.00917786,5.42005
0.00918597,5.42722
0.00919407,5.43439
0.00919962,5.44141
0.00920778,5.44855
0.00921312,5.45566
0.00922116,5.46286
0.00922939,5.47
0.00923502,5.47696
0.00924307,5.48413
0.00924873,5.49112
0.00925678,5.49832
0.0092647,5.50559
0.00927269,5.51282
0.00928068,5.52005
0.00928884,5.52719
0.00929671,5.53449
0.00930181,5.54172
0.00930956,5.54907
0.00931766,5.55625
0.00932559,5.56351
0.0093337,5.57071
0.00933927,5.5777
0.00934708,5.58499
0.00935548,5.59204
0.00936353,5.59925
0.00937158,5.60645
0.00937944,5.61374
0.00938695,5.62122
0.00939446,5.62866
0.00940186,5.6362
0.00940925,5.64371
0.00941646,5.65131
0.00942394,5.65878
0.00943139,5.66626
0.00943902,5.67368
0.00944689,5.68094
0.00945168,5.68833
0.00946003,5.69538
0.00946808,5.70261
0.00947612,5.70978
0.00948435,5.71692
0.00949228,5.72418
0.0095005,5.73129
0.00950825,5.73865
0.00951588,5.74607
0.00952613,5.75357
0.00953319,5.76126
0.00953731,5.76895
0.00954702,5.77674
0.00955417,5.7844
0.00956079,5.79227
0.0095675,5.80008
0.00957417,5.80795
0.00958082,5.81583
0.00958779,5.82355
0.00959471,5.83127
0.00960526,5.83869
0.00961527,5.84632
0.00962016,5.85367
0.00962802,5.86093
0.00963607,5.86817
0.00964412,5.87537
0.00965154,5.88288
0.00965634,5.89023
0.00966677,5.89768
0.00967404,5.90524
0.00968146,5.91275
0.0096887,5.92035
0.00969585,5.92798
0.00970551,5.93579
0.00970977,5.94342
0.00971666,5.95117
0.00972372,5.95886
0.00973361,5.96655
0.00974065,5.97425
0.00974807,5.98175
0.00975802,5.98941
0.00976556,5.99689
0.00977283,6.00443
0.00978279,6.01212
0.00978997,6.01975
0.00979691,6.02747
0.00980416,6.03507
0.00981101,6.04282
0.00981807,6.05051
0.00982496,6.05826
0.00983184,6.06601
0.00984168,6.07373
0.00984558,6.08154
0.00985282,6.08911
0.00985995,6.09677
0.00986743,6.10425
0.00987506,6.11164
0.0098828,6.11899
0.00989055,6.12631
0.00989836,6.13364
0.00990647,6.14084
0.0099141,6.14823
0.00992483,6.15555
0.00993263,6.16287
0.00993746,6.17023
0.00994533,6.17752
0.00995266,6.18506
0.00996014,6.19254
0.00996712,6.20026
0.00997421,6.20792
0.00998121,6.21561
0.00999105,6.22333
0.0099982,6.23099
0.0100022,6.23874
0.0100095,6.24628
0.0100167,6.25391
0.0100241,6.26138
0.0100317,6.26883
0.010042,6.27634
0.0100467,6.28375
0.0100569,6.29126
0.0100677,6.29859
0.0100749,6.30618
0.0100792,6.31381
0.0100888,6.32163
0.0100954,6.32956
0.0101023,6.33728
0.0101118,6.34516
0.0101187,6.35294
0.0101253,6.36081
0.010132,6.36862
0.0101391,6.37634
0.010146,6.38407
0.0101562,6.39163
0.0101604,6.39926
0.0101706,6.40683
0.0101777,6.41449
0.010185,6.42203
0.0101923,6.4296
0.0101995,6.43726
0.0102095,6.44486
0.0102163,6.45267
0.0102261,6.46042
0.0102328,6.4683
0.0102391,6.47629
0.0102458,6.48417
0.0102521,6.49216
0.0102617,6.50004
0.010268,6.50803
0.0102773,6.51603
0.0102838,6.52396
0.01029,6.53208
0.0102967,6.53995
0.0103033,6.54783
0.0103107,6.55533
0.0103175,6.56312
0.0103277,6.57068
0.0103348,6.57831
0.010342,6.58597
0.0103521,6.59357
0.0103589,6.60132
0.0103662,6.60889
0.0103732,6.61664
0.0103828,6.62446
0.0103895,6.63227
0.010399,6.6402
0.0104055,6.64814
0.0104117,6.65619
0.0104183,6.66407
0.0104247,6.67206
0.0104341,6.68
0.0104408,6.68787
0.0104502,6.69581
0.0104572,6.70353
0.0104637,6.7114
0.0104706,6.71921
0.0104803,6.72703
0.0104874,6.73469
0.0104975,6.74225
0.0105018,6.74991
0.0105123,6.75727
0.0105194,6.76493
0.0105269,6.77244
0.010534,6.78007
0.0105412,6.78766
0.0105516,6.79517
0.0105555,6.80292
0.0105655,6.81058
0.0105721,6.81852
0.0105818,6.8263
0.0105854,6.83417
0.0105948,6.84211
0.0106014,6.85004
0.0106106,6.85804
0.0106174,6.86591
0.0106268,6.87378
0.0106308,6.8816
0.0106407,6.88929
0.0106477,6.89701
0.0106577,6.90464
0.0106646,6.91239
0.0106719,6.91996
0.0106787,6.92774
0.010686,6.93531
0.0106962,6.94288
0.0107034,6.95051
0.0107137,6.95798
0.0107234,6.9658
0.0107303,6.97358
0.0107366,6.98157
0.0107459,6.98957
0.0107525,6.99744
0.0107616,7.0055
0.010768,7.01349
0.010774,7.02167
0.0107831,7.02973
0.010789,7.03797
0.0107981,7.04609
0.0108075,7.05402
0.0108112,7.06189
0.0108209,7.06971
0.0108278,7.07746
0.010835,7.08509
0.0108447,7.09287
0.0108513,7.10074
0.0108609,7.10862
0.0108673,7.11655
0.0108767,7.12449
0.0108858,7.1326
0.0108951,7.1406
0.0109014,7.14866
0.0109103,7.15684
0.0109193,7.16495
0.0109254,7.17307
0.0109348,7.18101
0.0109439,7.18912
0.0109502,7.19712
0.0109595,7.20511
0.0109685,7.21323
0.0109748,7.22129
0.0109835,7.22953
0.0109925,7.23771
0.0109983,7.24595
0.0110071,7.25419
0.0110129,7.26243
0.0110215,7.27079
0.0110276,7.27891
0.0110365,7.28708
0.0110429,7.29508
0.0110519,7.3032
0.0110583,7.31119
0.0110676,7.31913
0.011077,7.32712
0.0110838,7.33494
0.0110905,7.34275
0.0111001,7.35062
0.0111094,7.35862
0.0111159,7.36649
0.0111257,7.3743
0.0111322,7.38224
0.0111416,7.39017
0.0111479,7.39823
0.0111575,7.40604
0.0111668,7.41404
0.0111733,7.42197
0.0111831,7.42975
0.0111924,7.43769
0.0111988,7.44568
0.0112051,7.45374
0.0112146,7.46168
0.0112208,7.46967
0.0112299,7.47779
0.0112388,7.48597
0.0112475,7.49421
0.0112537,7.50239
0.0112621,7.51075
0.0112709,7.51893
0.0112766,7.52729
0.0112824,7.53553
0.0112913,7.54377
0.0113,7.55201
0.0113063,7.56006
0.0113125,7.56818
0.0113219,7.57606
0.0113284,7.58399
0.011338,7.59186
0.0113446,7.59974
0.0113513,7.60761
0.011361,7.61539
0.0113676,7.62333
0.0113772,7.63114
0.0113836,7.63907
0.0113927,7.64719
0.0114019,7.65525
0.0114077,7.66349
0.0114137,7.67167
0.0114225,7.67985
0.0114287,7.68796
0.0114376,7.6962
0.0114434,7.70444
0.0114496,7.7125
0.0114583,7.7208
0.0114675,7.72886
0.0114766,7.73691
0.011483,7.74485
0.0114926,7.75272
0.0114989,7.76078
0.0115084,7.76865
0.0115173,7.77683
0.0115268,7.78476
0.0115327,7.793
0.0115417,7.80106
0.0115505,7.8093
0.0115592,7.81754
0.0115653,7.82572
0.0115708,7.83414
0.0115767,7.84238
0.0115849,7.85087
0.0115935,7.85917
0.0115993,7.86747
0.0116082,7.87565
0.0116146,7.88364
0.0116234,7.89182
0.0116295,7.9
0.0116382,7.90824
0.0116473,7.91636
0.0116535,7.92441
0.0116597,7.93253
0.011669,7.94047
0.0116748,7.94877
0.0116838,7.95688
0.0116895,7.96518
0.0116983,7.97349
0.0117043,7.98166
0.0117127,7.99003
0.0117217,7.9982
0.0117303,8.00651
0.0117391,8.01468
0.0117449,8.02298
0.0117537,8.03122
0.0117628,8.03928
0.0117714,8.04758
0.0117776,8.0557
0.0117862,8.064
0.0117951,8.07218
0.0118037,8.08048
0.0118091,8.08896
0.0118175,8.09739
0.0118224,8.10605
0.0118305,8.1146
0.0118383,8.12333
0.0118464,8.13193
0.0118543,8.1406
0.011859,8.14933
0.0118644,8.15781
0.0118725,8.16636
0.0118812,8.17466
0.0118869,8.18296
0.0118957,8.1912
0.0119018,8.19932
0.0119105,8.20762
0.0119168,8.21561
0.0119257,8.22379
0.0119349,8.23185
0.0119407,8.24009
0.0119496,8.24827
0.0119582,8.25657
0.0119636,8.26505
0.0119721,8.27341
0.0119771,8.28208
0.0119855,8.29044
0.0119912,8.2988
0.0119998,8.3071
0.0120085,8.3154
0.012014,8.32383
0.0120225,8.33219
0.012028,8.34061
0.0120369,8.34879
0.0120456,8.35709
0.0120544,8.36527
0.0120601,8.37357
0.0120682,8.38212
0.0120764,8.39066
0.0120815,8.39927
0.0120895,8.40787
0.0120976,8.41642
0.0121025,8.42508
0.0121106,8.43369
0.0121183,8.44248
0.0121264,8.45096
0.0121343,8.45969
0.0121425,8.46817
0.0121508,8.4766
0.0121565,8.48496
0.0121682,8.49314
0.0121738,8.5015
0.0121826,8.5098
0.012191,8.51816
0.0121997,8.52646
0.0122081,8.53489
0.0122133,8.54343
0.0122214,8.55198
0.012229,8.56077
0.0122366,8.56955
0.0122439,8.57853
0.0122482,8.58744
0.0122585,8.59641
0.012263,8.60526
0.0122737,8.61399
0.0122813,8.62278
0.0122865,8.63132
0.0122946,8.63987
0.0123,8.64835
0.0123084,8.65677
0.0123167,8.6652
0.0123252,8.67362
0.0123332,8.68216
0.0123413,8.69077
0.0123493,8.69932
0.0123545,8.70792
0.0123655,8.71647
0.0123732,8.72519
0.0123784,8.73374
0.0123864,8.74241
0.0123916,8.75095
0.0123996,8.75956
0.0124051,8.76792
0.0124138,8.77622
0.0124195,8.78452
0.0124285,8.79264
0.0124372,8.80094
0.0124432,8.80912
0.0124519,8.81742
0.0124576,8.82572
0.0124666,8.83384
0.0124753,8.84214
0.0124839,8.85044
0.0124891,8.85898
0.0124971,8.86759
0.0125049,8.87632
0.0125127,8.88498
0.0125208,8.89359
0.0125315,8.90226
0.0125366,8.91086
0.0125442,8.91965
0.0125492,8.92826
0.0125574,8.93686
0.0125655,8.94541
0.0125739,8.95377
0.0125821,8.96232
0.0125907,8.97062
0.0125989,8.9791
0.0126072,8.98758
0.0126125,8.99613
0.0126233,9.00473
0.0126315,9.01322
0.0126365,9.02195
0.0126444,9.03055
0.0126523,9.03922
0.0126601,9.04789
0.0126652,9.05655
0.0126728,9.06528
0.012681,9.07383
0.0126892,9.08237
0.0126978,9.09067
0.0127063,9.09897
0.0127149,9.10734
0.0127206,9.1157
0.0127316,9.12424
0.0127402,9.13254
0.0127484,9.14109
0.0127539,9.14945
0.0127648,9.15806
0.0127698,9.16672
0.0127776,9.17539
0.0127851,9.18424
0.0127958,9.19297
0.0128008,9.20163
0.0128117,9.21018
0.0128197,9.21879
0.0128278,9.22739
0.0128361,9.23588
0.0128441,9.24448
0.0128525,9.25284
0.0128606,9.26145
0.012866,9.26993
0.0128771,9.27842
0.0128853,9.2869
0.0128932,9.29557
0.0129008,9.30436
0.0129056,9.31315
0.0129133,9.32187
0.0129241,9.33048
0.0129292,9.33909
0.012937,9.34781
0.012945,9.35642
0.012953,9.36503
0.0129615,9.37345
0.0129672,9.38175
0.0129787,9.39005
0.0129844,9.39835
0.0129929,9.40671
0.0130017,9.41495
0.0130102,9.42331
0.0130189,9.43161
0.0130273,9.43998
0.0130355,9.44852
0.0130409,9.45694
0.013049,9.46555
0.0130573,9.47397
0.0130623,9.48264
0.0130731,9.49131
0.0130783,9.49985
0.0130892,9.50846
0.0130947,9.51688
0.0130998,9.52549
0.0131111,9.53391
0.0131161,9.54252
0.0131273,9.551
0.0131355,9.55954
0.0131437,9.56803
0.013152,9.57651
0.01316,9.58512
0.0131713,9.59354
0.0131794,9.60209
0.0131876,9.61063
0.0131929,9.61911
0.0132038,9.62772
0.0132091,9.6362
0.0132202,9.64475
0.0132287,9.65311
0.0132367,9.66172
0.0132448,9.67026
0.0132528,9.67887
0.0132576,9.6876
0.0132656,9.6962
0.0132734,9.70487
0.0132814,9.71354
0.013289,9.72233
0.0132994,9.73118
0.0133041,9.73996
0.0133142,9.74894
0.0133246,9.75779
0.0133318,9.76682
0.0133423,9.77561
0.0133493,9.78464
0.013359,9.7938
0.0133657,9.80301
0.0133723,9.81229
0.0133822,9.82139
0.0133918,9.83066
0.0133987,9.83976
0.0134051,9.8491
0.0134145,9.85843
0.0134211,9.86771
0.0134307,9.87693
0.0134378,9.88596
0.0134475,9.89512
0.0134546,9.90421
0.0134641,9.91343
0.013471,9.92258
0.0134809,9.93168
0.0134879,9.94071
0.0134952,9.94968
0.0135049,9.95884
0.0135119,9.96793
0.0135186,9.97715
0.0135284,9.98624
0.013538,9.99552
0.0135448,10.0047
0.0135518,10.0137
0.0135587,10.0229
0.0135655,10.0321
0.013575,10.0413
0.0135813,10.0507
0.0135882,10.0598
0.0135979,10.069
0.0136081,10.078
0.0136152,10.087
0.0136225,10.096
0.0136296,10.105
0.0136395,10.114
0.0136468,10.123
0.013654,10.132
0.0136618,10.1407
0.0136688,10.1498
0.0136759,10.1588
0.013683,10.1678
0.0136926,10.177
0.0136996,10.1861
0.0137087,10.1955
0.0137155,10.2047
0.013722,10.2141
0.0137313,10.2234
0.0137378,10.2328
0.0137443,10.2421
0.0137539,10.2513
0.0137601,10.2607
0.0137667,10.27
0.013776,10.2794
0.0137859,10.2885
0.0137929,10.2976
0.0137997,10.3067
0.0138068,10.3158
0.0138162,10.3251
0.0138229,10.3343
0.0138325,10.3435
0.0138391,10.3528
0.0138459,10.362
0.0138521,10.3714
0.0138585,10.3808
0.0138673,10.3904
0.0138735,10.3998
0.0138825,10.4094
0.0138885,10.4189
0.0138945,10.4285
0.0139031,10.4381
0.0139093,10.4477
0.0139182,10.4572
0.0139244,10.4666
0.0139303,10.4762
0.0139392,10.4858
0.0139484,10.4952
0.0139574,10.5047
0.0139638,10.5141
0.0139698,10.5237
0.0139788,10.5332
0.0139878,10.5427
0.0139935,10.5523
0.0140026,10.5619
0.014008,10.5716
0.0140198,10.5812
0.0140252,10.591
0.0140336,10.6009
0.014042,10.6106
0.0140477,10.6203
0.0140562,10.6301
0.0140645,10.6399
0.0140704,10.6495
0.014079,10.6592
0.0140879,10.6688
0.0140938,10.6784
0.0141027,10.6879
0.0141093,10.6972
0.0141181,10.7068
0.0141245,10.7162
0.0141336,10.7256
0.0141427,10.7351
0.014149,10.7445
0.0141577,10.7541
0.0141639,10.7636
0.0141727,10.7732
0.0141789,10.7826
0.0141847,10.7923
0.0141937,10.8018
0.0141998,10.8113
0.0142087,10.8208
0.0142181,10.8302
0.0142242,10.8397
0.0142309,10.8489
0.0142403,10.8583
0.0142496,10.8676
0.0142561,10.8769
0.0142656,10.8862
0.0142721,10.8956
0.0142813,10.9049
0.0142874,10.9145
0.0142933,10.9241
0.0143019,10.9338
0.0143107,10.9433
0.014319,10.9532
0.0143247,10.9629
0.01433,10.9728
0.0143384,10.9825
0.0143469,10.9923
0.0143554,11.0021
0.0143615,11.0116
0.0143732,11.0212
0.0143794,11.0306
0.0143884,11.0401
0.0143978,11.0494
0.0144073,11.0587
0.0144135,11.0682
0.0144225,11.0777
0.0144312,11.0873
0.0144372,11.0969
0.0144455,11.1067
0.0144535,11.1167
0.0144589,11.1266
0.0144667,11.1366
0.0144747,11.1466
0.0144827,11.1566
0.0144913,11.1663
0.0144969,11.176
0.0145056,11.1857
0.0145143,11.1954
0.0145233,11.2048
0.0145326,11.2142
0.0145417,11.2237
0.0145508,11.2331
0.0145597,11.2427
0.0145655,11.2524
0.0145739,11.2621
0.0145818,11.2721
0.0145899,11.2821
0.0145976,11.2922
0.0146026,11.3022
0.0146103,11.3124
0.0146179,11.3226
0.0146258,11.3326
0.0146337,11.3426
0.0146418,11.3525
0.0146499,11.3625
0.0146585,11.3722
0.0146671,11.3819
0.014673,11.3915
0.014682,11.401
0.0146908,11.4106
0.0146999,11.42
0.0147087,11.4297
0.0147147,11.4392
0.0147233,11.4489
0.0147318,11.4586
0.0147374,11.4684
0.0147453,11.4784
0.0147502,11.4885
0.0147578,11.4987
0.0147655,11.5088
0.0147735,11.5188
0.0147785,11.5288
0.0147866,11.5387
0.0147947,11.5486
0.0148032,11.5584
0.0148119,11.5681
0.0148206,11.5777
0.0148296,11.5872
0.0148384,11.5968
0.0148475,11.6063
0.0148559,11.6161
0.0148616,11.6258
0.0148697,11.6357
0.0148778,11.6457
0.0148828,11.6557
0.0148904,11.6659
0.0148986,11.6758
0.0149066,11.6857
0.0149148,11.6956
0.01492,11.7056
0.0149281,11.7154
0.0149366,11.7252
0.0149419,11.7351
0.0149506,11.7447
0.0149592,11.7544
0.0149681,11.764
0.0149765,11.7738
0.0149848,11.7836
0.0149932,11.7934
0.0150014,11.8033
0.0150069,11.8131
0.0150182,11.8229
0.0150266,11.8327
0.0150319,11.8426
0.0150398,11.8526
0.0150477,11.8626
0.0150554,11.8728
0.0150602,11.8829
0.0150707,11.8931
0.0150783,11.9032
0.0150858,11.9134
0.0150932,11.9238
0.015101,11.9338
0.0151056,11.944
0.0151134,11.9541
0.0151211,11.9642
0.015129,11.9743
0.0151372,11.9842
0.015145,11.9942
0.0151533,12.0041
0.0151613,12.014
0.0151693,12.024
0.0151769,12.0342
0.0151844,12.0444
0.0151893,12.0545
0.0151967,12.0647
0.0152043,12.0749
0.0152087,12.0852
0.0152163,12.0954
0.0152235,12.1058
0.0152309,12.1161
0.0152355,12.1263
0.0152458,12.1365
0.0152506,12.1467
0.0152582,12.1568
0.0152632,12.1669
0.0152716,12.1767
0.01528,12.1864
0.0152886,12.1961
0.0152998,12.206
0.0153055,12.2157
0.0153139,12.2254
0.0153223,12.2353
0.0153307,12.245
0.0153388,12.255
0.0153439,12.265
0.0153512,12.2753
0.0153584,12.2856
0.0153653,12.2961
0.0153723,12.3066
0.0153793,12.3171
0.0153862,12.3276
0.0153937,12.3378
0.0154009,12.3481
0.0154085,12.3583
0.0154162,12.3685
0.015424,12.3785
0.0154288,12.3887
0.0154364,12.3988
0.0154473,12.4088
0.0154548,12.4191
0.0154652,12.4292
0.0154722,12.4397
0.015479,12.4502
0.0154857,12.4609
0.0154947,12.4717
0.015501,12.4825
0.015507,12.4935
0.015516,12.5043
0.0155217,12.5154
0.0155306,12.5264
0.0155367,12.5372
0.0155457,12.5481
0.0155522,12.5588
0.0155586,12.5696
0.0155655,12.5801
0.0155721,12.5907
0.0155819,12.6012
0.0155886,12.6118
0.015598,12.6225
0.0156044,12.6333
0.0156104,12.6442
0.0156194,12.6551
0.0156253,12.6661
0.0156311,12.677
0.0156397,12.6881
0.0156453,12.6993
0.0156511,12.7103
0.0156596,12.7214
0.0156658,12.7322
0.0156751,12.743
0.0156817,12.7536
0.0156883,12.7643
0.0156948,12.7749
0.0157017,12.7854
0.0157113,12.7961
0.015718,12.8067
0.0157247,12.8173
0.0157282,12.828
0.0157378,12.8387
0.0157469,12.8495
0.0157534,12.8602
0.0157595,12.871
0.0157656,12.8819
0.0157717,12.8928
0.0157778,12.9037
0.0157871,12.9145
0.0157932,12.9253
0.0157997,12.936
0.0158061,12.9468
0.0158156,12.9574
0.0158224,12.9679
0.015829,12.9786
0.015836,12.9891
0.0158425,12.9997
0.0158525,13.0102
0.0158593,13.0207
0.015869,13.0313
0.0158759,13.0418
0.0158825,13.0524
0.0158891,13.063
0.0158951,13.074
0.0159041,13.0849
0.0159098,13.0959
0.0159155,13.107
0.0159238,13.1182
0.0159319,13.1296
0.0159375,13.1407
0.0159456,13.152
0.0159511,13.1631
0.0159596,13.1743
0.0159655,13.1853
0.0159717,13.1961
0.015978,13.2069
0.0159877,13.2174
0.0159944,13.228
0.0160012,13.2386
0.0160077,13.2493
0.016017,13.26
0.0160233,13.2708
0.0160321,13.2818
0.0160409,13.2928
0.0160465,13.3039
0.0160547,13.3152
0.0160596,13.3266
0.0160673,13.3381
0.0160751,13.3496
0.0160798,13.3611
0.0160878,13.3724
0.016096,13.3838
0.0161042,13.395
0.0161098,13.4061
0.0161181,13.4173
0.0161241,13.4283
0.016133,13.4392
0.016142,13.4501
0.0161483,13.4609
0.0161545,13.4717
0.0161636,13.4825
0.0161692,13.4937
0.0161779,13.5047
0.0161832,13.5159
0.0161916,13.5271
0.0162002,13.5383
0.0162055,13.5495
0.016211,13.5607
0.0162163,13.5719
0.0162221,13.5829
0.0162303,13.5942
0.0162391,13.6051
0.0162453,13.616
0.0162515,13.6268
0.0162608,13.6376
0.0162696,13.6485
0.0162787,13.6594
0.0162846,13.6704
0.0162936,13.6813
0.0163025,13.6922
0.0163081,13.7033
0.0163166,13.7144
0.0163245,13.7259
0.0163326,13.7372
0.0163374,13.7487
0.0163482,13.7601
0.0163559,13.7716
0.0163607,13.7831
0.0163684,13.7945
0.0163759,13.8061
0.0163838,13.8175
0.0163914,13.8291
0.0163992,13.8406
0.0164071,13.852
0.0164153,13.8633
0.0164265,13.8744
0.0164345,13.8858
0.0164426,13.8971
0.0164504,13.9086
0.0164584,13.92
0.0164637,13.9313
0.0164717,13.9426
0.0164796,13.954
0.0164871,13.9656
0.0164947,13.9772
0.016502,13.9888
0.0165096,14.0004
0.016517,14.012
0.0165244,14.0237
0.0165318,14.0353
0.0165391,14.047
0.0165467,14.0586
0.0165543,14.0701
0.016562,14.0816
0.0165698,14.0931
0.0165776,14.1045
0.0165829,14.1158
0.0165906,14.1273
0.0166013,14.1388
0.016609,14.1503
0.0166167,14.1617
0.0166243,14.1733
0.0166319,14.1849
0.0166365,14.1965
0.0166437,14.2082
0.016651,14.2198
0.0166584,14.2316
0.016666,14.243
0.0166739,14.2545
0.0166814,14.266
0.0166865,14.2774
0.0166944,14.2888
0.0166996,14.3002
0.0167078,14.3114
0.0167188,14.3227
0.0167241,14.334
0.0167323,14.3452
0.0167408,14.3564
0.0167487,14.3678
0.0167566,14.3792
0.0167615,14.3907
0.0167689,14.4023
0.0167766,14.4137
0.0167841,14.4254
0.0167914,14.4371
0.0167958,14.4488
0.016803,14.4605
0.01681,14.4723
0.0168172,14.4841
0.0168247,14.4957
0.0168322,14.5073
0.0168401,14.5187
0.016845,14.5301
0.0168529,14.5415
0.016861,14.5528
0.0168688,14.5643
0.0168767,14.5757
0.0168843,14.5873
0.016892,14.5987
0.0168994,14.6104
0.0169065,14.6222
0.0169137,14.634
0.0169206,14.6458
0.0169279,14.6575
0.0169348,14.6694
0.0169417,14.6813
0.0169488,14.693
0.0169562,14.7047
0.0169637,14.7163
0.016971,14.728
0.0169757,14.7395
0.0169832,14.7511
0.0169938,14.7626
0.0170014,14.7742
0.0170089,14.7858
0.0170163,14.7974
0.0170234,14.8092
0.0170336,14.821
0.0170406,14.8327
0.0170477,14.8446
0.0170574,14.8564
0.0170641,14.8685
0.0170709,14.8804
0.0170777,14.8923
0.0170818,14.9042
0.017089,14.9159
0.0170965,14.9275
0.0171041,14.939
0.0171118,14.9505
0.0171199,14.9618
0.0171279,14.9732
0.0171363,14.9844
0.0171417,14.9956
0.0171501,15.0067
0.0171587,15.0178
0.0171641,15.029
0.0171724,15.0403
0.0171802,15.0517
0.0171911,15.063
0.0171987,15.0746
0.0172063,15.0862
0.0172108,15.0978
0.0172208,15.1096
0.0172251,15.1213
0.0172348,15.1333
0.0172388,15.1452
0.0172483,15.1571
0.0172551,15.1691
0.017262,15.181
0.0172688,15.1929
0.0172759,15.2047
0.0172827,15.2167
0.0172927,15.2284
0.0172965,15.2404
0.0173035,15.2522
0.0173136,15.264
0.0173206,15.2759
0.0173278,15.2876
0.0173346,15.2995
0.0173444,15.3113
0.0173481,15.3234
0.0173573,15.3356
0.0173637,15.3477
0.0173728,15.3599
0.017379,15.3721
0.0173851,15.3844
0.0173911,15.3967
0.0173997,15.4091
0.0174085,15.4215
0.0174172,15.4339
0.0174262,15.4462
0.0174327,15.4582
0.0174417,15.4705
0.0174507,15.4828
0.0174568,15.495
0.0174628,15.5073
0.0174718,15.5196
0.017478,15.5318
0.0174842,15.544
0.0174931,15.5563
0.017499,15.5687
0.0175076,15.5811
0.0175132,15.5936
0.0175221,15.6059
0.0175279,15.6183
0.0175343,15.6305
0.0175405,15.6427
0.0175495,15.6549
0.0175559,15.667
0.017565,15.6792
0.0175718,15.6912
0.0175816,15.703
0.0175888,15.7148
0.0175958,15.7267
0.0176027,15.7386
0.0176124,15.7505
0.0176192,15.7624
0.0176263,15.7742
0.017633,15.7862
0.0176398,15.7981
0.0176493,15.8101
0.0176558,15.8222
0.0176625,15.8342
0.0176662,15.8462
0.0176757,15.8582
0.0176825,15.8701
0.0176896,15.8819
0.0176996,15.8937
0.0177036,15.9056
0.0177136,15.9173
0.0177208,15.9291
0.0177281,15.9408
0.0177381,15.9526
0.0177454,15.9643
0.0177526,15.976
0.0177595,15.988
0.0177691,15.9999
0.0177757,16.0119
0.0177853,16.0239
0.0177916,16.0361
0.0177976,16.0483
0.0178066,16.0606
0.0178123,16.073
0.0178213,16.0853
0.0178273,16.0976
0.0178366,16.1098
0.01784,16.122
0.0178493,16.134
0.0178589,16.1461
0.0178655,16.1581
0.0178724,16.1699
0.0178819,16.1819
0.0178919,16.1938
0.0178984,16.2058
0.0179079,16.2179
0.0179169,16.2301
0.0179229,16.2424
0.017929,16.2547
0.0179378,16.267
0.017944,16.2792
0.0179528,16.2916
0.0179589,16.3039
0.017965,16.3161
0.0179741,16.3284
0.0179805,16.3405
0.0179898,16.3526
0.0179966,16.3645
0.0180063,16.3765
0.0180131,16.3884
0.01802,16.4003
0.0180297,16.4122
0.018034,16.424
0.0180438,16.4359
0.0180508,16.4477
0.0180605,16.4595
0.0180673,16.4716
0.0180741,16.4835
0.0180836,16.4955
0.0180903,16.5075
0.0180938,16.5196
0.0181031,16.5317
0.0181093,16.5439
0.0181156,16.5561
0.018125,16.5681
0.0181315,16.5802
0.0181383,16.5921
0.0181476,16.6043
0.018157,16.6163
0.0181636,16.6284
0.0181702,16.6404
0.01818,16.6523
0.0181865,16.6643
0.0181961,16.6763
0.0182023,16.6885
0.0182112,16.7008
0.01822,16.7132
0.0182259,16.7255
0.0182349,16.7378
0.0182408,16.7501
0.0182496,16.7625
0.0182551,16.7751
0.0182635,16.7876
0.0182692,16.8001
0.0182748,16.8126
0.0182836,16.8249
0.0182925,16.8372
0.0182984,16.8496
0.0183071,16.862
0.0183127,16.8745
0.0183216,16.8868
0.0183274,16.8992
0.0183363,16.9115
0.0183446,16.9241
0.018353,16.9366
0.0183611,16.9493
0.0183691,16.9621
0.0183743,16.9748
0.0183794,16.9876
0.0183876,17.0002
0.0183928,17.0128
0.0183983,17.0254
0.0184037,17.038
0.0184123,17.0504
0.018421,17.0628
0.0184267,17.0753
0.0184356,17.0876
0.0184444,17.0999
0.0184533,17.1122
0.018459,17.1247
0.0184676,17.1371
0.0184736,17.1495
0.0184823,17.1619
0.0184882,17.1743
0.018494,17.1866
0.0185,17.199
0.018509,17.2112
0.018515,17.2235
0.0185242,17.2357
0.0185273,17.248
0.0185363,17.2603
0.0185452,17.2725
0.0185516,17.2847
0.018561,17.2968
0.0185675,17.3088
0.018574,17.3209
0.0185832,17.3331
0.0185898,17.3451
0.018599,17.3573
0.0186085,17.3693
0.018612,17.3814
0.0186211,17.3936
0.0186303,17.4058
0.0186363,17.4181
0.0186449,17.4305
0.0186535,17.443
0.0186594,17.4554
0.0186654,17.4677
0.0186714,17.4799
0.0186806,17.4921
0.0186867,17.5044
0.0186929,17.5166
0.0187019,17.5289
0.0187085,17.5409
0.0187155,17.5527
0.0187283,17.5646
0.018735,17.5765
0.0187416,17.5886
0.0187479,17.6008
0.018757,17.6129
0.0187662,17.6251
0.0187751,17.6375
0.0187809,17.6498
0.0187896,17.6623
0.0187949,17.6749
0.0188031,17.6875
0.0188113,17.7002
0.0188166,17.7128
0.0188251,17.7253
0.0188334,17.7379
0.0188419,17.7504
0.0188473,17.763
0.0188559,17.7755
0.0188646,17.7879
0.0188732,17.8003
0.0188793,17.8126
0.018888,17.825
0.0188966,17.8374
0.0189025,17.8498
0.0189117,17.8621
0.0189214,17.8743
0.0189278,17.8866
0.0189371,17.8989
0.0189436,17.9113
0.0189531,17.9235
0.0189626,17.9358
0.0189691,17.9481
0.0189788,17.9602
0.0189882,17.9725
0.018995,17.9847
0.0190015,17.997
0.0190083,18.0092
0.019018,18.0213
0.0190273,18.0336
0.0190369,18.0459
0.0190462,18.0582
0.0190559,18.0704
0.0190652,18.0828
0.0190713,18.0952
0.0190805,18.1076
0.0190866,18.1201
0.0190957,18.1326
0.0191046,18.1451
0.0191107,18.1576
0.0191197,18.1701
0.0191286,18.1826
0.0191375,18.1952
0.0191463,18.2078
0.0191554,18.2203
0.019161,18.233
0.0191698,18.2455
0.0191786,18.2581
0.0191871,18.2709
0.0191958,18.2836
0.0192071,18.2963
0.0192155,18.3091
0.0192236,18.3221
0.0192347,18.3349
0.0192428,18.3479
0.0192507,18.3608
0.0192588,18.3738
0.0192666,18.3869
0.0192747,18.3998
0.0192825,18.4129
0.0192934,18.4259
0.0193016,18.4388
0.0193098,18.4517
0.0193182,18.4645
0.0193292,18.4774
0.0193377,18.4901
0.0193463,18.5028
0.019355,18.5154
0.0193637,18.5281
0.0193723,18.5408
0.0193809,18.5535
0.0193892,18.5663
0.019398,18.5789
0.0194067,18.5916
0.0194154,18.6042
0.0194242,18.6168
0.019433,18.6294
0.0194391,18.6418
0.0194452,18.6544
0.0194545,18.6667
0.0194633,18.6793
0.0194693,18.6918
0.0194782,18.7044
0.019487,18.717
0.019496,18.7295
0.0195045,18.7422
0.0195131,18.7549
0.0195215,18.7677
0.0195298,18.7805
0.0195382,18.7933
0.0195493,18.8062
0.019555,18.8189
0.0195631,18.8319
0.0195686,18.8447
0.0195799,18.8574
0.0195852,18.8702
0.0195934,18.8832
0.0196046,18.896
0.0196102,18.9088
0.0196184,18.9216
0.0196267,18.9345
0.0196349,18.9473
0.019643,18.9603
0.0196542,18.9731
0.0196592,18.9861
0.0196673,18.9991
0.0196781,19.0121
0.0196857,19.0253
0.0196933,19.0385
0.0197039,19.0516
0.0197118,19.0646
0.0197193,19.0778
0.019727,19.0909
0.0197344,19.1043
0.0197416,19.1176
0.0197489,19.1309
0.0197561,19.1442
0.0197664,19.1575
0.0197736,19.171
0.0197836,19.1843
0.0197908,19.1977
0.0197979,19.2111
0.019805,19.2246
0.0198122,19.2379
0.0198197,19.2512
0.019827,19.2645
0.0198343,19.2778
0.0198416,19.2911
0.0198488,19.3044
0.0198589,19.3178
0.019863,19.3312
0.0198701,19.3447
0.0198798,19.3582
0.0198868,19.3717
0.0198938,19.3851
0.0198981,19.3985
0.0199054,19.4119
0.0199124,19.4253
0.0199198,19.4386
0.0199272,19.4518
0.0199349,19.465
0.0199426,19.4781
0.0199502,19.4912
0.0199578,19.5045
0.0199652,19.5178
0.0199727,19.5309
0.01998,19.5443
0.0199874,19.5576
0.0199946,19.5709
0.0200015,19.5844
0.0200087,19.5978
0.0200157,19.6113
0.0200229,19.6246
0.0200327,19.6381
0.0200396,19.6516
0.0200466,19.6651
0.0200563,19.6787
0.0200634,19.6921
0.0200674,19.7056
0.0200744,19.7191
0.0200839,19.7327
0.0200907,19.7463
0.0200974,19.7599
0.0201067,19.7736
0.0201133,19.7873
0.0201222,19.8012
0.0201285,19.815
0.0201374,19.829
0.0201434,19.8429
0.0201523,19.8569
0.0201583,19.8709
0.0201643,19.8848
0.020173,19.8988
0.020179,19.9127
0.0201878,19.9268
0.0201938,19.9407
0.0202028,19.9546
0.0202088,19.9685
0.0202179,19.9824
0.0202241,19.9963
0.0202301,20.0102
0.0202394,20.0239
0.0202457,20.0378
0.0202523,20.0514
0.0202617,20.0651
0.0202683,20.0788
0.0202746,20.0925
0.0202812,20.1063
0.0202879,20.1198
0.0202947,20.1334
0.0203045,20.1469
0.0203111,20.1606
0.0203179,20.1741
0.0203246,20.1877
0.0203339,20.2015
0.0203407,20.215
0.0203501,20.2288
0.0203569,20.2423
0.0203634,20.256
0.0203727,20.2698
0.0203788,20.2837
0.020385,20.2975
0.0203913,20.3113
0.0203974,20.3253
0.0204038,20.339
0.0204127,20.3529
0.0204219,20.3668
0.020428,20.3806
0.0204342,20.3945
0.0204432,20.4083
0.0204493,20.4222
0.0204583,20.4362
0.0204641,20.4502
0.0204729,20.4642
0.0204787,20.4783
0.0204872,20.4924
0.0204929,20.5065
0.0204983,20.5207
0.0205097,20.5349
0.0205153,20.549
0.0205208,20.5632
0.0205291,20.5775
0.0205345,20.5917
0.0205429,20.6058
0.0205512,20.6201
0.0205567,20.6343
0.0205653,20.6484
0.020571,20.6625
0.0205825,20.6766
0.0205881,20.6907
0.020594,20.7047
0.0206026,20.7188
0.0206115,20.7327
0.0206174,20.7468
0.0206264,20.7606
0.0206325,20.7745
0.020641,20.7887
0.0206467,20.8027
0.0206523,20.817
0.0206608,20.8311
0.0206694,20.8452
0.0206747,20.8594
0.02068,20.8737
0.020688,20.8881
0.0206934,20.9023
0.0207018,20.9165
0.0207072,20.9308
0.0207156,20.945
0.0207208,20.9593
0.0207292,20.9735
0.0207346,20.9877
0.0207402,21.0018
0.0207485,21.0161
0.0207568,21.0303
0.020762,21.0447
0.0207699,21.0591
0.0207752,21.0734
0.020783,21.0879
0.0207906,21.1024
0.0207952,21.1171
0.0208027,21.1317
0.0208102,21.1464
0.0208174,21.1611
0.0208217,21.1758
0.0208287,21.1907
0.0208387,21.2055
0.0208429,21.2203
0.02085,21.2352
0.0208572,21.2499
0.020864,21.2649
0.0208707,21.2799
0.0208775,21.2949
0.0208843,21.3098
0.0208909,21.3249
0.0208973,21.34
0.0209036,21.3553
0.0209095,21.3707
0.0209184,21.386
0.0209244,21.4014
0.0209306,21.4166
0.0209366,21.4319
0.0209424,21.4474
0.0209483,21.4628
0.0209541,21.4782
0.0209602,21.4935
0.0209691,21.5089
0.0209752,21.5242
0.0209813,21.5395
0.0209872,21.5549
0.0209931,21.5703
0.0210018,21.5858
0.0210047,21.6012
0.0210107,21.6166
0.0210195,21.632
0.0210255,21.6473
0.0210313,21.6628
0.0210371,21.6782
0.0210428,21.6937
0.0210488,21.709
0.0210545,21.7245
0.0210604,21.7399
0.0210664,21.7553
0.0210724,21.7706
0.0210784,21.786
0.0210843,21.8014
0.0210904,21.8167
0.0210966,21.832
0.0211026,21.8473
0.0211085,21.8627
0.0211144,21.8781
0.0211202,21.8936
0.0211258,21.9091
0.0211313,21.9246
0.0211369,21.9402
0.0211421,21.9558
0.0211502,21.9716
0.0211552,21.9874
0.0211604,22.0032
0.0211656,22.0189
0.021171,22.0345
0.0211794,22.0502
0.0211847,22.0659
0.0211901,22.0815
0.0211924,22.0972
0.0212008,22.1129
0.021206,22.1286
0.0212111,22.1444
0.0212189,22.1602
0.0212209,22.1761
0.0212284,22.1922
0.0212355,22.2083
0.0212427,22.2246
0.0212468,22.2408
0.0212537,22.2571
0.0212576,22.2735
0.0212642,22.29
0.0212681,22.3063
0.0212746,22.3228
0.0212813,22.3393
0.021285,22.3557
0.0212917,22.3721
0.0212953,22.3886
0.0212988,22.4052
0.0213053,22.4217
0.0213117,22.4383
0.0213154,22.4548
0.0213218,22.4713
0.0213254,22.4877
0.0213318,22.5043
0.0213354,22.5208
0.021345,22.5373
0.0213488,22.5537
0.0213526,22.5701
0.0213592,22.5865
0.0213629,22.603
0.0213695,22.6194
0.0213728,22.6362
0.021382,22.6528
0.0213851,22.6695
0.021391,22.6863
0.0213967,22.7032
0.0214021,22.7203
0.0214075,22.7372
0.0214126,22.7545
0.0214176,22.7717
0.0214254,22.789
0.0214304,22.8062
0.0214323,22.8236
0.0214397,22.841
0.0214443,22.8585
0.0214488,22.8759
0.0214563,22.8934
0.0214608,22.9108
0.0214651,22.9285
0.0214696,22.9459
0.021474,22.9634
0.0214814,22.981
0.0214884,22.9985
0.0214927,23.0161
0.0214968,23.0338
0.0215009,23.0515
0.0215078,23.0692
0.0215114,23.0872
0.0215181,23.105
0.0215218,23.1228
0.0215285,23.1406
0.0215324,23.1585
0.021539,23.1763
0.0215457,23.1941
0.0215497,23.2118
0.0215536,23.2296
0.0215605,23.2473
0.0215649,23.2649
0.0215721,23.2824
0.0215765,23.2999
0.0215809,23.3174
0.0215853,23.335
0.0215929,23.3524
0.0215971,23.37
0.0216015,23.3876
0.0216087,23.405
0.0216129,23.4227
0.0216201,23.4403
0.0216243,23.4579
0.0216284,23.4756
0.0216352,23.4933
0.0216391,23.5111
0.021643,23.5289
0.0216472,23.5465
0.0216543,23.5641
0.0216614,23.5818
0.0216655,23.5994
0.0216696,23.6171
0.0216765,23.6349
0.0216804,23.6526
0.0216842,23.6704
0.0216909,23.6882
0.0216976,23.7061
0.0217014,23.7239
0.0217079,23.7417
0.0217146,23.7597
0.0217214,23.7774
0.0217248,23.7954
0.0217311,23.8134
0.0217345,23.8314
0.021741,23.8494
0.0217471,23.8674
0.0217561,23.8855
0.021762,23.9038
0.0217674,23.9221
0.0217701,23.9406
0.0217757,23.9589
0.0217813,23.9772
0.02179,23.9955
0.0217928,24.0138
0.0217986,24.032
0.0218044,24.0503
0.0218073,24.0685
0.0218162,24.0867
0.0218192,24.1049
0.021825,24.1232
0.0218306,24.1415
0.0218335,24.1598
0.0218421,24.1781
0.021845,24.1963
0.0218506,24.2147
0.021856,24.233
0.0218616,24.2515
0.0218668,24.27
0.0218692,24.2885
0.0218773,24.307
0.0218794,24.3257
0.0218871,24.3444
0.0218918,24.3632
0.0218964,24.3821
0.0219038,24.4009
0.0219112,24.4198
0.0219155,24.4387
0.0219199,24.4578
0.0219269,24.4768
0.0219311,24.4959
0.0219379,24.515
0.0219417,24.5342
0.0219486,24.5534
0.0219553,24.5725
0.0219647,24.5919
0.021971,24.6113
0.0219744,24.6307
0.0219806,24.6502
0.0219837,24.6697
0.0219897,24.6892
0.0219929,24.7087
0.021999,24.7283
0.022005,24.7479
0.0220108,24.7675
0.0220169,24.787
0.022023,24.8065
0.0220261,24.8261
0.0220323,24.8456
0.0220354,24.8651
0.0220388,24.8845
0.0220451,24.9039
0.0220513,24.9235
0.0220575,24.9429
0.022061,24.9623
0.0220674,24.9817
0.0220736,25.0011
0.0220772,25.0204
0.0220837,25.0397
0.022088,25.0587
0.0220949,25.0779
0.0221017,25.0971
0.0221057,25.1161
0.0221098,25.1351
0.022117,25.1542
0.0221211,25.1732
0.0221283,25.1923
0.0221354,25.2113
0.0221397,25.2302
0.0221467,25.2493
0.0221509,25.2683
0.0221553,25.2872
0.0221624,25.3063
0.0221695,25.3253
0.0221735,25.3445
0.0221804,25.3637
0.0221874,25.3827
0.0221939,25.402
0.0222003,25.4213
0.0222035,25.4408
0.02221,25.4602
0.0222162,25.4796
0.0222194,25.4992
0.0222255,25.5187
0.0222284,25.5383
0.0222344,25.5579
0.02224,25.5776
0.0222459,25.5972
0.0222546,25.6168
0.0222576,25.6365
0.0222631,25.6563
0.0222716,25.676
0.0222746,25.6957
0.0222805,25.7153
0.0222864,25.7349
0.0222925,25.7544
0.0222959,25.7738
0.0223024,25.7931
0.0223086,25.8125
0.022315,25.8319
0.0223215,25.8512
0.0223251,25.8706
0.0223312,25.89
0.0223374,25.9096
0.0223437,25.929
0.0223498,25.9485
0.0223531,25.968
0.0223589,25.9876
0.0223648,26.0072
0.0223678,26.0269
0.0223734,26.0466
0.0223792,26.0662
0.022385,26.0858
0.0223911,26.1055
0.0223968,26.1251
0.0224027,26.1447
0.0224085,26.1643
0.0224143,26.1841
0.02242,26.2037
0.0224226,26.2235
0.0224312,26.2433
0.0224366,26.2631
0.022442,26.283
0.0224471,26.303
0.0224521,26.323
0.02246,26.343
0.0224648,26.3632
0.0224725,26.3833
0.0224743,26.4035
0.022482,26.4236
0.0224866,26.4439
0.0224942,26.464
0.0224992,26.4841
0.0225071,26.5042
0.0225121,26.5242
0.0225171,26.5442
0.0225249,26.5643
0.0225301,26.5842
0.0225353,26.6043
0.0225404,26.6243
0.0225458,26.6441
0.0225512,26.6639
0.0225564,26.6838
0.0225614,26.7039
0.0225667,26.7239
0.0225717,26.7438
0.0225772,26.7637
0.0225825,26.7836
0.0225878,26.8035
0.0225933,26.8232
0.0225985,26.8433
0.0226037,26.8632
0.0226089,26.8831
0.0226141,26.9031
0.0226194,26.923
0.0226246,26.9429
0.0226327,26.9629
0.0226377,26.9829
0.0226427,27.0029
0.0226475,27.0231
0.0226522,27.0432
0.0226598,27.0635
0.0226647,27.0835
0.0226695,27.1036
0.022674,27.1239
0.0226815,27.1442
0.0226859,27.1646
0.022693,27.1849
0.0226972,27.2055
0.0227042,27.226
0.0227085,27.2463
0.0227152,27.2669
0.022719,27.2875
0.0227255,27.3082
0.022729,27.329
0.0227352,27.3499
0.0227385,27.3707
0.0227452,27.3914
0.0227516,27.4121
0.0227553,27.4329
0.0227618,27.4535
0.0227626,27.4743
0.022769,27.495
0.0227727,27.5156
0.0227767,27.5361
0.0227807,27.5568
0.0227875,27.5773
0.0227942,27.5979
0.0228009,27.6185
0.0228046,27.6392
0.022811,27.6599
0.0228147,27.6807
0.0228212,27.7014
0.0228247,27.7222
0.0228311,27.7429
0.0228346,27.7637
0.0228411,27.7844
0.0228477,27.8051
0.0228514,27.8258
0.0228579,27.8464
0.0228643,27.8672
0.0228706,27.8881
0.0228766,27.9091
0.0228826,27.9301
0.0228882,27.9512
0.0228907,27.9724
0.0228985,27.9939
0.0229059,28.0156
0.0229101,28.0374
0.022917,28.0593
0.022921,28.0813
0.0229248,28.1033
0.0229316,28.1253
0.0229351,28.1475
0.0229414,28.1697
0.0229449,28.1918
0.0229483,28.214
0.0229549,28.2361
0.0229583,28.2583
0.0229647,28.2805
0.022971,28.3027
0.0229745,28.325
0.0229812,28.3469
0.0229851,28.3689
0.0229892,28.3908
0.0229933,28.4127
0.0229978,28.4345
0.0230048,28.4563
0.0230089,28.4782
0.0230133,28.4999
0.0230173,28.5219
0.0230244,28.5437
0.0230313,28.5656
0.023035,28.5877
0.0230413,28.6099
0.0230447,28.6321
0.0230482,28.6543
0.0230546,28.6764
0.0230611,28.6986
0.0230674,28.7208
0.0230708,28.743
0.0230769,28.7653
0.023083,28.7877
0.0230863,28.8099
0.0230923,28.8323
0.0230983,28.8547
0.0231039,28.8772
0.0231095,28.8998
0.023115,28.9224
0.0231204,28.9451
0.023126,28.9677
0.0231315,28.9902
0.02314,29.0127
0.0231427,29.0353
0.0231484,29.0579
0.0231542,29.0803
0.02316,29.1028
0.0231662,29.125
0.0231753,29.1473
0.0231817,29.1694
0.0231851,29.1918
0.0231914,29.214
0.0231979,29.2361
0.0232043,29.2582
0.0232109,29.2804
0.0232143,29.3026
0.0232205,29.3248
0.0232265,29.3472
0.0232327,29.3695
0.0232388,29.3917
0.0232446,29.4142
0.0232504,29.4368
0.023256,29.4592
0.0232588,29.4818
0.0232644,29.5043
0.0232701,29.5269
0.0232788,29.5493
0.0232844,29.5719
0.0232929,29.5944
0.0232984,29.6171
0.0233041,29.6395
0.0233097,29.6621
0.023318,29.6848
0.0233235,29.7074
0.0233288,29.7301
0.0233368,29.7529
0.0233418,29.7758
0.0233497,29.7986
0.0233574,29.8215
0.0233622,29.8445
0.0233697,29.8676
0.023374,29.8908
0.0233814,29.9138
0.0233885,29.937
0.0233929,29.9602
0.0234004,29.9833
0.0234048,30.0064
0.0234124,30.0294
0.0234197,30.0525
0.0234271,30.0757
0.0234317,30.0986
0.0234394,30.1216
0.0234472,30.1445
0.023452,30.1675
0.0234571,30.1903
0.0234619,30.2133
0.0234696,30.2362
0.0234745,30.259
0.0234794,30.282
0.0234872,30.3048
0.0234952,30.3276
0.0235003,30.3505
0.0235054,30.3733
0.0235104,30.3961
0.023518,30.4192
0.0235227,30.4421
0.0235304,30.4651
0.0235377,30.4883
0.023545,30.5114
0.0235493,30.5346
0.0235535,30.5577
0.0235605,30.5811
0.0235673,30.6045
0.0235711,30.6279
0.0235778,30.6514
0.0235819,30.6747
0.0235915,30.6981
0.0235954,30.7214
0.0236021,30.7449
0.0236117,30.7683
0.0236128,30.7916
0.0236196,30.8151
0.0236266,30.8383
0.0236335,30.8617
0.0236375,30.885
0.0236416,30.9083
0.0236486,30.9315
0.0236529,30.9547
0.0236601,30.9779
0.0236645,31.0011
0.0236717,31.0243
0.0236787,31.0476
0.0236828,31.0708
0.0236898,31.0941
0.0236938,31.1174
0.0236976,31.1409
0.0237072,31.1643
0.0237108,31.1879
0.0237143,31.2114
0.0237206,31.2351
0.0237265,31.2589
0.0237326,31.2826
0.0237384,31.3065
0.0237441,31.3305
0.0237523,31.3545
0.0237576,31.3787
0.0237628,31.4028
0.0237707,31.427
0.0237784,31.4514
0.0237832,31.4757
0.0237908,31.5001
0.0237956,31.5245
0.0238002,31.549
0.0238078,31.5734
0.0238125,31.5978
0.0238201,31.6221
0.0238249,31.6465
0.0238296,31.6709
0.0238373,31.6952
0.0238422,31.7196
0.0238499,31.7439
0.0238548,31.7682
0.0238599,31.7924
0.0238651,31.8165
0.0238703,31.8407
0.0238757,31.8648
0.0238839,31.8889
0.0238895,31.9128
0.0238949,31.9369
0.0239002,31.9611
0.0239055,31.9851
0.0239107,32.0093
0.0239158,32.0335
0.0239236,32.0579
0.0239285,32.0822
0.0239333,32.1065
0.0239379,32.1309
0.0239427,32.1553
0.0239502,32.1797
0.0239551,32.204
0.0239626,32.2285
0.0239673,32.2529
0.0239717,32.2775
0.0239793,32.3019
0.0239839,32.3263
0.0239912,32.3508
0.0239984,32.3754
0.0240022,32.4003
0.0240061,32.4251
0.0240129,32.4498
0.0240226,32.4746
0.0240294,32.4994
0.0240332,32.5243
0.02404,32.5491
0.0240438,32.5739
0.0240507,32.5986
0.0240546,32.6234
0.0240615,32.6481
0.0240656,32.6729
0.0240722,32.6976
0.0240791,32.7224
0.0240829,32.7473
0.0240897,32.7721
0.0240962,32.797
0.0240997,32.8219
0.024106,32.8471
0.0241121,32.8722
0.0241152,32.8973
0.0241238,32.9226
0.0241294,32.948
0.0241379,32.9734
0.0241432,32.9989
0.0241485,33.0244
0.0241592,33.0501
0.0241642,33.0758
0.0241688,33.1016
0.0241734,33.1274
0.0241778,33.1535
0.0241821,33.1795
0.0241893,33.2053
0.0241963,33.2316
0.0242029,33.2578
0.0242065,33.2841
0.0242131,33.3104
0.0242167,33.3368
0.0242235,33.3629
0.0242303,33.3892
0.024234,33.4154
0.024241,33.4415
0.0242421,33.4677
0.0242492,33.4937
0.0242538,33.5195
0.0242614,33.5453
0.0242661,33.5712
0.0242708,33.597
0.0242752,33.6229
0.0242828,33.6487
0.0242876,33.6745
0.0242951,33.7003
0.0242997,33.7262
0.0243042,33.752
0.0243118,33.7779
0.0243191,33.8038
0.0243236,33.8297
0.024328,33.8557
0.0243355,33.8816
0.0243398,33.9076
0.0243472,33.9334
0.0243515,33.9594
0.0243556,33.9854
0.0243625,34.0117
0.0243691,34.0379
0.0243729,34.0642
0.0243794,34.0905
0.024386,34.1168
0.0243924,34.1432
0.0243989,34.1695
0.0244027,34.1958
0.0244094,34.222
0.0244166,34.248
0.0244207,34.2741
0.024428,34.3
0.0244353,34.326
0.0244397,34.3519
0.0244471,34.3779
0.0244515,34.4038
0.0244561,34.4297
0.0244632,34.4557
0.0244674,34.4818
0.0244743,34.5079
0.024481,34.5342
0.0244878,34.5603
0.0244916,34.5865
0.0244982,34.6129
0.0245017,34.6393
0.0245112,34.6655
0.0245146,34.692
0.0245208,34.7185
0.024527,34.745
0.0245329,34.7716
0.0245387,34.7982
0.0245472,34.825
0.0245525,34.8519
0.0245605,34.8789
0.0245654,34.906
0.0245733,34.9331
0.0245809,34.9603
0.0245886,34.9874
0.0245963,35.0146
0.0245982,35.0417
0.0246062,35.0688
0.0246112,35.0959
0.0246165,35.1228
0.0246221,35.1495
0.0246278,35.1762
0.0246364,35.203
0.0246425,35.2296
0.0246486,35.2561
0.0246578,35.2824
0.0246644,35.3088
0.024668,35.3352
0.0246775,35.3614
0.0246845,35.3875
0.0246885,35.4137
0.0246956,35.4397
0.0247029,35.4657
0.0247073,35.4916
0.0247147,35.5176
0.0247221,35.5434
0.0247262,35.5694
0.0247333,35.5956
0.0247431,35.6217
0.0247466,35.648
0.0247529,35.6745
0.0247618,35.701
0.0247676,35.7278
0.0247761,35.7545
0.0247847,35.7812
0.0247903,35.8081
0.0247956,35.8349
0.0248011,35.8618
0.0248064,35.8888
0.0248117,35.9156
0.0248203,35.9424
0.0248257,35.9692
0.0248314,35.9959
0.0248369,36.0227
0.0248425,36.0495
0.0248479,36.0764
0.0248536,36.1031
0.0248562,36.13
0.0248618,36.1567
0.0248676,36.1833
0.0248733,36.2101
0.0248821,36.2367
0.0248853,36.2633
0.0248911,36.2899
0.0248969,36.3166
0.0249027,36.3432
0.0249056,36.37
0.0249143,36.3966
0.0249201,36.4233
0.0249257,36.45
0.024931,36.477
0.0249363,36.5039
0.0249411,36.5311
0.024946,36.5582
0.0249537,36.5853
0.0249582,36.6126
0.0249626,36.64
0.0249698,36.6675
0.024974,36.6948
0.0249781,36.7224
0.0249854,36.7497
0.0249897,36.7771
0.0249969,36.8045
0.0250012,36.8319
0.0250053,36.8593
0.0250126,36.8868
0.0250172,36.914
0.0250219,36.9413
0.0250267,36.9684
0.0250345,36.9955
0.0250362,37.0227
0.025041,37.0499
0.0250459,37.077
0.0250508,37.1041
0.025059,37.1311
0.0250643,37.1579
0.0250695,37.1849
0.0250748,37.2118
0.0250771,37.2387
0.0250823,37.2657
0.0250875,37.2927
0.0250927,37.3197
0.0250977,37.3468
0.0251024,37.374
0.025107,37.4012
0.0251113,37.4286
0.0251184,37.456
0.0251224,37.4836
0.0251291,37.5112
0.0251302,37.5388
0.0251368,37.5665
0.0251406,37.5941
0.0251472,37.6218
0.0251541,37.6494
0.0251579,37.677
0.0251619,37.7046
0.0251688,37.732
0.0251729,37.7596
0.0251803,37.7868
0.0251818,37.8143
0.0251892,37.8415
0.0251939,37.8687
0.0251983,37.8961
0.0252027,37.9234
0.0252072,37.9508
0.0252146,37.9781
0.025219,38.0055
0.0252235,38.0327
0.0252306,38.0602
0.0252347,38.0877
0.0252417,38.1152
0.0252483,38.1428
0.0252524,38.1704
0.0252592,38.198
0.0252627,38.2257
0.025272,38.2535
0.0252755,38.2813
0.0252816,38.3093
0.0252874,38.3374
0.0252928,38.3656
0.0252979,38.394
0.0253061,38.4223
0.025311,38.4509
0.0253158,38.4795
0.0253209,38.5079
0.0253286,38.5364
0.0253335,38.5649
0.0253385,38.5934
0.0253406,38.6218
0.025349,38.6501
0.0253545,38.6783
0.0253598,38.7066
0.0253653,38.7348
0.0253708,38.763
0.0253731,38.7915
0.0253813,38.8198
0.0253835,38.8481
0.0253913,38.8767
0.0253964,38.9051
0.0253983,38.9337
0.0254031,38.9621
0.0254082,38.9907
0.0254127,39.0193
0.0254175,39.0479
0.025422,39.0766
0.0254293,39.1053
0.0254339,39.134
0.0254411,39.1628
0.0254453,39.1917
0.0254492,39.2207
0.0254532,39.2496
0.0254596,39.2788
0.0254664,39.3078
0.02547,39.337
0.0254767,39.3661
0.0254835,39.395
0.0254872,39.424
0.0254912,39.453
0.0254982,39.4819
0.0255024,39.5108
0.0255066,39.5396
0.0255139,39.5685
0.0255182,39.5973
0.0255255,39.6259
0.0255299,39.6548
0.0255342,39.6836
0.0255415,39.7123
0.0255457,39.7412
0.02555,39.77
0.0255573,39.7987
0.0255615,39.8276
0.0255657,39.8564
0.0255726,39.8853
0.0255764,39.9144
0.0255831,39.9435
0.0255865,39.9728
0.0255926,40.002
0.0256016,40.0313
0.0256074,40.0609
0.025613,40.0904
0.0256184,40.1201
0.0256237,40.1499
0.0256287,40.1797
0.0256368,40.2094
0.0256419,40.2394
0.0256501,40.269
0.0256524,40.2988
0.0256605,40.3286
0.0256659,40.3582
0.0256714,40.3879
0.0256774,40.4172
0.0256835,40.4466
0.0256897,40.4758
0.0256961,40.5051
0.0257027,40.5342
0.0257095,40.5632
0.0257138,40.592
0.0257239,40.6208
0.0257282,40.6496
0.0257355,40.6783
0.0257425,40.7072
0.0257496,40.7361
0.0257597,40.7649
0.0257669,40.7938
0.0257711,40.8226
0.0257783,40.8514
0.0257851,40.8803
0.0257892,40.9093
0.0257991,40.9382
0.0258032,40.967
0.0258132,40.9959
0.0258174,41.0248
0.0258243,41.0537
0.0258312,41.0827
0.0258407,41.1118
0.0258472,41.141
0.0258539,41.17
0.0258631,41.1992
0.0258695,41.2284
0.0258758,41.2577
0.025882,41.287
0.0258883,41.3161
0.0258946,41.3454
0.025901,41.3746
0.0259074,41.4038
0.025911,41.433
0.0259203,41.4621
0.0259238,41.4913
0.025933,41.5206
0.0259395,41.5497
0.0259458,41.579
0.0259487,41.6085
0.0259573,41.6379
0.0259627,41.6677
0.025968,41.6974
0.0259759,41.7273
0.0259833,41.7574
0.0259905,41.7876
0.0259944,41.818
0.0260009,41.8485
0.0260075,41.879
0.0260139,41.9096
0.0260174,41.9402
0.0260236,41.9709
0.0260327,42.0016
0.0260362,42.0322
0.0260428,42.0627
0.0260493,42.0932
0.0260532,42.1236
0.0260628,42.1541
0.0260666,42.1845
0.0260737,42.2148
0.0260777,42.2452
0.026085,42.2754
0.0260895,42.3054
0.0260969,42.3355
0.0261016,42.3656
0.026106,42.3957
0.0261108,42.4256
0.0261184,42.4557
0.0261259,42.4858
0.0261306,42.5158
0.0261381,42.5459
0.0261425,42.576
0.0261496,42.6062
0.0261538,42.6366
0.0261606,42.667
0.0261673,42.6974
0.0261737,42.728
0.02618,42.7586
0.0261863,42.7893
0.0261926,42.8199
0.0261989,42.8506
0.0262049,42.8813
0.0262109,42.9121
0.0262168,42.943
0.0262228,42.9737
0.026229,43.0044
0.0262353,43.0351
0.0262417,43.0656
0.0262452,43.0963
0.0262512,43.127
0.0262574,43.1577
0.026261,43.1883
0.0262674,43.219
0.0262737,43.2495
0.0262799,43.2802
0.026286,43.311
0.026292,43.3418
0.0263007,43.3727
0.0263063,43.4037
0.0263119,43.4347
0.0263175,43.4657
0.0263254,43.4969
0.0263333,43.5282
0.026341,43.5594
0.0263458,43.5909
0.0263534,43.6222
0.0263606,43.6539
0.0263678,43.6854
0.0263747,43.7171
0.0263816,43.7489
0.0263881,43.7809
0.0263947,43.8128
0.0264014,43.8448
0.0264081,43.8766
0.0264149,43.9083
0.0264216,43.9403
0.0264286,43.972
0.0264326,44.0038
0.0264372,44.0353
0.0264446,44.0667
0.0264526,44.098
0.0264608,44.1291
0.0264659,44.1603
0.0264712,44.1914
0.0264764,44.2226
0.0264845,44.2538
0.0264926,44.285
0.0265008,44.3161
0.0265057,44.3474
0.0265104,44.3789
0.026518,44.4101
0.0265222,44.4419
0.0265294,44.4736
0.0265392,44.5053
0.0265431,44.5371
0.0265526,44.5688
0.0265594,44.6008
0.026566,44.6325
0.0265727,44.6645
0.0265795,44.6963
0.0265863,44.7282
0.0265933,44.7597
0.0265975,44.7915
0.0266046,44.8232
0.0266092,44.8547
0.0266166,44.8862
0.0266214,44.9175
0.0266291,44.9489
0.0266338,44.9802
0.0266414,45.0117
0.0266487,45.0432
0.0266562,45.0747
0.0266634,45.1064
0.0266735,45.1379
0.0266805,45.1697
0.0266873,45.2014
0.026694,45.2334
0.0267004,45.2654
0.0267068,45.2973
0.0267128,45.3296
0.0267217,45.3618
0.0267305,45.394
0.0267362,45.4262
0.026745,45.4587
0.0267534,45.4909
0.026762,45.5234
0.0267676,45.5556
0.0267763,45.5881
0.0267823,45.6203
0.0267886,45.6523
0.0267952,45.6843
0.0268049,45.716
0.0268091,45.7478
0.0268164,45.7793
0.0268213,45.8105
0.0268291,45.8418
0.026837,45.873
0.0268423,45.9043
0.0268503,45.9355
0.0268556,45.9666
0.0268608,45.9979
0.0268688,46.0291
0.0268739,46.0603
0.0268818,46.0915
0.0268897,46.1228
0.0268976,46.154
0.0269056,46.1853
0.0269105,46.2165
0.0269182,46.248
0.0269259,46.2793
0.0269336,46.3108
0.0269416,46.342
0.0269493,46.3733
0.026957,46.4048
0.0269646,46.4363
0.0269695,46.4675
0.0269803,46.4988
0.0269852,46.53
0.0269935,46.5611
0.0269989,46.5923
0.0270074,46.6233
0.0270158,46.6543
0.0270215,46.6853
0.0270274,46.716
0.0270364,46.7468
0.0270426,46.7776
0.0270485,46.8083
0.0270576,46.8391
0.0270663,46.8698
0.027072,46.9009
0.0270805,46.9319
0.0270858,46.963
0.0270939,46.9941
0.0271018,47.0254
0.0271092,47.0569
0.0271164,47.0886
0.0271264,47.1201
0.0271332,47.1521
0.0271398,47.1838
0.0271464,47.2158
0.0271529,47.2478
0.0271596,47.2795
0.0271666,47.3113
0.0271762,47.3432
0.0271804,47.3747
0.0271877,47.4065
0.0271923,47.438
0.0272029,47.4692
0.027208,47.5005
0.027213,47.5317
0.0272182,47.563
0.0272263,47.5941
0.0272314,47.6253
0.0272394,47.6566
0.0272445,47.6878
0.0272494,47.7191
0.0272572,47.7503
0.0272649,47.7818
0.0272696,47.8131
0.0272742,47.8446
0.0272786,47.8763
0.0272831,47.9078
0.0272901,47.9395
0.0272972,47.971
0.0273013,48.0028
0.0273112,48.0345
0.0273151,48.0663
0.027322,48.098
0.0273288,48.13
0.0273329,48.1615
0.0273401,48.1934
0.0273473,48.2248
0.027352,48.2563
0.027357,48.2876
0.027365,48.3188
0.0273702,48.35
0.0273754,48.3811
0.0273776,48.4123
0.0273856,48.4436
0.0273903,48.4748
0.027395,48.5063
0.0274024,48.5378
0.0274095,48.5696
0.0274163,48.6013
0.0274229,48.6333
0.0274264,48.6653
0.0274325,48.6975
0.0274356,48.7297
0.0274413,48.762
0.0274499,48.7942
0.0274553,48.8267
0.0274635,48.8594
0.0274686,48.8918
0.0274764,48.9246
0.0274815,48.9573
0.0274892,48.99
0.0274942,49.0227
0.0275021,49.0554
0.0275075,49.0879
0.0275159,49.1204
0.0275216,49.1526
0.0275277,49.1848
0.0275338,49.217
0.0275402,49.249
0.0275465,49.281
0.0275529,49.313
0.0275592,49.345
0.0275657,49.3769
0.0275722,49.4089
0.0275788,49.4409
0.0275886,49.4726
0.0275952,49.5044
0.0276019,49.5364
0.0276086,49.5684
0.0276151,49.6001
0.0276217,49.6321
0.0276281,49.6641
0.0276372,49.6963
0.0276459,49.7285
0.0276517,49.7607
0.0276601,49.7932
0.0276681,49.8259
0.0276732,49.8584
0.0276811,49.8911
0.0276834,49.9238
0.0276916,49.9563
0.0276999,49.9888
0.0277086,50.021
0.0277115,50.0532
0.0277205,50.0854
0.0277294,50.1177
0.0277329,50.1497
0.0277392,50.1816
0.0277454,50.2139
0.0277515,50.2458
0.0277603,50.2781
0.027766,50.3105
0.0277744,50.343
0.0277826,50.3755
0.0277905,50.4082
0.0277984,50.4409
0.0278061,50.4736
0.0278108,50.5063
0.027818,50.5395
0.0278251,50.5725
0.0278321,50.6057
0.0278362,50.6387
0.027846,50.6719
0.0278527,50.7053
0.0278594,50.7385
0.0278691,50.7717
0.0278761,50.8047
0.0278834,50.8376
0.0278882,50.8706
0.0278959,50.9033
0.0279011,50.9358
0.0279065,50.9683
0.0279148,51.0007
0.0279233,51.0332
0.027929,51.0657
0.0279374,51.0981
0.0279456,51.1306
0.027954,51.1631
0.0279591,51.1955
0.0279642,51.2283
0.0279721,51.261
0.0279799,51.2937
0.0279851,51.3262
0.0279928,51.3589
0.0280005,51.3918
0.028005,51.4248
0.0280126,51.4575
0.0280169,51.4905
0.0280271,51.5234
0.0280345,51.5564
0.0280418,51.5893
0.0280492,51.6223
0.0280535,51.6553
0.0280609,51.6882
0.0280685,51.7212
0.0280762,51.7539
0.0280811,51.7866
0.0280891,51.8193
0.0280971,51.8518
0.0281023,51.8845
0.0281073,51.917
0.0281124,51.9497
0.0281202,51.9824
0.0281282,52.0151
0.028136,52.0478
0.0281437,52.0806
0.0281512,52.1135
0.0281585,52.1465
0.0281655,52.1794
0.028172,52.2129
0.0281816,52.2461
0.0281878,52.2798
0.0281939,52.3132
0.0282054,52.3469
0.0282111,52.3806
0.0282195,52.4145
0.0282247,52.4485
0.0282328,52.4824
0.0282383,52.5163
0.0282466,52.5503
0.0282522,52.584
0.0282577,52.6179
0.0282665,52.6516
0.0282722,52.6853
0.0282781,52.7187
0.0282843,52.7524
0.0282907,52.7859
0.0282999,52.8193
0.0283033,52.8528
0.0283098,52.886
0.028316,52.9197
0.0283223,52.9529
0.0283313,52.9866
0.0283374,53.02
0.0283433,53.0537
0.028349,53.0874
0.0283545,53.1213
0.0283626,53.1553
0.0283678,53.1892
0.0283726,53.2234
0.0283802,53.2578
0.0283874,53.2922
0.0283947,53.3264
0.0283989,53.3608
0.0284061,53.3953
0.0284135,53.4297
0.0284179,53.4641
0.0284225,53.4983
0.0284302,53.5325
0.0284351,53.5666
0.0284399,53.6008
0.028448,53.6348
0.0284528,53.6689
0.0284605,53.7031
0.0284651,53.7375
0.0284693,53.772
0.0284763,53.8064
0.0284831,53.8411
0.0284895,53.8757
0.0284956,53.9109
0.0285017,53.9458
0.0285103,53.9809
0.028513,54.0161
0.0285186,54.0513
0.0285268,54.0867
0.0285352,54.1218
0.0285404,54.1572
0.0285457,54.1926
0.0285538,54.228
0.0285562,54.2634
0.0285645,54.2986
0.0285701,54.3337
0.0285758,54.3689
0.0285815,54.404
0.0285875,54.4392
0.0285934,54.4741
0.0285997,54.509
0.0286086,54.5439
0.0286149,54.5788
0.0286212,54.6138
0.0286275,54.6487
0.028634,54.6833
0.0286374,54.7183
0.0286466,54.7529
0.028653,54.7878
0.0286593,54.8227
0.0286657,54.8574
0.0286722,54.8923
0.0286787,54.927
0.028685,54.9619
0.0286943,54.9966
0.0287003,55.0317
0.0287065,55.0666
0.0287158,55.1013
0.028722,55.1362
0.0287283,55.1711
0.0287373,55.206
0.0287406,55.241
0.0287468,55.2759
0.028756,55.3108
0.0287624,55.3457
0.0287717,55.3804
0.0287783,55.415
0.0287845,55.4499
0.028791,55.4849
0.0287971,55.5198
0.0288035,55.5544
0.0288125,55.5896
0.0288214,55.6245
0.0288302,55.6597
0.0288357,55.6948
0.028844,55.7302
0.0288517,55.7656
0.0288594,55.8013
0.0288667,55.8372
0.0288769,55.8728
0.0288842,55.9087
0.0288942,55.9443
0.0289018,55.98
0.0289093,56.0159
0.0289144,56.0513
0.0289227,56.0864
0.0289312,56.1216
0.0289372,56.1567
0.0289464,56.1916
0.028953,56.2263
0.0289629,56.2607
0.0289701,56.2952
0.0289772,56.3296
0.0289846,56.364
0.028992,56.3984
0.0289993,56.4326
0.0290068,56.467
0.0290142,56.5012
0.029019,56.5354
0.0290264,56.5698
0.0290335,56.6042
0.0290406,56.6387
0.0290475,56.6733
0.0290573,56.708
0.0290638,56.7427
0.0290705,56.7773
0.0290801,56.812
0.0290868,56.8467
0.0290934,56.8813
0.0291031,56.916
0.0291102,56.9504
0.0291172,56.9849
0.0291243,57.0193
0.0291317,57.0537
0.0291392,57.0879
0.0291438,57.1223
0.0291513,57.1565
0.0291587,57.1909
0.0291661,57.2253
0.0291736,57.2595
0.0291808,57.2939
0.0291881,57.3284
0.0291951,57.3628
0.0292019,57.3975
0.0292085,57.4321
0.0292151,57.4668
0.0292246,57.5015
0.0292312,57.5364
0.0292378,57.571
0.0292468,57.6059
0.0292531,57.6409
0.029259,57.6758
0.0292679,57.7109
0.029274,57.7458
0.0292804,57.7805
0.0292869,57.8154
0.0292934,57.8501
0.0293003,57.8848
0.0293071,57.9192
0.0293113,57.9538
0.0293186,57.988
0.0293232,58.0225
0.029331,58.0566
0.0293388,58.0906
0.0293439,58.1247
0.0293519,58.1587
0.0293572,58.1926
0.0293654,58.2266
0.0293709,58.2605
0.0293793,58.2942
0.0293873,58.3284
0.0293928,58.3621
0.0294009,58.396
0.0294093,58.4299
0.0294176,58.4639
0.0294257,58.4978
0.029434,58.5317
0.0294391,58.5657
0.0294472,58.5998
0.0294525,58.6338
0.029461,58.6675
0.0294697,58.7012
0.0294785,58.7349
0.0294845,58.7685
0.0294933,58.802
0.0294995,58.8354
0.0295056,58.8691
0.0295114,58.9028
0.0295201,58.9365
0.0295258,58.9702
0.0295369,59.0041
0.0295449,59.0383
0.0295527,59.0723
0.0295604,59.1064
0.0295677,59.1409
0.0295746,59.1755
0.029581,59.2102
0.0295875,59.2451
0.0295936,59.28
0.0295995,59.3149
0.0296081,59.3501
0.0296166,59.3855
0.0296222,59.4206
0.0296302,59.456
0.0296356,59.4912
0.0296438,59.5266
0.0296497,59.5618
0.0296556,59.5967
0.0296618,59.6316
0.0296682,59.6665
0.0296746,59.7012
0.0296813,59.7358
0.029688,59.7705
0.0296951,59.8052
0.0297022,59.8396
0.0297097,59.8738
0.029717,59.9082
0.0297242,59.9426
0.0297285,59.977
0.0297354,60.0117
0.0297423,60.0461
0.0297491,60.0808
0.0297586,60.1155
0.0297648,60.1504
0.0297737,60.1853
0.0297794,60.2205
0.0297849,60.2559
0.0297935,60.291
0.029802,60.3262
0.0298078,60.3613
0.0298138,60.3962
0.0298228,60.4311
0.0298263,60.4661
0.0298355,60.5007
0.0298422,60.5354
0.029849,60.5701
0.0298559,60.6047
0.0298629,60.6392
0.0298696,60.6738
0.0298738,60.7082
0.0298802,60.7432
0.0298866,60.7778
0.0298958,60.8127
0.0299022,60.8476
0.0299112,60.8826
0.0299202,60.9175
0.0299262,60.9526
0.029932,60.9875
0.0299437,61.0227
0.0299493,61.0579
0.029958,61.093
0.029967,61.1279
0.0299759,61.1628
0.029985,61.1977
0.029994,61.2327
0.030003,61.2678
0.0300121,61.3027
0.0300184,61.3374
0.0300249,61.3723
0.0300348,61.4067
0.0300447,61.4414
0.0300517,61.4758
0.030059,61.5102
0.0300691,61.5447
0.0300738,61.5788
0.0300843,61.613
0.0300919,61.6472
0.0300998,61.6814
0.0301076,61.7156
0.0301179,61.7497
0.0301253,61.7842
0.0301321,61.8188
0.0301418,61.8535
0.0301483,61.8882
0.0301575,61.9231
0.0301636,61.958
0.0301724,61.9929
0.030181,62.0281
0.0301865,62.0635
0.0301951,62.0986
0.0302039,62.1335
0.0302098,62.1687
0.0302183,62.2038
0.0302243,62.2388
0.0302302,62.2739
0.0302392,62.3088
0.0302453,62.3437
0.0302518,62.3787
0.0302613,62.4133
0.0302679,62.448
0.0302745,62.4827
0.0302811,62.5173
0.0302905,62.5522
0.0302967,62.5872
0.0303026,62.6221
0.0303112,62.6572
0.0303196,62.6924
0.0303273,62.728
0.0303347,62.7639
0.0303449,62.7996
0.0303518,62.8357
0.0303586,62.8716
0.0303654,62.9077
0.0303723,62.9436
0.030379,62.9797
0.0303861,63.0156
0.030393,63.0515
0.0304004,63.0872
0.0304077,63.123
0.030412,63.1589
0.0304193,63.1946
0.0304235,63.2305
0.0304311,63.2661
0.0304385,63.3018
0.0304433,63.3374
0.0304506,63.3733
0.0304551,63.4089
0.0304623,63.4448
0.0304665,63.4807
0.0304737,63.5163
0.0304808,63.5522
0.0304881,63.5881
0.030495,63.624
0.0305019,63.6599
0.0305057,63.696
0.0305154,63.7322
0.0305221,63.7681
0.0305288,63.8042
0.0305385,63.8403
0.0305453,63.8762
0.0305523,63.9121
0.0305592,63.9482
0.0305665,63.9839
0.030571,64.0198
0.0305783,64.0554
0.0305858,64.0911
0.0305934,64.1267
0.030598,64.1623
0.0306084,64.198
0.0306129,64.2339
0.0306229,64.2698
0.03063,64.3057
0.0306366,64.3418
0.030646,64.3779
0.0306523,64.4141
0.0306611,64.4504
0.0306698,64.4871
0.0306752,64.5237
0.0306861,64.5605
0.0306939,64.5976
0.0307019,64.6343
0.0307092,64.6716
0.0307168,64.7085
0.0307241,64.7458
0.0307288,64.783
0.0307391,64.8201
0.0307438,64.8569
0.0307518,64.8938
0.0307598,64.9307
0.0307651,64.9673
0.0307703,65.0041
0.0307787,65.0408
0.0307841,65.0776
0.0307925,65.1143
0.0308008,65.1509
0.0308092,65.1875
0.0308144,65.2244
0.0308197,65.261
0.0308275,65.2981
0.0308353,65.335
0.0308402,65.372
0.030848,65.4089
0.0308557,65.4458
0.0308605,65.4829
0.0308683,65.5197
0.0308761,65.5566
0.0308842,65.5935
0.0308922,65.6303
0.0308975,65.667
0.030903,65.7038
0.0309114,65.7404
0.0309168,65.7771
0.0309252,65.8137
0.0309308,65.8503
0.0309359,65.8872
0.030944,65.924
0.0309517,65.9609
0.0309596,65.9978
0.0309643,66.0349
0.0309717,66.072
0.0309788,66.1093
0.0309858,66.1464
0.0309925,66.184
0.0310019,66.2216
0.0310083,66.2592
0.0310176,66.2968
0.0310267,66.3344
0.0310359,66.3723
0.0310448,66.4099
0.031051,66.4477
0.0310603,66.4853
0.031067,66.5229
0.0310743,66.56
0.0310817,66.5971
0.0310896,66.634
0.0310946,66.6709
0.0311032,66.7075
0.0311089,66.7441
0.0311179,66.7802
0.0311247,66.8164
0.0311341,66.8525
0.0311411,66.8884
0.0311477,66.9245
0.0311547,66.9604
0.0311616,66.9965
0.0311715,67.0324
0.0311811,67.0686
0.031188,67.1045
0.0311977,67.1403
0.0312043,67.1765
0.0312167,67.2126
0.0312231,67.249
0.0312327,67.2849
0.0312421,67.321
0.0312518,67.3571
0.0312586,67.3933
0.031266,67.4289
0.0312762,67.4646
0.0312838,67.5002
0.0312916,67.5359
0.0312997,67.5713
0.031308,67.6064
0.031316,67.6421
0.0313242,67.6772
0.0313322,67.7129
0.0313401,67.7483
0.0313503,67.7839
0.0313576,67.8198
0.0313647,67.8557
0.0313713,67.8918
0.0313806,67.9279
0.0313866,67.9643
0.0313956,68.0007
0.0314012,68.0373
0.0314099,68.0739
0.0314184,68.1106
0.0314243,68.1469
0.031433,68.1833
0.0314387,68.2199
0.0314476,68.2563
0.0314537,68.2927
0.0314602,68.3288
0.0314669,68.365
0.031471,68.4008
0.0314783,68.4367
0.0314856,68.4724
0.031493,68.5083
0.0315006,68.5439
0.0315083,68.5793
0.031513,68.615
0.0315207,68.6506
0.0315282,68.6862
0.0315326,68.7221
0.0315397,68.758
0.0315439,68.7939
0.0315513,68.8296
0.0315613,68.8654
0.0315683,68.9013
0.0315753,68.9372
0.0315823,68.9731
0.031589,69.0092
0.031599,69.0451
0.0316032,69.081
0.0316107,69.1167
0.0316179,69.1525
0.0316251,69.1882
0.0316294,69.2241
0.031637,69.2597
0.0316446,69.2954
0.0316496,69.3308
0.0316546,69.3664
0.0316594,69.4018
0.0316671,69.4375
0.0316716,69.4731
0.031682,69.509
0.0316894,69.5446
0.0316968,69.5803
0.031707,69.6162
0.0317138,69.6521
0.0317205,69.6882
0.0317268,69.7246
0.031733,69.7607
0.0317418,69.7973
0.0317508,69.8335
0.0317595,69.8701
0.031768,69.9067
0.0317737,69.9433
0.0317822,69.9799
0.0317881,70.0163
0.0317969,70.0527
0.0318033,70.0891
0.0318098,70.1252
0.0318194,70.1611
0.0318262,70.1972
0.0318334,70.2331
0.0318403,70.269
0.0318501,70.3049
0.031857,70.341
0.0318641,70.3769
0.0318711,70.4128
0.0318807,70.4489
0.0318874,70.4848
0.0318939,70.521
0.0319002,70.5573
0.0319092,70.5937
0.0319182,70.6301
0.0319242,70.6665
0.0319329,70.7028
0.0319387,70.7395
0.03195,70.7761
0.0319586,70.8127
0.0319613,70.8493
0.0319703,70.8857
0.0319758,70.9223
0.0319819,70.9587
0.0319908,70.9951
0.0320001,71.0312
0.0320063,71.0676
0.0320097,71.1037
0.0320193,71.1399
0.0320256,71.1762
0.0320322,71.2121
0.0320414,71.2485
0.0320481,71.2846
0.0320542,71.321
0.0320635,71.3571
0.032073,71.3933
0.0320822,71.4294
0.0320914,71.4658
0.0320973,71.5022
0.0321063,71.5385
0.0321147,71.5752
0.0321262,71.6118
0.0321316,71.6484
0.0321404,71.685
0.0321489,71.7214
0.0321573,71.7583
0.032166,71.7946
0.0321721,71.831
0.0321814,71.8674
0.0321907,71.9035
0.0321975,71.9394
0.0322044,71.9755
0.0322116,72.0112
0.0322186,72.0471
0.0322289,72.083
0.032239,72.1189
0.0322464,72.1545
0.0322562,72.1904
0.0322628,72.2265
0.0322725,72.2627
0.0322792,72.2985
0.0322888,72.3347
0.0322951,72.3711
0.0323044,72.4072
0.0323132,72.4436
0.0323224,72.4799
0.0323315,72.5163
0.0323407,72.5525
0.0323507,72.5883
0.0323604,72.6245
0.0323678,72.6601
0.0323752,72.6958
0.032383,72.7314
0.0323938,72.7668
0.0324019,72.8022
0.0324099,72.8376
0.0324178,72.8733
0.032426,72.9084
0.0324366,72.9441
0.0324442,72.9797
0.0324541,73.0156
0.0324638,73.0517
0.0324702,73.0879
0.0324792,73.1242
0.0324878,73.1609
0.0324993,73.1975
0.0325075,73.2341
0.0325155,73.271
0.0325232,73.3078
0.0325306,73.3449
0.0325382,73.382
0.0325459,73.4192
0.0325538,73.456
0.0325644,73.4929
0.0325725,73.5297
0.0325805,73.5666
0.0325889,73.6032
0.0325942,73.6401
0.0326027,73.6765
0.0326084,73.7131
0.0326169,73.7497
0.0326254,73.7863
0.0326311,73.823
0.0326397,73.8593
0.032648,73.8962
0.0326538,73.9326
0.0326621,73.9694
0.0326706,74.0058
0.032676,74.0427
0.0326841,74.0793
0.0326924,74.1162
0.0327004,74.153
0.0327085,74.1897
0.0327166,74.2265
0.0327248,74.2634
0.032733,74.3
0.032744,74.3369
0.0327493,74.3735
0.0327577,74.4101
0.0327632,74.447
0.0327716,74.4836
0.0327772,74.5202
0.0327855,74.5568
0.0327937,74.5935
0.0328017,74.6303
0.0328065,74.6674
0.0328141,74.7046
0.0328244,74.7414
0.0328315,74.7788
0.0328417,74.8159
0.0328486,74.8535
0.0328553,74.8908
0.0328646,74.9284
0.0328738,74.966
0.0328826,75.0039
0.0328888,75.0417
0.0328975,75.0796
0.0329061,75.1176
0.0329147,75.1555
0.0329232,75.1936
0.032929,75.2314
0.0329348,75.2692
0.032944,75.3071
0.0329505,75.3444
0.0329604,75.3818
0.0329672,75.4194
0.0329746,75.4565
0.0329821,75.4936
0.0329928,75.5305
0.0329979,75.5673
0.0330086,75.6042
0.0330165,75.6411
0.0330243,75.6782
0.0330321,75.715
0.0330397,75.7522
0.0330501,75.789
0.0330573,75.8264
0.0330645,75.8635
0.0330743,75.9011
0.033081,75.9384
0.0330905,75.976
0.0331002,76.0134
0.0331103,76.0507
0.0331202,76.0879
0.0331274,76.1252
0.0331317,76.1623
0.0331393,76.1994
0.0331467,76.2365
0.0331573,76.2736
0.0331676,76.3108
0.0331752,76.3479
0.0331823,76.385
0.0331892,76.4223
0.0331987,76.4599
0.0332085,76.4973
0.0332181,76.5346
0.0332275,76.5722
0.0332364,76.6101
0.0332422,76.6482
0.0332506,76.686
0.0332588,76.7243
0.0332702,76.7622
0.0332784,76.8005
0.0332896,76.8386
0.0332977,76.8767
0.0333058,76.915
0.0333112,76.9531
0.0333199,76.9909
0.033329,77.0285
0.0333388,77.0659
0.0333459,77.1032
0.0333533,77.1403
0.0333608,77.1775
0.0333687,77.2143
0.0333768,77.2512
0.0333852,77.2878
0.0333936,77.3244
0.033399,77.361
0.0334073,77.3979
0.0334127,77.4345
0.0334209,77.4714
0.0334316,77.5083
0.0334397,77.5451
0.0334472,77.582
0.0334549,77.6191
0.0334624,77.6562
0.0334729,77.6933
0.0334807,77.7302
0.0334912,77.7673
0.0334963,77.8042
0.0335072,77.8408
0.0335158,77.8774
0.0335215,77.914
0.0335305,77.9504
0.0335366,77.9868
0.0335427,78.0232
0.0335517,78.0593
0.033561,78.0957
0.0335673,78.1318
0.0335763,78.1682
0.0335853,78.2046
0.0335943,78.2409
0.033603,78.2775
0.0336117,78.3139
0.0336174,78.3505
0.0336259,78.3872
0.0336344,78.4238
0.0336455,78.4604
0.0336511,78.497
0.0336621,78.5339
0.0336704,78.5705
0.0336786,78.6074
0.0336869,78.644
0.0336925,78.6806
0.0337014,78.717
0.0337108,78.7531
0.0337202,78.7893
0.033727,78.8254
0.0337339,78.8613
0.0337413,78.8969
0.0337516,78.9328
0.0337592,78.9685
0.0337702,79.0039
0.0337781,79.0393
0.0337865,79.0744
0.0337974,79.1098
0.0338059,79.1452
0.0338172,79.1804
0.0338227,79.2155
0.0338338,79.2509
0.0338418,79.2863
0.03385,79.3217
0.0338607,79.3574
0.0338715,79.3928
0.033879,79.4284
0.0338892,79.4643
0.0338966,79.5
0.0339067,79.5359
0.0339144,79.5715
0.033922,79.6071
0.0339302,79.6423
0.0339382,79.6779
0.0339465,79.7131
0.0339578,79.7483
0.0339634,79.7837
0.033972,79.8188
0.0339804,79.854
0.033989,79.8891
0.0339973,79.9243
0.0340055,79.9597
0.0340133,79.9953
0.0340238,80.031
0.034034,80.0666
0.0340411,80.1025
0.0340507,80.1386
0.0340574,80.1748
0.0340696,80.2109
0.0340789,80.247
0.0340881,80.2834
0.0340974,80.3195
0.0341069,80.3557
0.0341136,80.3918
0.0341235,80.4277
0.0341305,80.4636
0.0341408,80.4995
0.0341484,80.5351
0.034159,80.5705
0.0341669,80.6062
0.0341746,80.6416
0.0341856,80.677
0.0341906,80.7126
0.0342017,80.7478
0.0342126,80.7834
0.0342204,80.8188
0.0342282,80.8545
0.0342388,80.8899
0.0342467,80.9255
0.0342601,80.9611
0.0342678,80.9968
0.0342781,81.0324
0.0342884,81.0681
0.034296,81.1037
0.0343062,81.1396
0.034317,81.175
0.034328,81.2104
0.0343366,81.2456
0.0343482,81.2807
0.0343574,81.3156
0.0343667,81.3503
0.0343792,81.385
0.0343891,81.4194
0.0343992,81.4538
0.0344098,81.4882
0.0344232,81.5224
0.0344337,81.5566
0.0344471,81.5908
0.0344574,81.6252
0.0344679,81.6594
0.0344815,81.6936
0.0344923,81.7277
0.0345056,81.7619
0.0345191,81.7961
0.0345321,81.8305
0.0345424,81.865
0.0345554,81.8991
0.0345684,81.9338
0.0345817,81.968
0.0345918,82.0024
0.034605,82.0368
0.0346184,82.071
0.0346323,82.1049
0.0346437,82.1389
0.0346553,82.1726
0.0346674,82.206
0.0346828,82.2392
0.0346955,82.2724
0.0347056,82.3054
0.034719,82.3381
0.0347326,82.3708
0.0347464,82.4035
0.0347605,82.436
0.0347747,82.4685
0.0347893,82.5007
0.0348044,82.5327
0.03482,82.5644
0.0348361,82.5959
0.0348528,82.6272
0.0348702,82.6583
0.034888,82.6889
0.0349041,82.7191
0.0349267,82.7489
0.0349477,82.778
0.034967,82.8066
0.0349897,82.8349
0.0350135,82.8628
0.0350365,82.8895
0.0377831,81.6004
