"Maximum force",100.025,"N"
"Gage length ",1.6844,"mm"
"Strain energy",1.77428,"mJ"
"Deformation at maximum force",0.0329698,"mm"
"Standard travel","Standard force"
"mm","N"
0,0.486964
2.5332e-006,0.489893
5.46873e-006,0.49264
1.16974e-005,0.495204
1.51992e-005,0.497675
1.60001e-005,0.500041
1.98446e-005,0.50236
2.37487e-005,0.504633
2.50824e-005,0.506754
2.65948e-005,0.508799
3.1393e-005,0.510661
3.336e-005,0.512484
3.5461e-005,0.514239
3.46079e-005,0.516024
3.69921e-005,0.517649
3.97488e-005,0.519099
4.26397e-005,0.52048
4.29805e-005,0.5217
4.62737e-005,0.522891
4.69368e-005,0.523959
5.05131e-005,0.525012
4.84269e-005,0.526011
4.90937e-005,0.527064
4.97159e-005,0.528147
5.06211e-005,0.529097
5.13155e-005,0.530151
4.93187e-005,0.531097
5.29993e-005,0.532096
5.09876e-005,0.533065
5.18333e-005,0.534034
4.96875e-005,0.535049
5.0738e-005,0.53593
5.20717e-005,0.536678
5.37704e-005,0.537246
5.25038e-005,0.537853
5.15762e-005,0.538291
5.36028e-005,0.538707
5.55995e-005,0.539136
5.47949e-005,0.539522
5.38859e-005,0.539953
5.59572e-005,0.540344
5.52047e-005,0.540704
5.71716e-005,0.541143
5.63409e-005,0.541543
5.5268e-005,0.542051
5.71083e-005,0.542554
5.5946e-005,0.543107
5.48657e-005,0.543619
5.38077e-005,0.544118
5.5648e-005,0.544622
5.49625e-005,0.544952
5.4251e-005,0.545287
5.66203e-005,0.545539
5.60652e-005,0.545804
5.55548e-005,0.546049
5.78496e-005,0.546331
5.72051e-005,0.546644
5.6773e-005,0.546848
5.60317e-005,0.547201
5.83116e-005,0.54749
5.76149e-005,0.547826
5.67693e-005,0.548227
5.88256e-005,0.548625
5.78571e-005,0.549089
5.98836e-005,0.549505
5.90603e-005,0.549896
6.11763e-005,0.550264
6.05132e-005,0.550584
6.28527e-005,0.550851
6.51773e-005,0.551126
6.44061e-005,0.551494
6.66264e-005,0.551814
6.87424e-005,0.552192
7.06646e-005,0.552654
7.26912e-005,0.553077
7.45166e-005,0.553584
7.64686e-005,0.55404
7.5135e-005,0.554674
7.67815e-005,0.555269
7.82791e-005,0.555936
7.95681e-005,0.556703
8.38e-005,0.557447
8.51113e-005,0.55821
8.37627e-005,0.558851
8.51411e-005,0.559572
8.94326e-005,0.560293
9.07663e-005,0.561036
9.20999e-005,0.56178
9.63915e-005,0.562494
9.77475e-005,0.563238
0.000102307,0.563825
0.000103656,0.564569
0.000108007,0.565259
0.0001094,0.56598
0.000110786,0.566701
0.000114958,0.567476
0.000116247,0.568246
0.00012036,0.569044
0.000124264,0.569955
0.000127974,0.570947
0.000128723,0.571977
0.000132359,0.572999
0.000133112,0.574029
0.000136599,0.57512
0.000140205,0.576173
0.000140616,0.577356
0.000143671,0.57866
0.0001468,0.579934
0.000150183,0.581087
0.000150794,0.582178
0.000157082,0.58333
0.000160494,0.584466
0.000160792,0.585702
0.000166842,0.586954
0.000169837,0.588296
0.000175857,0.589578
0.000176219,0.590783
0.00018212,0.592119
0.000184906,0.593553
0.000187499,0.595079
0.000190032,0.596635
0.00019258,0.598184
0.000197945,0.599771
0.00020325,0.601388
0.000202747,0.603013
0.00020826,0.604516
0.000210823,0.606065
0.000213282,0.60766
0.0002158,0.609216
0.000218259,0.610803
0.000223504,0.612443
0.00022869,0.614129
0.000231074,0.615754
0.000233413,0.617395
0.00023842,0.61915
0.000243427,0.620912
0.000245379,0.622751
0.000247361,0.624559
0.00025201,0.626497
0.000256808,0.628351
0.000261517,0.63025
0.000266077,0.632203
0.000267842,0.634141
0.000272343,0.63614
0.000274295,0.637964
0.000278825,0.639947
0.000283503,0.641862
0.000288182,0.643777
0.00028974,0.645791
0.000294329,0.647745
0.00029874,0.649789
0.000303359,0.651742
0.000307651,0.653833
0.000312002,0.655893
0.000313328,0.658029
0.000320481,0.66015
0.00032165,0.662347
0.000325733,0.664544
0.000332767,0.666726
0.000333907,0.668939
0.000340791,0.671182
0.000344874,0.673379
0.000348838,0.675638
0.000349888,0.677896
0.000356415,0.680307
0.000360095,0.682702
0.000363716,0.685113
0.000367323,0.687539
0.000374117,0.689828
0.000377768,0.692224
0.000381583,0.694543
0.0003851,0.697015
0.000391895,0.699304
0.000392729,0.701669
0.000399226,0.704095
0.000402757,0.706567
0.000406289,0.709009
0.000409955,0.711404
0.000413397,0.713907
0.000419953,0.716318
0.000423351,0.718835
0.000426763,0.721353
0.000432932,0.723932
0.00043624,0.72651
0.000442797,0.728906
0.000446314,0.731363
0.000449711,0.733896
0.000452989,0.736474
0.000459129,0.739068
0.000465029,0.741784
0.00046798,0.744516
0.000473672,0.747323
0.00047622,0.750253
0.000481644,0.753198
0.000487098,0.756128
0.000489512,0.759103
0.000495174,0.761926
0.000497678,0.764886
0.000502863,0.767923
0.000508288,0.770868
0.000511089,0.773675
0.000517139,0.776315
0.000523218,0.77894
0.000529268,0.781579
0.0005321,0.784372
0.000537851,0.787164
0.000540444,0.790063
0.000548789,0.792993
0.000551531,0.795831
0.000556567,0.798944
0.000558624,0.802102
0.000563303,0.805414
0.000568011,0.808679
0.00057272,0.811944
0.000577578,0.815164
0.000582585,0.818307
0.000587293,0.821573
0.0005923,0.824716
0.000597337,0.827844
0.000602701,0.830804
0.000607917,0.833841
0.000613043,0.836923
0.000618228,0.839975
0.000623116,0.843179
0.000627944,0.846383
0.000632742,0.849634
0.00063757,0.852853
0.000642368,0.856088
0.000646779,0.859506
0.000651249,0.862893
0.000655541,0.866372
0.000659922,0.869806
0.000664154,0.8733
0.000668535,0.876733
0.000675866,0.880151
0.000683048,0.88363
0.000687697,0.886941
0.000695088,0.890329
0.000696899,0.893609
0.00070435,0.896951
0.000708939,0.900293
0.000713737,0.903528
0.000718297,0.906869
0.000722916,0.910196
0.000727148,0.91369
0.000734241,0.91723
0.000738145,0.920892
0.00074494,0.924554
0.000748844,0.928201
0.000752689,0.931909
0.000759394,0.935602
0.000763075,0.939386
0.00076981,0.943063
0.000776754,0.946664
0.000780837,0.950235
0.00078501,0.953775
0.000788914,0.957437
0.000795738,0.961084
0.000802682,0.96467
0.000806646,0.968316
0.000813471,0.971963
0.000820057,0.975732
0.000823678,0.979532
0.000829907,0.983438
0.000836255,0.987344
0.000839339,0.991372
0.00084518,0.995492
0.000851141,0.999551
0.000856803,1.00376
0.000862645,1.00788
0.000865491,1.01203
0.000871302,1.01618
0.000877084,1.02033
0.000879826,1.02455
0.000888528,1.02866
0.000891538,1.03275
0.000900717,1.03666
0.000903906,1.04066
0.000912787,1.04472
0.000915916,1.04875
0.000924738,1.0528
0.000927763,1.05692
0.000933276,1.0612
0.000938998,1.06535
0.000944571,1.06962
0.000952797,1.07395
0.000958012,1.07838
0.000960128,1.08289
0.000965403,1.08729
0.000970469,1.09174
0.000975655,1.0962
0.000980602,1.10075
0.000988589,1.1052
0.000993834,1.10963
0.000999199,1.11396
0.00100465,1.11826
0.00100984,1.12269
0.00101508,1.12708
0.00102015,1.13157
0.00102802,1.13612
0.00103022,1.14057
0.00103809,1.14509
0.00104325,1.14958
0.00104813,1.15412
0.00105302,1.1587
0.00105788,1.16328
0.00106575,1.16783
0.00107093,1.17225
0.00107579,1.17683
0.00108378,1.18131
0.00108881,1.18583
0.00109388,1.19029
0.00109886,1.19483
0.00110643,1.1995
0.00111087,1.20429
0.00111817,1.20908
0.00112556,1.21385
0.00112674,1.21882
0.00113386,1.2237
0.00113803,1.22862
0.00114188,1.23368
0.00114897,1.23856
0.00115281,1.24363
0.00115702,1.24854
0.00116405,1.25346
0.00116825,1.25837
0.00117269,1.26313
0.00118002,1.26792
0.00118745,1.27268
0.00119177,1.27751
0.0011963,1.28227
0.00120354,1.28709
0.0012109,1.29188
0.00121531,1.29667
0.00122237,1.30158
0.00122652,1.3065
0.00123316,1.31162
0.00123695,1.31672
0.00124058,1.32188
0.00124696,1.32713
0.00125334,1.33238
0.00125957,1.33769
0.00126586,1.34297
0.00126931,1.34821
0.00127569,1.35343
0.00128245,1.3585
0.00128591,1.36375
0.0012925,1.36891
0.00129879,1.37418
0.00130531,1.37934
0.00131163,1.38462
0.00131801,1.38987
0.00132451,1.39506
0.00133073,1.40037
0.00133425,1.40559
0.00133713,1.41111
0.00134333,1.41642
0.00134944,1.42182
0.0013556,1.42713
0.00136189,1.43241
0.00136809,1.43775
0.00137462,1.44294
0.00137808,1.44819
0.00138152,1.45344
0.00138781,1.45872
0.00139409,1.464
0.0014005,1.46922
0.00140679,1.4745
0.0014135,1.47959
0.00141978,1.48487
0.00142607,1.49015
0.00143188,1.49568
0.00143749,1.50129
0.00144324,1.50684
0.00144872,1.51249
0.00145435,1.51811
0.00145966,1.52384
0.00146473,1.5297
0.00146699,1.53553
0.00147474,1.54148
0.00147998,1.54725
0.00148478,1.55326
0.00148991,1.55909
0.00149501,1.56492
0.00150317,1.57072
0.00151158,1.57636
0.00151667,1.58222
0.00152189,1.58802
0.00152677,1.59397
0.00153196,1.59977
0.00153995,1.60563
0.00154507,1.61146
0.00155282,1.61741
0.00155732,1.62357
0.00156206,1.62959
0.00156629,1.63584
0.00157383,1.64192
0.00157839,1.64802
0.00158262,1.65424
0.00158695,1.6605
0.00159404,1.66676
0.00159854,1.67289
0.00160301,1.67906
0.0016104,1.68519
0.00161773,1.69135
0.0016222,1.69749
0.00162682,1.70356
0.00163406,1.70979
0.00163835,1.71601
0.00164557,1.72224
0.0016498,1.72849
0.00165713,1.73466
0.00166413,1.74098
0.00166837,1.74723
0.00167504,1.7537
0.00168193,1.76008
0.00168571,1.76658
0.00169224,1.77311
0.00169611,1.77955
0.00170267,1.78608
0.00171238,1.79249
0.00171599,1.79905
0.00171961,1.80561
0.00172879,1.81223
0.00173216,1.81895
0.00173877,1.82545
0.00174518,1.83204
0.001749,1.83851
0.00175555,1.84504
0.00176205,1.8516
0.00176834,1.85825
0.00177486,1.86482
0.00177843,1.87138
0.00178462,1.87809
0.00179103,1.88471
0.00179705,1.89149
0.00180316,1.89823
0.00180666,1.90486
0.0018096,1.91172
0.00181848,1.9185
0.00182142,1.92539
0.00182735,1.93223
0.00183346,1.93897
0.00183986,1.94557
0.00184633,1.95216
0.00184961,1.95887
0.0018592,1.96534
0.00186259,1.97199
0.00186926,1.97849
0.00187585,1.98499
0.00188199,1.99174
0.00188816,1.99845
0.00189421,2.00523
0.00189996,2.01212
0.00190547,2.01917
0.00191072,2.02632
0.00191575,2.03358
0.00192076,2.04084
0.00192298,2.04807
0.00193067,2.05543
0.00193307,2.06257
0.00194118,2.06971
0.00194934,2.07688
0.00195223,2.08378
0.00196076,2.09077
0.00196654,2.09767
0.0019722,2.10462
0.00197801,2.11152
0.00198388,2.11836
0.00198957,2.12531
0.00199524,2.13227
0.00200334,2.13944
0.00200859,2.14662
0.00201318,2.15406
0.00202099,2.16139
0.00202584,2.16874
0.00203058,2.17613
0.00203827,2.18351
0.00204289,2.19096
0.00204769,2.19831
0.00205523,2.20576
0.00205985,2.2132
0.00206483,2.2205
0.00207287,2.2277
0.00207812,2.23487
0.0020861,2.24211
0.00209129,2.24928
0.00209892,2.25669
0.00210679,2.26399
0.00211465,2.27128
0.00211942,2.27867
0.00212723,2.28596
0.00213167,2.2935
0.00213608,2.30106
0.0021404,2.30866
0.00214747,2.31632
0.00215182,2.32389
0.00215605,2.33152
0.00216305,2.33924
0.00217006,2.34693
0.00217724,2.35456
0.00218451,2.36213
0.00218868,2.36979
0.00219605,2.37733
0.0022001,2.38505
0.0022074,2.39262
0.00221399,2.40049
0.00221789,2.4083
0.00222168,2.41612
0.0022282,2.42405
0.00223488,2.43192
0.00223832,2.43992
0.00224491,2.44779
0.00225119,2.45585
0.0022547,2.46385
0.00226116,2.47178
0.00226772,2.47971
0.00227451,2.4875
0.00228119,2.49537
0.00228518,2.50312
0.00229198,2.5109
0.002296,2.51866
0.00230286,2.52644
0.00230947,2.53431
0.00231308,2.54225
0.0023164,2.5503
0.00232273,2.55835
0.0023289,2.56641
0.00233486,2.57459
0.00234061,2.58289
0.00234618,2.59125
0.00235197,2.59955
0.00235742,2.60797
0.00236308,2.61634
0.00236901,2.62451
0.00237186,2.63282
0.00237488,2.64105
0.00238058,2.64936
0.00238633,2.65766
0.00239205,2.66596
0.00239765,2.67432
0.00240308,2.6828
0.00240862,2.69116
0.00241413,2.69959
0.00241911,2.70825
0.00242745,2.71668
0.00242962,2.72528
0.0024376,2.73389
0.00244291,2.74237
0.00244496,2.7511
0.00245018,2.75965
0.00245513,2.76831
0.00246019,2.77692
0.00246532,2.78553
0.00247331,2.79407
0.00247822,2.8028
0.00248293,2.81159
0.00248779,2.82032
0.00249223,2.82923
0.00249694,2.83802
0.00250433,2.84693
0.00250865,2.8559
0.00251303,2.86481
0.00251714,2.8739
0.00252439,2.88288
0.00252844,2.89197
0.00253267,2.90094
0.00253672,2.91004
0.00254096,2.91907
0.00254805,2.9281
0.00255219,2.9372
0.00255931,2.94617
0.00256638,2.95526
0.00257019,2.96448
0.00257711,2.97357
0.00258091,2.98279
0.00258767,2.99195
0.00259417,3.00128
0.00259504,3.0105
0.00260145,3.0199
0.00260771,3.0293
0.00261115,3.0387
0.00261708,3.04828
0.00262352,3.05762
0.00262954,3.0672
0.00263268,3.07672
0.00263859,3.08631
0.00264168,3.09589
0.0026477,3.10541
0.0026537,3.11493
0.00265678,3.12451
0.00266256,3.13416
0.00266834,3.1438
0.00267398,3.15357
0.00267952,3.16333
0.00268238,3.17298
0.00268777,3.1828
0.00269329,3.19263
0.00269853,3.20252
0.00270387,3.2124
0.00270908,3.22229
0.00271424,3.2323
0.00271652,3.24219
0.00272462,3.25214
0.00272717,3.26197
0.00273251,3.27179
0.00273793,3.28162
0.00274321,3.29151
0.00274845,3.30146
0.00275087,3.31134
0.00275921,3.32117
0.00276457,3.331
0.00276708,3.34082
0.00277229,3.35077
0.00278034,3.36072
0.00278252,3.37073
0.0027877,3.38062
0.00279271,3.39069
0.00279771,3.4007
0.00280275,3.41071
0.00280764,3.42078
0.00281262,3.43085
0.0028173,3.44098
0.00282206,3.45111
0.0028296,3.46137
0.00283434,3.4715
0.00283908,3.48163
0.00284391,3.49176
0.00284856,3.50196
0.00285297,3.51227
0.00286021,3.52259
0.00286468,3.5329
0.002869,3.54322
0.00287335,3.55353
0.00288021,3.56409
0.00288715,3.57459
0.002888,3.58521
0.00289456,3.59583
0.00289806,3.60657
0.00290145,3.61737
0.00290797,3.62805
0.00291118,3.63892
0.00291752,3.64972
0.00292064,3.66065
0.00292696,3.67139
0.00293304,3.68231
0.00293912,3.69318
0.0029452,3.7041
0.00294844,3.71497
0.00295476,3.72571
0.00296087,3.73657
0.00296698,3.7475
0.0029702,3.75836
0.00297619,3.76929
0.00298194,3.78034
0.00298467,3.79145
0.00299024,3.80255
0.00299564,3.81378
0.00300368,3.82514
0.00300866,3.83655
0.00301331,3.84809
0.00301814,3.85962
0.00302285,3.87116
0.00302779,3.88257
0.0030328,3.89398
0.00303775,3.9054
0.00304272,3.91681
0.00304776,3.92816
0.00305309,3.93946
0.00305822,3.95081
0.00306361,3.96198
0.00306868,3.97339
0.00307369,3.9848
0.00307858,3.99622
0.00308334,4.00775
0.00308805,4.01929
0.00309267,4.03089
0.00310027,4.04242
0.003102,4.05402
0.00310671,4.06555
0.00311145,4.07709
0.00311607,4.08869
0.00312087,4.10016
0.00312566,4.11164
0.00313055,4.12311
0.00313553,4.13452
0.00314027,4.14606
0.00314483,4.15766
0.00314948,4.16925
0.00315693,4.18085
0.00316137,4.19251
0.00316578,4.20423
0.0031701,4.21595
0.00317427,4.22773
0.00318119,4.23963
0.00318506,4.25159
0.00318914,4.26337
0.00319334,4.27515
0.00319737,4.28705
0.00320166,4.29877
0.00320592,4.31055
0.00321042,4.32215
0.00321772,4.33387
0.0032193,4.34552
0.00322374,4.35718
0.00323137,4.36872
0.00323321,4.38025
0.00324084,4.39179
0.00324844,4.40332
0.00325285,4.41504
0.0032572,4.42676
0.00326129,4.43854
0.00326832,4.45038
0.00327231,4.46228
0.0032792,4.47418
0.00328291,4.48615
0.00328929,4.49829
0.00329271,4.51044
0.00329627,4.52252
0.00329967,4.53473
0.00330599,4.54688
0.00330931,4.55908
0.00331542,4.57129
0.00332159,4.58356
0.00332782,4.59577
0.00333411,4.60791
0.00333736,4.62012
0.00334059,4.63239
0.00334652,4.64472
0.0033526,4.65699
0.00335868,4.66925
0.00336482,4.68152
0.00336817,4.69373
0.00337431,4.70594
0.00338063,4.71808
0.00338383,4.73035
0.00338985,4.74262
0.00339596,4.75489
0.00340198,4.76721
0.00340517,4.77948
0.0034111,4.79181
0.00341706,4.80414
0.00342284,4.81653
0.00342572,4.82898
0.00343141,4.84143
0.00343711,4.85388
0.00344315,4.86615
0.00344885,4.8786
0.00345466,4.89099
0.00345746,4.90345
0.00346294,4.91602
0.00346837,4.92859
0.0034737,4.94123
0.00347913,4.9538
0.00348431,4.96649
0.00348968,4.97907
0.00349477,4.99182
0.00349993,5.00452
0.00350499,5.01728
0.00351003,5.03003
0.0035123,5.04273
0.0035173,5.05554
0.00352255,5.06818
0.00352756,5.08094
0.00353268,5.09369
0.00353778,5.10645
0.00354281,5.1192
0.00354782,5.13196
0.00355271,5.14478
0.0035576,5.15766
0.00356257,5.17041
0.00357026,5.18329
0.003575,5.19623
0.00357947,5.20923
0.00358382,5.22235
0.00359091,5.23554
0.00359512,5.24866
0.00359923,5.26184
0.00360629,5.27509
0.00361035,5.28827
0.00361726,5.30152
0.00362134,5.31476
0.00362835,5.32794
0.00363243,5.34119
0.00363636,5.3545
0.0036403,5.36774
0.00364417,5.38105
0.00365079,5.39447
0.00365725,5.4079
0.00366372,5.42139
0.00366697,5.435
0.00367028,5.44861
0.00367609,5.46234
0.00368202,5.47608
0.00368519,5.48975
0.00369104,5.50348
0.00369381,5.51734
0.00369944,5.53119
0.00370528,5.54492
0.00370505,5.55884
0.00371072,5.5727
0.00371629,5.58655
0.00372457,5.60053
0.00372715,5.61444
0.0037324,5.62848
0.00373794,5.6424
0.00374354,5.65631
0.00374915,5.67017
0.00375445,5.68415
0.00375994,5.69812
0.00376244,5.7121
0.00376777,5.72608
0.00377347,5.73987
0.00377618,5.75379
0.0037819,5.76758
0.00378753,5.78144
0.00379015,5.79535
0.00379585,5.80921
0.00379866,5.823
0.00380421,5.83692
0.0038069,5.85077
0.00380963,5.86463
0.00381502,5.8786
0.00382021,5.8927
0.00382534,5.9068
0.00383022,5.92096
0.00383517,5.93518
0.00383991,5.94947
0.00384447,5.96381
0.00384906,5.97815
0.00385347,5.99262
0.00385794,6.00702
0.00386241,6.02143
0.00386697,6.03583
0.00387138,6.05023
0.00387567,6.06476
0.00388288,6.07923
0.00388706,6.09381
0.00389126,6.10834
0.00389543,6.12287
0.00389945,6.13745
0.00390339,6.15216
0.00390708,6.16693
0.00391364,6.1817
0.00391702,6.19666
0.00392054,6.21155
0.00392389,6.22644
0.00393006,6.24146
0.0039334,6.25641
0.00393945,6.27143
0.00394276,6.28638
0.00394574,6.30152
0.00395164,6.31659
0.00395751,6.33173
0.00396049,6.34687
0.00396331,6.36206
0.00396888,6.37732
0.00397451,6.39252
0.00397994,6.4079
0.00398259,6.42316
0.00398497,6.43854
0.00399043,6.45386
0.00399594,6.46918
0.00399849,6.4845
0.00400394,6.49982
0.00400642,6.5152
0.00401199,6.53046
0.00401753,6.54572
0.0040202,6.56098
0.00402568,6.5763
0.00402841,6.59149
0.00403395,6.60681
0.00403665,6.62207
0.00404219,6.63733
0.00404474,6.65265
0.00405011,6.66803
0.00405239,6.68347
0.00405739,6.69898
0.00406252,6.71448
0.00406773,6.72992
0.00407253,6.74555
0.00407447,6.76117
0.00407915,6.7768
0.00408365,6.79254
0.00408525,6.80841
0.00409261,6.82416
0.00409409,6.84003
0.00409841,6.85578
0.00410538,6.87177
0.00410943,6.88776
0.00411349,6.90375
0.00411736,6.91986
0.00412124,6.93598
0.00412498,6.95209
0.00412852,6.96833
0.00413198,6.98456
0.00413803,7.00092
0.00414423,7.01728
0.00415016,7.03376
0.00415594,7.05036
0.00415861,7.06696
0.00416406,7.08368
0.0041664,7.10053
0.00417445,7.11737
0.00417671,7.1341
0.00418199,7.15094
0.0041872,7.16779
0.00418939,7.18463
0.00419446,7.20148
0.00419962,7.21833
0.00420468,7.23517
0.00420695,7.25202
0.00421231,7.26874
0.00421794,7.28546
0.00422084,7.30194
0.00422644,7.31855
0.00422945,7.33502
0.00423785,7.35175
0.00424065,7.36835
0.00424611,7.38495
0.00425183,7.40155
0.00425773,7.41803
0.0042631,7.43476
0.00426855,7.45148
0.00427066,7.46845
0.00427573,7.48529
0.0042777,7.50226
0.00428563,7.51923
0.00429057,7.53607
0.00429558,7.55304
0.00430047,7.57001
0.00430515,7.5871
0.00430991,7.60407
0.00431462,7.62116
0.00431655,7.63813
0.00432423,7.65509
0.00432909,7.67206
0.00433407,7.68903
0.00433911,7.706
0.00434393,7.72296
0.00434888,7.73993
0.00435335,7.75702
0.00435782,7.77423
0.00436214,7.79145
0.00436924,7.80878
0.00437344,7.82599
0.00438029,7.84345
0.00438432,7.86078
0.00438816,7.87824
0.00439502,7.89569
0.00439856,7.91327
0.00440238,7.93073
0.00440908,7.94831
0.00441293,7.96576
0.0044199,7.9831
0.00442355,8.00067
0.00443029,8.01813
0.0044369,8.03559
0.00444058,8.05316
0.0044469,8.07086
0.00445063,8.08832
0.00445727,8.1059
0.00446112,8.12335
0.00446505,8.14069
0.00447188,8.15814
0.00447578,8.1756
0.0044826,8.19306
0.00448637,8.21051
0.00449022,8.22797
0.00450005,8.2453
0.00450396,8.26276
0.00450773,8.28034
0.00451425,8.29792
0.00452069,8.31549
0.00452704,8.33307
0.0045305,8.35077
0.00453673,8.36847
0.00453991,8.38629
0.00454291,8.40412
0.00455149,8.42206
0.00455453,8.43988
0.00456028,8.45783
0.00456586,8.47589
0.00457125,8.49396
0.00457653,8.51215
0.00458186,8.53034
0.00458705,8.54853
0.0045922,8.56671
0.00459709,8.58502
0.00460204,8.60334
0.00460961,8.62177
0.00461432,8.6402
0.00461876,8.65876
0.00462323,8.67731
0.00463038,8.69599
0.0046344,8.71479
0.0046384,8.73346
0.00464534,8.75226
0.00465216,8.77106
0.00465622,8.78986
0.00466006,8.80866
0.00466701,8.82733
0.00467106,8.84613
0.00467505,8.86493
0.00468194,8.88373
0.00468626,8.90229
0.00469085,8.92084
0.00469535,8.93927
0.00469997,8.95783
0.00470724,8.97638
0.00471171,8.99494
0.00471603,9.01349
0.00472044,9.03205
0.00472506,9.0506
0.00473239,9.06916
0.00473677,9.08771
0.00474115,9.10627
0.00474556,9.12482
0.00474995,9.1435
0.00475716,9.16205
0.00476163,9.18061
0.00476586,9.19928
0.0047731,9.21784
0.00477724,9.23664
0.00478431,9.25531
0.00478836,9.27399
0.00479519,9.29279
0.00479918,9.31165
0.00480613,9.33033
0.00481009,9.34913
0.00481686,9.36792
0.00482054,9.38685
0.00482435,9.40577
0.00482805,9.42469
0.00483475,9.44349
0.00483828,9.46253
0.00484478,9.48145
0.00485104,9.50049
0.00485423,9.51966
0.0048604,9.53882
0.00486359,9.55787
0.00486973,9.57703
0.00487287,9.5962
0.00487868,9.61548
0.00488461,9.63477
0.00489045,9.65406
0.00489615,9.67334
0.0049019,9.69263
0.0049048,9.71192
0.00491067,9.73121
0.00491652,9.75049
0.00492254,9.76966
0.00492553,9.78895
0.00493179,9.80799
0.00493531,9.82691
0.00493899,9.84583
0.00494548,9.86487
0.00494885,9.88392
0.00495523,9.90296
0.00496122,9.92212
0.00496724,9.94129
0.00497308,9.96058
0.00497599,9.97986
0.00498162,9.99927
0.00498689,10.0188
0.0049892,10.0383
0.00499719,10.058
0.00499963,10.0775
0.00500473,10.0971
0.00500714,10.1166
0.00501236,10.1361
0.00501743,10.1558
0.00502535,10.1754
0.00503042,10.1951
0.00503537,10.2148
0.00503996,10.2346
0.00504446,10.2545
0.00505188,10.2744
0.00505335,10.2944
0.00506045,10.3145
0.00506733,10.3346
0.00507115,10.3549
0.00507486,10.3751
0.00508117,10.3955
0.00508457,10.416
0.00509098,10.4364
0.00509718,10.4568
0.00510023,10.4774
0.0051061,10.4981
0.00510914,10.5187
0.00511507,10.5393
0.00512133,10.5597
0.00512443,10.5803
0.00513081,10.6007
0.00513692,10.6212
0.00514008,10.6417
0.00514321,10.6624
0.00514926,10.6829
0.00515254,10.7034
0.0051616,10.7239
0.00516502,10.7443
0.00517116,10.7648
0.00517727,10.7853
0.00518019,10.8059
0.00518326,10.8265
0.00518952,10.8469
0.00519581,10.8674
0.00519925,10.8878
0.00520551,10.9082
0.00520889,10.9287
0.00521223,10.9491
0.00521837,10.9696
0.00522168,10.9901
0.00522799,11.0105
0.00523124,11.031
0.00523735,11.0515
0.0052434,11.0721
0.00524638,11.0928
0.00525213,11.1134
0.00525473,11.1343
0.00526009,11.1552
0.00526826,11.176
0.00527051,11.197
0.00527805,11.2183
0.00528276,11.2394
0.00528684,11.2609
0.00529104,11.2824
0.00529796,11.3038
0.0053018,11.3254
0.00530862,11.3471
0.00530955,11.3685
0.00531626,11.3901
0.00532006,11.4119
0.00532387,11.4335
0.00532767,11.4551
0.00533444,11.4767
0.00533547,11.4982
0.00533944,11.5197
0.00534349,11.5413
0.00535023,11.5627
0.00535124,11.5844
0.00535779,11.6061
0.00536146,11.6277
0.00536817,11.6493
0.00536881,11.6711
0.00537539,11.6928
0.00537885,11.7145
0.0053821,11.7365
0.00538815,11.7583
0.00539108,11.7804
0.00539678,11.8025
0.00539959,11.8246
0.00540526,11.8467
0.00541074,11.8689
0.00541622,11.891
0.00541862,11.9133
0.00542372,11.9357
0.00542926,11.9579
0.00543172,11.9801
0.00543741,12.0022
0.00544275,12.0244
0.00544796,12.0468
0.00545014,12.0692
0.00545511,12.0916
0.00546012,12.114
0.00546489,12.1366
0.00547252,12.1591
0.00547666,12.1819
0.00548083,12.2047
0.00548775,12.2277
0.00549466,12.2505
0.00549895,12.2733
0.00550313,12.2961
0.00550751,12.3189
0.0055118,12.3416
0.00551624,12.3643
0.00552068,12.387
0.00552533,12.4096
0.00552989,12.4323
0.00553445,12.4548
0.00553913,12.4774
0.0055436,12.5001
0.00554813,12.5227
0.00555278,12.5453
0.00555737,12.568
0.00556494,12.5905
0.00556674,12.613
0.00557139,12.6356
0.00557619,12.6582
0.00558092,12.6808
0.00558572,12.7033
0.00559043,12.7258
0.00559794,12.7484
0.00560223,12.7712
0.00560658,12.794
0.00561073,12.8168
0.00561481,12.8396
0.00562175,12.8624
0.00562557,12.8855
0.00563218,12.9085
0.00563576,12.9316
0.00564205,12.9548
0.00564545,12.978
0.00565168,13.0012
0.00565793,13.0244
0.00566108,13.0477
0.00566719,13.0709
0.00567303,13.0944
0.00567902,13.1177
0.00568498,13.1411
0.00568817,13.1643
0.00569148,13.1876
0.0056947,13.2108
0.00570083,13.2341
0.00570396,13.2575
0.00571022,13.2806
0.00571362,13.3038
0.00571988,13.327
0.00572599,13.3502
0.00572909,13.3737
0.00573508,13.397
0.00574098,13.4203
0.00574384,13.4437
0.00574959,13.4672
0.00575528,13.4906
0.00576086,13.5142
0.00576631,13.5377
0.00577477,13.5613
0.00577729,13.585
0.00578546,13.6085
0.00578789,13.6322
0.00579611,13.6559
0.00580148,13.6794
0.00580669,13.7033
0.00581468,13.7269
0.00581975,13.7507
0.00582749,13.7745
0.00583232,13.7985
0.00583992,13.8224
0.00584448,13.8464
0.00585175,13.8706
0.0058559,13.8948
0.00586317,13.9188
0.00586734,13.943
0.00587464,13.9672
0.00587896,13.9912
0.00588621,14.0154
0.00589062,14.0394
0.00589521,14.0635
0.00590301,14.0873
0.00590498,14.1112
0.00591309,14.1349
0.00592089,14.1587
0.00592602,14.1825
0.00592818,14.2062
0.00593313,14.2301
0.00593817,14.2538
0.00594314,14.2777
0.00594803,14.3015
0.00595578,14.3253
0.00595773,14.3492
0.00596229,14.3733
0.00596998,14.3971
0.00597484,14.421
0.00598247,14.445
0.00598445,14.4689
0.0059891,14.4928
0.00599673,14.5167
0.00600158,14.5405
0.00600644,14.5645
0.00601136,14.5883
0.00601613,14.6122
0.00602069,14.6362
0.00602829,14.6602
0.00603282,14.6842
0.00603735,14.7083
0.00604483,14.7322
0.00604936,14.7562
0.00605675,14.7803
0.00606119,14.8043
0.00606566,14.8284
0.00607323,14.8524
0.00607806,14.8762
0.00608274,14.9002
0.00608759,14.9241
0.0060926,14.9479
0.00609767,14.9717
0.00610279,14.9954
0.00611072,15.0192
0.00611582,15.043
0.00612082,15.0668
0.00612869,15.0906
0.00613343,15.1145
0.00613814,15.1384
0.00614285,15.1624
0.00614735,15.1864
0.00615191,15.2105
0.00615611,15.2346
0.00616028,15.2588
0.00616705,15.2831
0.00617086,15.3075
0.00617769,15.3318
0.00618436,15.3562
0.00618788,15.3806
0.00619135,15.4052
0.00619758,15.4298
0.00620354,15.4545
0.00620941,15.4793
0.00621546,15.5039
0.00622133,15.5287
0.00622445,15.5535
0.00622993,15.5784
0.00623541,15.6033
0.00624102,15.6282
0.00624336,15.6533
0.00624574,15.6783
0.0062509,15.7034
0.00625918,15.7284
0.00626162,15.7534
0.00626708,15.7784
0.00627271,15.8032
0.00627568,15.828
0.00627872,15.8528
0.00628195,15.8774
0.00628851,15.9019
0.00629512,15.9263
0.006299,15.9506
0.00630585,15.9749
0.00630996,15.9992
0.00631703,16.0233
0.00632099,16.0476
0.0063249,16.0719
0.00633169,16.0962
0.00633553,16.1206
0.00634227,16.1449
0.00634597,16.1694
0.00634948,16.1939
0.00635586,16.2184
0.00636218,16.2429
0.00636841,16.2676
0.00637434,16.2922
0.00637747,16.317
0.00638328,16.3418
0.00638903,16.3666
0.00639442,16.3916
0.0064,16.4165
0.00640557,16.4414
0.00641087,16.4664
0.00641597,16.4916
0.00642396,16.5167
0.00642646,16.5418
0.00643165,16.5668
0.00643698,16.5918
0.00644247,16.6167
0.0064481,16.6416
0.00645379,16.6665
0.0064596,16.6913
0.00646544,16.7161
0.00646854,16.7407
0.00647465,16.7654
0.00647775,16.7902
0.00648078,16.8148
0.00648662,16.8396
0.00649198,16.8646
0.00649711,16.8898
0.00650203,16.9149
0.00650983,16.9402
0.00651466,16.9655
0.00652187,16.991
0.00652608,17.0165
0.00653028,17.0421
0.00653424,17.0678
0.00653801,17.0935
0.0065415,17.1194
0.00654791,17.1453
0.00655396,17.1714
0.00655953,17.1976
0.00656483,17.224
0.00656999,17.2505
0.00657488,17.2771
0.0065795,17.3038
0.00658713,17.3306
0.00658891,17.3573
0.00659385,17.3838
0.00659904,17.4103
0.00660428,17.4368
0.00660983,17.463
0.00661266,17.4893
0.00661871,17.5153
0.00662188,17.5414
0.0066282,17.5673
0.00663458,17.5931
0.00664102,17.619
0.00664452,17.6449
0.00664765,17.671
0.00665376,17.697
0.00665993,17.723
0.00666286,17.7493
0.00666861,17.7754
0.00667425,17.8016
0.00667991,17.8279
0.0066853,17.8543
0.00668898,17.8806
0.00669521,17.907
0.0067015,17.9335
0.00670764,17.96
0.00671363,17.9866
0.00671986,18.0131
0.00672576,18.0397
0.00673434,18.0664
0.00673968,18.0933
0.00674501,18.1202
0.00675002,18.1472
0.00675488,18.1743
0.00676268,18.2015
0.00677043,18.2286
0.0067755,18.2556
0.00678366,18.2826
0.00679213,18.3093
0.00679532,18.3359
0.00680155,18.3624
0.00680526,18.3887
0.00681196,18.4149
0.00681622,18.4409
0.00682344,18.4669
0.00682767,18.4929
0.00683488,18.5189
0.00684176,18.545
0.00684877,18.5712
0.00685541,18.5974
0.00686194,18.6238
0.0068682,18.6503
0.00687726,18.6768
0.00688049,18.7033
0.00688919,18.7299
0.00689513,18.7565
0.00690365,18.7833
0.00690949,18.8099
0.00691783,18.8368
0.00692618,18.8637
0.00693157,18.8905
0.00693974,18.9175
0.0069451,18.9443
0.00695321,18.9713
0.00696138,18.9983
0.00696918,19.0254
0.00697392,19.0525
0.00698146,19.0798
0.00698897,19.1071
0.0069966,19.1342
0.0070042,19.1614
0.00700897,19.1886
0.0070166,19.2158
0.00702152,19.2429
0.0070295,19.2699
0.00703779,19.2968
0.00704345,19.3236
0.00704902,19.3503
0.00705767,19.3771
0.00706339,19.4038
0.00707197,19.4304
0.00707769,19.4572
0.0070833,19.484
0.00709182,19.5107
0.00710028,19.5375
0.00710568,19.5645
0.00711089,19.5913
0.00711596,19.6184
0.00712401,19.6454
0.00712892,19.6725
0.00713691,19.6995
0.00714183,19.7266
0.0071494,19.7538
0.00715688,19.7811
0.00716415,19.8085
0.00717151,19.8358
0.00717887,19.8632
0.00718617,19.8905
0.00719336,19.9179
0.00719762,19.9453
0.0072048,19.9727
0.00721192,20.0001
0.00721932,20.0275
0.00722384,20.0548
0.00723153,20.0819
0.00723645,20.109
0.0072414,20.1361
0.00724939,20.1631
0.00725433,20.1902
0.00726238,20.2172
0.00727025,20.2443
0.00727525,20.2714
0.0072805,20.2983
0.00728843,20.3253
0.00729343,20.3524
0.00729814,20.3796
0.00730565,20.4069
0.00731286,20.4342
0.00731713,20.4617
0.00732389,20.4893
0.00733051,20.517
0.00733715,20.5447
0.00734609,20.5726
0.00735208,20.6006
0.00736061,20.6288
0.00736329,20.657
0.00736886,20.6852
0.00737709,20.7135
0.00738218,20.7418
0.00738725,20.7703
0.00739518,20.7987
0.00740019,20.8272
0.00740817,20.8556
0.00741324,20.884
0.0074181,20.9126
0.00742319,20.941
0.00742811,20.9695
0.00743353,20.9978
0.0074392,21.0259
0.00744477,21.0541
0.00745353,21.0822
0.00745639,21.1102
0.00746226,21.1383
0.00746822,21.1663
0.00747722,21.1942
0.00748068,21.222
0.00748712,21.2499
0.00749338,21.2777
0.00749956,21.3057
0.00750609,21.3334
0.00750947,21.3612
0.00751558,21.389
0.00752169,21.417
0.00752753,21.4451
0.00753337,21.4731
0.00754159,21.5015
0.00754669,21.5299
0.00755167,21.5583
0.00755948,21.5869
0.00756708,21.6155
0.00757161,21.6442
0.00757929,21.6727
0.00758397,21.7014
0.00759184,21.7298
0.00759676,21.7583
0.00760171,21.7869
0.00760975,21.8152
0.00761485,21.8436
0.00762033,21.8718
0.00762579,21.9001
0.00763419,21.9283
0.00763973,21.9565
0.00764814,21.9847
0.00765338,22.0132
0.00765845,22.0415
0.0076634,22.0701
0.00767103,22.0986
0.00767863,22.1273
0.0076859,22.156
0.00769293,22.1849
0.00770008,22.2137
0.00770688,22.2428
0.00771346,22.2718
0.00772288,22.301
0.00772641,22.3302
0.00773577,22.3594
0.00774206,22.3885
0.00774835,22.4178
0.0077544,22.4471
0.00776328,22.4765
0.0077721,22.506
0.00777803,22.5354
0.00778414,22.5648
0.00779314,22.5941
0.00779979,22.6232
0.00780631,22.6523
0.00781323,22.6813
0.00781996,22.7103
0.00782706,22.7391
0.00783144,22.7679
0.00783841,22.7969
0.00784544,22.8257
0.00785251,22.8546
0.00785957,22.8834
0.00786321,22.9126
0.00787,22.9415
0.00787659,22.9707
0.00788317,22.9997
0.00788946,23.029
0.00789578,23.0582
0.00790243,23.0874
0.00790901,23.1164
0.00791539,23.1456
0.00792201,23.1747
0.0079285,23.2038
0.00793494,23.233
0.00794135,23.2622
0.00794761,23.2915
0.00795401,23.3207
0.00796319,23.35
0.00796939,23.3793
0.00797562,23.4086
0.00798176,23.4379
0.00798784,23.4671
0.00799383,23.4966
0.00799985,23.526
0.00800575,23.5554
0.00801195,23.5847
0.00801788,23.6141
0.00802375,23.6435
0.00802667,23.673
0.00803532,23.7025
0.00804116,23.7319
0.00804676,23.7616
0.00805245,23.7911
0.00806086,23.8207
0.00806634,23.8503
0.0080689,23.88
0.00807731,23.9097
0.00808565,23.9393
0.00809054,23.9692
0.00809829,23.9991
0.00810291,24.0292
0.00811024,24.0593
0.00812013,24.0897
0.00812711,24.12
0.0081311,24.1504
0.00814058,24.1808
0.0081471,24.2114
0.00815059,24.2419
0.00815706,24.2726
0.00816364,24.3031
0.00817035,24.3335
0.00817452,24.3638
0.008182,24.3938
0.00818963,24.4238
0.00819762,24.4537
0.00820301,24.4834
0.00820873,24.5129
0.00821475,24.5422
0.00822098,24.5715
0.00822718,24.6008
0.00823362,24.63
0.00824286,24.6592
0.00824924,24.6885
0.00825853,24.7176
0.0082647,24.7469
0.00827105,24.7761
0.00827728,24.8054
0.0082861,24.8348
0.00828954,24.8641
0.00829553,24.8934
0.00830447,24.9228
0.00831035,24.9523
0.00831905,24.9817
0.00832468,25.0113
0.00833019,25.0409
0.00833854,25.0705
0.00834676,25.1003
0.00835249,25.1299
0.00835806,25.1594
0.008367,25.1888
0.0083732,25.2181
0.00837946,25.2473
0.00838607,25.2765
0.00839263,25.3055
0.00840235,25.3346
0.00840592,25.3638
0.00841558,25.3927
0.00842216,25.4219
0.0084286,25.451
0.0084348,25.4803
0.0084407,25.5098
0.00844654,25.5392
0.00845507,25.5687
0.00846061,25.5984
0.00846889,25.628
0.00847417,25.6578
0.00847921,25.6876
0.00848412,25.7175
0.00849205,25.7474
0.00849974,25.7773
0.00850445,25.8074
0.00851169,25.8376
0.00851583,25.8679
0.0085231,25.8981
0.00853023,25.9283
0.00853744,25.9585
0.00854465,25.9886
0.00854891,26.0189
0.00855613,26.0491
0.00856069,26.0792
0.00856831,26.1092
0.00857332,26.139
0.00857857,26.1688
0.00858381,26.1986
0.00858927,26.2283
0.00859189,26.2578
0.00859728,26.2875
0.00860289,26.3171
0.00860819,26.3468
0.00861659,26.3765
0.00862199,26.4061
0.00862738,26.4358
0.0086329,26.4654
0.00863853,26.495
0.00864407,26.5245
0.00864956,26.5542
0.00865513,26.5838
0.00866058,26.6135
0.00866595,26.6432
0.00867405,26.673
0.00867924,26.7027
0.00868729,26.7325
0.00869214,26.7624
0.00869691,26.7925
0.00870445,26.8225
0.0087122,26.8524
0.00871715,26.8823
0.00872218,26.9121
0.00872761,26.9419
0.00873577,26.9715
0.00874099,27.0013
0.00874364,27.031
0.00875205,27.0605
0.00875768,27.0901
0.00876331,27.1197
0.00876897,27.1493
0.00877458,27.1788
0.00878012,27.2085
0.0087856,27.238
0.00879395,27.2677
0.00880247,27.2972
0.00880781,27.327
0.00881621,27.3566
0.00882152,27.3863
0.0088298,27.416
0.00883475,27.4459
0.00884238,27.4759
0.00884983,27.506
0.00885692,27.5362
0.00886378,27.5666
0.00887048,27.5972
0.00887966,27.6278
0.00888595,27.6584
0.00889197,27.6892
0.00889772,27.7201
0.00890413,27.7507
0.00891354,27.7812
0.00892013,27.8118
0.00892699,27.8421
0.0089342,27.8723
0.00894147,27.9025
0.00894898,27.9326
0.0089564,27.9626
0.00896117,27.9927
0.00896904,28.0226
0.00897658,28.0526
0.00898403,28.0826
0.00899136,28.1128
0.0089989,28.1428
0.00900632,28.173
0.00901353,28.2031
0.00901788,28.2334
0.00902489,28.2637
0.00903192,28.2939
0.00903877,28.3243
0.00904545,28.3548
0.0090521,28.3852
0.00906151,28.4158
0.00906783,28.4464
0.009074,28.4772
0.00908324,28.5078
0.00908929,28.5386
0.00909546,28.5692
0.00910145,28.6001
0.00911039,28.6308
0.00911671,28.6615
0.00912311,28.692
0.00912955,28.7226
0.00913581,28.7533
0.00913924,28.7839
0.00914562,28.8146
0.00915196,28.8451
0.00915852,28.8756
0.00916499,28.9062
0.00917423,28.9369
0.00918066,28.9674
0.00918668,28.9982
0.00919294,29.0289
0.00919926,29.0596
0.00920564,29.0901
0.00921157,29.121
0.00922081,29.1516
0.00922695,29.1822
0.00923583,29.2131
0.00924176,29.2439
0.00925034,29.2749
0.00925624,29.3057
0.00926482,29.3367
0.00927037,29.3677
0.00927871,29.3987
0.00928724,29.4297
0.00929266,29.4608
0.009301,29.4918
0.00930971,29.5227
0.0093154,29.5537
0.00932124,29.5845
0.00932994,29.6153
0.00933575,29.6462
0.00934183,29.677
0.00934776,29.7079
0.00935677,29.7386
0.00936296,29.7693
0.00937208,29.8
0.00937828,29.8307
0.00938478,29.8612
0.0093942,29.8917
0.00940075,29.9222
0.00941035,29.9527
0.00941679,29.9834
0.00942328,30.0139
0.00942978,30.0444
0.00943622,30.0749
0.00944826,30.1057
0.00945443,30.1363
0.00946319,30.1672
0.00946885,30.1982
0.00947761,30.2291
0.00948316,30.2601
0.00949186,30.2909
0.00950098,30.3216
0.00950712,30.3524
0.00951353,30.3829
0.009523,30.4134
0.00953266,30.4438
0.00953969,30.4742
0.00954658,30.5045
0.00955385,30.5348
0.00956127,30.5648
0.00957158,30.595
0.00957885,30.6251
0.00958603,30.6554
0.00959292,30.6857
0.00959995,30.7161
0.00960693,30.7463
0.00961664,30.7767
0.00962654,30.807
0.009633,30.8376
0.0096392,30.8683
0.00964808,30.899
0.00965372,30.93
0.00966212,30.961
0.0096704,30.9922
0.00967839,31.0234
0.00968906,31.0547
0.00969651,31.0862
0.00970381,31.1177
0.00971106,31.1494
0.00971857,31.1809
0.00972593,31.2124
0.00973332,31.2439
0.00974089,31.2754
0.0097484,31.3069
0.00975621,31.3381
0.00976401,31.3694
0.00976929,31.4006
0.00977462,31.4317
0.00978279,31.4629
0.00978806,31.494
0.00979629,31.5251
0.00980475,31.5561
0.00980718,31.5873
0.00981541,31.6183
0.00982077,31.6494
0.00982894,31.6805
0.00983997,31.7118
0.00984512,31.7429
0.00985305,31.7742
0.00986098,31.8054
0.00986896,31.8367
0.0098737,31.8682
0.00988437,31.8994
0.00988932,31.9307
0.00989665,31.9621
0.00990422,31.9936
0.00991164,32.0251
0.00991921,32.0566
0.0099269,32.0879
0.00993453,32.1194
0.00994228,32.1509
0.00994737,32.182
0.00995536,32.2132
0.00996341,32.2445
0.00996862,32.2756
0.00997667,32.3069
0.00998471,32.338
0.00998975,32.3692
0.00999744,32.4005
0.010005,32.432
0.0100123,32.4637
0.0100194,32.4952
0.0100265,32.527
0.0100363,32.5587
0.010043,32.5904
0.0100496,32.6224
0.0100587,32.6546
0.010065,32.6866
0.0100741,32.7186
0.0100834,32.7508
0.0100894,32.7828
0.0100978,32.8153
0.0101034,32.8478
0.010112,32.88
0.0101206,32.9125
0.0101292,32.9447
0.010135,32.9772
0.0101407,33.0094
0.0101496,33.0416
0.0101557,33.0738
0.0101648,33.1058
0.0101712,33.1378
0.0101777,33.1698
0.0101842,33.2018
0.0101907,33.2337
0.0101974,33.2655
0.0102071,33.2975
0.0102138,33.3292
0.0102232,33.3612
0.0102297,33.3932
0.0102363,33.4249
0.0102459,33.4569
0.0102524,33.4889
0.0102589,33.5209
0.010268,33.5528
0.0102741,33.5851
0.010283,33.6173
0.0102919,33.6493
0.0103011,33.6815
0.0103072,33.7135
0.0103165,33.7457
0.0103228,33.7777
0.0103324,33.8094
0.010342,33.8414
0.0103461,33.8732
0.0103533,33.9046
0.0103635,33.9364
0.0103709,33.9679
0.0103781,33.9994
0.0103853,34.0311
0.0103923,34.0629
0.0103992,34.0943
0.0104088,34.1263
0.0104154,34.1583
0.0104248,34.1903
0.0104339,34.2223
0.0104399,34.2545
0.0104485,34.2867
0.0104569,34.3192
0.0104653,34.3517
0.0104735,34.3841
0.0104815,34.4169
0.0104922,34.4496
0.0104999,34.4823
0.0105075,34.5152
0.0105151,34.548
0.0105259,34.5807
0.010531,34.6134
0.0105392,34.6459
0.0105476,34.6783
0.0105532,34.7108
0.010562,34.743
0.0105683,34.775
0.0105777,34.807
0.0105844,34.8387
0.0105944,34.8705
0.0105985,34.9022
0.0106088,34.9337
0.0106164,34.9652
0.010624,34.9964
0.0106318,35.0279
0.0106367,35.0592
0.0106474,35.0904
0.010655,35.1219
0.0106626,35.1534
0.01067,35.1849
0.0106772,35.2164
0.0106872,35.2482
0.010694,35.2799
0.0107036,35.3119
0.0107103,35.3436
0.0107169,35.3756
0.0107263,35.4076
0.010733,35.4393
0.01074,35.4711
0.01075,35.5028
0.0107573,35.5343
0.0107645,35.566
0.010775,35.5973
0.0107798,35.6288
0.0107904,35.66
0.0107983,35.6913
0.0108034,35.7225
0.0108143,35.7538
0.0108192,35.785
0.0108271,35.8163
0.0108351,35.8475
0.0108432,35.8788
0.0108513,35.91
0.0108564,35.9413
0.0108675,35.9724
0.0108754,36.0036
0.0108834,36.0349
0.0108912,36.0661
0.0108989,36.0976
0.0109094,36.1289
0.0109168,36.1604
0.0109243,36.1919
0.0109315,36.2236
0.0109415,36.2551
0.0109486,36.2868
0.0109586,36.3186
0.0109659,36.3501
0.0109733,36.3816
0.0109839,36.4131
0.0109918,36.4443
0.0109999,36.4756
0.0110082,36.5067
0.0110167,36.5376
0.0110228,36.5684
0.011032,36.5991
0.0110383,36.6296
0.0110478,36.6602
0.0110544,36.6907
0.0110611,36.7211
0.0110709,36.7514
0.0110777,36.7819
0.0110874,36.8123
0.011097,36.8427
0.0111035,36.8732
0.01111,36.9039
0.0111163,36.9345
0.0111252,36.9653
0.0111338,36.9962
0.0111422,37.0273
0.0111504,37.0584
0.0111586,37.0895
0.0111665,37.1208
0.0111745,37.152
0.0111795,37.1833
0.0111877,37.2144
0.011196,37.2455
0.0112015,37.2765
0.0112075,37.3073
0.0112166,37.3379
0.0112231,37.3686
0.0112295,37.3991
0.0112389,37.4296
0.0112484,37.4601
0.011255,37.4908
0.0112614,37.5213
0.0112678,37.5519
0.0112767,37.5827
0.0112856,37.6135
0.0112914,37.6443
0.0113001,37.6752
0.0113086,37.7062
0.0113169,37.7374
0.0113249,37.7685
0.0113329,37.7997
0.0113405,37.831
0.0113511,37.8625
0.0113587,37.894
0.0113658,37.9255
0.0113731,37.9572
0.0113799,37.9889
0.01139,38.0204
0.0113972,38.0522
0.0114043,38.0839
0.0114112,38.1157
0.011418,38.1474
0.0114251,38.1791
0.0114319,38.2109
0.011439,38.2426
0.0114457,38.2743
0.0114524,38.3063
0.0114591,38.3381
0.0114658,38.3701
0.0114727,38.4018
0.0114797,38.4335
0.0114842,38.465
0.0114945,38.4965
0.0115021,38.528
0.0115096,38.5593
0.0115169,38.591
0.0115215,38.6225
0.0115287,38.654
0.011536,38.6855
0.0115461,38.7172
0.0115559,38.749
0.0115628,38.7807
0.0115694,38.8127
0.0115765,38.8442
0.0115892,38.8759
0.0115965,38.9076
0.0116039,38.9391
0.0116086,38.9706
0.0116164,39.0019
0.0116244,39.0331
0.0116326,39.0643
0.0116409,39.0954
0.0116491,39.1265
0.0116574,39.1575
0.0116657,39.1887
0.0116742,39.2197
0.0116823,39.2508
0.0116907,39.2818
0.0116992,39.3128
0.0117078,39.3438
0.0117192,39.3748
0.0117276,39.4058
0.0117389,39.4368
0.0117471,39.468
0.0117555,39.499
0.0117636,39.5302
0.0117746,39.5613
0.0117852,39.5926
0.0117927,39.6241
0.011803,39.6556
0.0118103,39.6873
0.0118205,39.7188
0.0118278,39.7503
0.0118379,39.782
0.0118452,39.8135
0.0118554,39.845
0.011863,39.8765
0.0118707,39.908
0.0118784,39.9393
0.011886,39.9708
0.0118967,40.002
0.0119016,40.0333
0.0119092,40.0648
0.0119198,40.0962
0.0119274,40.1275
0.011935,40.159
0.0119426,40.1905
0.0119531,40.2217
0.0119608,40.2532
0.0119654,40.2847
0.0119759,40.3162
0.0119835,40.3475
0.0119911,40.379
0.0119986,40.4105
0.0120061,40.442
0.0120135,40.4734
0.0120239,40.5049
0.0120314,40.5364
0.0120419,40.5677
0.0120498,40.5989
0.0120609,40.6302
0.0120661,40.6614
0.0120744,40.6924
0.012083,40.7234
0.0120889,40.7542
0.0120978,40.7851
0.0121068,40.8157
0.0121159,40.8465
0.0121249,40.8773
0.012131,40.908
0.0121395,40.9389
0.0121483,40.9698
0.0121569,41.0007
0.0121623,41.0318
0.0121704,41.0629
0.0121781,41.0942
0.0121857,41.1257
0.0121959,41.1574
0.0122056,41.1891
0.0122152,41.2209
0.0122216,41.2529
0.0122307,41.2851
0.0122396,41.3173
0.0122457,41.3493
0.0122546,41.3815
0.0122607,41.4138
0.0122725,41.446
0.0122787,41.478
0.012288,41.5099
0.0122944,41.5422
0.0123011,41.5739
0.0123108,41.6056
0.012318,41.6374
0.0123284,41.6689
0.0123359,41.7001
0.0123438,41.7316
0.0123516,41.7629
0.0123598,41.7941
0.0123709,41.8251
0.0123794,41.8561
0.0123879,41.8871
0.0123964,41.9181
0.0124048,41.9492
0.0124131,41.9803
0.0124214,42.0114
0.0124295,42.0425
0.0124405,42.0737
0.0124515,42.1049
0.0124591,42.1362
0.0124698,42.1677
0.0124771,42.1992
0.0124844,42.2306
0.0124914,42.2624
0.0125013,42.2941
0.0125114,42.3259
0.0125214,42.3574
0.0125317,42.3889
0.0125389,42.4206
0.0125464,42.4521
0.0125539,42.4836
0.0125615,42.5148
0.0125691,42.5463
0.0125796,42.5778
0.0125843,42.6091
0.0125943,42.6408
0.0126042,42.6725
0.0126109,42.7045
0.0126203,42.7363
0.0126293,42.7685
0.0126352,42.8007
0.0126438,42.8329
0.0126524,42.8654
0.0126607,42.8979
0.0126689,42.9304
0.0126771,42.9631
0.0126851,42.9955
0.0126958,43.0283
0.0127037,43.061
0.0127145,43.0937
0.0127224,43.1264
0.0127307,43.1589
0.012739,43.1913
0.0127506,43.2236
0.0127563,43.256
0.0127651,43.2883
0.0127711,43.3205
0.0127803,43.3525
0.0127897,43.3845
0.0127992,43.4164
0.012809,43.4482
0.0128157,43.4799
0.0128253,43.5119
0.0128322,43.5436
0.012842,43.5754
0.0128493,43.6069
0.0128592,43.6386
0.0128664,43.6703
0.0128731,43.7021
0.0128828,43.7338
0.0128922,43.7658
0.0128986,43.7978
0.0129076,43.83
0.0129165,43.8622
0.0129252,43.8945
0.0129336,43.9269
0.0129423,43.9592
0.0129512,43.9914
0.0129631,44.0236
0.0129694,44.0556
0.0129786,44.0876
0.0129851,44.1196
0.0129948,44.1513
0.0130018,44.183
0.0130091,44.2148
0.0130192,44.2463
0.0130264,44.278
0.013036,44.3097
0.0130429,44.3415
0.0130555,44.3732
0.0130652,44.4052
0.0130749,44.4369
0.0130845,44.4689
0.0130911,44.5007
0.0131005,44.5326
0.0131127,44.5646
0.0131188,44.5969
0.013128,44.6288
0.01314,44.6611
0.013152,44.6931
0.0131611,44.7253
0.01317,44.7575
0.0131787,44.7897
0.0131903,44.822
0.0131993,44.8542
0.0132085,44.8862
0.013218,44.9181
0.0132248,44.9499
0.0132347,44.9816
0.0132449,45.0131
0.0132552,45.0446
0.0132629,45.0761
0.0132709,45.1074
0.013279,45.1385
0.0132904,45.1695
0.0132991,45.2004
0.0133079,45.2313
0.0133168,45.262
0.0133256,45.2929
0.0133346,45.3237
0.0133436,45.3544
0.0133524,45.3852
0.0133642,45.4161
0.0133728,45.447
0.013384,45.4781
0.0133921,45.5092
0.0134033,45.5403
0.0134141,45.5716
0.0134219,45.6028
0.0134299,45.6341
0.0134407,45.6653
0.0134488,45.6966
0.0134602,45.7276
0.0134691,45.7584
0.0134752,45.7891
0.0134844,45.8198
0.0134933,45.8505
0.013503,45.8809
0.0135125,45.9114
0.0135219,45.9421
0.0135315,45.9725
0.0135409,46.003
0.0135501,46.0336
0.013559,46.0645
0.0135679,46.0953
0.013577,46.1259
0.0135861,46.1567
0.0135952,46.1873
0.0136041,46.2182
0.013613,46.249
0.0136218,46.2797
0.0136304,46.3107
0.013639,46.3416
0.0136504,46.3726
0.0136588,46.4036
0.013667,46.4347
0.0136783,46.4659
0.0136863,46.4971
0.0136947,46.5281
0.0137031,46.5591
0.0137115,46.5901
0.0137204,46.6209
0.0137265,46.6517
0.0137358,46.6823
0.0137426,46.7127
0.0137495,46.7431
0.0137624,46.7734
0.0137667,46.8035
0.0137768,46.8337
0.0137843,46.8638
0.0137946,46.8939
0.0138023,46.9239
0.0138128,46.9539
0.0138232,46.9839
0.0138307,47.0141
0.0138383,47.044
0.0138488,47.074
0.0138563,47.1042
0.0138638,47.1342
0.0138709,47.1645
0.0138809,47.1948
0.0138906,47.2252
0.0138976,47.2554
0.0139073,47.2858
0.013917,47.3162
0.0139266,47.3467
0.0139334,47.3771
0.0139435,47.4073
0.0139506,47.4376
0.0139582,47.4676
0.0139689,47.4975
0.013977,47.5273
0.0139852,47.5569
0.0139935,47.5867
0.0140017,47.6164
0.0140098,47.6462
0.014018,47.676
0.0140257,47.7059
0.0140363,47.7359
0.0140437,47.7659
0.014054,47.7961
0.0140611,47.8264
0.0140679,47.8567
0.0140775,47.8873
0.014084,47.9178
0.0140959,47.9485
0.014102,47.9793
0.0141106,48.0102
0.0141193,48.0411
0.0141305,48.0722
0.0141387,48.1033
0.0141468,48.1345
0.0141548,48.1657
0.0141657,48.197
0.0141707,48.2282
0.0141818,48.2593
0.0141904,48.2903
0.0141992,48.3211
0.0142051,48.352
0.014214,48.3827
0.014223,48.4135
0.0142291,48.4443
0.0142351,48.475
0.014244,48.5058
0.0142499,48.5367
0.0142585,48.5676
0.014267,48.5986
0.0142754,48.6297
0.0142805,48.6608
0.0142915,48.6921
0.0142966,48.7232
0.0143048,48.7543
0.0143132,48.7855
0.0143215,48.8165
0.01433,48.8475
0.0143355,48.8785
0.0143438,48.9096
0.0143492,48.9407
0.0143574,48.9717
0.0143655,49.003
0.0143763,49.0342
0.0143816,49.0654
0.0143896,49.0966
0.0144008,49.1277
0.014406,49.1589
0.0144141,49.19
0.0144195,49.2211
0.0144251,49.2521
0.014434,49.2829
0.0144428,49.3138
0.014449,49.3444
0.0144577,49.3753
0.0144665,49.4062
0.0144723,49.4371
0.0144808,49.4681
0.0144892,49.4991
0.0144977,49.5301
0.0145061,49.5611
0.0145145,49.5921
0.0145256,49.6232
0.0145337,49.6545
0.0145416,49.6857
0.0145496,49.717
0.0145603,49.7482
0.0145682,49.7795
0.014579,49.8107
0.0145866,49.8422
0.0145943,49.8735
0.0146019,49.905
0.0146098,49.9362
0.0146209,49.9675
0.0146292,49.9985
0.0146348,50.0295
0.0146468,50.0602
0.0146561,50.0908
0.0146627,50.1213
0.0146727,50.1515
0.0146827,50.1818
0.0146902,50.2118
0.0146975,50.2421
0.0147076,50.2723
0.014718,50.3024
0.0147278,50.3327
0.0147347,50.3631
0.0147444,50.3935
0.0147539,50.424
0.0147633,50.4545
0.0147723,50.4853
0.0147814,50.5159
0.0147906,50.5466
0.0147996,50.5773
0.0148085,50.6081
0.0148176,50.6389
0.0148265,50.6696
0.0148358,50.7003
0.0148452,50.7308
0.0148575,50.7613
0.0148641,50.7918
0.0148736,50.8223
0.0148834,50.8527
0.0148905,50.883
0.0149006,50.9131
0.0149109,50.9433
0.0149181,50.9734
0.0149283,51.0037
0.0149354,51.0339
0.0149453,51.0643
0.0149525,51.0944
0.0149624,51.1248
0.014972,51.1552
0.0149785,51.1857
0.0149905,51.2164
0.0149964,51.2472
0.0150078,51.2783
0.0150161,51.3094
0.015024,51.3406
0.0150316,51.3719
0.0150386,51.4036
0.0150481,51.4356
0.0150546,51.4676
0.0150665,51.4998
0.0150725,51.532
0.015081,51.5643
0.015087,51.5965
0.0150958,51.6287
0.0151021,51.6607
0.0151115,51.6927
0.0151183,51.7244
0.0151225,51.7562
0.0151294,51.7879
0.0151372,51.8194
0.0151451,51.8506
0.0151535,51.8816
0.0151617,51.9128
0.015167,51.9439
0.0151756,51.9749
0.015184,52.0059
0.0151897,52.0368
0.0151983,52.0678
0.0152068,52.0987
0.0152151,52.1298
0.0152206,52.1608
0.0152289,52.192
0.0152372,52.223
0.0152452,52.2542
0.015253,52.2855
0.0152602,52.3172
0.0152673,52.3487
0.0152739,52.3807
0.0152807,52.4125
0.0152901,52.4444
0.0152963,52.4764
0.0153055,52.5086
0.0153117,52.5406
0.015318,52.5726
0.0153245,52.6046
0.0153313,52.6366
0.0153381,52.6683
0.0153453,52.6998
0.0153525,52.7315
0.0153568,52.7633
0.0153668,52.7948
0.0153736,52.8265
0.0153804,52.8585
0.0153898,52.8905
0.0153989,52.9225
0.0154051,52.9547
0.0154138,52.9869
0.0154195,53.0191
0.0154304,53.0519
0.0154353,53.0846
0.015443,53.1173
0.0154507,53.15
0.015461,53.183
0.0154685,53.2159
0.0154759,53.2489
0.015483,53.2818
0.0154906,53.3148
0.0154981,53.3475
0.0155059,53.3802
0.0155142,53.4127
0.0155227,53.4452
0.0155314,53.4774
0.0155374,53.5096
0.0155466,53.5416
0.0155531,53.5736
0.0155625,53.6056
0.0155691,53.6376
0.0155758,53.6693
0.0155828,53.701
0.0155923,53.733
0.0156017,53.765
0.0156082,53.797
0.0156146,53.829
0.0156239,53.8609
0.0156331,53.8929
0.0156396,53.9249
0.0156487,53.9571
0.0156547,53.9894
0.0156634,54.0216
0.015672,54.0538
0.0156805,54.0863
0.0156892,54.1185
0.0156978,54.151
0.0157063,54.1832
0.0157119,54.2157
0.0157202,54.2481
0.0157259,54.2804
0.0157316,54.3128
0.0157401,54.3453
0.015746,54.3775
0.0157547,54.4098
0.0157606,54.442
0.0157696,54.4742
0.0157754,54.5064
0.0157845,54.5384
0.0157906,54.5707
0.0157997,54.6029
0.0158055,54.6351
0.0158143,54.6673
0.0158228,54.6996
0.0158313,54.732
0.0158392,54.7647
0.0158496,54.7977
0.0158572,54.8304
0.0158673,54.8634
0.0158775,54.8963
0.0158847,54.9295
0.0158949,54.9625
0.0158993,54.9955
0.0159066,55.0284
0.0159144,55.0611
0.0159252,55.0938
0.0159305,55.1263
0.0159391,55.1585
0.0159447,55.191
0.0159537,55.2232
0.0159629,55.2552
0.0159724,55.2872
0.015979,55.3189
0.0159887,55.3509
0.0159957,55.3827
0.0160028,55.4142
0.016013,55.4459
0.01602,55.4776
0.0160302,55.5091
0.0160371,55.5409
0.0160441,55.5726
0.016054,55.6043
0.0160638,55.6361
0.0160707,55.6678
0.0160803,55.6996
0.0160871,55.7315
0.0160967,55.7633
0.0161036,55.795
0.0161134,55.8268
0.0161232,55.8585
0.0161334,55.8902
0.0161408,55.9217
0.0161512,55.9532
0.016159,55.9845
0.0161671,56.0157
0.0161753,56.0469
0.0161836,56.0779
0.0161951,56.1089
0.0162037,56.1397
0.0162126,56.1706
0.0162214,56.2014
0.0162306,56.2322
0.0162396,56.2628
0.0162485,56.2936
0.0162544,56.3244
0.0162633,56.3553
0.016272,56.3861
0.0162836,56.4171
0.016292,56.4481
0.0163004,56.4791
0.0163114,56.5102
0.0163221,56.5415
0.0163299,56.5727
0.0163376,56.6042
0.0163482,56.6357
0.0163556,56.6672
0.016366,56.6985
0.0163736,56.73
0.0163812,56.7615
0.0163917,56.7929
0.0163994,56.8242
0.0164103,56.8554
0.0164186,56.8866
0.0164241,56.9177
0.0164326,56.9486
0.0164413,56.9795
0.016447,57.0105
0.016456,57.0412
0.0164619,57.072
0.0164676,57.103
0.0164763,57.1339
0.0164847,57.1649
0.0164904,57.1958
0.016499,57.2268
0.0165045,57.2578
0.0165133,57.2887
0.016522,57.3196
0.0165307,57.3504
0.0165364,57.3813
0.016545,57.4123
0.0165538,57.4431
0.0165624,57.4741
0.016571,57.505
0.0165794,57.536
0.0165878,57.5671
0.016593,57.5982
0.0166013,57.6294
0.0166098,57.6603
0.0166155,57.6913
0.0166244,57.722
0.0166305,57.7528
0.0166398,57.7834
0.016646,57.8141
0.0166555,57.8446
0.016662,57.8751
0.0166686,57.9056
0.0166779,57.9363
0.0166839,57.967
0.0166961,57.9977
0.016705,58.0284
0.0167109,58.0593
0.0167194,58.0903
0.0167276,58.1214
0.0167327,58.1526
0.0167436,58.1838
0.0167512,58.2153
0.0167586,58.2468
0.0167691,58.2781
0.0167763,58.3098
0.0167862,58.3415
0.0167931,58.3733
0.016803,58.405
0.0168101,58.4365
0.0168174,58.4682
0.0168278,58.4997
0.0168356,58.531
0.016847,58.562
0.0168525,58.593
0.016861,58.624
0.0168701,58.6548
0.0168792,58.6854
0.0168885,58.716
0.016898,58.7466
0.0169073,58.7771
0.0169168,58.8076
0.0169262,58.8382
0.0169353,58.8689
0.0169446,58.8995
0.0169539,58.93
0.0169633,58.9605
0.0169725,58.9912
0.016982,59.0218
0.0169912,59.0523
0.0170005,59.083
0.0170096,59.1137
0.0170187,59.1444
0.0170279,59.175
0.0170371,59.2057
0.0170492,59.2363
0.0170554,59.2671
0.0170677,59.2976
0.017074,59.3282
0.0170834,59.3587
0.0170931,59.3893
0.0171026,59.4197
0.0171127,59.4499
0.0171225,59.4802
0.0171297,59.5105
0.0171397,59.5407
0.0171464,59.5711
0.0171563,59.6014
0.0171661,59.6318
0.0171757,59.6623
0.0171881,59.6928
0.0171975,59.7234
0.0172037,59.7541
0.0172155,59.7849
0.0172241,59.8158
0.017233,59.8465
0.0172419,59.8774
0.0172505,59.9083
0.017262,59.9393
0.0172706,59.9702
0.0172821,60.0011
0.0172906,60.0321
0.0172992,60.0631
0.0173081,60.0938
0.0173201,60.1245
0.017329,60.1554
0.0173382,60.186
0.0173473,60.2167
0.0173568,60.2472
0.0173636,60.2776
0.0173733,60.308
0.0173805,60.3382
0.0173904,60.3685
0.0174007,60.3987
0.0174109,60.4288
0.0174214,60.4588
0.017429,60.4889
0.0174395,60.5189
0.0174471,60.5488
0.0174545,60.579
0.0174649,60.609
0.0174752,60.6391
0.0174856,60.6693
0.0174955,60.6996
0.0175054,60.7298
0.017515,60.7604
0.0175215,60.7909
0.0175309,60.8214
0.01754,60.8521
0.0175492,60.8827
0.0175583,60.9134
0.0175646,60.9441
0.0175769,60.9746
0.0175863,61.0052
0.017596,61.0356
0.0176029,61.066
0.0176127,61.0963
0.0176202,61.1264
0.0176307,61.1565
0.0176384,61.1864
0.0176465,61.2162
0.0176574,61.2459
0.0176652,61.2759
0.0176761,61.3058
0.0176866,61.3357
0.0176943,61.3657
0.0177047,61.3957
0.0177146,61.4261
0.0177244,61.4564
0.0177308,61.487
0.0177426,61.5178
0.0177513,61.5487
0.0177599,61.5797
0.0177685,61.6106
0.0177799,61.6416
0.0177883,61.6726
0.0177968,61.7036
0.0178053,61.7346
0.0178139,61.7655
0.0178226,61.7964
0.0178315,61.8272
0.0178405,61.858
0.0178467,61.8886
0.0178558,61.9194
0.0178679,61.9501
0.017874,61.9808
0.0178833,62.0113
0.0178925,62.042
0.0179019,62.0725
0.0179086,62.103
0.017915,62.1336
0.0179242,62.1643
0.0179334,62.1949
0.0179396,62.2256
0.0179488,62.2562
0.0179579,62.287
0.0179668,62.3177
0.0179729,62.3485
0.0179815,62.3794
0.0179905,62.4101
0.0179993,62.441
0.0180082,62.4718
0.0180169,62.5027
0.0180255,62.5335
0.0180339,62.5647
0.0180423,62.5957
0.0180507,62.6267
0.018059,62.6578
0.0180704,62.6888
0.0180757,62.7199
0.0180839,62.751
0.0180893,62.7821
0.0180978,62.8131
0.0181062,62.8441
0.018115,62.875
0.0181237,62.9059
0.0181295,62.9367
0.018141,62.9676
0.0181466,62.9986
0.0181522,63.0296
0.0181634,63.0608
0.0181717,63.0918
0.0181796,63.123
0.0181876,63.1543
0.0181979,63.1858
0.0182052,63.2173
0.0182151,63.249
0.018222,63.2807
0.0182315,63.3127
0.0182378,63.3447
0.018244,63.3769
0.018256,63.4089
0.0182623,63.4411
0.0182713,63.4731
0.0182805,63.5053
0.0182867,63.5373
0.0182932,63.5693
0.0182999,63.6011
0.0183068,63.6328
0.018314,63.6645
0.0183244,63.696
0.018332,63.7275
0.0183365,63.759
0.0183469,63.7903
0.0183545,63.8218
0.0183622,63.8532
0.0183728,63.8845
0.0183804,63.916
0.018388,63.9472
0.0183955,63.979
0.0184057,64.0105
0.0184128,64.0422
0.0184199,64.0737
0.0184302,64.1052
0.0184372,64.1369
0.0184473,64.1687
0.0184573,64.2002
0.0184673,64.2319
0.0184746,64.2634
0.018482,64.2949
0.0184924,64.3264
0.0185001,64.3579
0.018508,64.3891
0.018516,64.4204
0.0185242,64.4515
0.0185355,64.4825
0.018544,64.5135
0.0185496,64.5445
0.0185612,64.5754
0.0185668,64.6064
0.0185751,64.6376
0.0185863,64.6686
0.0185946,64.6997
0.0186025,64.7309
0.0186133,64.7622
0.0186209,64.7937
0.0186313,64.8252
0.0186415,64.8567
0.0186482,64.8884
0.0186579,64.9204
0.0186645,64.9521
0.0186769,64.9841
0.0186863,65.0161
0.0186959,65.0478
0.0187054,65.0798
0.018715,65.1118
0.018725,65.1433
0.018732,65.175
0.0187423,65.2065
0.01875,65.238
0.0187608,65.2693
0.0187689,65.3005
0.018777,65.3316
0.0187882,65.3628
0.0187965,65.3938
0.0188049,65.4248
0.0188134,65.4558
0.018822,65.4868
0.0188307,65.5177
0.0188397,65.5484
0.0188488,65.5791
0.018858,65.6097
0.0188673,65.6404
0.0188737,65.671
0.0188831,65.7015
0.0188924,65.7322
0.0189045,65.7628
0.0189109,65.7933
0.0189199,65.8241
0.0189289,65.8548
0.0189377,65.8857
0.0189493,65.9166
0.0189552,65.9474
0.0189637,65.9784
0.0189723,66.0093
0.018981,66.0403
0.0189897,66.0711
0.0189988,66.1018
0.0190078,66.1325
0.0190167,66.1633
0.019023,66.1941
0.0190294,66.2246
0.0190388,66.2551
0.0190487,66.2854
0.0190557,66.3158
0.0190628,66.346
0.0190727,66.3763
0.0190825,66.4067
0.0190922,66.4371
0.0190987,66.4676
0.019108,66.4983
0.0191173,66.5288
0.0191232,66.5597
0.0191318,66.5906
0.0191403,66.6216
0.0191458,66.6527
0.0191569,66.6838
0.019162,66.7149
0.0191702,66.7461
0.0191813,66.7772
0.0191865,66.8084
0.0191946,66.8396
0.0192058,66.8706
0.0192116,66.9016
0.0192203,66.9325
0.019229,66.9634
0.0192354,66.9939
0.019245,67.0244
0.0192519,67.0548
0.019259,67.0851
0.0192661,67.1152
0.0192737,67.1452
0.0192843,67.1753
0.0192917,67.2054
0.0192994,67.2353
0.0193069,67.2655
0.0193143,67.2955
0.0193246,67.3257
0.0193318,67.3558
0.0193391,67.386
0.0193463,67.4162
0.0193533,67.4465
0.0193633,67.4768
0.0193704,67.5071
0.0193805,67.5372
0.0193875,67.5676
0.0193973,67.5979
0.0194042,67.6283
0.0194141,67.6585
0.019421,67.6889
0.019431,67.7192
0.019438,67.7495
0.0194451,67.7798
0.0194553,67.81
0.0194594,67.8403
0.0194669,67.8703
0.0194744,67.9003
0.019485,67.9304
0.0194929,67.9601
0.0194979,67.99
0.0195058,68.02
0.0195135,68.0499
0.0195211,68.08
0.0195286,68.11
0.019539,68.1401
0.0195464,68.1702
0.0195537,68.2004
0.0195634,68.2308
0.0195728,68.2613
0.0195791,68.2919
0.0195849,68.3228
0.0195906,68.3538
0.0196018,68.3848
0.0196101,68.4159
0.0196183,68.4471
0.019626,68.4783
0.0196338,68.5098
0.0196385,68.5411
0.0196463,68.5723
0.0196543,68.6036
0.0196624,68.6348
0.0196679,68.6659
0.0196761,68.6971
0.0196819,68.728
0.0196875,68.759
0.0196963,68.7897
0.0197053,68.8205
0.0197117,68.8511
0.0197212,68.8816
0.0197277,68.9122
0.0197371,68.9427
0.0197437,68.9732
0.0197532,69.0037
0.0197625,69.0344
0.019769,69.0649
0.0197781,69.0956
0.0197841,69.1264
0.0197925,69.1574
0.019798,69.1884
0.0198093,69.2194
0.0198176,69.2505
0.0198257,69.2817
0.0198337,69.3129
0.0198415,69.3442
0.0198465,69.3754
0.0198549,69.4065
0.0198632,69.4377
0.019872,69.4684
0.0198809,69.4993
0.01989,69.53
0.0198966,69.5605
0.0199033,69.591
0.0199104,69.6211
0.0199205,69.6514
0.0199278,69.6816
0.0199351,69.7117
0.0199452,69.742
0.0199522,69.7723
0.0199621,69.8025
0.0199716,69.8331
0.0199781,69.8636
0.0199874,69.8942
0.0199965,69.925
0.0200058,69.9555
0.0200147,69.9864
0.0200233,70.0173
0.0200323,70.048
0.0200409,70.0789
0.0200496,70.1098
0.0200584,70.1407
0.02007,70.1716
0.0200787,70.2024
0.0200873,70.2333
0.0200958,70.2643
0.0201073,70.2953
0.0201158,70.3262
0.0201245,70.3571
0.0201334,70.388
0.0201424,70.4186
0.0201514,70.4495
0.0201577,70.4802
0.0201668,70.5108
0.0201734,70.5413
0.0201827,70.5718
0.0201922,70.6023
0.0202018,70.6329
0.0202115,70.6633
0.0202213,70.6937
0.0202279,70.7242
0.0202376,70.7546
0.0202471,70.7851
0.0202539,70.8155
0.0202636,70.8458
0.0202733,70.8763
0.0202804,70.9065
0.02029,70.9369
0.0202991,70.9676
0.0203055,70.9982
0.0203147,71.0289
0.020324,71.0595
0.0203332,71.0901
0.0203393,71.1209
0.0203481,71.1517
0.0203573,71.1824
0.0203664,71.2131
0.020373,71.2436
0.0203796,71.2741
0.0203891,71.3046
0.020396,71.3349
0.0204029,71.3653
0.020413,71.3954
0.0204206,71.4255
0.0204279,71.4556
0.0204381,71.4858
0.020445,71.5162
0.0204519,71.5466
0.0204615,71.577
0.0204708,71.6076
0.02048,71.6382
0.020489,71.669
0.0205006,71.6999
0.0205088,71.731
0.020517,71.7621
0.0205252,71.7933
0.0205303,71.8245
0.020541,71.8558
0.0205489,71.887
0.0205566,71.9185
0.0205672,71.9498
0.020575,71.981
0.0205827,72.0125
0.0205906,72.0438
0.0205986,72.075
0.0206065,72.1063
0.020615,72.1373
0.0206204,72.1684
0.0206292,72.1992
0.0206381,72.23
0.0206443,72.2607
0.0206535,72.2914
0.0206599,72.322
0.0206693,72.3526
0.0206786,72.3831
0.0206849,72.4137
0.0206941,72.4444
0.0207004,72.475
0.0207096,72.5057
0.0207187,72.5364
0.0207276,72.5672
0.0207366,72.598
0.0207452,72.6288
0.0207536,72.6598
0.0207625,72.6907
0.0207712,72.7216
0.0207769,72.7525
0.0207884,72.7835
0.0207969,72.8144
0.0208059,72.8451
0.0208147,72.876
0.0208207,72.9068
0.0208299,72.9374
0.0208392,72.9681
0.0208455,72.9987
0.0208549,73.0292
0.0208643,73.0597
0.020871,73.0903
0.0208802,73.1209
0.0208892,73.1517
0.0208981,73.1824
0.0209069,73.2133
0.0209156,73.2442
0.0209211,73.2752
0.0209322,73.3063
0.0209402,73.3376
0.020948,73.3688
0.0209585,73.4003
0.020969,73.4316
0.0209764,73.4631
0.0209866,73.4948
0.0209966,73.5265
0.0210035,73.5583
0.0210135,73.5898
0.0210233,73.6215
0.0210306,73.6533
0.0210407,73.6847
0.0210479,73.7165
0.0210582,73.748
0.0210687,73.7795
0.0210765,73.8107
0.0210844,73.842
0.0210953,73.8732
0.0211033,73.9045
0.0211112,73.9357
0.0211195,73.9669
0.0211278,73.9979
0.0211333,74.029
0.0211445,74.06
0.0211529,74.0911
0.0211614,74.122
0.0211698,74.1531
0.0211783,74.184
0.0211869,74.215
0.0211955,74.2459
0.0212039,74.277
0.0212123,74.308
0.0212236,74.339
0.0212348,74.3702
0.021243,74.4013
0.0212511,74.4324
0.0212622,74.4636
0.0212705,74.4947
0.0212819,74.5256
0.0212905,74.5566
0.0212992,74.5875
0.021308,74.6183
0.0213137,74.6492
0.0213227,74.68
0.021332,74.7106
0.0213412,74.7413
0.0213506,74.7718
0.0213598,74.8024
0.0213688,74.8332
0.0213779,74.8639
0.0213869,74.8946
0.021399,74.9253
0.0214079,74.9561
0.0214167,74.9869
0.0214282,75.0179
0.0214368,75.0488
0.0214451,75.0799
0.0214563,75.111
0.0214642,75.1423
0.0214751,75.1734
0.0214859,75.2046
0.0214965,75.2361
0.0215076,75.2673
0.0215156,75.2985
0.0215265,75.3296
0.0215349,75.3608
0.0215462,75.3918
0.0215554,75.4224
0.0215645,75.4532
0.0215741,75.4836
0.021584,75.5138
0.0215911,75.5441
0.0216044,75.5743
0.0216118,75.6043
0.0216225,75.6343
0.0216303,75.6641
0.0216412,75.694
0.0216522,75.7238
0.0216605,75.7535
0.0216715,75.7833
0.0216798,75.8129
0.0216911,75.8426
0.0216992,75.8722
0.0217107,75.9019
0.0217218,75.9316
0.021733,75.9612
0.0217411,75.991
0.021752,76.0209
0.021763,76.0507
0.0217738,76.0805
0.0217845,76.1104
0.0217954,76.1403
0.0218062,76.1701
0.0218174,76.1998
0.0218261,76.2293
0.0218375,76.259
0.0218463,76.2884
0.0218553,76.3177
0.0218643,76.347
0.0218766,76.3762
0.0218862,76.4052
0.0218956,76.4344
0.0219052,76.4634
0.0219145,76.4926
0.0219236,76.5219
0.0219331,76.551
0.0219453,76.5803
0.0219546,76.6094
0.0219667,76.6386
0.0219757,76.668
0.0219846,76.6973
0.0219931,76.727
0.0220011,76.7568
0.022009,76.7867
0.02202,76.8165
0.0220306,76.8464
0.0220381,76.8765
0.0220484,76.9065
0.0220586,76.9367
0.0220659,76.967
0.022076,76.9971
0.0220838,77.027
0.0220919,77.0568
0.0221004,77.0864
0.0221092,77.1159
0.0221152,77.1452
0.0221245,77.1744
0.0221309,77.2037
0.0221404,77.2327
0.0221503,77.2617
0.0221603,77.2905
0.0221676,77.3193
0.0221779,77.348
0.022185,77.3769
0.0221919,77.4057
0.0222019,77.4346
0.0222087,77.4636
0.0222187,77.4925
0.0222285,77.5214
0.0222381,77.5505
0.0222449,77.5795
0.0222541,77.6087
0.0222604,77.638
0.0222697,77.6672
0.0222789,77.6965
0.0222881,77.7256
0.0222975,77.7548
0.0223067,77.7841
0.022316,77.8133
0.0223228,77.8422
0.0223325,77.8713
0.0223427,77.9
0.0223529,77.9288
0.0223604,77.9575
0.0223682,77.9859
0.0223787,78.0146
0.0223892,78.0431
0.0223973,78.0716
0.0224051,78.1
0.0224128,78.1286
0.0224204,78.1573
0.0224308,78.186
0.022441,78.2147
0.0224511,78.2435
0.0224613,78.2723
0.0224717,78.3008
0.0224761,78.3296
0.0224858,78.3587
0.0224958,78.3875
0.0225053,78.4167
0.0225146,78.4457
0.022524,78.4749
0.0225361,78.5042
0.0225482,78.5334
0.0225571,78.5629
0.0225657,78.5923
0.0225772,78.6219
0.0225861,78.6513
0.022595,78.6807
0.0226043,78.7099
0.0226138,78.7389
0.0226235,78.768
0.0226335,78.7968
0.0226436,78.8256
0.0226509,78.8544
0.0226613,78.8831
0.0226719,78.9117
0.0226795,78.9402
0.02269,78.9688
0.0227004,78.9975
0.022708,79.0262
0.0227183,79.0549
0.0227313,79.0837
0.0227389,79.1124
0.0227493,79.1409
0.0227596,79.1697
0.0227698,79.1984
0.0227771,79.2272
0.0227873,79.2559
0.0228003,79.2847
0.0228102,79.3137
0.0228201,79.3426
0.0228299,79.3715
0.0228394,79.4007
0.0228492,79.4296
0.0228585,79.4588
0.0228682,79.4877
0.0228753,79.5167
0.0228852,79.5456
0.0228952,79.5744
0.0229028,79.603
0.0229104,79.6316
0.0229211,79.6602
0.0229321,79.6885
0.0229401,79.717
0.0229485,79.7452
0.0229597,79.7735
0.0229677,79.8018
0.0229789,79.8301
0.0229871,79.8585
0.022998,79.8869
0.023009,79.9152
0.0230166,79.9439
0.023027,79.9726
0.0230373,80.0013
0.0230505,80.03
0.0230608,80.0586
0.0230712,80.0873
0.0230811,80.1163
0.023091,80.1451
0.0231008,80.1741
0.0231104,80.2032
0.0231206,80.232
0.0231303,80.2609
0.0231401,80.2898
0.0231499,80.3188
0.0231598,80.3477
0.0231701,80.3765
0.0231779,80.405
0.0231887,80.4334
0.0231968,80.4618
0.0232052,80.49
0.0232165,80.5182
0.0232284,80.5462
0.0232374,80.5742
0.0232464,80.6021
0.0232584,80.6299
0.0232673,80.658
0.0232788,80.6861
0.0232877,80.714
0.0232962,80.7422
0.0233045,80.7706
0.023316,80.7986
0.0233271,80.827
0.0233353,80.8553
0.0233435,80.8836
0.0233542,80.9122
0.0233651,80.9406
0.0233762,80.9689
0.0233842,80.9974
0.0233927,81.0254
0.0234043,81.0535
0.0234156,81.0818
0.0234245,81.1098
0.0234335,81.1377
0.0234454,81.1657
0.0234546,81.1935
0.0234637,81.2215
0.0234728,81.2493
0.0234853,81.277
0.0234946,81.3047
0.023504,81.3325
0.0235109,81.36
0.0235202,81.3879
0.0235296,81.4156
0.0235392,81.4432
0.0235486,81.471
0.0235581,81.4987
0.0235675,81.5264
0.0235795,81.5543
0.0235885,81.5822
0.0236003,81.6102
0.0236086,81.6385
0.0236199,81.6667
0.0236284,81.6949
0.0236392,81.7233
0.0236504,81.7516
0.0236612,81.7802
0.0236717,81.8088
0.0236824,81.8372
0.0236928,81.8659
0.0237003,81.8946
0.0237079,81.9231
0.0237184,81.9518
0.0237288,81.9805
0.0237368,82.009
0.0237475,82.0374
0.0237583,82.0658
0.0237664,82.0943
0.0237745,82.1226
0.0237831,82.1508
0.0237916,82.179
0.0238001,82.2071
0.023809,82.2352
0.0238179,82.2631
0.0238294,82.2912
0.0238381,82.3193
0.0238439,82.3473
0.0238554,82.3755
0.0238641,82.4036
0.0238727,82.4318
0.0238841,82.4599
0.0238929,82.488
0.0239014,82.5162
0.02391,82.5442
0.0239184,82.5724
0.0239266,82.6008
0.0239349,82.6291
0.023943,82.6574
0.0239538,82.686
0.0239644,82.7144
0.0239753,82.743
0.0239858,82.7715
0.0239937,82.8
0.0240013,82.8287
0.0240089,82.8572
0.024017,82.8856
0.0240251,82.914
0.0240365,82.9422
0.0240452,82.9703
0.0240539,82.9984
0.0240629,83.0263
0.0240716,83.0544
0.0240801,83.0826
0.0240885,83.1108
0.0240999,83.1389
0.0241079,83.1673
0.0241188,83.1957
0.0241265,83.2243
0.0241366,83.2531
0.0241471,83.2818
0.0241571,83.3106
0.0241671,83.3395
0.0241741,83.3683
0.0241839,83.3974
0.0241909,83.4262
0.0242036,83.4551
0.0242105,83.4842
0.0242205,83.513
0.0242306,83.5418
0.0242405,83.5707
0.0242506,83.5995
0.0242582,83.6281
0.0242685,83.6568
0.0242764,83.6854
0.0242844,83.7137
0.0242955,83.742
0.0243042,83.7702
0.0243155,83.7984
0.0243242,83.8265
0.024333,83.8544
0.0243388,83.8826
0.0243507,83.9105
0.02436,83.9383
0.024372,83.9662
0.0243812,83.9941
0.0243906,84.0218
0.0244025,84.0497
0.024412,84.0775
0.0244215,84.1052
0.0244337,84.1329
0.0244433,84.1605
0.0244529,84.1882
0.0244625,84.2159
0.0244752,84.2433
0.024485,84.2709
0.0244948,84.2985
0.0245076,84.326
0.0245173,84.3536
0.02453,84.3812
0.0245403,84.4085
0.0245533,84.4359
0.0245634,84.4633
0.0245738,84.4905
0.0245839,84.518
0.0245942,84.5452
0.0246046,84.5726
0.0246149,84.5998
0.0246253,84.6271
0.0246358,84.6544
0.0246459,84.6817
0.0246561,84.709
0.0246664,84.7364
0.0246791,84.764
0.0246895,84.7912
0.0246996,84.8185
0.0247097,84.846
0.0247227,84.8735
0.0247327,84.9008
0.0247424,84.9284
0.0247551,84.956
0.0247646,84.9837
0.0247768,85.0115
0.0247891,85.0392
0.0248012,85.0672
0.0248129,85.0952
0.0248222,85.123
0.0248312,85.1508
0.0248434,85.1786
0.0248532,85.2062
0.0248631,85.2337
0.0248734,85.261
0.0248839,85.2883
0.0248949,85.3152
0.0249058,85.3422
0.0249176,85.3688
0.0249264,85.3954
0.0249385,85.4218
0.0249508,85.4482
0.0249602,85.4745
0.0249728,85.5008
0.0249827,85.5269
0.0249956,85.5529
0.0250087,85.5789
0.0250189,85.6048
0.0250291,85.6308
0.025039,85.6569
0.0250521,85.6828
0.0250622,85.7089
0.0250749,85.735
0.0250846,85.7612
0.0250971,85.7874
0.0251064,85.8138
0.0251187,85.8401
0.025128,85.8665
0.0251368,85.8931
0.0251459,85.9196
0.0251579,85.9461
0.0251697,85.9727
0.025182,85.9991
0.0251914,86.0255
0.0252041,86.0516
0.0252139,86.0777
0.025224,86.1037
0.0252342,86.1297
0.0252418,86.1555
0.0252556,86.1811
0.0252664,86.2067
0.0252775,86.2322
0.0252857,86.2578
0.0252967,86.2834
0.0253078,86.3089
0.0253159,86.3344
0.0253268,86.36
0.0253377,86.3857
0.0253489,86.4112
0.0253597,86.4368
0.0253705,86.4625
0.0253814,86.4881
0.0253922,86.5137
0.025403,86.5395
0.0254136,86.5652
0.0254273,86.5909
0.0254378,86.6166
0.0254454,86.6425
0.0254588,86.6683
0.0254691,86.6942
0.0254796,86.72
0.0254932,86.7458
0.0255037,86.7715
0.0255174,86.7972
0.0255253,86.8228
0.0255392,86.8484
0.0255477,86.8738
0.0255593,86.8991
0.0255708,86.9244
0.0255827,86.9495
0.025592,86.9745
0.0256043,86.9995
0.0256137,87.0244
0.0256235,87.0491
0.0256331,87.0739
0.0256429,87.0987
0.0256527,87.1235
0.0256655,87.1481
0.0256754,87.1728
0.0256854,87.1974
0.0256955,87.2221
0.0257054,87.2468
0.0257183,87.2714
0.0257282,87.2962
0.0257379,87.321
0.0257504,87.3458
0.0257601,87.3705
0.0257698,87.3953
0.0257794,87.4202
0.025789,87.445
0.0258013,87.47
0.0258134,87.4951
0.0258253,87.5202
0.0258345,87.5452
0.0258436,87.5703
0.0258526,87.5954
0.0258618,87.6204
0.0258738,87.6454
0.0258831,87.6705
0.0258925,87.6955
0.0259018,87.7204
0.0259084,87.7453
0.0259181,87.7701
0.0259282,87.7947
0.0259381,87.8194
0.0259484,87.8439
0.0259587,87.8683
0.0259718,87.893
0.0259792,87.9174
0.0259896,87.942
0.0259999,87.9664
0.0260101,87.991
0.0260204,88.0154
0.0260306,88.04
0.0260408,88.0645
0.0260509,88.0892
0.026061,88.1137
0.0260711,88.1384
0.026081,88.163
0.0260937,88.1878
0.0261034,88.2126
0.0261128,88.2375
0.026125,88.2625
0.0261367,88.2878
0.0261456,88.3129
0.0261573,88.3382
0.0261659,88.3635
0.0261772,88.3889
0.0261858,88.4142
0.0261975,88.4394
0.0262063,88.4647
0.0262183,88.4898
0.0262277,88.5147
0.0262373,88.5395
0.026247,88.5643
0.0262569,88.5891
0.0262669,88.6136
0.026277,88.6382
0.0262873,88.6628
0.0262975,88.6873
0.0263081,88.7117
0.0263189,88.7359
0.0263267,88.7603
0.0263373,88.7846
0.0263481,88.8089
0.0263587,88.8332
0.0263695,88.8575
0.0263804,88.8817
0.0263912,88.9059
0.0263988,88.9304
0.0264123,88.9548
0.0264225,88.9792
0.0264328,89.0038
0.0264431,89.0283
0.0264535,89.0528
0.0264639,89.0771
0.0264743,89.1016
0.0264848,89.126
0.0264953,89.1505
0.0265091,89.1747
0.02652,89.1989
0.0265312,89.223
0.0265424,89.247
0.0265537,89.2711
0.0265622,89.295
0.0265736,89.319
0.0265852,89.3428
0.0265968,89.3668
0.0266056,89.3906
0.0266147,89.4142
0.0266268,89.4378
0.0266389,89.4615
0.0266512,89.485
0.0266633,89.5086
0.0266727,89.5322
0.0266822,89.5557
0.0266915,89.5793
0.0267037,89.6028
0.026716,89.6264
0.0267279,89.6501
0.0267397,89.6739
0.0267516,89.6976
0.0267633,89.7214
0.0267753,89.7452
0.0267841,89.769
0.0267987,89.7928
0.0268077,89.8165
0.0268195,89.8403
0.0268312,89.8641
0.026843,89.8879
0.0268547,89.9117
0.0268691,89.9356
0.0268778,89.9595
0.0268923,89.9833
0.0269038,90.0073
0.0269155,90.0311
0.0269244,90.0549
0.0269364,90.0786
0.0269483,90.1022
0.0269576,90.1259
0.026967,90.1494
0.0269794,90.1729
0.0269922,90.1962
0.0270022,90.2194
0.0270124,90.2426
0.0270225,90.2658
0.0270327,90.2889
0.0270459,90.312
0.0270564,90.335
0.0270667,90.3581
0.0270768,90.3813
0.02709,90.4045
0.0271002,90.4276
0.0271133,90.4507
0.0271234,90.4739
0.0271334,90.4971
0.0271436,90.5203
0.0271566,90.5435
0.0271669,90.5666
0.0271771,90.5898
0.0271879,90.6126
0.0271983,90.6357
0.0272116,90.6588
0.0272219,90.6818
0.0272325,90.7048
0.0272462,90.7276
0.0272569,90.7505
0.0272706,90.7734
0.0272817,90.7961
0.0272927,90.8188
0.0273037,90.8416
0.0273121,90.8642
0.0273237,90.8867
0.0273354,90.9091
0.0273473,90.9315
0.0273594,90.9537
0.0273686,90.9759
0.0273777,90.9981
0.02739,91.0203
0.0274021,91.0425
0.0274113,91.0648
0.0274234,91.087
0.0274354,91.1092
0.0274475,91.1315
0.0274592,91.1539
0.0274711,91.1762
0.0274798,91.1987
0.0274912,91.2213
0.0275052,91.244
0.0275136,91.2667
0.0275274,91.2894
0.0275383,91.3122
0.0275491,91.3351
0.0275626,91.3581
0.0275732,91.381
0.0275838,91.404
0.0275976,91.4268
0.0276056,91.4495
0.0276194,91.4724
0.0276275,91.4952
0.0276387,91.5178
0.02765,91.5403
0.0276644,91.5629
0.0276764,91.5853
0.0276853,91.6076
0.0276973,91.6298
0.0277096,91.652
0.027722,91.6741
0.0277319,91.696
0.0277447,91.7178
0.0277555,91.7393
0.0277694,91.7607
0.0277836,91.7819
0.0277979,91.803
0.0278097,91.824
0.0278217,91.8449
0.0278339,91.8657
0.0278494,91.8863
0.0278624,91.9067
0.0278785,91.9269
0.0278918,91.9472
0.0279052,91.9675
0.027922,91.9874
0.0279362,92.0071
0.0279506,92.0269
0.0279651,92.0466
0.0279828,92.066
0.0279977,92.0855
0.0280124,92.1052
0.0280243,92.1246
0.0280419,92.1442
0.0280594,92.1638
0.0280708,92.1835
0.0280878,92.2034
0.0281022,92.2232
0.0281192,92.243
0.0281332,92.2629
0.0281475,92.2827
0.0281592,92.3023
0.0281769,92.3218
0.0281887,92.3414
0.0282008,92.3609
0.0282159,92.3802
0.0282315,92.3994
0.028247,92.4185
0.0282625,92.4377
0.0282781,92.4568
0.0282909,92.4759
0.0283061,92.4952
0.0283215,92.5145
0.0283369,92.5338
0.0283494,92.5529
0.0283644,92.5723
0.028379,92.592
0.0283936,92.6116
0.0284082,92.6312
0.0284198,92.6509
0.028434,92.6707
0.0284483,92.6905
0.0284628,92.7101
0.0284773,92.7298
0.0284885,92.7497
0.0285028,92.7693
0.0285143,92.7891
0.0285285,92.8089
0.0285425,92.8288
0.0285566,92.8487
0.0285707,92.8686
0.0285818,92.8885
0.0285956,92.9085
0.0286096,92.9284
0.0286238,92.9482
0.028635,92.9681
0.028649,92.988
0.0286608,93.0075
0.028673,93.0269
0.0286882,93.0462
0.0287005,93.0655
0.0287103,93.0847
0.0287234,93.1036
0.0287365,93.1225
0.0287495,93.1415
0.0287625,93.1606
0.0287729,93.1794
0.0287864,93.1981
0.0287998,93.217
0.0288132,93.2357
0.0288268,93.2543
0.0288407,93.273
0.0288515,93.2916
0.0288624,93.3102
0.0288794,93.3287
0.0288907,93.3471
0.0289049,93.3654
0.0289158,93.3841
0.0289296,93.4026
0.0289403,93.4213
0.0289541,93.44
0.0289673,93.4588
0.0289776,93.4777
0.0289906,93.4968
0.0290039,93.5156
0.0290141,93.5345
0.0290269,93.5536
0.0290371,93.5726
0.0290503,93.5914
0.0290635,93.6103
0.0290733,93.6295
0.0290864,93.6484
0.0290966,93.6673
0.0291099,93.6861
0.0291231,93.705
0.0291336,93.7238
0.0291442,93.7426
0.0291579,93.7612
0.0291684,93.78
0.0291795,93.7985
0.0291908,93.817
0.0292024,93.8351
0.0292139,93.8535
0.0292254,93.8718
0.0292369,93.8901
0.0292484,93.9084
0.0292602,93.9266
0.0292713,93.945
0.0292827,93.9634
0.0292941,93.9818
0.0293085,94.0002
0.0293167,94.0186
0.0293279,94.037
0.0293422,94.0554
0.0293536,94.0738
0.029365,94.0921
0.0293762,94.1105
0.0293874,94.129
0.0293987,94.1474
0.02941,94.1658
0.0294239,94.1844
0.0294348,94.2031
0.0294485,94.2216
0.0294593,94.2403
0.0294696,94.2592
0.0294829,94.278
0.0294933,94.2968
0.029507,94.3155
0.0295149,94.3342
0.0295282,94.353
0.0295392,94.3715
0.0295531,94.3901
0.0295643,94.4085
0.0295754,94.4271
0.0295868,94.4454
0.0295956,94.4636
0.0296075,94.4818
0.029622,94.4999
0.0296308,94.5183
0.0296428,94.5362
0.0296549,94.5543
0.0296674,94.5721
0.0296768,94.59
0.0296895,94.6077
0.0297023,94.6255
0.0297125,94.6429
0.0297253,94.6606
0.0297355,94.6782
0.0297458,94.6956
0.0297593,94.713
0.02977,94.7303
0.0297802,94.7478
0.0297908,94.7651
0.0298043,94.7824
0.0298152,94.7996
0.029826,94.817
0.0298369,94.8341
0.0298476,94.8514
0.0298583,94.8687
0.029872,94.8859
0.0298824,94.9034
0.0298929,94.9209
0.029906,94.9383
0.0299164,94.9558
0.0299266,94.9734
0.0299395,94.9909
0.0299494,95.0086
0.0299594,95.0262
0.0299696,95.0438
0.0299821,95.0616
0.0299923,95.0791
0.0300025,95.0966
0.0300156,95.1141
0.0300261,95.1316
0.0300361,95.1493
0.0300462,95.1668
0.0300562,95.1844
0.0300666,95.2019
0.0300766,95.2194
0.0300869,95.2369
0.0300969,95.2546
0.0301071,95.2721
0.0301175,95.2895
0.0301274,95.3072
0.0301378,95.3247
0.0301484,95.342
0.0301591,95.3593
0.0301697,95.3767
0.0301802,95.394
0.0301881,95.4112
0.0301989,95.4284
0.0302101,95.4455
0.0302181,95.4627
0.0302291,95.4798
0.0302372,95.497
0.0302481,95.5142
0.0302594,95.5312
0.0302676,95.5483
0.0302789,95.5653
0.0302902,95.5822
0.0302984,95.5994
0.0303095,95.6165
0.0303203,95.6338
0.0303311,95.651
0.0303391,95.6682
0.030353,95.6853
0.0303608,95.7026
0.0303714,95.7199
0.0303819,95.7374
0.0303922,95.7548
0.0303999,95.7722
0.0304073,95.7896
0.0304209,95.807
0.0304315,95.8243
0.0304392,95.8416
0.03045,95.8588
0.0304605,95.8762
0.0304684,95.8935
0.0304794,95.9106
0.0304906,95.9277
0.0304986,95.9449
0.0305096,95.962
0.0305178,95.9791
0.0305292,95.9961
0.0305379,96.0129
0.0305488,96.0301
0.0305574,96.047
0.0305661,96.0638
0.0305778,96.0807
0.0305868,96.0974
0.0305957,96.1141
0.0306046,96.1308
0.0306138,96.1475
0.0306229,96.1641
0.030635,96.1807
0.030644,96.1975
0.0306531,96.2142
0.0306623,96.2308
0.0306744,96.2474
0.0306836,96.264
0.0306956,96.2806
0.030702,96.2972
0.0307142,96.3138
0.0307237,96.3302
0.0307332,96.3468
0.0307427,96.3631
0.0307521,96.3797
0.0307615,96.3962
0.0307711,96.4127
0.0307806,96.429
0.0307931,96.4455
0.0307998,96.462
0.0308122,96.4784
0.0308218,96.4948
0.0308309,96.5114
0.0308404,96.5279
0.0308498,96.5445
0.030862,96.561
0.0308712,96.5776
0.030883,96.5943
0.0308922,96.611
0.0309015,96.6275
0.030911,96.644
0.0309232,96.6606
0.0309299,96.677
0.0309396,96.6934
0.0309494,96.7097
0.0309595,96.7259
0.0309696,96.742
0.0309798,96.7581
0.03099,96.7743
0.0310003,96.7904
0.0310105,96.8065
0.031021,96.8225
0.0310315,96.8385
0.0310421,96.8545
0.0310499,96.8703
0.0310576,96.8863
0.0310684,96.9021
0.0310764,96.9178
0.0310874,96.9336
0.0310983,96.9494
0.0311089,96.9653
0.0311196,96.9813
0.03113,96.9973
0.0311405,97.0133
0.0311539,97.0293
0.0311614,97.0452
0.0311716,97.0614
0.0311817,97.0776
0.031195,97.0936
0.0312026,97.1096
0.0312132,97.1256
0.0312238,97.1414
0.0312345,97.1573
0.0312452,97.1732
0.0312558,97.1892
0.0312664,97.205
0.0312799,97.221
0.0312903,97.237
0.0313004,97.2533
0.0313104,97.2695
0.0313232,97.2857
0.0313331,97.302
0.0313456,97.3184
0.031355,97.3349
0.0313646,97.3514
0.0313745,97.3676
0.0313843,97.384
0.0313972,97.4002
0.0314072,97.4163
0.0314146,97.4325
0.0314249,97.4486
0.0314354,97.4646
0.0314462,97.4804
0.0314569,97.4963
0.0314679,97.512
0.0314788,97.5278
0.03149,97.5434
0.0314982,97.5592
0.0315096,97.5747
0.0315179,97.5904
0.0315292,97.606
0.0315405,97.6215
0.0315488,97.6372
0.03156,97.6528
0.031571,97.6685
0.0315819,97.6844
0.03159,97.7
0.0316009,97.7159
0.0316117,97.7318
0.0316197,97.7475
0.0316306,97.7633
0.0316415,97.7791
0.0316526,97.7948
0.0316609,97.8105
0.0316721,97.8261
0.0316806,97.8416
0.0316917,97.8574
0.0317001,97.8729
0.0317113,97.8886
0.0317224,97.9043
0.0317306,97.9199
0.0317416,97.9357
0.0317528,97.9513
0.0317608,97.9671
0.0317717,97.9829
0.0317795,97.9988
0.0317904,98.0145
0.0318012,98.0304
0.0318088,98.0464
0.0318224,98.0623
0.0318298,98.0784
0.0318403,98.0944
0.0318508,98.1104
0.0318612,98.1264
0.0318692,98.1421
0.0318768,98.1581
0.0318875,98.174
0.0318983,98.1898
0.0319063,98.2056
0.0319174,98.2213
0.0319258,98.237
0.0319343,98.2525
0.0319455,98.2682
0.031954,98.2837
0.0319623,98.2993
0.0319737,98.3149
0.0319819,98.3305
0.0319901,98.3463
0.0319985,98.3618
0.0320097,98.3775
0.0320206,98.3932
0.0320284,98.4091
0.0320365,98.4248
0.0320478,98.4405
0.032056,98.4562
0.032064,98.4719
0.0320748,98.4878
0.0320829,98.5036
0.0320938,98.5193
0.0321017,98.5352
0.0321125,98.551
0.03212,98.567
0.0321302,98.5832
0.0321402,98.5994
0.0321473,98.6156
0.0321602,98.6319
0.032167,98.6482
0.0321768,98.6646
0.0321863,98.6809
0.0321931,98.6974
0.0322027,98.7138
0.0322095,98.7301
0.0322192,98.7465
0.0322289,98.7628
0.032239,98.7791
0.0322489,98.7953
0.032259,98.8115
0.0322691,98.8277
0.0322763,98.8439
0.0322865,98.86
0.0322937,98.8761
0.0323042,98.8921
0.0323118,98.9081
0.0323222,98.9242
0.0323296,98.9402
0.03234,98.9563
0.0323476,98.9722
0.0323581,98.9882
0.0323661,99.0041
0.0323741,99.0198
0.0323853,99.0355
0.0323905,99.0512
0.0324017,99.0668
0.0324103,99.0824
0.0324188,99.0979
0.0324304,99.1134
0.0324392,99.1288
0.0324477,99.1443
0.0324593,99.1598
0.0324651,99.1752
0.0324766,99.1907
0.0324851,99.2063
0.0324963,99.2219
0.0325044,99.2376
0.0325126,99.2533
0.0325208,99.269
0.0325318,99.2848
0.0325399,99.3005
0.0325478,99.3162
0.0325586,99.3321
0.0325664,99.348
0.0325774,99.3637
0.0325853,99.3796
0.0325963,99.3953
0.0326045,99.4111
0.0326124,99.4268
0.0326235,99.4426
0.0326315,99.4583
0.0326396,99.4741
0.0326506,99.4898
0.0326586,99.5056
0.0326696,99.5213
0.0326775,99.5372
0.0326853,99.5531
0.0326959,99.5691
0.0327035,99.585
0.0327141,99.6009
0.0327219,99.6169
0.0327327,99.6327
0.0327408,99.6484
0.0327519,99.6641
0.0327572,99.6798
0.0327656,99.6954
0.0327742,99.7109
0.032786,99.7263
0.0327951,99.7415
0.0328042,99.7567
0.0328133,99.772
0.0328253,99.7873
0.0328314,99.8026
0.0328405,99.8178
0.0328495,99.8332
0.0328592,99.8481
0.0328692,99.8629
0.0328773,99.8773
0.032886,99.8913
0.0328954,99.9051
0.0329033,99.9181
0.0329062,99.9307
0.0329107,99.9425
0.0329168,99.9536
0.0329244,99.964
0.0329276,99.9737
0.0329322,99.9827
0.032938,99.9911
0.0329448,99.9991
0.0329503,100.006
0.0329567,100.013
0.0329613,100.019
0.0329698,100.025
