"Maximum force",24.5493,"N"
"Gage length ",1.21909,"mm"
"Strain energy",0.37855,"mJ"
"Deformation at maximum force",0.0253666,"mm"
"Standard travel","Standard force"
"mm","N"
0,0.455662
1.16229e-006,0.457875
5.36442e-006,0.460011
6.93649e-006,0.462025
8.74698e-006,0.463925
1.07139e-005,0.465748
1.30534e-005,0.467388
1.56164e-005,0.468937
1.83582e-005,0.470394
1.8373e-005,0.47176
1.85677e-005,0.473049
2.17565e-005,0.474285
2.20787e-005,0.475514
2.22902e-005,0.476795
2.26999e-005,0.477978
2.63954e-005,0.478978
2.72858e-005,0.479939
2.83214e-005,0.480824
2.93421e-005,0.481716
3.04299e-005,0.482579
2.86045e-005,0.483448
2.96625e-005,0.484318
3.08173e-005,0.48515
3.22702e-005,0.485836
3.08397e-005,0.486519
3.22181e-005,0.48724
3.3589e-005,0.487969
3.19722e-005,0.488735
3.34027e-005,0.489434
3.1853e-005,0.49017
3.0184e-005,0.490963
3.17114e-005,0.491612
3.03331e-005,0.492272
3.20243e-005,0.492844
3.07577e-005,0.493447
3.2449e-005,0.494019
3.12644e-005,0.494583
3.03554e-005,0.495014
3.21957e-005,0.495514
3.13761e-005,0.495907
3.07317e-005,0.496212
3.30562e-005,0.496487
3.24975e-005,0.496754
3.18195e-005,0.497074
3.13389e-005,0.497302
3.10241e-005,0.497451
3.04616e-005,0.497718
2.99661e-005,0.497953
2.95191e-005,0.498164
3.19778e-005,0.498376
3.14525e-005,0.498626
3.09868e-005,0.498846
3.04914e-005,0.499081
2.98991e-005,0.499363
2.9087e-005,0.499747
2.81929e-005,0.50017
2.75e-005,0.500498
2.67735e-005,0.500843
2.90087e-005,0.501158
2.82748e-005,0.501509
2.76304e-005,0.501816
2.68369e-005,0.502192
2.91764e-005,0.502459
2.8584e-005,0.502739
2.81705e-005,0.502937
3.06739e-005,0.503125
3.04811e-005,0.503218
3.01347e-005,0.503383
2.98534e-005,0.503516
3.23866e-005,0.503689
3.48453e-005,0.5039
3.43275e-005,0.50415
3.65478e-005,0.504473
3.59108e-005,0.504778
3.81757e-005,0.505075
4.01576e-005,0.505514
3.92598e-005,0.505945
4.12118e-005,0.506391
4.3149e-005,0.506853
4.51606e-005,0.507276
4.70978e-005,0.50774
4.88114e-005,0.508301
5.05772e-005,0.508842
5.23728e-005,0.509369
5.41535e-005,0.509899
5.59714e-005,0.510418
5.76404e-005,0.511005
5.9436e-005,0.511532
6.11198e-005,0.512111
6.26248e-005,0.512775
6.42863e-005,0.513363
6.5985e-005,0.513935
7.05448e-005,0.514522
7.20945e-005,0.515175
7.35474e-005,0.515865
7.80773e-005,0.516468
7.95376e-005,0.517158
8.08713e-005,0.517902
8.52224e-005,0.518581
8.66455e-005,0.519295
9.07582e-005,0.520103
9.2226e-005,0.520786
9.63983e-005,0.52156
9.76202e-005,0.522358
0.000101554,0.523247
0.000102493,0.524185
0.000106367,0.525101
0.000110122,0.526073
0.000110726,0.527172
0.000114317,0.528217
0.000117863,0.529293
0.000121067,0.530529
0.000124196,0.531803
0.00012746,0.533008
0.000130813,0.534176
0.00013418,0.535335
0.000137518,0.53651
0.000140901,0.537662
0.000141444,0.538784
0.000144887,0.539898
0.000151026,0.541126
0.000154543,0.542209
0.000160861,0.543346
0.000164318,0.544468
0.000167581,0.545673
0.0001708,0.546909
0.000173944,0.548168
0.000177088,0.549434
0.000182661,0.550922
0.000185328,0.552418
0.00018807,0.553875
0.000190574,0.555439
0.000195998,0.556995
0.000198233,0.558697
0.000200453,0.560398
0.000202673,0.562099
0.00020768,0.563854
0.000209826,0.565601
0.000214922,0.567318
0.000217053,0.569057
0.000222149,0.570782
0.000224325,0.572506
0.000229451,0.574207
0.000231656,0.575916
0.000236812,0.577595
0.000241908,0.579311
0.000244128,0.58102
0.000249195,0.582752
0.00025447,0.584377
0.000256765,0.586056
0.000261801,0.587803
0.000266748,0.58958
0.000271547,0.591434
0.000273543,0.59325
0.000278163,0.595196
0.000279712,0.59721
0.000284034,0.599285
0.000288325,0.601406
0.000292408,0.603588
0.000296431,0.605816
0.000300574,0.607982
0.000304627,0.610195
0.000305864,0.612362
0.000309887,0.61459
0.00031394,0.616802
0.000318142,0.618938
0.000322464,0.621013
0.000326696,0.623165
0.000330898,0.625286
0.00033504,0.627468
0.000339213,0.629619
0.000346306,0.631771
0.000350448,0.633938
0.000354531,0.636135
0.000358703,0.638286
0.000359873,0.640484
0.000366638,0.642788
0.000370483,0.645107
0.000377278,0.647396
0.000380958,0.649776
0.000384579,0.652202
0.000388126,0.654644
0.000394623,0.657085
0.000398065,0.659572
0.000401403,0.662136
0.000404443,0.664821
0.000410463,0.667476
0.000413502,0.670177
0.000419344,0.672909
0.000422458,0.675564
0.000428389,0.678264
0.000431339,0.680996
0.00043417,0.683788
0.000439952,0.686565
0.000445793,0.689297
0.000445917,0.691997
0.000451818,0.694713
0.000457838,0.697368
0.000463799,0.700054
0.000466838,0.70274
0.00047256,0.705532
0.000475407,0.708324
0.000481009,0.711178
0.000486672,0.714001
0.000489339,0.716869
0.000494912,0.719738
0.000500128,0.722774
0.000502184,0.725933
0.000510052,0.729076
0.000512272,0.732174
0.000517338,0.735271
0.000525445,0.738338
0.000527471,0.741497
0.00053224,0.744747
0.000536859,0.748073
0.000541448,0.7514
0.000546276,0.754619
0.000548333,0.757793
0.000555932,0.761059
0.000557609,0.764416
0.000562049,0.767803
0.000563592,0.771221
0.000571102,0.774547
0.000573024,0.777767
0.000577792,0.781017
0.000585362,0.784313
0.000589982,0.787639
0.000594571,0.790966
0.000599459,0.794155
0.000604376,0.797344
0.000611976,0.800625
0.000616446,0.804012
0.000620767,0.807476
0.00062488,0.811046
0.000629201,0.814495
0.000636354,0.818004
0.000640407,0.82159
0.000644281,0.825268
0.000650898,0.829021
0.000654429,0.832851
0.00065808,0.836635
0.000661656,0.84045
0.000665218,0.844265
0.000668913,0.848018
0.00067535,0.851864
0.000679046,0.855617
0.000685573,0.859402
0.000689283,0.863155
0.000692889,0.866955
0.000699416,0.870754
0.00070326,0.874447
0.000707283,0.878048
0.000714227,0.881634
0.000718012,0.885357
0.000721738,0.88911
0.000725523,0.892818
0.000732496,0.896389
0.000739202,0.900112
0.000743106,0.903774
0.000749722,0.907512
0.000753209,0.911388
0.000756591,0.915279
0.00076288,0.919185
0.000766218,0.923122
0.000772446,0.927059
0.000778258,0.931179
0.000781029,0.93536
0.000789672,0.939541
0.000792578,0.943691
0.000795409,0.947841
0.000801191,0.951992
0.000803932,0.956203
0.000809595,0.960415
0.000812366,0.964596
0.000818238,0.968685
0.000824168,0.972774
0.000827223,0.976833
0.000832915,0.981014
0.000838786,0.985134
0.000844747,0.989193
0.000850826,0.993221
0.000853956,0.997249
0.000859797,1.00134
0.000865757,1.00543
0.000868589,1.00958
0.00087437,1.01373
0.000880003,1.01794
0.000882864,1.02209
0.000891268,1.02639
0.000893712,1.03073
0.000898957,1.03512
0.000904173,1.03955
0.000912219,1.044
0.000914276,1.04855
0.000919133,1.05313
0.000923812,1.0578
0.000928551,1.06243
0.000933319,1.06707
0.00094074,1.0718
0.0009453,1.07653
0.000949651,1.08136
0.000954151,1.08612
0.000958621,1.09088
0.000966191,1.09555
0.000970781,1.10028
0.00097543,1.10495
0.000980109,1.10962
0.000987798,1.11422
0.000992507,1.11889
0.000997186,1.12356
0.0010047,1.12826
0.00100937,1.13293
0.00101402,1.13763
0.00101849,1.14239
0.00102285,1.14721
0.00102717,1.15207
0.00103414,1.15701
0.00103801,1.16207
0.00104487,1.16708
0.00104877,1.17212
0.00105554,1.17718
0.00105926,1.18231
0.00106588,1.18743
0.00107259,1.1925
0.00107631,1.19763
0.00108293,1.20279
0.00108655,1.20794
0.00109313,1.21307
0.00109673,1.21826
0.00110328,1.22342
0.00110702,1.22854
0.00111358,1.2337
0.00111999,1.23892
0.00112346,1.24417
0.0011299,1.24939
0.00113636,1.25457
0.00114,1.25973
0.0011465,1.26492
0.00115018,1.27008
0.00115649,1.27536
0.0011626,1.2807
0.00116566,1.28616
0.00117171,1.29153
0.00117746,1.29708
0.00118028,1.30264
0.00118573,1.30832
0.00119413,1.31396
0.00119959,1.31964
0.00120211,1.32534
0.00120756,1.33102
0.00121298,1.33673
0.00121835,1.34243
0.00122362,1.3482
0.0012292,1.35382
0.00123483,1.35943
0.00124034,1.36508
0.00124574,1.37078
0.00125384,1.37655
0.00125912,1.38235
0.00126427,1.38818
0.00126949,1.39395
0.00127465,1.39978
0.0012798,1.40561
0.00128469,1.41156
0.00129262,1.41745
0.00129768,1.42331
0.00130269,1.4292
0.0013077,1.43509
0.00131267,1.44101
0.00131762,1.44693
0.00132561,1.45275
0.00133073,1.45858
0.00133553,1.4646
0.00134018,1.47064
0.00134468,1.47677
0.00135213,1.48291
0.00135675,1.48898
0.00136134,1.49505
0.00136578,1.50122
0.00137016,1.50741
0.00137463,1.51355
0.00138217,1.51962
0.00138992,1.52557
0.00139478,1.53155
0.00139943,1.53762
0.00140679,1.54379
0.00141129,1.54989
0.00141871,1.55603
0.00142318,1.56216
0.00143045,1.56836
0.00143746,1.57467
0.00144425,1.58111
0.00144799,1.58761
0.00145479,1.59402
0.00145869,1.60043
0.00146277,1.60678
0.00146632,1.61337
0.00147288,1.6199
0.00147657,1.6264
0.00148331,1.63284
0.00148696,1.63937
0.0014908,1.64584
0.00149742,1.65234
0.00150406,1.65881
0.00150785,1.66531
0.00151449,1.67178
0.00152129,1.67819
0.00152519,1.68463
0.00153181,1.69113
0.00153834,1.69766
0.00154202,1.70419
0.00154549,1.71081
0.00155193,1.7174
0.00155555,1.72396
0.00156192,1.73059
0.00156823,1.73725
0.00157169,1.74384
0.00157786,1.75059
0.00158394,1.75733
0.00159014,1.76404
0.00159902,1.77082
0.00160513,1.77759
0.00161121,1.78434
0.00161696,1.79127
0.00162268,1.79819
0.00162831,1.80518
0.00163386,1.8122
0.00163649,1.81919
0.00164213,1.82618
0.00164755,1.83326
0.00165315,1.84025
0.00165573,1.84727
0.00166124,1.85429
0.00166959,1.86137
0.00167525,1.86832
0.00168068,1.8754
0.00168637,1.88233
0.001692,1.88932
0.00169754,1.89634
0.00170321,1.9033
0.00170878,1.91028
0.00171432,1.9173
0.00171978,1.92435
0.00172523,1.9314
0.00173352,1.93851
0.001739,1.94556
0.0017441,1.9528
0.00174913,1.96003
0.001757,1.96732
0.00176165,1.97477
0.00176934,1.98212
0.0017767,1.98966
0.00178117,1.9972
0.00178832,2.00483
0.00179524,2.01255
0.00179923,2.02033
0.0018062,2.02802
0.00181306,2.0358
0.00181696,2.04359
0.00182388,2.05134
0.00183046,2.05921
0.00183738,2.06696
0.00184128,2.07477
0.00184828,2.08246
0.00185532,2.09016
0.00186229,2.09785
0.001869,2.10566
0.00187293,2.11347
0.00187999,2.12116
0.00188682,2.12894
0.00189352,2.13676
0.00189723,2.14463
0.00190379,2.15256
0.00191026,2.1605
0.00191684,2.16843
0.0019234,2.17631
0.00192987,2.1843
0.00193335,2.1923
0.00193964,2.20029
0.00194608,2.20829
0.00195273,2.21616
0.00195925,2.2241
0.00196277,2.23203
0.00196921,2.24003
0.00197541,2.24808
0.00198169,2.25614
0.00198813,2.26414
0.00199169,2.27207
0.00200111,2.28001
0.00200466,2.28794
0.00201112,2.29594
0.00201768,2.30381
0.00202145,2.31168
0.00203093,2.31956
0.00203468,2.32743
0.00204127,2.33536
0.00204794,2.34318
0.00205176,2.35105
0.0020582,2.35898
0.0020618,2.36692
0.00206806,2.37498
0.00207137,2.38303
0.00208037,2.39121
0.00208657,2.39927
0.00209247,2.40751
0.00209537,2.41575
0.00210396,2.42411
0.0021095,2.43247
0.00211507,2.44083
0.00212056,2.44926
0.00212604,2.45768
0.00213144,2.46616
0.00213707,2.47452
0.00214559,2.48289
0.00214836,2.49119
0.00215409,2.49949
0.00215969,2.50785
0.00216538,2.51621
0.00217104,2.52451
0.00217679,2.53281
0.00218544,2.54111
0.00219107,2.54948
0.00219655,2.5579
0.00220472,2.56638
0.00221005,2.57493
0.00221524,2.58347
0.0022204,2.59202
0.00222552,2.60062
0.00223357,2.60923
0.00223852,2.6179
0.00224343,2.62656
0.00224847,2.63523
0.00225327,2.64396
0.00226078,2.65281
0.00226838,2.6616
0.00227294,2.67045
0.00227765,2.67924
0.0022851,2.68809
0.0022896,2.697
0.00229699,2.70591
0.00230128,2.71488
0.00230837,2.72391
0.00231278,2.73283
0.0023202,2.74174
0.00232768,2.75059
0.00233233,2.75938
0.00233996,2.76816
0.00234759,2.77695
0.00235239,2.78568
0.00236008,2.79441
0.00236509,2.80308
0.00237272,2.81187
0.00237728,2.82072
0.00238461,2.82963
0.00239179,2.83866
0.00239596,2.84769
0.00240291,2.85679
0.00240958,2.866
0.00241602,2.87534
0.00242246,2.88474
0.00242602,2.89402
0.00242958,2.90336
0.00243616,2.91263
0.00244275,2.92191
0.00244654,2.93113
0.00245631,2.94028
0.00246027,2.94944
0.00246737,2.95847
0.0024744,2.96751
0.00247857,2.9766
0.00248561,2.98563
0.00249282,2.9946
0.00249708,3.00364
0.00250426,3.01261
0.00251127,3.0217
0.00251815,3.0308
0.00252495,3.04001
0.00252879,3.04917
0.00253567,3.05833
0.0025425,3.06748
0.00254932,3.07664
0.00255326,3.08579
0.00256005,3.09501
0.00256706,3.10404
0.00257403,3.11314
0.00257805,3.12229
0.00258497,3.13138
0.00259176,3.14054
0.00259853,3.14976
0.0026024,3.15891
0.0026089,3.16825
0.00261537,3.17759
0.00262177,3.18693
0.00262806,3.19639
0.00263444,3.20573
0.00264073,3.21519
0.00264699,3.22459
0.00265336,3.23392
0.0026626,3.24332
0.00266913,3.25266
0.00267572,3.26194
0.00268221,3.27122
0.00268868,3.28055
0.00269491,3.29001
0.00270409,3.29948
0.00271026,3.30894
0.00271637,3.3184
0.00272513,3.32804
0.00273079,3.33774
0.00273636,3.34751
0.00274197,3.35728
0.00275037,3.36704
0.002756,3.37675
0.00276155,3.38651
0.00276715,3.39628
0.00277561,3.40604
0.00278432,3.41569
0.00279016,3.42533
0.00279615,3.43485
0.00280497,3.44449
0.00281093,3.45408
0.0028168,3.46366
0.00282568,3.47324
0.00283167,3.48276
0.00284055,3.49235
0.00284639,3.50199
0.00285492,3.51169
0.0028607,3.5214
0.00286633,3.5311
0.00287503,3.54075
0.00288055,3.55051
0.00288901,3.56028
0.00289449,3.57011
0.00290004,3.57987
0.00290838,3.58964
0.00291404,3.5994
0.00292227,3.60923
0.0029305,3.61912
0.00293595,3.62894
0.00294125,3.63883
0.00294686,3.6486
0.00295231,3.65836
0.00296066,3.66819
0.00296605,3.67808
0.00297153,3.68784
0.00297988,3.69767
0.00298563,3.70731
0.0029915,3.71696
0.00299737,3.72654
0.00300619,3.73612
0.00301513,3.7457
0.00302124,3.75516
0.00303036,3.76462
0.00303641,3.77421
0.00304228,3.78379
0.00305117,3.79337
0.00306023,3.80283
0.00306619,3.81241
0.00307197,3.82206
0.00307769,3.83176
0.00308609,3.84153
0.00309146,3.85142
0.00309956,3.8613
0.00310514,3.87107
0.00311366,3.88077
0.0031192,3.8906
0.00312731,3.90049
0.00313282,3.91032
0.00313828,3.92014
0.00314662,3.92991
0.00315196,3.9398
0.00315747,3.94962
0.00316576,3.95939
0.00317404,3.96928
0.00317923,3.97922
0.00318733,3.98917
0.0031955,3.99906
0.00320062,4.00901
0.00320855,4.01902
0.00321654,4.02903
0.00322155,4.03904
0.00322953,4.04905
0.0032374,4.05906
0.00324533,4.06913
0.00325019,4.0792
0.00325781,4.08933
0.00326544,4.09952
0.00327304,4.10972
0.00328061,4.11985
0.00328806,4.1301
0.00329268,4.14036
0.0033001,4.15061
0.00330755,4.1608
0.00331202,4.17112
0.00331924,4.18143
0.00332678,4.19163
0.00333137,4.20188
0.00333888,4.21207
0.0033435,4.22233
0.00335381,4.23258
0.00335846,4.24277
0.00336594,4.25297
0.00337345,4.26322
0.00338108,4.27335
0.00338894,4.28342
0.00339669,4.29349
0.00340438,4.30363
0.00340918,4.31376
0.00341693,4.32383
0.00342474,4.3339
0.00343237,4.34409
0.00343711,4.35422
0.00344473,4.36442
0.00345236,4.37455
0.00345996,4.38474
0.0034675,4.39493
0.00347218,4.40513
0.00347957,4.41538
0.00348696,4.42563
0.00349146,4.43595
0.003499,4.44614
0.00350669,4.45627
0.00351143,4.46641
0.00351897,4.4766
0.00352651,4.48679
0.0035311,4.49705
0.00353879,4.50718
0.00354347,4.51731
0.00355122,4.52744
0.00355885,4.53757
0.00356642,4.54777
0.00357384,4.55802
0.0035784,4.56827
0.00358576,4.57859
0.00359306,4.5889
0.00360039,4.59916
0.00360752,4.60959
0.00361482,4.61991
0.00362188,4.63035
0.00362876,4.64084
0.00363559,4.65134
0.00364229,4.66196
0.00364906,4.67252
0.00365854,4.6832
0.00366213,4.69388
0.00366854,4.70463
0.00367789,4.71537
0.00368433,4.72605
0.00369095,4.73673
0.00369768,4.74729
0.00370454,4.75779
0.00371425,4.76835
0.00372096,4.77897
0.00372781,4.78947
0.00373476,4.79996
0.00374164,4.81046
0.00374841,4.82102
0.00375794,4.83164
0.00376447,4.84238
0.00377106,4.853
0.0037774,4.86375
0.00378676,4.87449
0.00379299,4.88529
0.00379916,4.89615
0.00380515,4.90708
0.00381415,4.91794
0.00382297,4.92893
0.00382893,4.93992
0.00383483,4.9509
0.00384058,4.96195
0.00384923,4.973
0.0038551,4.98398
0.00386386,4.99497
0.0038697,5.00596
0.00387548,5.017
0.00388407,5.02805
0.00389301,5.03904
0.00389879,5.05002
0.0039046,5.06107
0.0039105,5.07206
0.00391637,5.08304
0.00392236,5.09397
0.00393154,5.10477
0.00393807,5.11545
0.00394462,5.12614
0.00395121,5.13676
0.00395789,5.14738
0.00396468,5.15793
0.00397163,5.16843
0.0039786,5.17887
0.00398566,5.18931
0.0039924,5.19993
0.0040017,5.21061
0.00400807,5.22141
0.00401445,5.23215
0.00402387,5.24283
0.00403293,5.2537
0.00403615,5.26456
0.00404527,5.27537
0.00405135,5.28629
0.00405455,5.29716
0.00406361,5.30802
0.0040699,5.31882
0.00407619,5.32963
0.00408256,5.34037
0.00408891,5.35111
0.00409562,5.36173
0.00410509,5.37235
0.00411153,5.38309
0.00411788,5.3939
0.00412426,5.40464
0.00413078,5.41532
0.00414026,5.42594
0.00414685,5.43662
0.00415329,5.44736
0.00415966,5.45811
0.00416589,5.46891
0.00417215,5.47971
0.00418133,5.49052
0.00419039,5.50138
0.00419656,5.51224
0.00420255,5.52317
0.00420833,5.53422
0.00421679,5.54532
0.00422246,5.55643
0.00423068,5.56766
0.00423617,5.57883
0.00424144,5.59012
0.00425247,5.60142
0.0042578,5.61271
0.00426567,5.62412
0.00427071,5.63547
0.00427863,5.64689
0.00428668,5.65824
0.00429753,5.66959
0.00430274,5.68094
0.00431067,5.6923
0.0043158,5.70365
0.00432676,5.715
0.00433481,5.72629
0.00434038,5.73746
0.00434885,5.74857
0.00435448,5.75968
0.00436002,5.77085
0.00436861,5.7819
0.00437445,5.79294
0.00438315,5.80393
0.0043892,5.81486
0.0043951,5.82584
0.00440404,5.83677
0.00441274,5.84782
0.00441865,5.85874
0.00442434,5.86985
0.00443018,5.88084
0.00443876,5.89194
0.00444729,5.90305
0.0044531,5.91404
0.00445888,5.92509
0.00446758,5.93613
0.00447321,5.94724
0.00448186,5.95829
0.0044874,5.96946
0.00449622,5.98038
0.0045051,5.99137
0.00451392,6.0023
0.0045228,6.01328
0.00452847,6.02433
0.00453705,6.03544
0.0045425,6.04661
0.00455395,6.05771
0.00456223,6.06895
0.00456772,6.08011
0.00457862,6.09147
0.00458369,6.10288
0.00459162,6.11423
0.00459943,6.12571
0.00460431,6.13718
0.00461498,6.14866
0.00462297,6.16001
0.00463084,6.17142
0.00463608,6.18271
0.00464699,6.19407
0.0046551,6.20536
0.0046601,6.21677
0.00466809,6.22813
0.0046762,6.23942
0.00468436,6.25071
0.00468949,6.26206
0.0047004,6.27341
0.00470576,6.2847
0.00471679,6.296
0.00472495,6.30723
0.00473336,6.3184
0.00473902,6.3295
0.00474736,6.34073
0.00475559,6.35197
0.00476122,6.36307
0.00477285,6.37406
0.00477854,6.38517
0.00478694,6.39634
0.00479523,6.40757
0.00480363,6.41874
0.00481192,6.42997
0.00482032,6.44114
0.00482873,6.45231
0.00483436,6.46342
0.00484258,6.47465
0.00485075,6.48594
0.00485897,6.49717
0.00486726,6.5084
0.00487584,6.51951
0.00488136,6.53068
0.00488994,6.54172
0.00489846,6.55283
0.00490722,6.56388
0.00491581,6.57493
0.0049217,6.58595
0.00493046,6.59688
0.00493651,6.6078
0.00494557,6.61867
0.00495469,6.62953
0.00496405,6.64021
0.00497317,6.65108
0.00497934,6.66194
0.00498852,6.67268
0.00499495,6.68343
0.00500443,6.69405
0.00501078,6.70485
0.00501698,6.71571
0.00502574,6.7267
0.0050345,6.73769
0.00504028,6.74873
0.00504911,6.75966
0.00505787,6.77071
0.00506368,6.78169
0.00507524,6.79274
0.00508099,6.80379
0.00508976,6.81484
0.00509557,6.82582
0.00510457,6.83669
0.00511041,6.84773
0.00511917,6.85872
0.00512781,6.86977
0.00513663,6.88075
0.00514528,6.8918
0.00515684,6.90285
0.00516554,6.9139
0.00517436,6.92482
0.00518041,6.93575
0.00518649,6.94667
0.00519549,6.95754
0.00520432,6.96852
0.00521314,6.97945
0.00522208,6.99037
0.00523102,7.0013
0.00523972,7.01234
0.00524535,7.02345
0.00525376,7.03462
0.00526192,7.04585
0.00527021,7.05708
0.00527837,7.06838
0.00528678,7.07954
0.00529494,7.09084
0.00530007,7.10219
0.00531098,7.11354
0.00531926,7.12477
0.00532761,7.13594
0.00533619,7.14705
0.00534483,7.1581
0.00535342,7.16921
0.0053592,7.18025
0.00536796,7.19124
0.00537416,7.20204
0.00538614,7.21291
0.00539216,7.22383
0.00540116,7.2347
0.00541028,7.24556
0.00541621,7.25649
0.00542515,7.26741
0.00543689,7.2784
0.005443,7.28926
0.00545182,7.30025
0.00546065,7.31123
0.00546658,7.32216
0.00547552,7.33308
0.00548422,7.34413
0.00548982,7.35524
0.00549846,7.36629
0.00550711,7.37734
0.00551587,7.38832
0.00552463,7.39931
0.00553339,7.41036
0.00553932,7.42128
0.00555095,7.43233
0.00555977,7.44331
0.00556579,7.45424
0.00557485,7.46504
0.00558084,7.47603
0.00559276,7.48689
0.0056017,7.49776
0.0056107,7.50868
0.00561964,7.51961
0.00562566,7.53053
0.00563448,7.54146
0.0056433,7.55244
0.00565517,7.56337
0.00566127,7.57423
0.00567033,7.5851
0.00567916,7.59609
0.00568792,7.60707
0.0056962,7.6183
0.00570473,7.62941
0.00571301,7.64064
0.00572136,7.65181
0.00573244,7.6631
0.00574049,7.67445
0.00574848,7.68581
0.00575646,7.69716
0.00576469,7.70845
0.00577274,7.71974
0.00578132,7.73085
0.0057927,7.74202
0.00579848,7.75301
0.00580719,7.76405
0.00581619,7.77492
0.00582531,7.78578
0.00583425,7.79665
0.00584057,7.80745
0.00584963,7.81831
0.00585892,7.82906
0.00586515,7.83986
0.00587141,7.85066
0.00588327,7.86159
0.00589239,7.87239
0.00589844,7.88332
0.00590744,7.89418
0.00591355,7.90511
0.00592249,7.91597
0.00593137,7.92696
0.00594014,7.93794
0.00594604,7.94893
0.00595486,7.95992
0.00596392,7.97078
0.00596982,7.98177
0.00597876,7.99263
0.0059877,8.00356
0.00599676,8.01442
0.00600302,8.02522
0.00601208,8.03609
0.00602144,8.04683
0.00602778,8.05757
0.00603732,8.06819
0.0060468,8.07887
0.00605663,8.08937
0.00606605,8.10005
0.00607287,8.11061
0.00608265,8.12111
0.00609237,8.13167
0.00609934,8.14211
0.00610607,8.15273
0.00611579,8.16322
0.00612545,8.17384
0.00613194,8.18453
0.0061413,8.19521
0.00615108,8.20577
0.00615754,8.21645
0.00616401,8.22719
0.0061703,8.23799
0.00617972,8.24867
0.00618901,8.25942
0.00619575,8.26997
0.00620791,8.28078
0.00621455,8.2914
0.00622403,8.30202
0.0062308,8.31258
0.00624057,8.32314
0.00625047,8.33357
0.00626036,8.34401
0.00626742,8.35451
0.00627744,8.36488
0.00628751,8.37526
0.00629481,8.38558
0.00630211,8.39589
0.00631225,8.40621
0.00632226,8.41664
0.00632906,8.4272
0.00633871,8.43776
0.00634545,8.44832
0.00635492,8.459
0.00636157,8.46962
0.00637391,8.4803
0.00638046,8.49098
0.00638976,8.50173
0.00639638,8.51235
0.00640574,8.52309
0.00641539,8.53365
0.00642219,8.54421
0.0064322,8.55464
0.00643932,8.56502
0.00644657,8.57533
0.00645688,8.58559
0.00646442,8.59584
0.00647485,8.60603
0.00648248,8.61617
0.00649017,8.6263
0.00649803,8.63637
0.00650864,8.6465
0.00651902,8.65675
0.00652647,8.66695
0.00653383,8.67726
0.00654402,8.68758
0.00655403,8.69795
0.00656128,8.70833
0.00657129,8.71871
0.00657853,8.72908
0.00658553,8.73952
0.00659549,8.74996
0.00660264,8.76033
0.00660988,8.77071
0.00661984,8.78108
0.0066269,8.79152
0.00663405,8.8019
0.00664118,8.81233
0.00665113,8.82277
0.00666084,8.83333
0.00666779,8.84377
0.00667479,8.85426
0.00668481,8.86464
0.00669187,8.87508
0.00670486,8.88545
0.00671213,8.89577
0.00671947,8.90608
0.0067296,8.9164
0.00673973,8.92677
0.00674992,8.93709
0.00675702,8.94753
0.00676691,8.95796
0.00677386,8.96846
0.00678363,8.97896
0.00679329,8.98952
0.00679969,9.00032
0.00680899,9.011
0.00681823,9.02181
0.00682771,9.03249
0.00683423,9.04317
0.00684377,9.05379
0.00685027,9.06447
0.00685963,9.07521
0.0068663,9.08577
0.00687602,9.09633
0.00688305,9.10677
0.00689295,9.11726
0.0069029,9.1277
0.00690996,9.13814
0.00691986,9.14858
0.00692701,9.15895
0.0069372,9.16927
0.00694739,9.17958
0.00695747,9.18996
0.00696459,9.20039
0.00697478,9.21071
0.00697901,9.22109
0.00698921,9.2314
0.00699904,9.2419
0.00700631,9.25221
0.00701344,9.26265
0.00702363,9.27297
0.0070309,9.28328
0.00704109,9.2936
0.00704825,9.30397
0.00705814,9.31447
0.00706523,9.32485
0.00707224,9.33528
0.00708225,9.34572
0.00708919,9.35622
0.00709909,9.36665
0.00710618,9.37709
0.00711304,9.38759
0.00712281,9.39809
0.0071299,9.40852
0.00713732,9.41878
0.00714457,9.42915
0.00715482,9.43941
0.00716227,9.44966
0.00717014,9.45973
0.007178,9.46974
0.0071856,9.47994
0.00719341,9.49001
0.00720414,9.50008
0.00720903,9.51015
0.0072194,9.5204
0.00722691,9.53059
0.00723716,9.54085
0.00724446,9.55122
0.0072543,9.56172
0.0072613,9.57216
0.00726831,9.5826
0.00727525,9.59309
0.00728496,9.60365
0.00729194,9.61409
0.00729891,9.62459
0.00730875,9.63503
0.00731581,9.64546
0.00732565,9.65596
0.00733259,9.66646
0.00734248,9.6769
0.00734967,9.68727
0.00735691,9.69765
0.00736692,9.70802
0.00737401,9.71846
0.00738403,9.72884
0.00739133,9.73915
0.00740158,9.74947
0.00740912,9.75966
0.00741943,9.76991
0.00742688,9.78017
0.0074343,9.79042
0.00744175,9.80068
0.00744921,9.81093
0.00745958,9.82118
0.00746995,9.83138
0.00747737,9.84163
0.0074847,9.85194
0.00749218,9.8622
0.00749972,9.87239
0.00750711,9.88265
0.0075145,9.8929
0.0075218,9.90321
0.00753223,9.91341
0.00753986,9.9236
0.00755035,9.93379
0.00755781,9.94405
0.00756523,9.9543
0.00757268,9.96455
0.0075801,9.97475
0.00759053,9.985
0.00759798,9.99526
0.00760841,10.0054
0.00761598,10.0156
0.00762346,10.0258
0.00763106,10.036
0.00763875,10.0462
0.00764954,10.0562
0.00765723,10.0663
0.00766211,10.0764
0.0076698,10.0865
0.00767755,10.0966
0.0076853,10.1068
0.0076929,10.1169
0.00770327,10.1272
0.00771063,10.1375
0.00772076,10.1478
0.00772795,10.1582
0.0077351,10.1685
0.00774207,10.179
0.00775179,10.1895
0.00775849,10.2002
0.00776803,10.2108
0.00777474,10.2214
0.00778445,10.2319
0.00779128,10.2424
0.00780117,10.2529
0.0078082,10.2634
0.00781828,10.2738
0.00782552,10.2841
0.00783565,10.2944
0.00784307,10.3047
0.00785315,10.3151
0.00786042,10.3254
0.0078676,10.3358
0.00787755,10.3462
0.00788709,10.3568
0.00789651,10.3675
0.00790569,10.3783
0.00791475,10.3892
0.0079208,10.4001
0.00792974,10.411
0.00793856,10.422
0.00794458,10.4329
0.00795608,10.444
0.00796204,10.4549
0.00797099,10.4658
0.00798004,10.4767
0.00798905,10.4876
0.0079984,10.4983
0.00800478,10.509
0.00801402,10.5199
0.00802344,10.5305
0.0080328,10.5412
0.00804215,10.552
0.00804868,10.5626
0.0080581,10.5733
0.00806763,10.5839
0.00807717,10.5946
0.00808647,10.6053
0.00809595,10.616
0.00810253,10.6266
0.00810924,10.6372
0.00811889,10.6478
0.00812861,10.6583
0.00813514,10.669
0.00814163,10.6798
0.00815093,10.6904
0.00815746,10.7012
0.00816682,10.7119
0.00817337,10.7226
0.00818285,10.7332
0.00818935,10.7439
0.0081987,10.7546
0.00820818,10.7653
0.0082151,10.7758
0.00822463,10.7864
0.00823447,10.7969
0.00824132,10.8074
0.00825128,10.8178
0.00826117,10.8283
0.00826794,10.8389
0.00827759,10.8494
0.00828737,10.8599
0.00829431,10.8704
0.00830116,10.881
0.0083113,10.8913
0.00832113,10.9018
0.00832814,10.9123
0.00833487,10.9229
0.00834471,10.9334
0.00835183,10.9437
0.0083619,10.9541
0.00836885,10.9646
0.00837868,10.9751
0.0083853,10.9857
0.00839465,10.9965
0.00840389,11.0072
0.00841337,11.0178
0.00842267,11.0286
0.00842923,11.0393
0.00843829,11.0501
0.00844463,11.0609
0.00845685,11.0717
0.00846314,11.0825
0.0084725,11.0932
0.00848192,11.1038
0.00848874,11.1144
0.0084984,11.125
0.00850829,11.1354
0.00851801,11.146
0.0085279,11.1564
0.0085347,11.167
0.00854459,11.1774
0.00855454,11.1879
0.0085645,11.1983
0.00857433,11.2088
0.00858113,11.2194
0.00858751,11.2301
0.00859657,11.241
0.00860569,11.2518
0.00861197,11.2626
0.00862097,11.2735
0.00862985,11.2844
0.00863886,11.2953
0.00864774,11.3062
0.00865388,11.3172
0.00866294,11.328
0.00867223,11.3387
0.00867879,11.3494
0.00868827,11.3601
0.00869491,11.3707
0.00870469,11.3812
0.00871151,11.3917
0.00871828,11.4023
0.00873091,11.4129
0.00873783,11.4234
0.00874474,11.4339
0.00875452,11.4444
0.00876435,11.4549
0.00877103,11.4655
0.00878057,11.4761
0.00878998,11.4868
0.00879654,11.4975
0.00880602,11.5081
0.00881251,11.5188
0.00882175,11.5296
0.0088281,11.5404
0.00883722,11.5512
0.00884634,11.562
0.00885257,11.5728
0.00886157,11.5837
0.00887045,11.5946
0.00887939,11.6055
0.00888833,11.6165
0.00889438,11.6274
0.00890624,11.6383
0.0089122,11.6492
0.00891831,11.6601
0.00892719,11.671
0.00893637,11.6818
0.00894263,11.6927
0.00895193,11.7034
0.00896117,11.7142
0.00897029,11.725
0.00897652,11.7359
0.00898569,11.7467
0.00899487,11.7575
0.00900393,11.7683
0.00901305,11.7791
0.00902176,11.7902
0.00903046,11.8012
0.00903904,11.8123
0.00904464,11.8234
0.00905305,11.8345
0.00906133,11.8458
0.00906992,11.8569
0.00907832,11.8681
0.00908684,11.8792
0.00909218,11.8904
0.00910076,11.9015
0.00910911,11.9127
0.00911781,11.9237
0.00912374,11.9347
0.0091356,11.9456
0.00914156,11.9565
0.00915033,11.9675
0.00915927,11.9784
0.00916514,11.9894
0.0091742,12.0003
0.00918326,12.0111
0.00918987,12.0218
0.00919887,12.0327
0.00920811,12.0434
0.00921443,12.0542
0.00922659,12.065
0.00923303,12.0757
0.00923929,12.0865
0.00924584,12.0972
0.00925508,12.1079
0.00926432,12.1187
0.00927332,12.1296
0.00927976,12.1404
0.00928864,12.1513
0.00929484,12.1621
0.00930402,12.1729
0.0093132,12.1837
0.00931936,12.1946
0.0093286,12.2054
0.00933802,12.216
0.0093475,12.2267
0.00935402,12.2373
0.00936356,12.248
0.00937059,12.2585
0.00938043,12.269
0.00938728,12.2795
0.009397,12.29
0.00940409,12.3004
0.00941363,12.3111
0.00942323,12.3216
0.00942984,12.3323
0.0094392,12.343
0.00944832,12.3539
0.00945446,12.3647
0.00946334,12.3756
0.00947228,12.3866
0.00948098,12.3976
0.00948968,12.4086
0.00949564,12.4196
0.00950172,12.4305
0.00951067,12.4414
0.00951984,12.4522
0.00952884,12.463
0.00953498,12.4739
0.00954398,12.4848
0.00955015,12.4956
0.00955921,12.5065
0.00956821,12.5174
0.00957703,12.5284
0.00958592,12.5393
0.00959179,12.5503
0.00960067,12.5613
0.00960961,12.5722
0.00961867,12.583
0.00962755,12.594
0.00963369,12.6048
0.00964275,12.6157
0.00964898,12.6265
0.00965804,12.6374
0.00966403,12.6483
0.00967321,12.6591
0.00968221,12.67
0.00968856,12.6808
0.00970042,12.6917
0.00970665,12.7025
0.00971275,12.7134
0.00971886,12.7242
0.00972804,12.735
0.00973752,12.7457
0.00974396,12.7564
0.0097532,12.7672
0.00975957,12.7779
0.00976875,12.7887
0.00977519,12.7995
0.00978449,12.8102
0.00979397,12.8209
0.00980058,12.8315
0.00980994,12.8423
0.00981632,12.853
0.00982574,12.8637
0.00983214,12.8744
0.00984144,12.8852
0.00985098,12.8958
0.00985747,12.9065
0.00986385,12.9173
0.00987303,12.928
0.00988221,12.9388
0.00988835,12.9497
0.00989437,12.9606
0.00990623,12.9715
0.00991255,12.9823
0.00992143,12.9933
0.00993013,13.0043
0.0099358,13.0154
0.00994432,13.0265
0.00995278,13.0376
0.00996125,13.0487
0.00996971,13.0599
0.00997519,13.0711
0.00998628,13.0824
0.00999439,13.0937
0.00999969,13.105
0.010008,13.1161
0.0100163,13.1274
0.0100248,13.1385
0.0100332,13.1496
0.0100416,13.1608
0.0100501,13.172
0.0100586,13.1831
0.0100672,13.1942
0.0100756,13.2053
0.0100842,13.2164
0.0100925,13.2276
0.010101,13.2387
0.0101094,13.2499
0.0101151,13.261
0.0101234,13.2722
0.0101319,13.2833
0.0101374,13.2945
0.0101459,13.3056
0.0101546,13.3166
0.0101632,13.3277
0.0101718,13.3388
0.0101803,13.3499
0.0101891,13.3609
0.0101978,13.3719
0.0102068,13.3828
0.0102128,13.3938
0.0102217,13.4047
0.0102305,13.4156
0.0102364,13.4266
0.0102454,13.4375
0.0102543,13.4484
0.0102634,13.4593
0.0102722,13.4702
0.0102782,13.4812
0.0102868,13.4922
0.0102957,13.5032
0.0103045,13.5142
0.0103132,13.5252
0.0103219,13.5362
0.0103278,13.5472
0.0103362,13.5584
0.0103447,13.5696
0.0103531,13.5807
0.0103584,13.592
0.0103697,13.6031
0.0103749,13.6144
0.0103832,13.6257
0.0103914,13.6369
0.0103997,13.6481
0.0104078,13.6595
0.0104161,13.6706
0.0104215,13.6819
0.01043,13.693
0.0104387,13.704
0.0104474,13.7151
0.0104562,13.726
0.0104648,13.7371
0.0104706,13.7481
0.0104793,13.7591
0.010488,13.7702
0.0104968,13.7812
0.0105053,13.7923
0.0105139,13.8034
0.0105222,13.8146
0.0105306,13.8258
0.0105388,13.837
0.0105471,13.8482
0.0105552,13.8595
0.0105632,13.8709
0.0105712,13.8822
0.0105763,13.8936
0.0105869,13.9051
0.0105947,13.9166
0.0106024,13.9281
0.0106102,13.9395
0.0106179,13.951
0.0106257,13.9625
0.0106334,13.974
0.0106443,13.9853
0.0106523,13.9967
0.0106604,14.008
0.0106687,14.0193
0.010677,14.0305
0.0106825,14.0417
0.0106906,14.0529
0.010699,14.0641
0.0107074,14.0753
0.0107158,14.0865
0.0107212,14.0977
0.0107295,14.1089
0.0107375,14.1203
0.0107456,14.1316
0.0107538,14.1429
0.0107619,14.1541
0.0107701,14.1654
0.0107779,14.1769
0.010786,14.1882
0.010794,14.1996
0.010802,14.2109
0.0108071,14.2223
0.0108151,14.2336
0.0108232,14.2449
0.0108313,14.2563
0.0108396,14.2675
0.0108508,14.2787
0.0108564,14.2898
0.0108645,14.3011
0.0108728,14.3123
0.0108783,14.3235
0.0108895,14.3347
0.0108979,14.3459
0.010906,14.3572
0.0109141,14.3685
0.0109222,14.3799
0.0109303,14.3911
0.0109382,14.4026
0.010949,14.414
0.0109538,14.4254
0.0109643,14.437
0.010972,14.4485
0.0109798,14.46
0.0109878,14.4713
0.0109986,14.4828
0.0110036,14.4942
0.0110113,14.5056
0.0110192,14.5171
0.0110271,14.5285
0.0110351,14.5398
0.0110433,14.5511
0.0110543,14.5624
0.0110623,14.5738
0.0110705,14.585
0.0110757,14.5963
0.011084,14.6076
0.0110924,14.6187
0.0111036,14.63
0.0111118,14.6412
0.0111201,14.6524
0.0111285,14.6636
0.0111395,14.6749
0.0111475,14.6863
0.0111552,14.6978
0.0111634,14.7091
0.0111711,14.7206
0.0111788,14.732
0.0111866,14.7435
0.0111916,14.7549
0.0112025,14.7663
0.0112103,14.7777
0.0112185,14.789
0.0112266,14.8003
0.011232,14.8116
0.011243,14.8228
0.0112485,14.834
0.011257,14.8451
0.0112656,14.8562
0.0112743,14.8672
0.0112828,14.8783
0.0112887,14.8893
0.0113003,14.9004
0.0113064,14.9112
0.0113153,14.9222
0.0113241,14.9331
0.0113332,14.944
0.0113423,14.9549
0.0113514,14.9657
0.0113604,14.9766
0.0113666,14.9874
0.0113758,14.9982
0.0113851,15.0089
0.0113913,15.0198
0.0114005,15.0306
0.0114127,15.0413
0.0114191,15.052
0.0114282,15.0629
0.0114375,15.0736
0.0114467,15.0844
0.0114528,15.0953
0.011459,15.1062
0.0114708,15.1171
0.0114769,15.128
0.0114858,15.1389
0.0114948,15.1498
0.0115037,15.1607
0.0115125,15.1717
0.0115184,15.1827
0.0115302,15.1936
0.0115364,15.2044
0.0115484,15.2153
0.0115547,15.226
0.0115637,15.237
0.011573,15.2477
0.011582,15.2586
0.0115911,15.2694
0.0116002,15.2802
0.0116096,15.291
0.0116188,15.3017
0.0116281,15.3125
0.0116369,15.3235
0.0116458,15.3344
0.0116548,15.3453
0.0116635,15.3563
0.0116723,15.3673
0.011681,15.3783
0.0116899,15.3893
0.0117016,15.4002
0.0117077,15.4112
0.0117166,15.4221
0.0117229,15.4329
0.0117348,15.4438
0.0117441,15.4545
0.0117507,15.4652
0.0117605,15.4756
0.0117704,15.4861
0.0117803,15.4966
0.0117873,15.5071
0.0117942,15.5175
0.0118041,15.528
0.0118138,15.5385
0.011821,15.5489
0.0118307,15.5594
0.0118405,15.57
0.0118499,15.5807
0.0118594,15.5913
0.0118687,15.6021
0.0118779,15.6128
0.0118843,15.6236
0.0118935,15.6344
0.0119025,15.6452
0.0119114,15.6562
0.0119203,15.6671
0.0119293,15.678
0.0119383,15.6889
0.0119444,15.6998
0.0119536,15.7106
0.0119655,15.7215
0.0119717,15.7323
0.0119806,15.7433
0.0119897,15.7541
0.0119991,15.7648
0.0120085,15.7755
0.0120178,15.7862
0.0120272,15.7969
0.0120337,15.8076
0.012043,15.8183
0.0120526,15.829
0.0120621,15.8396
0.0120688,15.8502
0.0120782,15.8609
0.0120878,15.8715
0.0120972,15.8822
0.0121065,15.8929
0.0121157,15.9037
0.0121249,15.9145
0.0121368,15.9254
0.0121456,15.9364
0.0121546,15.9472
0.0121666,15.9582
0.0121726,15.969
0.0121814,15.98
0.0121903,15.9909
0.0122021,16.0019
0.0122084,16.0127
0.0122177,16.0234
0.0122302,16.034
0.01224,16.0446
0.0122497,16.0551
0.0122593,16.0657
0.0122665,16.0761
0.0122766,16.0864
0.012287,16.0967
0.0122943,16.107
0.0123045,16.1173
0.0123147,16.1276
0.0123248,16.138
0.0123322,16.1482
0.0123421,16.1587
0.0123523,16.169
0.0123622,16.1795
0.0123695,16.1898
0.0123797,16.2001
0.0123899,16.2104
0.0123971,16.2207
0.0124075,16.2311
0.0124178,16.2412
0.0124281,16.2515
0.0124358,16.2617
0.0124466,16.2717
0.0124547,16.2816
0.0124658,16.2915
0.012474,16.3014
0.0124825,16.3112
0.012494,16.3209
0.0125025,16.3306
0.0125112,16.3402
0.01252,16.3498
0.0125289,16.3594
0.0125407,16.369
0.0125522,16.3786
0.0125609,16.3883
0.0125693,16.3981
0.0125778,16.4079
0.0125892,16.4176
0.0125979,16.4273
0.0126093,16.437
0.0126176,16.4469
0.0126258,16.4568
0.0126338,16.4668
0.0126448,16.4767
0.0126528,16.4867
0.0126639,16.4966
0.012672,16.5065
0.012683,16.5164
0.0126911,16.5263
0.0127023,16.5362
0.0127108,16.5459
0.0127223,16.5556
0.012731,16.5653
0.0127427,16.5749
0.0127515,16.5844
0.0127634,16.594
0.0127724,16.6035
0.0127814,16.6131
0.0127932,16.6226
0.0128022,16.6321
0.0128113,16.6416
0.0128233,16.651
0.0128324,16.6605
0.0128416,16.6699
0.0128507,16.6794
0.0128625,16.6889
0.0128717,16.6983
0.0128838,16.7077
0.0128929,16.7172
0.0129021,16.7267
0.0129111,16.7361
0.0129203,16.7456
0.0129296,16.7549
0.012942,16.7642
0.0129514,16.7735
0.0129608,16.7828
0.0129701,16.7922
0.0129795,16.8015
0.012989,16.8108
0.0129987,16.82
0.0130084,16.8291
0.0130182,16.8382
0.0130279,16.8474
0.0130406,16.8566
0.0130476,16.8657
0.0130577,16.8747
0.0130709,16.8836
0.013078,16.8926
0.0130882,16.9015
0.0130982,16.9106
0.0131083,16.9195
0.0131183,16.9286
0.0131282,16.9377
0.013138,16.9468
0.0131477,16.956
0.0131573,16.9652
0.0131668,16.9744
0.0131767,16.9836
0.0131863,16.9928
0.0131961,17.0019
0.0132056,17.0111
0.0132153,17.0204
0.0132251,17.0295
0.0132321,17.0386
0.013242,17.0476
0.0132518,17.0568
0.0132618,17.0658
0.0132715,17.075
0.0132815,17.084
0.0132912,17.0932
0.0133013,17.1022
0.013314,17.1113
0.0133241,17.1203
0.0133313,17.1293
0.0133443,17.1383
0.0133517,17.1471
0.0133618,17.1562
0.0133721,17.1651
0.0133793,17.174
0.0133895,17.183
0.0134026,17.1919
0.0134128,17.2008
0.01342,17.2099
0.01343,17.2188
0.0134402,17.2278
0.0134502,17.2368
0.0134604,17.2458
0.0134703,17.2548
0.0134775,17.2639
0.0134875,17.2729
0.0134979,17.2817
0.0135079,17.2907
0.0135153,17.2996
0.0135285,17.3086
0.0135359,17.3175
0.0135494,17.3262
0.013557,17.335
0.0135676,17.3437
0.0135754,17.3524
0.013586,17.3612
0.0135965,17.37
0.0136072,17.3787
0.0136152,17.3873
0.013626,17.396
0.0136369,17.4046
0.013645,17.4131
0.0136532,17.4217
0.0136644,17.4301
0.0136725,17.4386
0.0136841,17.4469
0.0136928,17.4552
0.0137045,17.4634
0.0137166,17.4715
0.0137259,17.4795
0.0137354,17.4873
0.0137451,17.4951
0.0137578,17.503
0.0137677,17.5106
0.0137808,17.5182
0.0137908,17.5259
0.013801,17.5334
0.0138141,17.541
0.0138242,17.5486
0.0138375,17.5561
0.0138509,17.5635
0.0138613,17.5709
0.013869,17.5783
0.0138826,17.5856
0.0138934,17.593
0.0139041,17.6002
0.0139178,17.6075
0.0139285,17.6148
0.013939,17.6223
0.0139493,17.6298
0.0139623,17.6374
0.0139723,17.6451
0.0139822,17.6528
0.0139919,17.6605
0.0140046,17.6683
0.0140143,17.6761
0.014024,17.6839
0.0140338,17.6916
0.0140439,17.6993
0.0140539,17.7069
0.0140641,17.7145
0.0140771,17.7221
0.0140846,17.7296
0.0140952,17.737
0.0141084,17.7445
0.0141187,17.752
0.014129,17.7595
0.0141392,17.7671
0.0141464,17.7747
0.0141595,17.7823
0.0141695,17.7899
0.0141824,17.7976
0.0141922,17.8053
0.014199,17.8131
0.0142117,17.8209
0.0142214,17.8287
0.0142312,17.8364
0.0142439,17.8442
0.0142508,17.8519
0.0142637,17.8597
0.0142738,17.8674
0.0142842,17.875
0.0142917,17.8827
0.0143049,17.8903
0.0143153,17.8979
0.0143256,17.9056
0.0143331,17.9132
0.0143436,17.9208
0.0143541,17.9283
0.0143646,17.9359
0.0143751,17.9434
0.0143857,17.951
0.0143962,17.9585
0.0144038,17.9661
0.0144173,17.9736
0.014425,17.9811
0.0144357,17.9886
0.0144465,17.996
0.0144543,18.0034
0.014465,18.0109
0.0144755,18.0184
0.014483,18.0261
0.0144934,18.0337
0.014504,18.0412
0.0145116,18.0488
0.0145223,18.0562
0.0145329,18.0637
0.0145405,18.0713
0.014551,18.0788
0.0145587,18.0864
0.0145692,18.0939
0.014577,18.1014
0.0145873,18.109
0.0145948,18.1167
0.0146052,18.1242
0.0146156,18.1319
0.0146258,18.1396
0.014636,18.1473
0.014646,18.1551
0.0146531,18.1629
0.0146631,18.1707
0.014673,18.1786
0.0146827,18.1864
0.0146925,18.1944
0.0147023,18.2023
0.0147118,18.2104
0.0147185,18.2183
0.0147281,18.2263
0.0147378,18.2343
0.0147473,18.2423
0.014754,18.2503
0.0147609,18.2582
0.0147708,18.2661
0.0147806,18.274
0.0147874,18.2819
0.0147974,18.2898
0.0148043,18.2976
0.0148142,18.3054
0.0148241,18.3133
0.0148312,18.3211
0.0148383,18.3289
0.0148509,18.3368
0.0148578,18.3448
0.0148705,18.3527
0.0148773,18.3606
0.0148899,18.3686
0.0148965,18.3766
0.0149085,18.3848
0.0149177,18.3931
0.0149266,18.4014
0.0149355,18.4097
0.0149443,18.4181
0.014953,18.4265
0.0149615,18.4351
0.0149698,18.4437
0.0149784,18.4521
0.0149867,18.4608
0.0149954,18.4692
0.0150068,18.4777
0.0150125,18.4862
0.0150208,18.4948
0.0150295,18.5032
0.0150356,18.5115
0.0150472,18.52
0.0150564,18.5281
0.0150654,18.5365
0.0150716,18.5447
0.0150806,18.553
0.0150897,18.5612
0.0150989,18.5694
0.015108,18.5776
0.0151173,18.5858
0.0151264,18.594
0.0151357,18.6022
0.0151419,18.6104
0.015151,18.6186
0.0151602,18.6268
0.0151691,18.6351
0.0151753,18.6434
0.0151873,18.6517
0.0151937,18.6598
0.0152056,18.668
0.0152118,18.6763
0.0152209,18.6845
0.0152272,18.6927
0.0152363,18.7009
0.0152453,18.7092
0.0152545,18.7174
0.0152608,18.7256
0.0152697,18.7339
0.0152786,18.7423
0.0152877,18.7505
0.0152967,18.7588
0.0153057,18.7671
0.0153147,18.7754
0.0153237,18.7837
0.0153301,18.7918
0.0153392,18.8
0.0153455,18.8082
0.0153549,18.8163
0.0153641,18.8245
0.0153735,18.8326
0.0153827,18.8408
0.0153891,18.8489
0.0153983,18.8571
0.0154075,18.8653
0.0154139,18.8735
0.0154233,18.8816
0.0154327,18.8896
0.015439,18.8978
0.0154512,18.906
0.0154574,18.9142
0.0154667,18.9224
0.0154729,18.9306
0.015482,18.9388
0.0154908,18.9472
0.0154997,18.9555
0.0155056,18.9639
0.0155173,18.9723
0.0155261,18.9807
0.0155318,18.9891
0.0155404,18.9976
0.0155491,19.0061
0.0155578,19.0145
0.0155663,19.023
0.0155751,19.0314
0.0155836,19.04
0.0155923,19.0483
0.0156009,19.0568
0.0156097,19.0652
0.0156156,19.0736
0.0156272,19.082
0.0156329,19.0905
0.0156414,19.099
0.01565,19.1075
0.0156557,19.116
0.0156671,19.1245
0.0156727,19.1331
0.0156811,19.1417
0.0156896,19.1501
0.0156981,19.1587
0.0157068,19.1671
0.0157126,19.1756
0.0157212,19.184
0.0157299,19.1924
0.0157386,19.2009
0.0157476,19.2092
0.0157537,19.2175
0.0157628,19.2257
0.0157719,19.2339
0.0157809,19.2422
0.0157898,19.2505
0.0157959,19.2588
0.0158079,19.2671
0.015814,19.2754
0.015823,19.2837
0.0158321,19.2919
0.015841,19.3002
0.0158499,19.3085
0.0158559,19.3169
0.0158647,19.3253
0.0158737,19.3336
0.0158796,19.3419
0.0158885,19.3503
0.0158974,19.3586
0.0159064,19.3669
0.0159152,19.3753
0.0159212,19.3836
0.0159303,19.3918
0.0159391,19.4003
0.015948,19.4086
0.0159539,19.4169
0.0159628,19.4253
0.0159745,19.4337
0.0159804,19.442
0.0159864,19.4504
0.0159982,19.4587
0.016004,19.4672
0.0160126,19.4756
0.0160212,19.4841
0.0160271,19.4925
0.0160386,19.501
0.0160472,19.5095
0.0160556,19.518
0.016064,19.5266
0.0160723,19.5352
0.0160804,19.5439
0.0160888,19.5525
0.0160968,19.5613
0.0161051,19.5699
0.016116,19.5787
0.0161211,19.5875
0.0161292,19.5962
0.0161374,19.6049
0.0161455,19.6136
0.0161534,19.6224
0.0161618,19.6309
0.0161701,19.6396
0.0161815,19.6481
0.0161871,19.6566
0.0161955,19.6652
0.016204,19.6738
0.0162124,19.6823
0.016221,19.6908
0.0162322,19.6995
0.0162407,19.7079
0.0162488,19.7167
0.0162601,19.7253
0.0162655,19.7339
0.0162736,19.7426
0.0162818,19.7513
0.0162929,19.7599
0.0162981,19.7687
0.0163094,19.7772
0.0163149,19.7858
0.0163262,19.7944
0.0163343,19.8031
0.0163426,19.8118
0.0163507,19.8204
0.0163589,19.8291
0.0163703,19.8376
0.0163757,19.8463
0.0163841,19.8549
0.0163924,19.8635
0.0164009,19.872
0.0164094,19.8806
0.0164181,19.8889
0.0164269,19.8973
0.0164358,19.9057
0.0164449,19.9139
0.0164509,19.9222
0.016463,19.9304
0.0164694,19.9386
0.0164757,19.9468
0.0164851,19.9549
0.0164944,19.963
0.0165008,19.9712
0.01651,19.9793
0.016519,19.9876
0.0165281,19.9958
0.0165369,20.0042
0.0165458,20.0126
0.0165546,20.021
0.0165634,20.0294
0.0165721,20.0378
0.0165807,20.0463
0.0165865,20.0547
0.0165948,20.0633
0.0166037,20.0717
0.0166123,20.0801
0.0166212,20.0884
0.01663,20.0968
0.0166388,20.1052
0.0166477,20.1135
0.0166538,20.1219
0.0166629,20.1301
0.016672,20.1383
0.0166785,20.1464
0.0166908,20.1545
0.0167004,20.1625
0.0167099,20.1705
0.0167164,20.1786
0.0167259,20.1866
0.0167325,20.1947
0.0167419,20.2028
0.0167513,20.2109
0.0167577,20.2191
0.0167669,20.2272
0.0167762,20.2353
0.0167852,20.2436
0.0167943,20.2519
0.0168034,20.2601
0.0168097,20.2683
0.0168188,20.2765
0.0168281,20.2847
0.0168346,20.2928
0.0168442,20.3008
0.0168536,20.3089
0.0168599,20.3171
0.0168693,20.3252
0.0168787,20.3332
0.0168851,20.3414
0.0168972,20.3496
0.0169036,20.3577
0.0169128,20.3659
0.016922,20.3741
0.016931,20.3824
0.0169401,20.3906
0.0169464,20.3988
0.0169555,20.407
0.0169646,20.4153
0.0169709,20.4235
0.0169801,20.4316
0.0169893,20.4398
0.0169984,20.4481
0.0170047,20.4563
0.017014,20.4644
0.0170203,20.4726
0.0170297,20.4807
0.017039,20.4888
0.0170456,20.4969
0.017055,20.505
0.0170615,20.5131
0.0170709,20.5211
0.0170776,20.5292
0.0170842,20.5372
0.0170937,20.5452
0.0171034,20.5532
0.0171099,20.5613
0.0171193,20.5694
0.0171258,20.5775
0.0171322,20.5856
0.0171417,20.5936
0.0171484,20.6016
0.0171579,20.6097
0.0171673,20.6178
0.0171767,20.6259
0.017183,20.6341
0.0171921,20.6423
0.0171985,20.6504
0.0172075,20.6587
0.0172137,20.6669
0.0172226,20.6753
0.0172314,20.6837
0.0172401,20.6921
0.0172459,20.7005
0.0172544,20.709
0.0172631,20.7175
0.0172689,20.7259
0.0172775,20.7344
0.0172862,20.7429
0.0172949,20.7513
0.0173035,20.7598
0.0173094,20.7681
0.0173211,20.7765
0.0173271,20.7848
0.017336,20.7932
0.0173448,20.8016
0.0173537,20.8099
0.0173623,20.8184
0.0173681,20.8268
0.0173767,20.8353
0.0173854,20.8437
0.0173937,20.8524
0.0174022,20.8608
0.0174105,20.8695
0.0174188,20.8781
0.0174271,20.8867
0.0174354,20.8954
0.0174407,20.904
0.0174519,20.9127
0.01746,20.9213
0.0174682,20.93
0.0174764,20.9387
0.0174845,20.9474
0.0174957,20.9561
0.0175039,20.9648
0.0175121,20.9734
0.0175202,20.9821
0.0175285,20.9907
0.0175342,20.9992
0.0175456,21.0077
0.0175542,21.0162
0.0175598,21.0248
0.0175684,21.0332
0.0175797,21.0418
0.0175854,21.0503
0.0175966,21.0589
0.017605,21.0675
0.0176135,21.076
0.0176218,21.0847
0.0176304,21.0931
0.0176389,21.1017
0.0176473,21.1102
0.0176556,21.1188
0.0176642,21.1273
0.0176729,21.1357
0.0176816,21.1442
0.0176906,21.1525
0.0176994,21.1608
0.0177054,21.1692
0.0177143,21.1775
0.0177203,21.1859
0.0177293,21.1941
0.0177385,21.2023
0.0177476,21.2106
0.0177569,21.2187
0.0177661,21.2269
0.0177754,21.2351
0.0177847,21.2432
0.0177913,21.2512
0.0178009,21.2592
0.0178105,21.2672
0.0178173,21.2752
0.017827,21.2831
0.0178366,21.2911
0.0178435,21.299
0.0178534,21.3069
0.0178603,21.3148
0.0178701,21.3227
0.0178798,21.3306
0.0178865,21.3386
0.0178963,21.3465
0.0179033,21.3544
0.0179131,21.3623
0.0179231,21.3701
0.01793,21.3779
0.01794,21.3857
0.0179499,21.3936
0.017957,21.4014
0.0179672,21.4091
0.0179745,21.4168
0.0179846,21.4246
0.0179922,21.4322
0.0180025,21.4398
0.0180102,21.4473
0.0180205,21.455
0.0180279,21.4626
0.0180382,21.4703
0.0180483,21.478
0.0180557,21.4857
0.0180658,21.4935
0.0180756,21.5014
0.0180823,21.5093
0.0180889,21.5173
0.0181014,21.5254
0.0181109,21.5334
0.0181175,21.5415
0.0181269,21.5495
0.0181336,21.5576
0.0181431,21.5656
0.0181524,21.5737
0.018162,21.5817
0.0181716,21.5897
0.0181783,21.5977
0.0181848,21.6058
0.0181942,21.6139
0.0182038,21.6219
0.0182133,21.63
0.0182228,21.638
0.0182323,21.6461
0.0182419,21.654
0.0182487,21.662
0.0182583,21.6699
0.0182682,21.6778
0.0182749,21.6858
0.0182847,21.6937
0.0182942,21.7017
0.0183039,21.7097
0.0183108,21.7176
0.0183204,21.7256
0.01833,21.7336
0.0183396,21.7416
0.0183463,21.7496
0.0183559,21.7576
0.0183654,21.7656
0.0183722,21.7736
0.0183819,21.7815
0.0183888,21.7894
0.0183986,21.7973
0.0184086,21.8051
0.0184186,21.8129
0.0184259,21.8207
0.018436,21.8283
0.0184435,21.836
0.018451,21.8436
0.0184616,21.8511
0.0184693,21.8586
0.0184801,21.8661
0.0184877,21.8736
0.0184954,21.8811
0.018506,21.8886
0.0185135,21.8962
0.018524,21.9038
0.0185344,21.9114
0.0185448,21.919
0.0185521,21.9267
0.0185624,21.9344
0.0185696,21.9421
0.0185799,21.9498
0.0185902,21.9575
0.0185976,21.9651
0.018605,21.9728
0.0186124,21.9804
0.0186226,21.9881
0.018633,21.9957
0.0186405,22.0033
0.0186509,22.011
0.018661,22.0187
0.0186715,22.0263
0.0186761,22.0339
0.0186895,22.0414
0.0186971,22.049
0.0187076,22.0566
0.0187154,22.064
0.0187262,22.0714
0.0187342,22.0788
0.0187451,22.0862
0.0187558,22.0936
0.0187634,22.1012
0.018774,22.1087
0.0187845,22.1162
0.0187922,22.1238
0.0188057,22.1313
0.018816,22.139
0.0188235,22.1466
0.0188338,22.1542
0.0188414,22.1618
0.018849,22.1693
0.0188596,22.1769
0.0188702,22.1844
0.0188778,22.1919
0.0188883,22.1995
0.0188991,22.2069
0.0189099,22.2143
0.0189176,22.2218
0.0189284,22.2293
0.0189363,22.2366
0.0189473,22.244
0.0189554,22.2513
0.0189636,22.2586
0.018975,22.2657
0.0189832,22.273
0.0189942,22.2803
0.0190027,22.2874
0.0190139,22.2946
0.0190223,22.3018
0.0190308,22.309
0.019042,22.3162
0.0190505,22.3233
0.0190617,22.3305
0.0190699,22.3378
0.0190812,22.3449
0.0190896,22.3521
0.0190977,22.3594
0.0191091,22.3666
0.0191205,22.3737
0.0191289,22.3809
0.0191375,22.3879
0.0191487,22.3952
0.0191571,22.4023
0.0191656,22.4094
0.0191771,22.4165
0.0191856,22.4237
0.0191944,22.4306
0.0192059,22.4377
0.0192146,22.4447
0.0192236,22.4516
0.0192323,22.4587
0.0192414,22.4655
0.0192506,22.4723
0.0192627,22.479
0.0192721,22.4858
0.0192845,22.4924
0.0192937,22.4992
0.0193033,22.5058
0.0193127,22.5125
0.019322,22.5192
0.0193316,22.5258
0.0193385,22.5323
0.0193482,22.5388
0.0193582,22.5452
0.0193654,22.5516
0.0193783,22.558
0.0193856,22.5643
0.0193959,22.5706
0.0194033,22.5768
0.0194137,22.583
0.0194241,22.5892
0.0194344,22.5955
0.0194476,22.6017
0.0194578,22.608
0.019468,22.6143
0.0194751,22.6207
0.0194851,22.6271
0.0194953,22.6334
0.0195055,22.6397
0.0195186,22.646
0.0195288,22.6523
0.019539,22.6586
0.019549,22.665
0.0195564,22.6713
0.0195665,22.6777
0.0195767,22.684
0.0195869,22.6902
0.0195971,22.6965
0.0196073,22.7028
0.0196148,22.7091
0.0196253,22.7152
0.0196357,22.7214
0.0196463,22.7275
0.0196538,22.7337
0.0196615,22.7399
0.0196722,22.7459
0.0196829,22.752
0.0196936,22.758
0.0197041,22.7642
0.0197118,22.7703
0.0197223,22.7765
0.0197326,22.7827
0.0197431,22.7889
0.0197534,22.7951
0.019764,22.8012
0.0197744,22.8074
0.0197847,22.8137
0.0197949,22.82
0.0198052,22.8262
0.0198128,22.8324
0.0198231,22.8387
0.0198334,22.8449
0.019841,22.8511
0.0198515,22.8572
0.019862,22.8633
0.0198726,22.8695
0.0198806,22.8755
0.0198884,22.8815
0.0198992,22.8876
0.019907,22.8936
0.0199178,22.8996
0.0199287,22.9056
0.0199367,22.9115
0.0199476,22.9175
0.0199555,22.9235
0.0199664,22.9295
0.0199743,22.9355
0.0199854,22.9414
0.0199937,22.9472
0.0200049,22.953
0.0200137,22.9586
0.0200255,22.9641
0.0200343,22.9696
0.0200461,22.9752
0.0200521,22.9807
0.020064,22.9862
0.0200729,22.9917
0.020082,22.9971
0.0200938,23.0027
0.0201056,23.0082
0.0201143,23.0139
0.0201258,23.0195
0.0201344,23.0252
0.0201429,23.0309
0.0201547,23.0364
0.0201635,23.042
0.0201725,23.0475
0.0201842,23.0531
0.0201931,23.0586
0.0202023,23.064
0.0202141,23.0695
0.0202232,23.0749
0.0202356,23.0802
0.0202449,23.0855
0.0202571,23.0908
0.0202665,23.0961
0.0202759,23.1014
0.0202882,23.1067
0.0202976,23.112
0.0203098,23.1173
0.0203191,23.1227
0.0203311,23.1281
0.0203401,23.1336
0.0203523,23.1389
0.0203644,23.1443
0.0203736,23.1497
0.0203826,23.1552
0.0203917,23.1606
0.020401,23.1659
0.020413,23.1713
0.0204225,23.1766
0.020432,23.1819
0.0204444,23.1871
0.0204509,23.1924
0.0204633,23.1976
0.020473,23.2028
0.0204825,23.208
0.020495,23.2132
0.0205043,23.2185
0.0205138,23.2237
0.020526,23.2291
0.0205325,23.2344
0.0205446,23.2398
0.0205539,23.2451
0.0205631,23.2505
0.0205753,23.2558
0.0205847,23.2611
0.0205941,23.2664
0.0206036,23.2716
0.020613,23.2769
0.0206225,23.2821
0.0206321,23.2873
0.0206445,23.2926
0.0206538,23.2979
0.020663,23.3033
0.020675,23.3088
0.0206843,23.3141
0.0206937,23.3193
0.0207028,23.3247
0.0207118,23.3302
0.0207238,23.3357
0.0207327,23.3412
0.0207417,23.3467
0.0207538,23.3521
0.0207631,23.3574
0.0207724,23.3627
0.0207843,23.3682
0.0207932,23.3738
0.0208023,23.3792
0.0208117,23.3845
0.0208209,23.3899
0.0208332,23.3951
0.0208429,23.4003
0.0208495,23.4055
0.0208591,23.4107
0.0208688,23.4158
0.0208787,23.4209
0.0208888,23.4258
0.0208989,23.4308
0.020909,23.4357
0.0209195,23.4405
0.0209298,23.4454
0.02094,23.4502
0.0209473,23.4551
0.0209608,23.4599
0.0209712,23.4646
0.0209788,23.4694
0.0209893,23.4742
0.0209999,23.4788
0.021011,23.4833
0.0210217,23.488
0.0210327,23.4925
0.0210439,23.4969
0.0210554,23.5012
0.021067,23.5054
0.0210785,23.5097
0.0210905,23.5137
0.0211026,23.5177
0.021112,23.5216
0.0211244,23.5254
0.0211372,23.5291
0.0211471,23.5327
0.0211601,23.5362
0.0211701,23.5398
0.0211832,23.5433
0.0211935,23.5468
0.0212067,23.5502
0.0212171,23.5537
0.0212302,23.5571
0.0212404,23.5606
0.0212505,23.5641
0.0212609,23.5676
0.0212711,23.5711
0.021284,23.5747
0.0212968,23.5783
0.0213068,23.5819
0.0213169,23.5855
0.021327,23.589
0.021337,23.5926
0.0213471,23.5961
0.0213602,23.5997
0.0213703,23.6032
0.0213835,23.6066
0.0213943,23.6099
0.021405,23.6131
0.0214156,23.6164
0.0214261,23.6197
0.0214366,23.6231
0.0214471,23.6264
0.0214607,23.6297
0.021471,23.6331
0.0214811,23.6367
0.0214911,23.6403
0.0215038,23.644
0.0215134,23.6478
0.0215231,23.6515
0.0215325,23.6554
0.0215448,23.6593
0.0215542,23.6631
0.0215638,23.6669
0.0215735,23.6707
0.0215862,23.6744
0.021596,23.6781
0.0216057,23.6818
0.0216129,23.6854
0.0216259,23.6889
0.0216331,23.6924
0.0216461,23.6959
0.021656,23.6996
0.0216658,23.7033
0.0216787,23.7069
0.0216888,23.7104
0.0216987,23.7141
0.0217086,23.7177
0.0217184,23.7214
0.0217283,23.725
0.0217385,23.7286
0.0217487,23.732
0.021759,23.7355
0.0217693,23.7389
0.0217797,23.7423
0.0217902,23.7457
0.0218012,23.7488
0.021812,23.752
0.0218228,23.7552
0.0218335,23.7584
0.0218444,23.7616
0.0218551,23.7648
0.0218661,23.768
0.0218743,23.771
0.0218852,23.7742
0.0218959,23.7774
0.0219066,23.7807
0.0219172,23.784
0.0219253,23.7871
0.0219362,23.7903
0.0219471,23.7934
0.021958,23.7966
0.0219689,23.7997
0.0219768,23.8029
0.0219879,23.806
0.0219992,23.8089
0.0220107,23.8118
0.0220223,23.8147
0.0220307,23.8176
0.022039,23.8206
0.0220502,23.8236
0.0220587,23.8265
0.0220702,23.8294
0.0220815,23.8324
0.0220928,23.8354
0.0221009,23.8384
0.0221119,23.8416
0.0221229,23.8447
0.022134,23.8478
0.0221423,23.8508
0.0221534,23.8538
0.0221614,23.857
0.0221723,23.8601
0.022183,23.8634
0.0221938,23.8666
0.0222018,23.8697
0.0222098,23.8729
0.0222206,23.8761
0.0222314,23.8793
0.0222421,23.8826
0.02225,23.8857
0.0222611,23.8888
0.0222691,23.892
0.0222771,23.8951
0.022285,23.8983
0.0222957,23.9016
0.0223036,23.9048
0.0223147,23.9078
0.0223229,23.9109
0.0223309,23.9141
0.0223418,23.9172
0.0223499,23.9203
0.0223581,23.9234
0.0223666,23.9263
0.0223751,23.9292
0.0223836,23.9322
0.0223948,23.9352
0.0224029,23.9382
0.0224112,23.9413
0.0224224,23.9443
0.0224307,23.9473
0.0224389,23.9503
0.0224502,23.9533
0.0224583,23.9564
0.0224663,23.9596
0.0224746,23.9626
0.0224861,23.9654
0.0224951,23.9681
0.0225074,23.9706
0.0225173,23.9728
0.0225275,23.9749
0.022541,23.9768
0.0225518,23.9786
0.0225633,23.9801
0.0225783,23.9813
0.0225934,23.9824
0.0226058,23.9834
0.0226183,23.9844
0.0226336,23.9855
0.0226461,23.9864
0.0226585,23.9875
0.0226737,23.9885
0.0226832,23.9896
0.0226958,23.9905
0.022711,23.9915
0.0227237,23.9925
0.0227363,23.9934
0.0227489,23.9943
0.0227587,23.9952
0.022774,23.9962
0.0227869,23.997
0.0227997,23.9979
0.0228125,23.9987
0.0228252,23.9996
0.022835,24.0005
0.0228476,24.0014
0.0228602,24.0023
0.0228698,24.0033
0.0228822,24.0043
0.0228916,24.0054
0.0229039,24.0065
0.0229159,24.0077
0.0229281,24.0089
0.022937,24.0102
0.022946,24.0115
0.0229578,24.0127
0.0229694,24.0142
0.0229782,24.0155
0.02299,24.0168
0.022999,24.0181
0.0230108,24.0194
0.0230198,24.0207
0.0230313,24.0222
0.02304,24.0236
0.0230516,24.025
0.0230603,24.0264
0.0230717,24.0279
0.02308,24.0296
0.0230909,24.0313
0.0230989,24.033
0.0231098,24.0348
0.0231205,24.0366
0.0231282,24.0385
0.0231388,24.0404
0.0231493,24.0424
0.0231568,24.0444
0.0231643,24.0464
0.0231746,24.0484
0.0231848,24.0505
0.0231922,24.0525
0.0232024,24.0546
0.0232127,24.0567
0.02322,24.0588
0.0232301,24.0609
0.0232373,24.063
0.0232473,24.0652
0.0232544,24.0674
0.0232677,24.0694
0.0232753,24.0714
0.0232827,24.0734
0.023293,24.0754
0.0233006,24.0774
0.0233111,24.0793
0.0233189,24.0812
0.0233269,24.083
0.0233377,24.0848
0.0233456,24.0866
0.0233563,24.0884
0.023364,24.0903
0.0233719,24.0921
0.0233797,24.0939
0.0233905,24.0958
0.0233983,24.0976
0.0234061,24.0994
0.0234168,24.1013
0.0234247,24.1031
0.0234326,24.1049
0.0234402,24.1068
0.0234508,24.1087
0.0234585,24.1106
0.0234661,24.1126
0.0234767,24.1144
0.0234814,24.1164
0.0234919,24.1183
0.0234995,24.1203
0.023507,24.1223
0.0235145,24.1243
0.023525,24.1262
0.0235357,24.1281
0.0235433,24.13
0.023551,24.1319
0.0235587,24.1338
0.0235663,24.1358
0.0235768,24.1377
0.0235842,24.1397
0.0235889,24.1417
0.023599,24.1438
0.0236094,24.1459
0.0236167,24.1479
0.023624,24.15
0.0236311,24.1522
0.0236384,24.1543
0.0236457,24.1564
0.0236531,24.1584
0.0236636,24.1604
0.023671,24.1624
0.0236786,24.1643
0.0236861,24.1663
0.0236965,24.1683
0.023704,24.1703
0.0237086,24.1723
0.0237189,24.1744
0.0237263,24.1764
0.0237335,24.1785
0.0237407,24.1807
0.023748,24.1828
0.0237581,24.1849
0.0237653,24.187
0.0237726,24.1891
0.0237826,24.1913
0.0237898,24.1934
0.0237972,24.1955
0.0238044,24.1976
0.0238143,24.1998
0.0238215,24.202
0.0238313,24.2043
0.0238384,24.2065
0.0238483,24.2087
0.0238581,24.211
0.023865,24.2133
0.0238719,24.2155
0.0238787,24.2179
0.0238883,24.2203
0.023895,24.2226
0.0239045,24.2251
0.0239112,24.2275
0.0239208,24.2298
0.0239276,24.2322
0.0239374,24.2345
0.0239442,24.2368
0.023954,24.2391
0.023961,24.2413
0.023971,24.2435
0.023978,24.2458
0.0239881,24.2478
0.0239954,24.25
0.0240025,24.2522
0.0240125,24.2544
0.0240222,24.2567
0.024029,24.259
0.0240387,24.2614
0.0240452,24.2638
0.0240548,24.2662
0.0240643,24.2686
0.0240709,24.2711
0.0240776,24.2735
0.0240872,24.2758
0.0240939,24.2782
0.0241035,24.2806
0.0241102,24.283
0.024117,24.2853
0.024124,24.2875
0.0241338,24.2898
0.0241409,24.292
0.0241507,24.2942
0.0241578,24.2964
0.0241676,24.2987
0.0241774,24.301
0.0241842,24.3034
0.024191,24.3057
0.0242007,24.308
0.0242104,24.3103
0.0242174,24.3126
0.0242244,24.3148
0.024234,24.3172
0.0242437,24.3195
0.0242504,24.3219
0.0242574,24.3242
0.0242672,24.3264
0.0242741,24.3287
0.0242838,24.331
0.0242908,24.3333
0.0243005,24.3356
0.0243073,24.338
0.0243169,24.3403
0.0243236,24.3427
0.0243332,24.3451
0.02434,24.3474
0.0243497,24.3497
0.0243595,24.352
0.0243665,24.3543
0.0243759,24.3567
0.0243827,24.3591
0.0243922,24.3615
0.024402,24.3638
0.0244087,24.3662
0.0244184,24.3685
0.0244281,24.3708
0.0244349,24.3732
0.0244418,24.3755
0.0244513,24.3779
0.024461,24.3802
0.0244677,24.3826
0.0244745,24.385
0.0244813,24.3873
0.0244908,24.3897
0.0245005,24.3921
0.0245071,24.3945
0.0245164,24.397
0.0245257,24.3995
0.0245321,24.4021
0.0245413,24.4046
0.0245509,24.407
0.0245605,24.4094
0.0245699,24.4118
0.0245765,24.4143
0.0245832,24.4167
0.0245928,24.419
0.0245998,24.4213
0.0246096,24.4236
0.0246166,24.4258
0.0246265,24.428
0.0246335,24.4302
0.0246406,24.4325
0.0246506,24.4346
0.0246578,24.4368
0.0246648,24.439
0.0246745,24.4414
0.0246843,24.4436
0.0246914,24.4458
0.0247011,24.4481
0.024711,24.4504
0.0247178,24.4527
0.0247275,24.455
0.0247373,24.4573
0.0247441,24.4597
0.0247507,24.4621
0.0247603,24.4645
0.02477,24.4668
0.0247769,24.4691
0.0247867,24.4714
0.0247938,24.4736
0.0248038,24.4757
0.0248109,24.4779
0.0248209,24.4801
0.0248282,24.4822
0.0248386,24.4842
0.0248462,24.4861
0.0248538,24.4881
0.0248642,24.4901
0.0248688,24.4921
0.0248793,24.494
0.0248869,24.496
0.0248974,24.4979
0.024905,24.4999
0.0249156,24.5017
0.0249233,24.5037
0.0249339,24.5055
0.0249418,24.5074
0.0249528,24.5091
0.0249607,24.5109
0.0249686,24.5127
0.0249795,24.5144
0.0249877,24.5161
0.0249959,24.5177
0.0250043,24.5193
0.0250158,24.5207
0.0250243,24.5222
0.0250357,24.5238
0.0250444,24.5252
0.0250503,24.5265
0.0250622,24.5278
0.0250713,24.529
0.0250806,24.5302
0.0250899,24.5313
0.0251022,24.5324
0.0251116,24.5334
0.0251212,24.5344
0.0251337,24.5354
0.0251435,24.5363
0.0251532,24.5372
0.025166,24.538
0.0251758,24.5389
0.0251885,24.5398
0.0251984,24.5407
0.025211,24.5416
0.0252208,24.5424
0.0252336,24.5433
0.0252407,24.5441
0.0252535,24.5449
0.0252635,24.5457
0.0252738,24.5464
0.025284,24.547
0.0252973,24.5476
0.0253077,24.5482
0.0253184,24.5487
0.0253323,24.549
0.0253436,24.5491
0.025355,24.5492
0.0253666,24.5493
0.0253785,24.5491
0.0253901,24.5491
0.025402,24.549
0.0254141,24.5488
0.0254264,24.5484
0.0254387,24.5481
0.0254508,24.5479
0.025463,24.5476
0.025475,24.5474
0.0254871,24.5472
0.0254993,24.5469
0.0255116,24.5466
0.025524,24.5462
0.0255392,24.5459
0.0255486,24.5456
0.0255611,24.5451
0.025574,24.5446
0.0255869,24.5439
0.0256,24.5432
0.0256135,24.5423
0.0256271,24.5414
0.0256377,24.5404
0.0256545,24.5393
0.0256687,24.5381
0.0256801,24.5368
0.0256945,24.5355
0.0257061,24.5341
0.0257206,24.5327
0.0257354,24.5312
0.0257473,24.5296
0.025762,24.5281
0.0257742,24.5264
0.0257895,24.5247
0.0258049,24.5229
0.0258204,24.521
0.0258361,24.519
0.025852,24.517
0.0258682,24.5148
0.0258847,24.5124
0.0259018,24.5097
0.0259166,24.5068
0.0259349,24.5036
0.0259507,24.5001
0.0259706,24.4962
0.0259889,24.4916
0.0260122,24.4859
0.0260364,24.4784
0.0260686,24.4685
0.0261072,24.4541
0.0262903,24.3696
0.0283045,23.397
0.030456,22.3657
0.0326227,21.3267
0.0347895,20.2798
