"Maximum force",100.207,"N"
"Gage length ",1.69931,"mm"
"Strain energy",0.753006,"mJ"
"Deformation at maximum force",0.0195303,"mm"
"Standard travel","Standard force"
"mm","N"
0,0.529077
3.9041e-006,0.531366
8.10623e-006,0.533486
9.84222e-006,0.53544
1.44318e-005,0.537393
1.36197e-005,0.539155
1.55717e-005,0.540986
1.80304e-005,0.542573
2.03848e-005,0.544213
2.26796e-005,0.545884
2.54363e-005,0.547334
2.50377e-005,0.548898
2.78838e-005,0.550302
2.78377e-005,0.551705
2.82456e-005,0.552888
2.86405e-005,0.554078
2.91155e-005,0.55523
2.97897e-005,0.556291
3.30829e-005,0.557481
3.41111e-005,0.558374
3.18312e-005,0.559449
3.31276e-005,0.560216
3.44017e-005,0.56099
3.28668e-005,0.561719
3.43272e-005,0.562402
3.57279e-005,0.563115
3.43197e-005,0.563787
3.5713e-005,0.5645
3.74415e-005,0.565057
3.62643e-005,0.565621
3.52659e-005,0.566093
3.7218e-005,0.566539
3.61749e-005,0.567039
3.82313e-005,0.567439
3.71807e-005,0.567939
3.90061e-005,0.56845
3.83467e-005,0.568765
3.73931e-005,0.569219
3.67933e-005,0.569501
3.88348e-005,0.569907
3.82126e-005,0.570207
3.73372e-005,0.570621
3.67076e-005,0.570918
3.89428e-005,0.571233
3.81083e-005,0.571632
3.76315e-005,0.571859
3.67188e-005,0.572291
3.616e-005,0.572558
3.83803e-005,0.572878
3.76911e-005,0.573208
3.70652e-005,0.573506
3.61376e-005,0.573944
3.55416e-005,0.574226
3.44017e-005,0.574764
3.65772e-005,0.575112
3.56087e-005,0.575573
3.77097e-005,0.575949
3.71733e-005,0.576208
3.63314e-005,0.576607
3.87751e-005,0.57682
3.81456e-005,0.577125
3.76985e-005,0.577336
4.00678e-005,0.577586
3.95649e-005,0.57783
4.21428e-005,0.577979
4.44972e-005,0.578246
4.41023e-005,0.578434
4.63226e-005,0.578755
4.84237e-005,0.579138
4.72539e-005,0.579695
4.87813e-005,0.580343
4.77829e-005,0.580824
4.9355e-005,0.58145
5.12623e-005,0.581921
5.29387e-005,0.582508
5.17094e-005,0.583096
5.34155e-005,0.58366
5.48833e-005,0.584339
5.97411e-005,0.584787
5.85564e-005,0.58536
6.05681e-005,0.585775
6.23562e-005,0.586306
6.70054e-005,0.586847
6.87786e-005,0.587397
7.02166e-005,0.588095
7.17663e-005,0.588736
7.30702e-005,0.589495
7.74809e-005,0.590155
7.88071e-005,0.590906
8.0111e-005,0.591665
8.13478e-005,0.592459
8.51625e-005,0.593397
8.62652e-005,0.594259
9.01693e-005,0.59516
9.42224e-005,0.595991
9.53772e-005,0.59683
9.62676e-005,0.597788
0.000100321,0.598616
0.000103957,0.599646
0.000104992,0.600538
0.000108732,0.601515
0.000112383,0.602537
0.000112946,0.603651
0.000119204,0.604811
0.000119793,0.605917
0.000122803,0.607245
0.000126007,0.608481
0.000128808,0.609907
0.000131848,0.61122
0.000134843,0.612555
0.000140416,0.614042
0.000140447,0.615416
0.000145901,0.616949
0.000145989,0.6183
0.000151681,0.619734
0.000154721,0.621039
0.000160741,0.622328
0.000163676,0.623686
0.000163707,0.625052
0.00016931,0.626524
0.000172067,0.627974
0.00017764,0.629461
0.000179949,0.631125
0.000182304,0.632765
0.00018731,0.634527
0.000189486,0.636252
0.000191378,0.638106
0.000196206,0.639937
0.000201034,0.641791
0.00020286,0.643683
0.000207777,0.645483
0.000212456,0.647398
0.000214885,0.649008
0.000219594,0.650892
0.000224422,0.652746
0.000226374,0.654577
0.000228177,0.656485
0.000232886,0.658369
0.000237416,0.660368
0.000239278,0.662237
0.000243778,0.664236
0.000248189,0.666266
0.000252421,0.668402
0.000256415,0.67063
0.000257778,0.672751
0.000261712,0.675024
0.000266123,0.677069
0.000270295,0.67922
0.000274527,0.681326
0.000275667,0.683554
0.000279839,0.685705
0.000284339,0.687704
0.000288482,0.689871
0.000292863,0.691931
0.000294167,0.694067
0.0003012,0.696249
0.000305253,0.698462
0.000309187,0.70072
0.00031324,0.702932
0.00031698,0.705298
0.000320571,0.707724
0.00032683,0.710272
0.000330302,0.712759
0.000333848,0.715216
0.000337112,0.717795
0.000343579,0.720251
0.000346917,0.722784
0.000350269,0.725332
0.000353682,0.72785
0.000357109,0.730353
0.000360775,0.732748
0.000367182,0.73522
0.000371057,0.737524
0.000374633,0.739966
0.000381279,0.742315
0.000387746,0.744757
0.000390845,0.747427
0.000396925,0.750052
0.000399622,0.752905
0.000402528,0.755667
0.000408131,0.75852
0.000413704,0.761374
0.000419187,0.764288
0.000421497,0.76734
0.000423762,0.770392
0.000428739,0.773535
0.000434193,0.776465
0.000439796,0.779318
0.000442478,0.782187
0.0004482,0.784979
0.000453594,0.787939
0.000459316,0.790732
0.00046179,0.793692
0.000467512,0.796499
0.000475856,0.799429
0.000478196,0.80245
0.000483382,0.805502
0.00048818,0.808737
0.000493127,0.811895
0.000497836,0.815176
0.000502574,0.818426
0.000507223,0.821737
0.000511634,0.825171
0.000516254,0.828482
0.000520694,0.8319
0.000528562,0.835043
0.00053041,0.838308
0.000538099,0.841528
0.000543046,0.844717
0.000547755,0.847983
0.000552791,0.851111
0.000557351,0.854468
0.000565278,0.857596
0.000569898,0.860907
0.000574368,0.864309
0.00058161,0.867758
0.000585693,0.871344
0.000587205,0.874762
0.000594149,0.878348
0.00059853,0.881781
0.000602583,0.885367
0.000609647,0.888907
0.000613729,0.892477
0.000617842,0.896032
0.000622611,0.899283
0.000627111,0.90267
0.0006348,0.905905
0.00064231,0.909247
0.000643852,0.912649
0.000651333,0.915976
0.000655594,0.91947
0.000660094,0.922857
0.000667247,0.926352
0.000671479,0.929861
0.000678304,0.933508
0.000682118,0.937201
0.000686052,0.940848
0.00069237,0.944739
0.000699195,0.948401
0.000702652,0.952276
0.000706526,0.955954
0.000713053,0.959738
0.000716823,0.963461
0.000723469,0.967199
0.000727179,0.970953
0.000731084,0.974615
0.000737759,0.978338
0.000744554,0.982
0.00074825,0.985754
0.000754568,0.989645
0.000761065,0.99346
0.000764611,0.99729
0.00077084,1.0012
0.000777128,1.00513
0.000780332,1.0091
0.000789392,1.01307
0.000792387,1.01719
0.000798437,1.02119
0.000804487,1.02521
0.00080772,1.02918
0.000813651,1.03327
0.000819538,1.03738
0.000825767,1.04129
0.000828866,1.04535
0.000835244,1.04921
0.000841353,1.05321
0.00084782,1.05702
0.000851143,1.06096
0.000860025,1.06502
0.000863318,1.06895
0.000869308,1.07298
0.000875358,1.07701
0.000880871,1.08128
0.000886504,1.08552
0.000891988,1.0898
0.00089762,1.09401
0.000900243,1.09828
0.000908468,1.10265
0.000911195,1.10686
0.000916738,1.11113
0.00092246,1.11531
0.000931163,1.11943
0.000934083,1.12358
0.000943143,1.12755
0.000946198,1.13161
0.000955317,1.13554
0.000961129,1.13966
0.000967179,1.14369
0.000969965,1.1479
0.000975777,1.15202
0.00098138,1.15626
0.000987042,1.16045
0.000992615,1.16472
0.000998039,1.16902
0.00100317,1.17348
0.00100844,1.17787
0.00101366,1.18227
0.001022,1.18657
0.00102748,1.19087
0.00103288,1.1952
0.00104122,1.19951
0.00104343,1.20399
0.00105195,1.20821
0.00105711,1.21263
0.00106262,1.21693
0.00106763,1.22145
0.0010726,1.22597
0.00108047,1.23048
0.00108524,1.23512
0.00109007,1.23973
0.00109469,1.24443
0.00110244,1.24901
0.001107,1.25374
0.00111171,1.25841
0.00111925,1.26308
0.00112372,1.26787
0.0011314,1.27248
0.00113599,1.27721
0.00114073,1.28184
0.00114833,1.28651
0.00115316,1.29109
0.00115787,1.29576
0.00116505,1.30061
0.00116964,1.30531
0.00117688,1.31016
0.00118138,1.31493
0.00118871,1.31969
0.00119593,1.32454
0.00119751,1.3293
0.00120428,1.33437
0.00121134,1.33928
0.00121808,1.34434
0.00122252,1.34914
0.00122654,1.35411
0.0012336,1.35902
0.00124049,1.36403
0.00124433,1.36909
0.00125128,1.37407
0.00125506,1.37916
0.00126183,1.38423
0.0012685,1.38933
0.00127512,1.39445
0.00128185,1.39952
0.00128841,1.40468
0.00129503,1.4098
0.0012985,1.41505
0.00130488,1.4203
0.00131119,1.42558
0.00131742,1.43089
0.00132386,1.43608
0.00132703,1.44148
0.00133615,1.44679
0.00133918,1.45225
0.00134523,1.45766
0.00135143,1.46297
0.00136031,1.4684
0.0013666,1.47368
0.00137262,1.47908
0.00137891,1.48439
0.0013823,1.48967
0.00139148,1.49495
0.00139792,1.50017
0.00140397,1.50557
0.00141303,1.51091
0.00141866,1.51652
0.00142462,1.52196
0.00143031,1.52751
0.0014361,1.53303
0.00144158,1.53871
0.00144682,1.54448
0.00145222,1.55019
0.00146038,1.55595
0.00146578,1.56166
0.00147114,1.5674
0.0014766,1.57307
0.00148214,1.57872
0.00148745,1.58446
0.00149591,1.59007
0.0015016,1.59566
0.00150738,1.60118
0.00151308,1.60677
0.00151847,1.61244
0.00152401,1.61809
0.0015295,1.62376
0.00153784,1.62944
0.00154026,1.63521
0.00154848,1.64094
0.00155665,1.64671
0.00156162,1.6526
0.00156696,1.65834
0.00157199,1.66423
0.0015776,1.66984
0.00158564,1.67564
0.00159369,1.6815
0.00159897,1.68724
0.00160412,1.69307
0.00161223,1.69887
0.00161709,1.70485
0.00162215,1.71071
0.00162984,1.71669
0.00163476,1.72264
0.00164233,1.72868
0.00164716,1.73466
0.0016549,1.74065
0.00165958,1.74669
0.0016642,1.75276
0.001669,1.75874
0.00167371,1.76479
0.0016845,1.77067
0.00168906,1.77678
0.00169386,1.78279
0.00169854,1.78883
0.00170628,1.79478
0.00171111,1.80077
0.00171874,1.80678
0.00172393,1.81261
0.00173156,1.81862
0.00173644,1.82457
0.00174425,1.83052
0.00174908,1.8365
0.00175394,1.84245
0.00176425,1.84859
0.0017689,1.85466
0.00177304,1.86095
0.00178031,1.86714
0.00178699,1.87364
0.00179098,1.87999
0.001801,1.88625
0.00180478,1.89275
0.00180898,1.89903
0.00181575,1.90544
0.00182272,1.91179
0.00182955,1.9182
0.00183363,1.92451
0.00183765,1.93089
0.00184475,1.93718
0.00185187,1.94343
0.0018586,1.94987
0.00186552,1.95625
0.00187228,1.96269
0.00187613,1.96913
0.00188286,1.97557
0.00188954,1.98204
0.00189639,1.98845
0.00190313,1.99489
0.00190697,2.00133
0.00191657,2.0078
0.0019201,2.01439
0.00192666,2.02095
0.00193292,2.0276
0.0019364,2.03422
0.00194263,2.04091
0.00194895,2.04756
0.0019553,2.05421
0.00196135,2.06096
0.00196767,2.06761
0.00197351,2.07451
0.00198009,2.08101
0.00198635,2.08769
0.00199565,2.09431
0.001999,2.10097
0.00200526,2.10765
0.00201155,2.1143
0.00201757,2.12108
0.00202374,2.12782
0.0020325,2.13469
0.00203555,2.14149
0.00204414,2.14845
0.00204686,2.15544
0.00205569,2.16225
0.00206153,2.16914
0.0020674,2.17601
0.00207014,2.18297
0.0020789,2.18983
0.00208489,2.19664
0.00209097,2.20338
0.00210015,2.21007
0.00210312,2.21693
0.00211206,2.22368
0.00211811,2.23048
0.00212401,2.23732
0.00213,2.24412
0.0021356,2.25111
0.00214144,2.25798
0.00214681,2.26509
0.00215521,2.27211
0.00216075,2.27913
0.00216633,2.28615
0.0021719,2.29314
0.00217694,2.3004
0.00218257,2.30736
0.00218802,2.31441
0.00219381,2.32133
0.00219956,2.32823
0.00220528,2.33516
0.00221106,2.34209
0.00221964,2.34901
0.00222546,2.35591
0.00223118,2.36284
0.00223693,2.36974
0.00224253,2.37672
0.00224799,2.3838
0.00225359,2.39079
0.00225865,2.39802
0.00226399,2.40514
0.00226912,2.41234
0.00227412,2.4196
0.00227931,2.4268
0.002287,2.43416
0.00229227,2.44133
0.00229728,2.44859
0.00230521,2.45583
0.00231018,2.46315
0.00231811,2.47038
0.00232327,2.47758
0.00233107,2.48491
0.00233629,2.49208
0.00234398,2.49947
0.00234902,2.50673
0.00235369,2.51414
0.00236144,2.52147
0.00236919,2.52882
0.00237085,2.53633
0.00237842,2.54375
0.00238587,2.55122
0.00239046,2.5587
0.00239782,2.56624
0.00240229,2.57375
0.00240697,2.58119
0.00241436,2.5887
0.00242176,2.59621
0.0024262,2.60374
0.00243368,2.61122
0.00244116,2.6187
0.00244268,2.62624
0.00245022,2.63368
0.00245765,2.64119
0.00246521,2.6486
0.00246966,2.65614
0.00247681,2.66377
0.00248122,2.67134
0.00248828,2.679
0.0024954,2.68666
0.00250232,2.69438
0.00250935,2.70207
0.00251618,2.70988
0.00251978,2.71776
0.00252956,2.72557
0.00253331,2.73338
0.00254044,2.74107
0.00254708,2.74889
0.002554,2.75667
0.00256091,2.76442
0.00256499,2.77214
0.00257194,2.77986
0.00257879,2.78764
0.00258597,2.79524
0.00259277,2.80305
0.00259959,2.81084
0.00260618,2.81871
0.00261274,2.82658
0.00261651,2.83446
0.00262586,2.84239
0.00262952,2.85033
0.00263577,2.85838
0.00264206,2.86644
0.00264823,2.87456
0.00265443,2.88261
0.00266072,2.89067
0.00266406,2.89873
0.00267335,2.90666
0.00267675,2.91472
0.00268304,2.92277
0.00269234,2.93077
0.00269881,2.9387
0.00270252,2.94658
0.00271169,2.95463
0.00271834,2.96251
0.00272195,2.97044
0.00272838,2.97844
0.00273762,2.98643
0.00274081,2.99455
0.00274707,3.00261
0.00275294,3.01085
0.00275905,3.01897
0.00276793,3.02714
0.00277108,3.03532
0.00277701,3.04356
0.00278291,3.05174
0.00279191,3.05986
0.00279505,3.06804
0.00280441,3.07597
0.00281073,3.08403
0.00281711,3.09203
0.00282348,3.10002
0.00282983,3.10802
0.00283633,3.11595
0.00284238,3.12413
0.00284852,3.13225
0.0028546,3.14036
0.00286056,3.14854
0.00286932,3.15678
0.00287501,3.16515
0.00288058,3.17351
0.0028861,3.18193
0.00289164,3.19029
0.00290022,3.19865
0.00290869,3.20702
0.0029145,3.21526
0.00291983,3.2238
0.00292544,3.23216
0.0029336,3.24065
0.00294195,3.24907
0.0029474,3.25755
0.00295545,3.2661
0.0029606,3.2747
0.00296829,3.28343
0.00297324,3.29216
0.00298093,3.30089
0.00298886,3.30949
0.00299377,3.31822
0.00299857,3.32695
0.00300638,3.33562
0.00301115,3.34441
0.00301896,3.35307
0.00302659,3.36186
0.0030341,3.37071
0.00304173,3.3795
0.00304912,3.38841
0.00305672,3.3972
0.00306399,3.40617
0.00306852,3.41502
0.00307841,3.42412
0.0030825,3.43321
0.00309251,3.44218
0.00309665,3.45128
0.00310371,3.46031
0.00311051,3.46953
0.00312023,3.47868
0.00312681,3.48796
0.00313334,3.49724
0.00313986,3.50658
0.00314636,3.51585
0.0031531,3.52507
0.0031593,3.53453
0.0031629,3.54387
0.00316928,3.55321
0.00317587,3.56248
0.0031854,3.57176
0.00319205,3.58098
0.00319902,3.59007
0.00320591,3.59923
0.00321282,3.60832
0.00321965,3.61748
0.00322632,3.62675
0.00323023,3.63591
0.00323976,3.64519
0.00324367,3.65434
0.0032532,3.66356
0.00325991,3.67277
0.00326664,3.68199
0.00327031,3.69127
0.00327707,3.70048
0.00328384,3.70964
0.00328813,3.71867
0.00329797,3.72777
0.00330509,3.7368
0.00331212,3.74583
0.00331615,3.75499
0.00332315,3.76402
0.00332968,3.77336
0.00333927,3.78258
0.00334295,3.79185
0.00335225,3.80119
0.00335878,3.81053
0.00336501,3.81993
0.00336852,3.82933
0.00337752,3.83879
0.00338095,3.84819
0.00339007,3.85765
0.00339368,3.86699
0.00340303,3.87633
0.00340634,3.88579
0.00341552,3.89519
0.00342169,3.90465
0.00342798,3.91411
0.00343698,3.92357
0.00344303,3.93315
0.00344896,3.94273
0.00345459,3.95244
0.00346043,3.96208
0.0034689,3.97179
0.00347486,3.98137
0.0034804,3.99113
0.00348612,4.00084
0.00349477,4.01054
0.0035004,4.02025
0.00350904,4.02995
0.00351482,4.0396
0.00352043,4.0493
0.00352901,4.05907
0.00353461,4.06877
0.00354048,4.07841
0.00354924,4.088
0.003555,4.0977
0.00356048,4.10747
0.00356888,4.11729
0.00357428,4.12712
0.00357967,4.13695
0.0035882,4.14671
0.00359356,4.15654
0.00359919,4.16624
0.00360718,4.17625
0.00361552,4.18608
0.00362101,4.19585
0.00362658,4.20561
0.00363516,4.21532
0.00364095,4.22502
0.0036467,4.23466
0.00365534,4.24437
0.00366375,4.25413
0.00366944,4.26384
0.00367504,4.2736
0.00368338,4.28337
0.00369161,4.29326
0.00369733,4.30296
0.00370568,4.31279
0.00371116,4.32256
0.00371945,4.33238
0.00372475,4.34227
0.00373011,4.35216
0.00373834,4.36204
0.00374674,4.37181
0.00375241,4.38152
0.00375786,4.39134
0.00376626,4.40111
0.00377154,4.41106
0.00377696,4.42088
0.00378501,4.43083
0.0037904,4.44066
0.00379851,4.45061
0.00380358,4.46062
0.0038115,4.47063
0.00381639,4.4807
0.00382444,4.49065
0.00383219,4.50078
0.00383719,4.51079
0.00384494,4.52086
0.00385281,4.53093
0.00385788,4.54094
0.00386575,4.55095
0.00387093,4.5609
0.00387874,4.57097
0.00388655,4.58104
0.0038914,4.59117
0.00389909,4.60124
0.00390395,4.61137
0.00391155,4.62157
0.0039193,4.63164
0.00392383,4.64189
0.00393128,4.65214
0.00393867,4.6624
0.0039432,4.6727
0.00395053,4.68295
0.0039578,4.69326
0.00396501,4.70364
0.00397231,4.71396
0.00397976,4.72421
0.00398435,4.7344
0.00399165,4.74472
0.0039991,4.75497
0.00400635,4.76535
0.00401386,4.77554
0.00402411,4.78585
0.00402849,4.79617
0.00403573,4.80648
0.00404271,4.81692
0.00404968,4.82742
0.00405653,4.83798
0.00406661,4.84835
0.00407376,4.85873
0.00408073,4.86917
0.00408765,4.87967
0.00409158,4.89022
0.00409855,4.90066
0.00410547,4.91116
0.00411253,4.9216
0.00411939,4.93216
0.00412904,4.94272
0.00413286,4.95327
0.00413932,4.96402
0.00414582,4.9747
0.00415494,4.9855
0.0041612,4.9963
0.00416758,5.00711
0.00417387,5.01791
0.00418009,5.02871
0.00418635,5.03952
0.0041924,5.05044
0.00419842,5.06137
0.00420444,5.07229
0.00421073,5.08303
0.0042169,5.0939
0.00422319,5.1047
0.00422933,5.11557
0.00423565,5.12637
0.00424184,5.13717
0.00424798,5.14804
0.00425154,5.15878
0.00425774,5.16958
0.00426409,5.18033
0.00427309,5.19125
0.00427929,5.20205
0.00428549,5.21292
0.00429151,5.22384
0.00429747,5.23477
0.00430343,5.24575
0.0043093,5.25674
0.00431511,5.26773
0.00432104,5.27871
0.00432969,5.28976
0.00433547,5.30081
0.00433831,5.31186
0.00434684,5.32296
0.00435262,5.33401
0.00436126,5.34506
0.00436406,5.35611
0.0043697,5.36721
0.00437515,5.37838
0.00438066,5.38955
0.00438621,5.40072
0.00439178,5.41183
0.00439711,5.42306
0.00440528,5.43435
0.00441026,5.44577
0.00441511,5.45724
0.00442298,5.46866
0.00442793,5.48013
0.00443568,5.4916
0.0044403,5.5032
0.00444781,5.5148
0.00445219,5.52646
0.00445672,5.53811
0.00446411,5.54971
0.00446846,5.56149
0.00447272,5.57321
0.0044825,5.58511
0.00448661,5.59695
0.00449358,5.60879
0.00449758,5.62069
0.00450443,5.63253
0.00450831,5.6445
0.00451516,5.6564
0.00452187,5.66836
0.00452869,5.68033
0.00453251,5.69229
0.0045393,5.70419
0.00454312,5.71615
0.00454988,5.72812
0.00455367,5.74008
0.00456037,5.75204
0.00456417,5.76407
0.00457076,5.77603
0.00457746,5.78805
0.00458143,5.79995
0.0045881,5.81192
0.00459171,5.824
0.00459829,5.83603
0.00460209,5.84799
0.00460889,5.85989
0.0046156,5.87191
0.00462227,5.88388
0.00462609,5.89584
0.00462993,5.9078
0.00463649,5.91983
0.00464023,5.93185
0.0046469,5.94381
0.00465051,5.9559
0.0046568,5.96804
0.00466012,5.98025
0.00466626,5.99252
0.00467249,6.00473
0.00467848,6.01699
0.00468447,6.02932
0.00468755,6.04165
0.00469342,6.05404
0.00469927,6.06637
0.0047052,6.0787
0.00471101,6.09115
0.00471685,6.10354
0.00472251,6.11599
0.00472802,6.12851
0.00473342,6.14114
0.00473585,6.15371
0.00474377,6.16653
0.00474869,6.17935
0.00475623,6.19229
0.00476061,6.20535
0.0047678,6.21847
0.00476925,6.23159
0.00477628,6.24478
0.00478028,6.25802
0.00478707,6.27133
0.0047936,6.28476
0.0047975,6.29806
0.00480152,6.31131
0.00480841,6.32461
0.00481198,6.33804
0.00481851,6.35147
0.00482197,6.36502
0.00482832,6.37851
0.00483183,6.39199
0.00483815,6.40554
0.00484438,6.41909
0.00484784,6.43264
0.00485116,6.44619
0.00485754,6.45968
0.00486398,6.47317
0.00486739,6.48672
0.0048707,6.50033
0.00487692,6.51388
0.00488315,6.52743
0.00488652,6.54098
0.00489275,6.55459
0.00489579,6.56833
0.00490157,6.58206
0.00490756,6.59579
0.0049137,6.6094
0.00491686,6.62307
0.00492297,6.63668
0.00492902,6.65036
0.00493203,6.66409
0.00493793,6.67782
0.00494095,6.69149
0.00494686,6.70523
0.00495276,6.71896
0.00495569,6.73275
0.00496153,6.74649
0.0049674,6.76028
0.00497313,6.77408
0.00497605,6.78787
0.00497883,6.80166
0.00498461,6.81546
0.00499034,6.82925
0.004996,6.84311
0.0049988,6.85696
0.0050042,6.87088
0.00500944,6.88498
0.00501489,6.89889
0.00502014,6.91293
0.00502544,6.92697
0.00503084,6.94095
0.00503304,6.95504
0.00503808,6.9692
0.00504294,6.98343
0.0050478,6.99765
0.00505262,7.01187
0.00505745,7.02609
0.00506207,7.04043
0.00506681,7.05471
0.00507143,7.06906
0.00507572,7.08358
0.00508314,7.09799
0.00508468,7.11239
0.00509204,7.1268
0.00509631,7.14132
0.00510048,7.15585
0.00510441,7.1705
0.00511115,7.18521
0.0051149,7.19998
0.00511845,7.21481
0.00512787,7.22964
0.00513129,7.24453
0.00513469,7.25949
0.00514101,7.27438
0.00514465,7.28921
0.00515108,7.30404
0.00515485,7.31881
0.00516126,7.33365
0.00516779,7.34848
0.00517144,7.36331
0.00517525,7.37802
0.0051789,7.39279
0.00518555,7.40756
0.00518925,7.42233
0.00519556,7.43722
0.00519905,7.45211
0.00520534,7.46707
0.00520886,7.4819
0.00521499,7.49691
0.00521826,7.51187
0.0052213,7.52694
0.00522744,7.54196
0.00523331,7.5571
0.00523612,7.57229
0.00524185,7.58749
0.00524739,7.60275
0.00525012,7.61801
0.00525563,7.63327
0.00525827,7.64859
0.00526667,7.66385
0.00526907,7.67929
0.00527429,7.69467
0.00527956,7.71011
0.00528451,7.72567
0.00528943,7.74124
0.0052944,7.7568
0.005302,7.77243
0.00530366,7.78817
0.00531108,7.80392
0.00531543,7.81979
0.00531984,7.83566
0.0053241,7.85153
0.0053314,7.86728
0.00533596,7.88302
0.00534022,7.89889
0.00534434,7.91488
0.00534848,7.93087
0.00535265,7.94674
0.00535974,7.96273
0.00536386,7.9786
0.00537065,7.99472
0.00537442,8.01083
0.00538089,8.02707
0.00538439,8.0433
0.00539086,8.05954
0.00539433,8.07577
0.0054005,8.09213
0.00540679,8.10849
0.00541018,8.12472
0.00541647,8.14108
0.00541989,8.15732
0.0054262,8.17367
0.00542978,8.18979
0.00543345,8.20602
0.00544024,8.22201
0.00544411,8.23813
0.00544811,8.25412
0.00545192,8.27023
0.00545872,8.28634
0.00546271,8.30233
0.0054696,8.31833
0.00547344,8.33444
0.00548003,8.35055
0.00548371,8.36679
0.00549014,8.38302
0.00549382,8.39914
0.00550035,8.41537
0.00550387,8.43161
0.00550734,8.44784
0.00551072,8.4642
0.00551725,8.48031
0.00552375,8.49655
0.0055272,8.51278
0.00553355,8.52914
0.00553713,8.54525
0.00554377,8.56149
0.00554732,8.5776
0.00555373,8.59396
0.00555984,8.61032
0.00556298,8.62668
0.00556882,8.64328
0.00557469,8.65976
0.00558056,8.67624
0.00558325,8.69284
0.00559141,8.70968
0.0055936,8.72653
0.00559867,8.74337
0.00560368,8.76034
0.00560841,8.77731
0.00561294,8.79452
0.00561739,8.81173
0.00562197,8.82882
0.00562653,8.84591
0.00563401,8.863
0.00563852,8.88022
0.00564287,8.89743
0.00564749,8.91452
0.00565205,8.93161
0.00565655,8.9487
0.00566108,8.96591
0.00566572,8.983
0.00567315,9.00009
0.00567768,9.0173
0.00568224,9.03439
0.00568647,9.0516
0.00568794,9.06881
0.00569211,9.08615
0.00569939,9.10336
0.00570086,9.12057
0.00570804,9.13778
0.00571225,9.15512
0.00571342,9.17245
0.00572331,9.18979
0.00572736,9.20724
0.0057316,9.22445
0.00573574,9.24179
0.00573973,9.25924
0.00574355,9.2767
0.00575049,9.29403
0.00575442,9.31149
0.00575824,9.32895
0.00576471,9.34652
0.00576822,9.3641
0.00577463,9.3818
0.00577801,9.3995
0.00578412,9.4172
0.00578715,9.43503
0.00579302,9.45297
0.00579868,9.47091
0.00580154,9.48886
0.00580714,9.5068
0.00581266,9.52487
0.00581805,9.54306
0.00582321,9.56125
0.00582839,9.57943
0.0058334,9.59774
0.00583844,9.61606
0.00584619,9.63437
0.00585113,9.65268
0.00585307,9.67099
0.0058607,9.68942
0.00586264,9.70785
0.00587038,9.72616
0.00587243,9.74447
0.00587722,9.76291
0.00588223,9.78122
0.00588712,9.79953
0.00589219,9.81784
0.00589755,9.8359
0.00590279,9.85409
0.00590801,9.87228
0.00591317,9.89047
0.0059182,9.90878
0.0059233,9.92697
0.00592854,9.94516
0.00593358,9.96347
0.00593865,9.98166
0.00594356,10.0001
0.00594532,10.0185
0.00595,10.037
0.00595483,10.0553
0.00595945,10.0738
0.00596428,10.0921
0.00596922,10.1104
0.00597417,10.1288
0.00597909,10.1472
0.00598383,10.1655
0.00598565,10.1839
0.00599327,10.2024
0.00599816,10.2208
0.00600296,10.2391
0.00600779,10.2575
0.00601247,10.276
0.00601971,10.2945
0.00602403,10.3132
0.00602847,10.3318
0.00603288,10.3503
0.0060372,10.3689
0.00604144,10.3875
0.00604552,10.4062
0.00604951,10.425
0.00605654,10.4437
0.00606045,10.4626
0.00606707,10.4814
0.00607072,10.5005
0.0060773,10.5193
0.00608124,10.5381
0.00608496,10.557
0.00609152,10.5759
0.006095,10.5949
0.00609866,10.6139
0.00610518,10.6328
0.00610897,10.6517
0.00611567,10.6705
0.00611935,10.6894
0.00612597,10.7083
0.00612961,10.7273
0.00613369,10.7461
0.00614054,10.7649
0.00614445,10.7837
0.00615118,10.8025
0.00615509,10.8213
0.00615899,10.8401
0.00616289,10.8589
0.00616674,10.8778
0.00617049,10.8966
0.00617708,10.9155
0.00618061,10.9345
0.00618702,10.9536
0.00619063,10.9725
0.00619697,10.9915
0.00620036,11.0106
0.00620664,11.0296
0.00621004,11.0487
0.00621341,11.0677
0.00621937,11.087
0.00622825,11.1062
0.00623122,11.1255
0.00623712,11.1446
0.00624278,11.164
0.00624512,11.1836
0.00625016,11.2032
0.00625519,11.2229
0.00626324,11.2424
0.00626528,11.2622
0.00627291,11.2819
0.00627741,11.3018
0.00627904,11.3217
0.00628351,11.3416
0.00628804,11.3615
0.00629275,11.3814
0.00630023,11.4012
0.00630452,11.4212
0.00630565,11.4414
0.00630985,11.4614
0.00631414,11.4814
0.00632129,11.5014
0.00632532,11.5216
0.0063294,11.5417
0.00633351,11.5617
0.00633748,11.582
0.00634126,11.6021
0.00634803,11.6224
0.00635229,11.6424
0.00635382,11.6623
0.00635835,11.6822
0.00636276,11.7022
0.0063645,11.722
0.00636897,11.7419
0.00637047,11.7619
0.00637509,11.7817
0.00637983,11.8016
0.00638427,11.8215
0.00638544,11.8416
0.00639251,11.8617
0.00639653,11.8818
0.00640055,11.9019
0.00640398,11.9223
0.00640723,11.9428
0.00641054,11.9633
0.00641382,11.9837
0.00641715,12.0042
0.00642347,12.0246
0.00642681,12.0451
0.00642696,12.0658
0.00643262,12.0864
0.00643548,12.1071
0.00643561,12.1278
0.00644425,12.1484
0.00644692,12.1692
0.0064524,12.19
0.00645497,12.2108
0.00646015,12.2318
0.00646239,12.2528
0.00646429,12.2739
0.0064693,12.295
0.00647416,12.316
0.00647632,12.3371
0.00647867,12.358
0.00648401,12.3789
0.00648636,12.3999
0.00648875,12.4207
0.00649419,12.4416
0.00649652,12.4625
0.00650186,12.4834
0.00650432,12.5042
0.00650977,12.5251
0.00651235,12.5459
0.00651748,12.5669
0.00651965,12.5879
0.00652172,12.609
0.00652652,12.6301
0.00652819,12.6513
0.00653278,12.6726
0.00653734,12.6938
0.00653864,12.7153
0.00654549,12.7368
0.00654914,12.7585
0.00654983,12.7802
0.00655332,12.802
0.00655658,12.8238
0.00655988,12.8457
0.00656278,12.8678
0.00656567,12.8897
0.00656827,12.912
0.00657366,12.9342
0.00657864,12.9566
0.00658071,12.9791
0.00658569,13.0014
0.00659025,13.0241
0.00659457,13.0468
0.00659859,13.0698
0.00660276,13.0926
0.00660679,13.1155
0.00661069,13.1384
0.00661465,13.1614
0.00661566,13.1843
0.00661938,13.2072
0.00662299,13.2303
0.0066269,13.2533
0.0066283,13.2761
0.0066354,13.2989
0.00663683,13.3216
0.0066411,13.3443
0.00664572,13.367
0.0066503,13.3896
0.00665217,13.4121
0.006657,13.4347
0.00666183,13.4571
0.00666365,13.4797
0.00666812,13.5024
0.00667271,13.525
0.00667724,13.5476
0.00668171,13.5703
0.00668603,13.593
0.00669336,13.6157
0.00669502,13.6384
0.00669964,13.661
0.00670417,13.6836
0.00670864,13.7063
0.00671308,13.729
0.00671746,13.7517
0.00672167,13.7745
0.00672879,13.7973
0.0067329,13.8202
0.00673664,13.8431
0.0067432,13.8662
0.0067466,13.8894
0.00675013,13.9126
0.0067563,13.9358
0.00675956,13.9591
0.00676573,13.9823
0.00677181,14.0056
0.00677503,14.0288
0.00678096,14.0522
0.00678416,14.0754
0.00679009,14.0989
0.00679333,14.122
0.00679953,14.1454
0.00680289,14.1686
0.00680633,14.1916
0.00681259,14.2148
0.00681621,14.238
0.00682268,14.2611
0.00682641,14.2842
0.00683007,14.3071
0.00683654,14.3303
0.00683991,14.3535
0.00684307,14.3768
0.00684921,14.4
0.00685508,14.4234
0.00685803,14.4468
0.00686363,14.4703
0.00686616,14.4939
0.00687159,14.5176
0.00687668,14.5412
0.00688184,14.565
0.00688393,14.5888
0.00688857,14.6128
0.00689591,14.6368
0.00689734,14.661
0.00690446,14.6852
0.00690842,14.7094
0.00691531,14.7337
0.00691908,14.758
0.00692292,14.7824
0.0069268,14.8067
0.00693347,14.8312
0.00693735,14.8554
0.00694119,14.8799
0.00694819,14.904
0.00694946,14.9282
0.00695676,14.9524
0.0069612,14.9764
0.00696567,15.0005
0.00697014,15.0245
0.00697464,15.0486
0.00697917,15.0726
0.00698379,15.0965
0.00698826,15.1206
0.00699285,15.1446
0.00700021,15.1687
0.00700459,15.1927
0.00700901,15.2168
0.00701333,15.2409
0.0070178,15.265
0.00702194,15.2892
0.00702924,15.3133
0.00703054,15.3375
0.00703775,15.3617
0.00704162,15.386
0.00704542,15.4104
0.0070493,15.4347
0.00705583,15.4591
0.0070594,15.4836
0.0070656,15.5082
0.0070691,15.5327
0.00707524,15.5573
0.00707843,15.582
0.00708131,15.6068
0.007087,15.6317
0.00708971,15.6566
0.00709504,15.6816
0.00710038,15.7066
0.00710568,15.7317
0.00711379,15.7567
0.0071161,15.7818
0.00711825,15.807
0.00712349,15.832
0.00712601,15.8569
0.00712875,15.8818
0.00713429,15.9067
0.00713693,15.9317
0.00714259,15.9565
0.0071452,15.9815
0.00715075,16.0064
0.00715623,16.0313
0.00715888,16.0562
0.00716419,16.0813
0.00716645,16.1064
0.00717164,16.1314
0.00717377,16.1566
0.00717886,16.1817
0.00718393,16.2069
0.00718885,16.2322
0.00719374,16.2574
0.00719832,16.2827
0.00720265,16.3082
0.00720977,16.3338
0.00721108,16.3593
0.00721779,16.3851
0.00722159,16.4109
0.00722799,16.4367
0.007231,16.4629
0.007234,16.489
0.00723963,16.5152
0.00724532,16.5415
0.00725099,16.5677
0.00725647,16.5941
0.00725902,16.6203
0.00726157,16.6467
0.00726705,16.6731
0.00727256,16.6993
0.0072751,16.7257
0.0072807,16.7519
0.00728648,16.7782
0.00728948,16.8043
0.00729526,16.8304
0.00729825,16.8565
0.00730119,16.8828
0.00730417,16.9089
0.00731013,16.935
0.00731603,16.9612
0.00731943,16.987
0.00732265,17.013
0.00732855,17.0392
0.00733126,17.0655
0.00733698,17.0916
0.00733986,17.1179
0.00734543,17.1441
0.00734795,17.1705
0.00735281,17.1971
0.00735471,17.2237
0.00735926,17.2506
0.00736359,17.2774
0.00736791,17.3043
0.00737199,17.3313
0.00737592,17.3584
0.00737959,17.3856
0.00738323,17.4127
0.00738679,17.44
0.00739325,17.4673
0.00739695,17.4944
0.00740053,17.5216
0.00740413,17.5488
0.00740769,17.576
0.00741136,17.6032
0.00741486,17.6306
0.00741823,17.6578
0.0074216,17.6852
0.00742493,17.7125
0.00742838,17.7398
0.00743158,17.7672
0.00743461,17.7948
0.00743739,17.8224
0.00744019,17.8499
0.00744696,17.8774
0.00745073,17.9051
0.00745457,17.9327
0.00746113,17.9604
0.00746456,17.9883
0.00746783,18.0162
0.00747403,18.044
0.00747728,18.072
0.00748628,18.0998
0.00748925,18.1279
0.00749455,18.1562
0.00749998,18.1845
0.00750522,18.2129
0.00751023,18.2413
0.00751521,18.2697
0.00752278,18.2984
0.00752447,18.3271
0.00753175,18.3558
0.00753613,18.3846
0.00754081,18.4132
0.0075456,18.4417
0.00755341,18.4703
0.00755818,18.4989
0.00756046,18.5273
0.00756579,18.5555
0.00757119,18.5838
0.0075767,18.612
0.00757934,18.6402
0.00758506,18.6683
0.00759046,18.6966
0.00759594,18.7248
0.00760145,18.7531
0.00760428,18.7812
0.00761013,18.8093
0.00761573,18.8374
0.00762154,18.8655
0.00762726,18.8937
0.00763295,18.9217
0.00763859,18.9499
0.00764422,18.9781
0.00764997,19.0062
0.00765543,19.0344
0.00766091,19.0627
0.00766615,19.091
0.00767122,19.1195
0.00767623,19.1479
0.00768106,19.1765
0.00768863,19.2051
0.00769611,19.2337
0.00770075,19.2624
0.00770824,19.2911
0.00771285,19.3197
0.00772031,19.3484
0.00772207,19.377
0.00772702,19.4055
0.00773188,19.4341
0.00773682,19.4625
0.00774487,19.4909
0.00774979,19.5194
0.00775488,19.5478
0.00775977,19.5764
0.00776454,19.605
0.00777214,19.6335
0.00777661,19.6623
0.00778403,19.691
0.00779154,19.7197
0.0077961,19.7483
0.00780045,19.7771
0.0078079,19.8058
0.00781803,19.8346
0.00782242,19.8634
0.0078268,19.8921
0.00783368,19.9211
0.0078406,19.95
0.00785013,19.9791
0.00785393,20.0082
0.00786347,20.0372
0.00787026,20.0663
0.007877,20.0952
0.00788361,20.1244
0.00789035,20.1534
0.00789425,20.1823
0.00790439,20.2112
0.00791136,20.2401
0.00791541,20.269
0.00792272,20.2977
0.00793011,20.3265
0.00793771,20.3551
0.00793924,20.3838
0.00794678,20.4124
0.00795429,20.4411
0.00795894,20.4697
0.00796389,20.4983
0.00797181,20.5267
0.00797685,20.5551
0.00798168,20.5837
0.00798642,20.6123
0.00799107,20.641
0.00799882,20.6694
0.00800358,20.698
0.00801106,20.7267
0.00801574,20.7553
0.00802305,20.784
0.00802755,20.8127
0.00803506,20.8414
0.00803923,20.8703
0.00804343,20.8991
0.00805326,20.9281
0.0080575,20.9569
0.00806474,20.9857
0.00807219,21.0144
0.00807952,21.0432
0.00808411,21.0719
0.00809162,21.1004
0.00809624,21.1291
0.0081011,21.1577
0.00810593,21.1861
0.00811078,21.2147
0.00811847,21.2433
0.00812598,21.2719
0.00813042,21.3006
0.00813483,21.3294
0.00814219,21.3581
0.00814941,21.3869
0.0081537,21.4157
0.00816094,21.4446
0.00816821,21.4734
0.00817262,21.502
0.00817984,21.5309
0.00818407,21.5597
0.00819113,21.5886
0.00819509,21.6175
0.00819867,21.6467
0.00820496,21.676
0.00821107,21.7053
0.00821983,21.7347
0.0082254,21.7644
0.00823089,21.7939
0.0082361,21.8237
0.00824138,21.8535
0.00824671,21.8832
0.00825225,21.9128
0.00825795,21.9424
0.00826111,21.9717
0.00826736,22.0009
0.00827076,22.0301
0.00827759,22.0592
0.00828161,22.0881
0.00828882,22.1169
0.00829323,22.1456
0.00829764,22.1744
0.00830211,22.2031
0.00830661,22.2318
0.00831693,22.2605
0.00832128,22.2893
0.00832578,22.318
0.00833001,22.3469
0.00833722,22.3757
0.00834142,22.4045
0.00834834,22.4334
0.00835519,22.4624
0.0083591,22.4914
0.00836577,22.5205
0.00836941,22.5497
0.00837593,22.5787
0.00838246,22.6079
0.00838866,22.6372
0.00839483,22.6665
0.00840094,22.6958
0.00840404,22.7252
0.00841292,22.7546
0.00841879,22.784
0.00842176,22.8134
0.00842781,22.8429
0.00843409,22.872
0.00844032,22.9013
0.00844387,22.9305
0.00844736,22.9597
0.00845394,22.9889
0.00845779,23.0178
0.00846458,23.0468
0.00847126,23.0759
0.00847488,23.1051
0.00848099,23.1344
0.00848701,23.1638
0.00849288,23.1932
0.0084986,23.2228
0.0085042,23.2523
0.00850933,23.2821
0.00851149,23.312
0.00851909,23.3419
0.00852078,23.372
0.00852504,23.4022
0.00853196,23.4326
0.00853839,23.4631
0.00854471,23.4937
0.00855094,23.5245
0.00855684,23.5553
0.00856259,23.5863
0.00856817,23.6172
0.00857407,23.648
0.0085773,23.6788
0.00858365,23.7094
0.00858997,23.7401
0.00859072,23.7706
0.0085973,23.8011
0.0086013,23.8314
0.00860833,23.8617
0.00861277,23.8918
0.00861721,23.922
0.00862147,23.9522
0.00862842,23.9825
0.00863259,24.0128
0.00863983,24.0429
0.00864391,24.0733
0.00865092,24.1036
0.00865756,24.1341
0.00866133,24.1645
0.00866774,24.1952
0.008674,24.2258
0.00867687,24.2567
0.0086826,24.2877
0.00868823,24.3186
0.00869362,24.3497
0.00870185,24.3808
0.00870411,24.412
0.00870927,24.4432
0.0087144,24.4745
0.00872244,24.5056
0.0087279,24.5367
0.00873332,24.5677
0.008736,24.5987
0.00874441,24.6297
0.00874742,24.6606
0.0087535,24.6914
0.00875955,24.7221
0.00876569,24.7528
0.00876889,24.7835
0.00877512,24.8142
0.00878135,24.8449
0.00878772,24.8755
0.00879401,24.9062
0.00879728,24.9369
0.00880321,24.9677
0.00880923,24.9985
0.00881519,25.0293
0.00882091,25.0603
0.00882645,25.0912
0.0088348,25.1223
0.00883998,25.1534
0.00884839,25.1845
0.00885393,25.2155
0.00885926,25.2467
0.00886725,25.2778
0.00887518,25.3091
0.00888019,25.3403
0.00888787,25.3718
0.0088958,25.403
0.00890054,25.4343
0.00890829,25.4658
0.00891592,25.497
0.00892057,25.5285
0.0089285,25.5598
0.0089335,25.591
0.00893869,25.6223
0.00894703,25.6534
0.00895264,25.6844
0.00895815,25.7154
0.00896387,25.7463
0.00896956,25.7773
0.00897803,25.8082
0.00898366,25.8392
0.0089889,25.8703
0.00899689,25.9016
0.00900178,25.9328
0.0090064,25.9643
0.00901123,25.9958
0.00901853,26.0274
0.00902571,26.0589
0.00902983,26.0906
0.00903665,26.1224
0.0090433,26.1543
0.00905003,26.1861
0.00905709,26.2178
0.00906124,26.2496
0.00907107,26.2813
0.00907507,26.313
0.00907915,26.3448
0.00908341,26.3763
0.00909035,26.408
0.00909456,26.4397
0.00910186,26.4712
0.00910639,26.5027
0.00911366,26.5345
0.00911795,26.566
0.00912516,26.5975
0.00912928,26.6292
0.00913345,26.6609
0.00914066,26.6924
0.00914504,26.7242
0.00915207,26.7559
0.00915583,26.7876
0.00916215,26.8196
0.00916538,26.8519
0.00917143,26.8841
0.00918007,26.9163
0.00918568,26.9488
0.00919086,26.9813
0.0091956,27.0142
0.00920019,27.0469
0.00920749,27.0799
0.00921181,27.1131
0.00921882,27.146
0.00922275,27.1792
0.00922955,27.2125
0.00923357,27.2457
0.00923765,27.2789
0.00924165,27.3118
0.00924573,27.345
0.00924999,27.378
0.00925443,27.4109
0.00925899,27.4439
0.00926355,27.4769
0.00926844,27.5096
0.00927341,27.5423
0.00927863,27.5748
0.00928662,27.6075
0.00929195,27.6399
0.00929435,27.6724
0.00929942,27.7051
0.00930469,27.7376
0.00930721,27.7701
0.0093155,27.8025
0.00931767,27.8353
0.00932518,27.8682
0.00933236,27.9012
0.00933645,27.9344
0.00934339,27.9673
0.00934709,28.0008
0.00935361,28.034
0.00935972,28.0677
0.00936276,28.1011
0.00936881,28.1348
0.0093721,28.1683
0.00937863,28.2017
0.00938224,28.2349
0.009389,28.2681
0.00939291,28.3013
0.0093969,28.3345
0.00940381,28.3677
0.00940754,28.4009
0.00941425,28.4344
0.0094208,28.4676
0.0094243,28.501
0.0094302,28.5347
0.00943873,28.5684
0.0094414,28.6023
0.00944673,28.6363
0.00945192,28.6702
0.00945966,28.7044
0.0094644,28.7386
0.00947176,28.7728
0.009476,28.8074
0.00948306,28.8418
0.00948997,28.8763
0.00949686,28.9109
0.00950341,28.9456
0.00950714,28.9803
0.00951414,29.0149
0.0095184,29.0494
0.00952586,29.0835
0.00953018,29.118
0.00953763,29.1524
0.00953921,29.1866
0.00954684,29.2208
0.00955167,29.2549
0.00955635,29.2894
0.00956103,29.3235
0.00956541,29.358
0.00956982,29.3921
0.00957414,29.4266
0.00957837,29.461
0.00958556,29.4954
0.00958994,29.5298
0.00959459,29.5643
0.00960195,29.5984
0.00960642,29.6329
0.00961053,29.6673
0.00961438,29.702
0.00962111,29.7366
0.00962785,29.7713
0.00963455,29.806
0.00964096,29.8406
0.00964734,29.8755
0.00965348,29.9104
0.00965692,29.9454
0.00966049,29.98
0.00966423,30.0147
0.00966783,30.0496
0.00967432,30.0843
0.00967507,30.1189
0.00968168,30.1536
0.00968824,30.1885
0.0096945,30.2232
0.00969764,30.2584
0.00970083,30.2933
0.00970959,30.3284
0.00971526,30.3636
0.0097208,30.3987
0.00972587,30.4341
0.00973046,30.4698
0.00973481,30.5057
0.00974178,30.5416
0.00974866,30.5774
0.00975534,30.6136
0.00976175,30.6497
0.00976515,30.6861
0.00976871,30.7222
0.00977532,30.7584
0.00977929,30.7942
0.00978355,30.8301
0.0097882,30.8658
0.00979329,30.9012
0.0098017,30.9366
0.00980748,30.9717
0.0098135,31.0066
0.00981688,31.0416
0.00982035,31.0762
0.00982983,31.1111
0.00983382,31.1456
0.00983782,31.1802
0.00984452,31.2149
0.00985412,31.2496
0.0098577,31.2842
0.00986431,31.3189
0.00987048,31.3538
0.00987647,31.389
0.00988243,31.4239
0.00988516,31.459
0.0098938,31.4942
0.00989929,31.5293
0.00990501,31.5645
0.00991076,31.5997
0.00991675,31.6348
0.00992274,31.6697
0.009929,31.7046
0.00993535,31.7393
0.00993879,31.7742
0.00994532,31.8089
0.00994885,31.8438
0.00995555,31.8785
0.00996202,31.9131
0.00996828,31.948
0.00997436,31.983
0.00998026,32.0181
0.00998319,32.0533
0.00998871,32.0884
0.00999416,32.1236
0.0100024,32.159
0.0100077,32.1944
0.0100128,32.2298
0.0100176,32.2654
0.0100223,32.3011
0.0100264,32.337
0.0100305,32.3729
0.0100375,32.4087
0.0100446,32.4446
0.0100517,32.4805
0.0100557,32.5164
0.0100595,32.5525
0.0100634,32.5884
0.0100678,32.6243
0.0100725,32.66
0.0100775,32.6954
0.0100796,32.731
0.0100847,32.7664
0.010087,32.8018
0.0100922,32.8372
0.0100949,32.8724
0.0101003,32.9075
0.0101028,32.9429
0.0101081,32.9783
0.0101135,33.0135
0.0101186,33.0489
0.0101237,33.0843
0.0101286,33.1199
0.0101307,33.1553
0.0101355,33.191
0.0101401,33.2266
0.0101476,33.2623
0.010152,33.2981
0.0101562,33.334
0.0101602,33.3699
0.0101644,33.4058
0.0101685,33.4417
0.0101728,33.4776
0.01018,33.5135
0.0101818,33.5491
0.0101866,33.5845
0.0101916,33.6202
0.0101939,33.6553
0.010199,33.691
0.0102046,33.7261
0.0102072,33.7613
0.0102126,33.7967
0.0102178,33.8321
0.0102255,33.8675
0.0102303,33.9031
0.010235,33.9388
0.0102426,33.9744
0.0102466,34.0103
0.0102506,34.0464
0.0102569,34.0826
0.0102603,34.1189
0.0102667,34.1551
0.0102728,34.1915
0.0102786,34.2278
0.0102842,34.2645
0.0102895,34.3013
0.0102919,34.3379
0.0103003,34.3746
0.0103058,34.4112
0.0103115,34.4478
0.0103173,34.4844
0.0103231,34.5208
0.0103265,34.5572
0.010333,34.5933
0.0103364,34.6294
0.010343,34.6656
0.0103468,34.7017
0.0103534,34.7378
0.0103572,34.774
0.0103605,34.8101
0.0103666,34.8465
0.0103726,34.8829
0.0103783,34.9195
0.0103839,34.9561
0.0103891,34.993
0.0103941,35.0298
0.0103987,35.0667
0.0104064,35.1038
0.0104111,35.1409
0.0104189,35.1778
0.0104234,35.2149
0.0104279,35.252
0.0104327,35.2891
0.0104378,35.326
0.010443,35.3626
0.0104452,35.3995
0.0104507,35.4361
0.0104564,35.4727
0.0104593,35.5091
0.0104651,35.5457
0.0104708,35.5823
0.0104763,35.6189
0.0104816,35.6556
0.010487,35.6924
0.0104924,35.7291
0.0104975,35.7659
0.0105022,35.803
0.0105093,35.8401
0.0105135,35.8775
0.0105208,35.9146
0.0105252,35.9517
0.0105323,35.9891
0.0105391,36.0264
0.0105432,36.0638
0.0105499,36.1014
0.0105572,36.1385
0.0105614,36.1758
0.0105685,36.2129
0.0105727,36.2503
0.01058,36.2874
0.0105847,36.3245
0.0105896,36.3614
0.0105974,36.3985
0.0106021,36.4354
0.0106071,36.4722
0.0106122,36.5091
0.0106203,36.5459
0.0106254,36.5828
0.0106304,36.6197
0.010638,36.6568
0.0106429,36.6937
0.0106507,36.7305
0.0106584,36.7676
0.010663,36.8047
0.0106704,36.8418
0.0106777,36.879
0.0106821,36.9161
0.0106895,36.9532
0.0106968,36.9905
0.0107042,37.0276
0.0107087,37.0647
0.0107134,37.1016
0.0107209,37.1387
0.0107257,37.1758
0.0107304,37.2127
0.0107381,37.2498
0.0107431,37.2867
0.0107511,37.3235
0.0107563,37.3604
0.0107608,37.3975
0.0107683,37.4346
0.0107727,37.4717
0.01078,37.5088
0.0107841,37.5462
0.0107906,37.5838
0.0107967,37.6216
0.0108054,37.6595
0.0108111,37.6973
0.0108196,37.7354
0.010825,37.7735
0.0108327,37.8118
0.0108373,37.8504
0.010842,37.8887
0.0108469,37.9271
0.0108547,37.9654
0.0108597,38.0037
0.0108647,38.042
0.0108699,38.0804
0.010878,38.1185
0.0108834,38.1565
0.010886,38.1946
0.0108914,38.2327
0.0108966,38.2708
0.010902,38.3089
0.0109073,38.3472
0.0109124,38.3853
0.0109172,38.4239
0.0109218,38.4622
0.0109264,38.5008
0.0109313,38.5391
0.0109387,38.5777
0.0109432,38.616
0.0109505,38.6546
0.0109549,38.6934
0.0109594,38.7317
0.0109665,38.7706
0.0109708,38.8091
0.0109777,38.8479
0.0109847,38.8865
0.0109888,38.9253
0.0109931,38.9639
0.0109971,39.0027
0.011001,39.0416
0.0110048,39.0804
0.0110116,39.1192
0.0110185,39.158
0.0110223,39.1968
0.0110257,39.2359
0.0110318,39.2752
0.0110376,39.3145
0.0110434,39.3538
0.0110489,39.3934
0.0110567,39.4329
0.0110611,39.4729
0.0110682,39.513
0.0110724,39.553
0.0110795,39.5933
0.0110835,39.6334
0.0110899,39.6739
0.0110934,39.7142
0.0111,39.7544
0.0111041,39.7947
0.0111086,39.8345
0.011113,39.8746
0.0111201,39.9146
0.0111244,39.9546
0.011129,39.9947
0.0111339,40.0345
0.0111388,40.074
0.0111434,40.1141
0.0111479,40.1539
0.0111523,40.1939
0.0111566,40.2339
0.0111637,40.274
0.0111708,40.314
0.0111747,40.3543
0.0111814,40.3946
0.011188,40.4349
0.0111918,40.4751
0.0111985,40.5154
0.0112054,40.5557
0.0112124,40.5958
0.0112198,40.6358
0.0112244,40.6756
0.011229,40.7154
0.0112336,40.7554
0.011241,40.7952
0.0112456,40.8353
0.0112503,40.875
0.0112576,40.9151
0.0112615,40.9554
0.0112677,40.9957
0.0112736,41.0364
0.0112794,41.0772
0.0112849,41.118
0.01129,41.159
0.0112974,41.2005
0.0113016,41.242
0.0113082,41.2835
0.0113122,41.3252
0.0113187,41.367
0.0113251,41.4087
0.0113286,41.4505
0.0113325,41.4922
0.0113393,41.534
0.0113438,41.5752
0.0113484,41.6165
0.0113533,41.6578
0.0113586,41.6985
0.0113643,41.7393
0.0113676,41.7798
0.0113742,41.8201
0.0113808,41.8606
0.0113845,41.9009
0.0113886,41.941
0.0113925,41.9813
0.0113993,42.0215
0.0114057,42.0618
0.0114118,42.1023
0.0114151,42.1429
0.0114211,42.1836
0.0114268,42.2244
0.0114321,42.2652
0.0114374,42.3062
0.0114425,42.3472
0.0114479,42.3882
0.0114536,42.429
0.0114593,42.4698
0.0114621,42.5105
0.0114679,42.5511
0.0114709,42.5918
0.0114769,42.6324
0.01148,42.6731
0.011486,42.7137
0.0114891,42.7542
0.0114953,42.7947
0.0115014,42.8355
0.0115045,42.876
0.0115102,42.9168
0.0115159,42.9576
0.0115184,42.9983
0.0115267,43.0394
0.0115321,43.0801
0.0115373,43.1211
0.0115454,43.1622
0.0115505,43.2032
0.0115555,43.2444
0.0115606,43.2854
0.0115688,43.3265
0.0115742,43.3672
0.0115771,43.408
0.0115831,43.4485
0.0115894,43.4891
0.0115928,43.5296
0.0115993,43.5699
0.0116058,43.6104
0.0116099,43.6504
0.0116142,43.6905
0.0116213,43.7305
0.0116225,43.7708
0.0116291,43.8111
0.0116329,43.8514
0.0116365,43.8917
0.0116428,43.9322
0.0116458,43.9727
0.0116485,44.0135
0.011657,44.0542
0.0116622,44.0953
0.0116675,44.1363
0.0116725,44.1775
0.0116748,44.2183
0.0116797,44.2596
0.0116849,44.3006
0.0116905,44.3414
0.0116932,44.3821
0.0116962,44.423
0.011702,44.4635
0.0117052,44.504
0.0117085,44.5446
0.0117147,44.5851
0.0117177,44.6259
0.0117235,44.6666
0.0117294,44.7072
0.0117352,44.7479
0.0117378,44.7887
0.0117456,44.83
0.011747,44.8712
0.0117541,44.9127
0.0117607,44.9545
0.0117646,44.9962
0.0117708,45.0382
0.0117766,45.0802
0.0117792,45.1225
0.0117816,45.1649
0.011787,45.2072
0.0117895,45.2494
0.0117919,45.2919
0.011797,45.3344
0.0117993,45.3766
0.0117988,45.4191
0.0118042,45.4613
0.0118098,45.5036
0.0118123,45.5458
0.0118148,45.588
0.0118201,45.6305
0.0118226,45.6727
0.0118281,45.715
0.0118305,45.7575
0.0118358,45.7997
0.011841,45.8422
0.0118464,45.8844
0.0118546,45.9269
0.01186,45.9691
0.0118653,46.0116
0.0118679,46.0539
0.0118736,46.0958
0.0118763,46.1381
0.011882,46.1803
0.0118877,46.2226
0.0118936,46.2645
0.0118969,46.3065
0.0119028,46.3485
0.011906,46.3905
0.011912,46.4325
0.0119178,46.4745
0.0119238,46.5165
0.0119299,46.5587
0.0119359,46.6007
0.0119417,46.6427
0.0119503,46.685
0.0119556,46.7272
0.0119639,46.7697
0.0119688,46.8122
0.0119766,46.8546
0.0119814,46.8974
0.011989,46.9398
0.0119936,46.9826
0.0120011,47.0253
0.0120054,47.0683
0.0120098,47.111
0.0120169,47.1537
0.0120215,47.1964
0.0120261,47.2392
0.0120306,47.2819
0.012035,47.3248
0.0120421,47.3676
0.0120436,47.4105
0.012051,47.4533
0.012053,47.4957
0.0120573,47.5385
0.0120647,47.5812
0.0120688,47.6242
0.0120729,47.6671
0.0120771,47.7101
0.0120842,47.7531
0.0120911,47.796
0.0120981,47.839
0.0121022,47.8817
0.0121094,47.9247
0.0121107,47.9677
0.0121149,48.0104
0.0121194,48.0531
0.0121243,48.0958
0.0121292,48.1383
0.0121372,48.1808
0.0121423,48.2233
0.0121469,48.266
0.0121514,48.3087
0.0121583,48.3517
0.0121621,48.3947
0.0121686,48.4379
0.0121746,48.4813
0.0121829,48.525
0.0121877,48.569
0.0121924,48.6132
0.0121995,48.6574
0.0122039,48.7016
0.012211,48.7457
0.0122156,48.7899
0.0122205,48.8339
0.0122256,48.8778
0.0122309,48.9215
0.0122364,48.9652
0.0122422,49.0087
0.0122484,49.0521
0.0122521,49.0951
0.0122587,49.1383
0.0122652,49.1815
0.0122686,49.2248
0.0122748,49.2682
0.0122809,49.3114
0.012287,49.3549
0.0122926,49.3983
0.012301,49.442
0.0123062,49.486
0.0123114,49.5297
0.0123162,49.5736
0.0123238,49.6178
0.0123317,49.6618
0.0123363,49.7057
0.0123412,49.7497
0.0123489,49.7938
0.0123539,49.8375
0.0123588,49.8817
0.0123606,49.9257
0.0123679,49.9699
0.012372,50.0143
0.0123788,50.0585
0.0123853,50.1032
0.0123886,50.1478
0.0123941,50.193
0.0123994,50.2382
0.0124041,50.2836
0.0124084,50.3292
0.0124153,50.3751
0.0124191,50.421
0.0124259,50.4667
0.0124327,50.5126
0.0124395,50.5585
0.0124436,50.6041
0.0124506,50.65
0.0124521,50.6957
0.0124597,50.7411
0.0124652,50.786
0.0124709,50.831
0.012477,50.8759
0.0124832,50.9206
0.0124894,50.9652
0.0124925,51.0102
0.0124984,51.0551
0.0125044,51.0998
0.0125131,51.1447
0.0125186,51.1898
0.0125236,51.235
0.0125313,51.2804
0.0125358,51.3261
0.0125431,51.3717
0.0125476,51.4171
0.0125554,51.4625
0.0125631,51.508
0.0125681,51.5534
0.0125732,51.5985
0.0125785,51.6437
0.0125838,51.6889
0.0125892,51.734
0.0125947,51.7792
0.0126002,51.8241
0.0126085,51.8693
0.0126166,51.9144
0.0126243,51.9599
0.0126291,52.0053
0.0126365,52.0509
0.0126438,52.0966
0.0126508,52.1422
0.0126605,52.1881
0.0126675,52.2338
0.0126743,52.2797
0.0126842,52.3253
0.012694,52.3712
0.0126984,52.4166
0.0127061,52.4623
0.0127142,52.5075
0.0127198,52.5524
0.0127286,52.5973
0.0127351,52.642
0.0127419,52.6864
0.0127489,52.7306
0.0127529,52.775
0.0127598,52.8195
0.0127667,52.8639
0.0127733,52.9083
0.0127797,52.953
0.0127888,52.9977
0.012798,53.0424
0.0128037,53.0873
0.0128124,53.1322
0.012821,53.1774
0.0128268,53.2223
0.0128328,53.267
0.0128388,53.3119
0.0128452,53.3566
0.0128518,53.401
0.0128585,53.4455
0.0128654,53.4899
0.0128695,53.5343
0.0128765,53.5785
0.0128835,53.6229
0.0128876,53.6674
0.0128946,53.7116
0.0129014,53.756
0.0129079,53.8007
0.0129167,53.8456
0.0129225,53.8905
0.0129281,53.9354
0.0129333,53.9806
0.0129411,54.026
0.012946,54.0714
0.0129539,54.1166
0.012959,54.162
0.0129644,54.2072
0.01297,54.2521
0.0129733,54.2968
0.0129799,54.3414
0.0129866,54.3859
0.0129909,54.4301
0.0129986,54.474
0.0130034,54.5182
0.0130081,54.5622
0.0130157,54.6061
0.0130206,54.65
0.0130283,54.6942
0.0130331,54.7382
0.0130376,54.7824
0.0130449,54.8266
0.0130491,54.8707
0.0130561,54.9152
0.0130631,54.9596
0.01307,55.0038
0.01308,55.0482
0.0130841,55.0924
0.0130885,55.1366
0.013096,55.1808
0.0131008,55.2248
0.0131057,55.2687
0.0131105,55.3126
0.0131155,55.3566
0.0131203,55.4008
0.0131279,55.4447
0.0131324,55.4889
0.0131394,55.5331
0.013143,55.5778
0.0131489,55.6227
0.0131573,55.6679
0.0131624,55.713
0.0131704,55.7582
0.0131779,55.8039
0.0131825,55.8493
0.01319,55.8947
0.0131976,55.9401
0.0132024,55.9857
0.0132104,56.0309
0.0132154,56.0763
0.0132204,56.1215
0.0132256,56.1666
0.0132278,56.2121
0.0132358,56.2572
0.0132407,56.3026
0.0132425,56.348
0.0132498,56.3937
0.0132538,56.4396
0.0132606,56.4852
0.0132645,56.5311
0.0132682,56.577
0.0132746,56.6232
0.0132779,56.6693
0.0132811,56.7155
0.0132873,56.7616
0.0132935,56.8078
0.0132998,56.8537
0.0133035,56.8998
0.0133099,56.9457
0.0133135,56.9918
0.0133146,57.0375
0.0133219,57.0831
0.0133263,57.1288
0.0133307,57.1745
0.0133351,57.2199
0.0133394,57.2655
0.0133463,57.3114
0.01335,57.3573
0.0133566,57.4032
0.0133626,57.4494
0.0133682,57.4957
0.0133765,57.5424
0.0133816,57.589
0.0133897,57.6356
0.0133948,57.6823
0.0133998,57.7291
0.0134079,57.7758
0.0134133,57.8222
0.013419,57.8685
0.013425,57.9147
0.0134315,57.9608
0.013438,58.0067
0.0134449,58.0526
0.013449,58.0983
0.013456,58.1439
0.0134632,58.1898
0.0134702,58.2355
0.0134774,58.2811
0.0134815,58.3268
0.0134882,58.3727
0.0134947,58.4188
0.0135012,58.4647
0.0135078,58.5106
0.0135175,58.5565
0.0135271,58.6024
0.0135338,58.6483
0.0135406,58.6942
0.0135502,58.7399
0.0135542,58.7858
0.0135643,58.8314
0.0135686,58.8771
0.0135758,58.9227
0.0135797,58.9686
0.0135863,59.0145
0.0135929,59.0604
0.0135993,59.1066
0.0136052,59.1527
0.0136136,59.1994
0.0136216,59.246
0.0136262,59.2929
0.0136304,59.34
0.0136371,59.3873
0.0136433,59.4347
0.0136493,59.4823
0.0136552,59.5302
0.0136611,59.5778
0.0136641,59.6254
0.0136702,59.673
0.0136764,59.7206
0.01368,59.768
0.0136841,59.8151
0.0136915,59.862
0.0136962,59.9088
0.0137011,59.9557
0.0137059,60.0026
0.0137105,60.0495
0.013715,60.0963
0.0137194,60.1435
0.0137264,60.1906
0.0137299,60.2379
0.0137326,60.2858
0.0137378,60.3339
0.0137456,60.382
0.0137502,60.4303
0.0137549,60.4787
0.0137594,60.527
0.0137641,60.5751
0.0137687,60.6234
0.0137733,60.6718
0.0137751,60.7201
0.0137799,60.7682
0.0137819,60.8163
0.0137863,60.8649
0.0137936,60.9132
0.0137977,60.9618
0.0138042,61.0106
0.0138104,61.0595
0.0138161,61.1088
0.0138214,61.1581
0.0138264,61.2077
0.0138342,61.2572
0.0138389,61.3068
0.0138467,61.3563
0.0138515,61.4059
0.0138533,61.4557
0.0138583,61.5053
0.0138661,61.5548
0.0138689,61.6039
0.0138716,61.6532
0.0138774,61.7023
0.0138832,61.7514
0.0138861,61.8007
0.0138917,61.8498
0.0138974,61.8991
0.0139029,61.9481
0.0139084,61.9975
0.0139135,62.047
0.0139153,62.0966
0.0139228,62.1464
0.0139272,62.1962
0.0139315,62.246
0.0139388,62.2958
0.0139433,62.3456
0.0139448,62.3954
0.0139492,62.4452
0.0139565,62.495
0.0139583,62.5448
0.013963,62.5944
0.0139708,62.6439
0.0139727,62.6935
0.0139774,62.7433
0.0139817,62.7931
0.0139882,62.8432
0.0139945,62.8935
0.0140004,62.944
0.0140089,62.9948
0.0140171,63.0456
0.0140223,63.0963
0.0140274,63.1471
0.0140324,63.1981
0.0140379,63.2487
0.0140438,63.2992
0.0140474,63.3495
0.0140516,63.3993
0.0140592,63.4491
0.0140646,63.4984
0.0140703,63.5475
0.0140765,63.5966
0.014083,63.6452
0.0140898,63.694
0.0140936,63.7426
0.0141,63.7914
0.0141067,63.8402
0.0141132,63.8891
0.0141196,63.9379
0.0141258,63.9867
0.014135,64.0355
0.0141416,64.0844
0.0141511,64.1332
0.0141551,64.1818
0.0141622,64.2301
0.0141697,64.2785
0.0141772,64.3268
0.0141821,64.3751
0.0141902,64.423
0.0141982,64.4711
0.0142033,64.5192
0.0142079,64.5675
0.0142155,64.6159
0.0142227,64.6642
0.0142326,64.7128
0.0142393,64.7614
0.0142458,64.8102
0.0142549,64.8593
0.0142613,64.9081
0.0142705,64.9569
0.0142769,65.0058
0.0142836,65.0546
0.0142904,65.1032
0.0142974,65.1517
0.0143017,65.2001
0.0143061,65.2484
0.0143107,65.2968
0.0143153,65.3451
0.0143197,65.3937
0.0143244,65.4418
0.0143319,65.4901
0.0143363,65.5385
0.0143407,65.5871
0.0143445,65.6356
0.0143515,65.6842
0.0143555,65.7328
0.0143624,65.7814
0.0143694,65.83
0.0143736,65.8786
0.0143805,65.9271
0.0143849,65.9755
0.0143923,66.0238
0.014397,66.0722
0.0143993,66.1203
0.0144073,66.1681
0.0144129,66.216
0.0144184,66.2638
0.014421,66.3117
0.0144294,66.3598
0.0144345,66.4076
0.0144422,66.4559
0.0144467,66.5043
0.0144535,66.5529
0.0144599,66.6017
0.0144662,66.6508
0.014472,66.6998
0.0144804,66.7492
0.0144861,66.7982
0.0144915,66.8475
0.0144973,66.8966
0.0145032,66.9459
0.0145092,66.9948
0.0145156,67.0436
0.0145223,67.0924
0.0145262,67.141
0.0145335,67.1896
0.0145408,67.2379
0.0145452,67.2863
0.0145553,67.3349
0.0145595,67.3832
0.0145667,67.4318
0.0145739,67.4801
0.014581,67.5287
0.0145878,67.5773
0.0145976,67.6259
0.0146044,67.6745
0.0146143,67.7231
0.0146213,67.7716
0.0146257,67.82
0.0146331,67.8683
0.0146405,67.9167
0.0146479,67.9652
0.0146523,68.0136
0.0146596,68.0619
0.0146666,68.1105
0.0146734,68.1591
0.0146827,68.2079
0.0146887,68.257
0.0146944,68.3063
0.0147026,68.3556
0.0147077,68.4052
0.0147152,68.4547
0.0147226,68.5045
0.0147301,68.5544
0.0147406,68.6039
0.0147454,68.6535
0.0147566,68.703
0.0147625,68.7519
0.0147689,68.8007
0.0147755,68.8495
0.0147825,68.8981
0.0147899,68.9464
0.0147977,68.9945
0.0148083,69.0429
0.0148162,69.091
0.0148212,69.1391
0.0148315,69.1874
0.0148385,69.236
0.014845,69.2848
0.0148543,69.3336
0.0148608,69.3825
0.0148671,69.4313
0.0148764,69.4801
0.0148829,69.529
0.0148892,69.5778
0.0148957,69.6266
0.0149025,69.6752
0.0149097,69.7238
0.014917,69.7721
0.0149216,69.8205
0.014929,69.8688
0.0149363,69.9174
0.0149431,69.966
0.0149497,70.0146
0.0149561,70.0636
0.0149648,70.1127
0.0149731,70.162
0.0149808,70.2116
0.0149881,70.2614
0.0149951,70.3114
0.0150019,70.3615
0.0150117,70.4115
0.0150156,70.4616
0.0150227,70.5114
0.0150296,70.5614
0.0150368,70.6112
0.0150438,70.6613
0.0150482,70.7111
0.0150525,70.7609
0.0150597,70.8107
0.0150668,70.8607
0.0150707,70.9108
0.0150774,70.9608
0.0150808,71.0111
0.0150871,71.0614
0.0150931,71.112
0.0150987,71.1625
0.0151044,71.213
0.0151128,71.2638
0.0151186,71.3144
0.0151214,71.3649
0.0151271,71.4154
0.0151328,71.466
0.0151386,71.5165
0.0151443,71.567
0.015147,71.6178
0.0151554,71.6684
0.0151606,71.7194
0.0151657,71.7702
0.015173,71.8214
0.015177,71.8727
0.0151834,71.9245
0.0151891,71.9765
0.0151943,72.0287
0.0151991,72.0812
0.0152065,72.1337
0.0152112,72.1862
0.0152188,72.2387
0.0152233,72.2912
0.0152281,72.3437
0.01523,72.3959
0.0152351,72.4484
0.0152407,72.5004
0.0152468,72.5522
0.0152503,72.6037
0.0152568,72.6554
0.0152601,72.7072
0.0152662,72.7589
0.0152721,72.8107
0.0152778,72.8629
0.0152835,72.9147
0.0152893,72.9667
0.0152978,73.0187
0.0153064,73.0707
0.0153121,73.1227
0.015318,73.1747
0.0153242,73.2265
0.0153306,73.278
0.0153372,73.3295
0.0153438,73.381
0.0153504,73.4328
0.0153569,73.4843
0.0153634,73.536
0.0153693,73.5878
0.0153778,73.6398
0.0153859,73.692
0.0153909,73.7443
0.0154015,73.7968
0.0154092,73.8493
0.0154171,73.9015
0.0154281,73.9538
0.0154333,74.006
0.0154417,74.058
0.0154506,74.11
0.0154597,74.1618
0.0154636,74.2133
0.0154709,74.2643
0.0154783,74.3156
0.0154834,74.3664
0.0154911,74.4174
0.0154989,74.4684
0.0155067,74.5194
0.0155144,74.5705
0.0155221,74.6215
0.0155268,74.6725
0.0155371,74.7238
0.0155445,74.7748
0.015549,74.8261
0.0155591,74.8773
0.0155636,74.9284
0.0155742,74.9794
0.015579,75.0304
0.015587,75.0815
0.0155925,75.132
0.015598,75.1828
0.0156067,75.2333
0.0156121,75.2841
0.0156175,75.3349
0.0156226,75.3857
0.0156274,75.4367
0.0156348,75.4877
0.0156421,75.539
0.015646,75.5905
0.0156522,75.6422
0.0156581,75.6942
0.0156638,75.7462
0.0156698,75.798
0.015676,75.8498
0.0156827,75.9013
0.0156898,75.9525
0.0156943,76.0038
0.0156992,76.0546
0.0157045,76.1054
0.0157104,76.1559
0.0157166,76.2062
0.0157202,76.2565
0.0157263,76.3068
0.0157322,76.3573
0.0157382,76.4079
0.0157441,76.4584
0.0157528,76.5089
0.0157584,76.5595
0.0157637,76.6103
0.015772,76.661
0.0157803,76.7118
0.015786,76.7624
0.0157947,76.8129
0.0157978,76.8632
0.015804,76.9137
0.015807,76.964
0.015813,77.0146
0.015816,77.0651
0.0158216,77.1156
0.0158303,77.1662
0.0158357,77.2169
0.0158406,77.268
0.015848,77.319
0.0158518,77.3705
0.015855,77.4223
0.015864,77.4743
0.0158698,77.526
0.0158784,77.578
0.0158844,77.63
0.0158871,77.682
0.0158931,77.7338
0.0158991,77.7856
0.0159027,77.8373
0.0159066,77.8888
0.0159138,77.9398
0.0159181,77.9911
0.0159256,78.0424
0.0159299,78.0937
0.0159341,78.1449
0.0159411,78.1962
0.0159477,78.248
0.0159541,78.2995
0.0159576,78.3512
0.0159666,78.403
0.0159728,78.4547
0.015979,78.5065
0.0159856,78.558
0.0159927,78.6093
0.0159999,78.6606
0.0160073,78.7118
0.0160122,78.7626
0.0160174,78.8136
0.0160228,78.8642
0.0160314,78.9149
0.0160398,78.9655
0.0160454,79.0163
0.0160535,79.067
0.0160612,79.1181
0.0160687,79.1691
0.0160787,79.2204
0.0160856,79.2719
0.0160954,79.3234
0.0161048,79.3749
0.0161143,79.4264
0.0161209,79.4779
0.0161276,79.5294
0.0161375,79.581
0.0161447,79.6322
0.0161522,79.6833
0.016157,79.7343
0.016165,79.7851
0.0161728,79.8361
0.0161809,79.8869
0.0161889,79.9379
0.0161967,79.9887
0.0162043,80.0399
0.0162113,80.0912
0.0162212,80.1425
0.0162281,80.194
0.0162376,80.2455
0.0162445,80.297
0.0162514,80.3483
0.016258,80.4001
0.0162649,80.4513
0.0162718,80.5028
0.016279,80.5541
0.0162864,80.6051
0.0162938,80.6564
0.0162955,80.7074
0.0163029,80.7587
0.0163098,80.81
0.0163165,80.8615
0.0163258,80.9132
0.0163343,80.9652
0.0163427,81.0172
0.0163507,81.0697
0.0163582,81.1222
0.0163658,81.1747
0.0163732,81.2272
0.0163807,81.2797
0.0163883,81.3322
0.0163934,81.3844
0.0163987,81.4367
0.0164048,81.4884
0.016411,81.5402
0.0164205,81.5917
0.0164244,81.6432
0.016431,81.6947
0.0164406,81.7462
0.0164472,81.7978
0.0164535,81.8495
0.0164624,81.9013
0.016471,81.9533
0.0164766,82.0055
0.0164849,82.0575
0.0164958,82.1098
0.016501,82.162
0.0165063,82.2143
0.0165141,82.2665
0.0165221,82.319
0.0165272,82.3712
0.016535,82.4235
0.0165402,82.4757
0.0165479,82.5282
0.0165554,82.5807
0.0165625,82.6335
0.0165694,82.6862
0.0165815,82.7394
0.0165875,82.7926
0.0165933,82.8459
0.016602,82.8993
0.0166132,82.9528
0.0166214,83.0065
0.0166295,83.06
0.0166378,83.1137
0.016646,83.1671
0.0166545,83.2206
0.0166631,83.2741
0.0166691,83.3273
0.016675,83.3805
0.016681,83.4337
0.0166873,83.487
0.0166962,83.5402
0.0167022,83.5934
0.0167082,83.6466
0.016717,83.7001
0.0167257,83.7533
0.0167345,83.8065
0.0167435,83.8598
0.0167526,83.913
0.0167619,83.966
0.0167683,84.0192
0.0167751,84.0719
0.0167823,84.1247
0.0167895,84.1774
0.0168,84.2299
0.0168046,84.2824
0.0168177,84.3349
0.0168221,84.3876
0.0168321,84.4403
0.0168418,84.4931
0.0168511,84.5461
0.0168602,84.5993
0.0168716,84.6527
0.016883,84.7062
0.0168944,84.7597
0.0169031,84.8129
0.0169122,84.8661
0.0169216,84.9191
0.0169315,84.9721
0.016939,85.0246
0.0169469,85.0768
0.0169554,85.1288
0.0169646,85.1806
0.0169713,85.2321
0.0169809,85.2836
0.0169907,85.3349
0.0170005,85.3864
0.0170101,85.4379
0.0170196,85.4894
0.017029,85.5412
0.0170385,85.5927
0.017051,85.6442
0.0170635,85.6957
0.0170733,85.747
0.0170832,85.7985
0.0170934,85.8495
0.017101,85.9008
0.0171084,85.9518
0.0171159,86.0031
0.0171263,86.0541
0.0171339,86.1051
0.0171412,86.1564
0.0171508,86.2079
0.0171567,86.2597
0.0171623,86.3119
0.017173,86.3642
0.0171805,86.4167
0.0171909,86.4694
0.0171982,86.5219
0.0172057,86.5744
0.0172132,86.6269
0.0172182,86.6794
0.0172267,86.7314
0.0172304,86.7829
0.0172371,86.8344
0.0172443,86.8857
0.017252,86.9367
0.0172598,86.9877
0.0172678,87.0385
0.0172756,87.0895
0.0172804,87.1405
0.017288,87.1916
0.0172951,87.2428
0.017302,87.2943
0.0173089,87.3456
0.0173156,87.3971
0.0173225,87.4486
0.0173296,87.4999
0.0173368,87.5512
0.0173444,87.6022
0.0173523,87.6532
0.0173573,87.704
0.0173626,87.7548
0.017371,87.8056
0.0173766,87.8561
0.0173854,87.9066
0.017394,87.9574
0.0174025,88.008
0.0174106,88.0587
0.0174183,88.1098
0.0174261,88.1608
0.0174367,88.2118
0.0174471,88.2628
0.0174574,88.3141
0.0174646,88.3654
0.0174718,88.4167
0.0174821,88.4677
0.0174924,88.519
0.017503,88.57
0.0175082,88.6208
0.0175192,88.6715
0.0175244,88.7226
0.0175359,88.7731
0.0175441,88.8239
0.0175526,88.8744
0.0175609,88.9252
0.0175689,88.976
0.0175768,89.027
0.0175874,89.078
0.0175977,89.1293
0.0176048,89.1806
0.0176148,89.2318
0.017622,89.2831
0.0176326,89.3341
0.0176405,89.3849
0.0176484,89.4359
0.0176568,89.4867
0.0176652,89.5373
0.017674,89.5878
0.0176827,89.6383
0.0176886,89.6889
0.0177001,89.7394
0.0177085,89.7902
0.0177193,89.841
0.0177299,89.8922
0.0177398,89.9435
0.0177462,89.995
0.0177554,90.0468
0.0177645,90.0985
0.0177739,90.1503
0.0177862,90.2018
0.0177928,90.2533
0.0177996,90.3048
0.0178095,90.3561
0.0178167,90.4074
0.0178244,90.4584
0.0178326,90.5092
0.017841,90.56
0.0178492,90.6107
0.0178575,90.6615
0.0178657,90.7123
0.0178767,90.7631
0.017885,90.8139
0.0178961,90.8647
0.0179042,90.9154
0.0179152,90.9662
0.0179234,91.017
0.0179343,91.068
0.0179454,91.1188
0.0179509,91.1693
0.0179592,91.2201
0.0179703,91.2709
0.0179753,91.3217
0.0179834,91.3727
0.0179943,91.4235
0.0180019,91.4745
0.0180094,91.5258
0.0180164,91.5771
0.018026,91.6286
0.018035,91.6803
0.0180436,91.7323
0.0180551,91.7843
0.0180635,91.8363
0.0180714,91.8888
0.0180823,91.9411
0.0180903,91.9933
0.0180982,92.0456
0.0181035,92.0978
0.0181119,92.1501
0.0181176,92.2021
0.0181236,92.2538
0.0181326,92.3056
0.0181387,92.3573
0.018145,92.4091
0.0181539,92.4608
0.0181627,92.5128
0.0181685,92.5648
0.018174,92.6169
0.0181819,92.6691
0.0181899,92.7213
0.0182006,92.7738
0.0182084,92.8263
0.0182162,92.8786
0.018221,92.9311
0.0182288,92.9835
0.0182366,93.0358
0.0182446,93.088
0.0182499,93.1403
0.018255,93.1925
0.0182627,93.245
0.018273,93.2975
0.0182801,93.3502
0.0182865,93.4032
0.0182957,93.4564
0.0183044,93.5097
0.0183127,93.5631
0.0183213,93.6166
0.0183297,93.6701
0.0183411,93.7235
0.0183469,93.777
0.0183555,93.8302
0.0183615,93.8837
0.0183709,93.9367
0.0183777,93.9894
0.0183877,94.0421
0.0183924,94.0946
0.0184029,94.1471
0.0184106,94.1996
0.0184186,94.2519
0.0184294,94.3041
0.0184375,94.3563
0.0184487,94.4086
0.018457,94.4606
0.0184683,94.5128
0.0184796,94.5648
0.0184906,94.6171
0.0185017,94.6693
0.0185071,94.7213
0.0185178,94.7738
0.0185289,94.8261
0.0185341,94.8783
0.0185445,94.9308
0.0185523,94.9831
0.0185653,95.0358
0.0185749,95.0888
0.0185843,95.1417
0.0185906,95.1947
0.0186022,95.2482
0.0186141,95.3014
0.0186259,95.3546
0.0186349,95.4079
0.0186443,95.4608
0.0186541,95.5138
0.0186643,95.5663
0.0186755,95.6186
0.0186844,95.6703
0.0186941,95.7218
0.0187042,95.7731
0.0187145,95.8241
0.0187251,95.8751
0.018733,95.9262
0.0187406,95.9772
0.0187511,96.0282
0.0187615,96.0795
0.0187715,96.1308
0.0187814,96.182
0.018788,96.2335
0.0188006,96.2851
0.0188106,96.3363
0.0188206,96.3876
0.0188308,96.4389
0.0188385,96.4899
0.0188491,96.5409
0.0188569,96.5919
0.0188652,96.6427
0.0188734,96.6935
0.0188848,96.744
0.0188902,96.7948
0.0189012,96.8456
0.0189122,96.8964
0.018923,96.9474
0.0189311,96.9982
0.0189425,97.049
0.0189535,97.0998
0.0189648,97.1505
0.0189791,97.2011
0.0189876,97.2516
0.0189997,97.3021
0.0190089,97.3522
0.0190188,97.4022
0.0190261,97.452
0.0190362,97.5019
0.0190436,97.5517
0.019054,97.6015
0.0190617,97.651
0.0190723,97.7006
0.0190828,97.7504
0.0190901,97.8002
0.0191001,97.85
0.0191097,97.9
0.019119,97.9503
0.0191279,98.0009
0.0191367,98.0514
0.0191459,98.1017
0.019155,98.152
0.0191642,98.2023
0.0191678,98.2526
0.0191776,98.3024
0.0191849,98.3522
0.0191922,98.4022
0.0191999,98.4518
0.019208,98.5011
0.0192158,98.5507
0.019226,98.6005
0.0192331,98.6505
0.0192425,98.7006
0.0192515,98.7511
0.0192598,98.8019
0.0192707,98.8527
0.0192817,98.9035
0.0192896,98.9545
0.0192975,99.0053
0.0193084,99.0563
0.0193136,99.1071
0.0193221,99.1576
0.0193312,99.2082
0.0193375,99.2584
0.0193473,99.3085
0.0193542,99.3583
0.0193646,99.4081
0.0193758,99.4574
0.0193885,99.506
0.0194002,99.5539
0.0194118,99.6
0.0194235,99.6449
0.0194329,99.6881
0.0194403,99.7294
0.0194461,99.7687
0.0194509,99.8058
0.0194544,99.8405
0.0194595,99.8732
0.0194632,99.9037
0.0194706,99.9324
0.019473,99.9594
0.0194785,99.9848
0.0194844,100.009
0.0194901,100.031
0.0194927,100.052
0.019495,100.072
0.0194995,100.091
0.0195067,100.109
0.0195098,100.126
0.019512,100.141
0.0195192,100.156
0.0195194,100.17
0.0195271,100.183
0.0195308,100.195
0.0195303,100.207
