"Maximum force",26.3955,"N"
"Gage length ",1.09725,"mm"
"Strain energy",0.212598,"mJ"
"Deformation at maximum force",0.0163799,"mm"
"Standard travel","Standard force"
"mm","N"
0,0.402464
7.09295e-006,0.404601
5.54323e-006,0.406722
9.71556e-006,0.408873
1.45137e-005,0.410735
1.64658e-005,0.412573
2.15322e-005,0.414297
2.10553e-005,0.415907
2.33352e-005,0.417578
2.60174e-005,0.419066
2.55518e-005,0.42066
2.83681e-005,0.422079
3.11844e-005,0.423499
3.42242e-005,0.424818
3.46843e-005,0.425978
3.51109e-005,0.427153
3.57367e-005,0.428236
3.62117e-005,0.429388
3.6804e-005,0.430479
4.01121e-005,0.431662
3.7862e-005,0.432738
4.17065e-005,0.433665
4.26043e-005,0.434622
4.08385e-005,0.435458
4.47128e-005,0.436377
4.29992e-005,0.437189
4.43626e-005,0.437918
4.25372e-005,0.438788
4.39603e-005,0.439486
4.51673e-005,0.440295
4.38336e-005,0.440928
4.50481e-005,0.441729
4.37666e-005,0.442339
4.25894e-005,0.442896
4.13526e-005,0.443484
4.02573e-005,0.443999
3.90504e-005,0.444571
4.10322e-005,0.445004
3.99891e-005,0.445504
4.20604e-005,0.445897
4.12595e-005,0.446282
4.0466e-005,0.446658
4.28054e-005,0.446925
4.18518e-005,0.447379
4.41168e-005,0.447676
4.32339e-005,0.4481
4.25559e-005,0.44842
4.193e-005,0.448718
4.41801e-005,0.449025
4.37275e-005,0.449244
4.29824e-005,0.449595
4.24199e-005,0.449862
4.467e-005,0.450167
4.40218e-005,0.450482
4.34928e-005,0.450732
4.58322e-005,0.450999
4.55715e-005,0.451124
4.79259e-005,0.451383
4.75366e-005,0.451571
4.6907e-005,0.451868
4.64451e-005,0.452088
4.89783e-005,0.45226
4.81959e-005,0.452636
5.0446e-005,0.452941
4.94625e-005,0.453412
5.16232e-005,0.453763
5.0718e-005,0.454194
5.26551e-005,0.45465
5.18542e-005,0.455034
5.36796e-005,0.455541
5.56763e-005,0.455974
5.76582e-005,0.456413
5.97741e-005,0.456788
5.92489e-005,0.45704
6.14394e-005,0.457376
6.37639e-005,0.457651
6.57309e-005,0.458097
6.81151e-005,0.458341
7.00671e-005,0.458795
7.2198e-005,0.459163
7.40308e-005,0.45967
7.54315e-005,0.460384
8.00211e-005,0.460964
7.85608e-005,0.461662
8.00062e-005,0.462352
8.13399e-005,0.463096
8.26064e-005,0.46387
8.38432e-005,0.464664
8.78964e-005,0.465492
8.94908e-005,0.466121
9.10033e-005,0.466777
9.57418e-005,0.467281
0.000100242,0.467899
0.000101672,0.468612
0.000103185,0.469268
0.000104474,0.470039
0.000108944,0.470664
0.000110233,0.471439
0.000114286,0.472263
0.00011822,0.473163
0.000119174,0.47409
0.000123167,0.474952
0.000123633,0.476112
0.000127314,0.477119
0.000127872,0.478233
0.000131389,0.479316
0.000134772,0.480468
0.000135442,0.481529
0.000139317,0.48244
0.000142774,0.483562
0.000146335,0.48463
0.000149777,0.485752
0.0001538,0.486602
0.000157734,0.487487
0.000161445,0.488487
0.00016517,0.489478
0.000168582,0.490615
0.00017192,0.49179
0.000174975,0.493095
0.000177851,0.494491
0.000180697,0.495895
0.000183051,0.497528
0.000185525,0.499114
0.000187805,0.500793
0.000190502,0.502265
0.00019311,0.503784
0.000198772,0.505226
0.000201574,0.50666
0.000204211,0.508163
0.00020743,0.509391
0.000213122,0.510818
0.000216147,0.512153
0.000221869,0.513572
0.000224566,0.515052
0.000230109,0.516555
0.00023227,0.518287
0.000234565,0.51995
0.000236591,0.521743
0.000241479,0.523559
0.000243349,0.525436
0.000248237,0.527244
0.000253124,0.52906
0.00025489,0.530982
0.000259688,0.532836
0.000261469,0.534751
0.000266237,0.536621
0.000271006,0.53849
0.000272831,0.540382
0.000278166,0.541984
0.000280177,0.543792
0.000285214,0.545532
0.000290042,0.547378
0.00029177,0.549316
0.00029639,0.551261
0.000297671,0.553398
0.000302112,0.555427
0.000306403,0.557517
0.000310814,0.559562
0.000314867,0.561775
0.00031892,0.563987
0.000320112,0.566184
0.000324046,0.568443
0.000328457,0.570487
0.000332659,0.572624
0.00033701,0.574699
0.000341451,0.576728
0.000345564,0.57891
0.000349974,0.580955
0.000354057,0.583152
0.000358259,0.585288
0.000362163,0.587577
0.000365889,0.589942
0.00036945,0.592384
0.000372982,0.59484
0.000379628,0.59719
0.000380171,0.599708
0.000386549,0.60218
0.000389649,0.60485
0.000392629,0.607566
0.000398738,0.610191
0.000404609,0.612907
0.000408156,0.615364
0.000411524,0.617896
0.00041802,0.620323
0.000421582,0.622779
0.000425009,0.625282
0.000431357,0.627784
0.000434531,0.630409
0.000441087,0.63282
0.000444485,0.635337
0.000451101,0.637702
0.000454647,0.640159
0.000457762,0.642829
0.000463782,0.645469
0.000469385,0.648338
0.000472395,0.651039
0.000478087,0.653846
0.000481172,0.656516
0.000486894,0.659309
0.000492467,0.662178
0.000495208,0.665016
0.000500364,0.668083
0.000503091,0.670921
0.000508545,0.67385
0.000514267,0.676643
0.000517158,0.679405
0.00052282,0.682228
0.000525607,0.68505
0.000530852,0.688072
0.000536276,0.691001
0.000541551,0.694007
0.000543965,0.696998
0.00054924,0.700019
0.000554128,0.703208
0.000559105,0.706352
0.000563754,0.709663
0.000568492,0.712928
0.00057332,0.716163
0.000575123,0.719428
0.000579892,0.722679
0.000587342,0.726036
0.000589548,0.729118
0.000594405,0.732322
0.000599591,0.735374
0.000604777,0.738426
0.000609724,0.7416
0.000615029,0.744605
0.000619618,0.747917
0.000621689,0.751075
0.0006292,0.754402
0.000633938,0.757667
0.000638349,0.7611
0.00064267,0.764549
0.000647051,0.767982
0.000651104,0.771583
0.000655485,0.775016
0.000659717,0.778511
0.000664068,0.781959
0.000668479,0.785377
0.000672711,0.788871
0.000680162,0.792243
0.000684453,0.795707
0.000691844,0.799095
0.000695927,0.802665
0.000702931,0.806236
0.000704003,0.809867
0.00071059,0.813636
0.000717325,0.817329
0.000720961,0.821113
0.000724552,0.824928
0.000730781,0.828834
0.000734178,0.83274
0.000740407,0.836677
0.000743655,0.840644
0.000749944,0.844551
0.000756113,0.848518
0.00075957,0.852394
0.000763206,0.856193
0.000769345,0.86016
0.000772847,0.864021
0.000778927,0.868019
0.000782384,0.871894
0.000788612,0.875801
0.000794752,0.879798
0.000797866,0.883827
0.000803737,0.887947
0.000809757,0.891975
0.000812558,0.896156
0.000818668,0.900154
0.000824897,0.90409
0.00082813,0.908058
0.00083424,0.912025
0.0008402,0.916114
0.000846727,0.919898
0.000849945,0.923896
0.000856234,0.927803
0.000862105,0.931892
0.000868035,0.935981
0.000871165,0.94001
0.000876589,0.944313
0.000882221,0.948524
0.000887526,0.952918
0.000892742,0.957313
0.000894917,0.961799
0.000902845,0.966285
0.000907911,0.970802
0.000915421,0.975501
0.00092016,0.98014
0.000927551,0.984901
0.000929406,0.98954
0.000936886,0.99427
0.000944128,0.999092
0.000948599,1.00385
0.000955692,1.00877
0.000959983,1.01362
0.000963977,1.01859
0.000971099,1.02351
0.000978163,1.02842
0.000982186,1.03339
0.000989249,1.03831
0.000993123,1.04337
0.000997087,1.04835
0.00100388,1.05341
0.00100767,1.05851
0.0010144,1.06358
0.00102108,1.06867
0.00102501,1.07371
0.00103163,1.07883
0.00103543,1.08393
0.00104198,1.08906
0.00104558,1.09428
0.0010524,1.09928
0.00105905,1.10441
0.00106593,1.10941
0.00106972,1.11451
0.00107645,1.11957
0.00108012,1.12473
0.00108643,1.12998
0.00109009,1.13514
0.00109616,1.14054
0.00110263,1.14573
0.0011057,1.15116
0.00111181,1.15653
0.00111795,1.1619
0.00112394,1.1673
0.00113023,1.17258
0.00113352,1.17792
0.00114002,1.18311
0.00114628,1.18839
0.00115266,1.19364
0.00115915,1.19883
0.00116542,1.20415
0.00117186,1.20934
0.00117491,1.21477
0.00118105,1.22014
0.00118692,1.2256
0.0011927,1.23113
0.00119849,1.23665
0.00120394,1.24236
0.00120957,1.24794
0.00121512,1.25359
0.00122084,1.25911
0.00122629,1.26482
0.00123169,1.27052
0.00123443,1.27611
0.00123994,1.28175
0.00124578,1.28725
0.00125141,1.29283
0.00125726,1.29833
0.00126304,1.30388
0.00126864,1.30949
0.00127448,1.31496
0.00128011,1.32057
0.00128888,1.32604
0.00129436,1.33171
0.0012999,1.33736
0.00130545,1.343
0.00131072,1.34877
0.00131612,1.35448
0.00132109,1.36037
0.00132637,1.36614
0.00133134,1.37206
0.00133635,1.37795
0.00134115,1.38393
0.00134878,1.38994
0.00135367,1.39592
0.00135796,1.40212
0.00136559,1.40816
0.00137006,1.41429
0.00137447,1.42049
0.00138156,1.42674
0.00138564,1.43309
0.00139283,1.43932
0.00139739,1.44542
0.00140207,1.45149
0.00140642,1.45769
0.00141086,1.46385
0.00141837,1.46993
0.00142564,1.47612
0.00143041,1.4821
0.00143786,1.48824
0.00144251,1.49428
0.00145008,1.50035
0.00145431,1.50661
0.00146167,1.51277
0.00146873,1.51906
0.00147305,1.52525
0.00147985,1.53169
0.00148372,1.53813
0.00149055,1.54454
0.00149415,1.55107
0.00149792,1.55757
0.00150418,1.56422
0.00150765,1.57085
0.00151382,1.57756
0.00152014,1.58421
0.00152357,1.59087
0.00152974,1.59758
0.00153647,1.60405
0.00154276,1.6107
0.00154649,1.6172
0.00155286,1.6238
0.00155936,1.63039
0.0015661,1.63683
0.00157259,1.64339
0.00157915,1.64992
0.00158544,1.65657
0.00158903,1.66316
0.00159505,1.66994
0.00160092,1.6768
0.00160709,1.68352
0.00161272,1.69048
0.00161567,1.69734
0.0016242,1.70433
0.00162692,1.71132
0.00163271,1.71822
0.00163858,1.72505
0.00164415,1.73207
0.0016496,1.73912
0.00165541,1.74599
0.00166099,1.75301
0.00166677,1.7599
0.00167261,1.7668
0.0016778,1.77397
0.00168334,1.78099
0.00169133,1.78822
0.0016937,1.79537
0.00169918,1.80238
0.00170472,1.8094
0.00171009,1.81651
0.00171542,1.82362
0.00172102,1.83061
0.00172624,1.83778
0.0017319,1.84474
0.00174001,1.85191
0.00174519,1.85912
0.00175065,1.86617
0.00175568,1.87343
0.00176099,1.88054
0.00176606,1.8878
0.00177386,1.8951
0.00177602,1.90236
0.00178377,1.90968
0.00178878,1.91698
0.00179358,1.92433
0.00180151,1.9316
0.00180624,1.93898
0.00181107,1.94634
0.00181888,1.95366
0.00182077,1.96105
0.00182864,1.96831
0.00183024,1.97582
0.00183811,1.98311
0.00184297,1.99046
0.00184777,1.99782
0.00185563,2.00511
0.0018601,2.01262
0.00186499,2.01994
0.0018722,2.02757
0.0018767,2.03508
0.00188112,2.04262
0.00188839,2.05019
0.00189286,2.05772
0.00190022,2.06526
0.00190499,2.07262
0.00190946,2.08016
0.00191396,2.08766
0.00192132,2.0952
0.00192859,2.10277
0.00193303,2.11031
0.00194003,2.118
0.00194436,2.1256
0.00194826,2.13338
0.00195514,2.14116
0.00196176,2.14903
0.00196823,2.15697
0.00197219,2.16475
0.00197896,2.17256
0.00198313,2.18022
0.0019901,2.18794
0.00199708,2.19563
0.00200116,2.20335
0.00200786,2.21117
0.00201469,2.21898
0.00201834,2.22691
0.00202525,2.23464
0.00202885,2.24257
0.00203507,2.25063
0.00204425,2.25868
0.00205015,2.26692
0.00205623,2.27504
0.00206184,2.2834
0.00206771,2.29164
0.00207328,2.3
0.00207906,2.3083
0.00208478,2.31661
0.0020875,2.32497
0.00209325,2.33327
0.00210183,2.34157
0.00210489,2.34981
0.00211359,2.35805
0.00211658,2.36629
0.00212251,2.37447
0.00212835,2.38271
0.0021373,2.39089
0.00214308,2.39919
0.00214901,2.40736
0.00215482,2.41567
0.0021631,2.42409
0.00216871,2.43245
0.00217401,2.44099
0.00217938,2.44948
0.00218453,2.45802
0.00218981,2.46657
0.00219797,2.47505
0.00220289,2.48378
0.00220784,2.49245
0.00221553,2.50118
0.00222068,2.50978
0.00222566,2.51845
0.00223371,2.52699
0.00223618,2.53548
0.00224417,2.54408
0.00224938,2.55263
0.00225707,2.56142
0.00226241,2.5699
0.00226771,2.57839
0.00227302,2.58687
0.0022813,2.59535
0.00228637,2.60402
0.00229167,2.6125
0.00229966,2.62111
0.00230493,2.62959
0.00231006,2.6382
0.00231522,2.64681
0.00232332,2.65535
0.00232824,2.66402
0.00233337,2.67262
0.00233831,2.68129
0.00234344,2.6899
0.00235148,2.69844
0.00235652,2.70711
0.00236171,2.71565
0.00236677,2.72426
0.00237494,2.7328
0.00238305,2.74135
0.00238838,2.74983
0.00239631,2.7585
0.002404,2.76723
0.00240625,2.77583
0.00241388,2.78462
0.00241891,2.79323
0.00242651,2.80202
0.00243125,2.81081
0.00243894,2.81954
0.00244344,2.82845
0.00244836,2.83711
0.00245611,2.84584
0.00246391,2.85451
0.00246862,2.86336
0.00247619,2.87215
0.00248406,2.88081
0.00248883,2.8896
0.00249694,2.89815
0.00250462,2.90688
0.00250963,2.91554
0.00251431,2.92433
0.00252182,2.93318
0.00252942,2.94197
0.00253386,2.95088
0.00254143,2.95967
0.00254837,2.96877
0.00255278,2.97774
0.0025569,2.98677
0.00256396,2.99587
0.0025712,3.00478
0.00257809,3.01393
0.00258268,3.02278
0.00258986,3.03175
0.00259731,3.04067
0.00260473,3.04952
0.00260926,3.05843
0.00261951,3.06728
0.00262374,3.07631
0.0026309,3.08534
0.00263784,3.09444
0.00264177,3.10359
0.00265137,3.11281
0.0026551,3.12209
0.00266451,3.13136
0.00266803,3.14076
0.00267715,3.15016
0.00268374,3.1595
0.00268712,3.1689
0.00269385,3.17806
0.00270297,3.18752
0.002707,3.19667
0.00271358,3.20595
0.00272056,3.21504
0.00272744,3.22414
0.00273424,3.23335
0.00273853,3.24233
0.00274806,3.25154
0.00275206,3.2607
0.00276142,3.27004
0.00276547,3.27913
0.00277203,3.28841
0.00277861,3.29768
0.00278508,3.30702
0.00279143,3.31642
0.00279792,3.3257
0.00280147,3.3351
0.00280806,3.34438
0.00281494,3.35347
0.00282177,3.36263
0.00282558,3.37184
0.00283243,3.381
0.00283929,3.39015
0.00284605,3.39937
0.0028527,3.40859
0.00286242,3.41774
0.00286602,3.42708
0.0028755,3.43636
0.00288158,3.44588
0.00288481,3.45534
0.00289086,3.46486
0.00289939,3.47463
0.00290541,3.48415
0.00291128,3.49379
0.0029204,3.50319
0.00292348,3.51277
0.0029326,3.52223
0.00293874,3.53169
0.00294494,3.54115
0.00295129,3.55055
0.00295754,3.56001
0.00296112,3.56935
0.00297006,3.57887
0.00297602,3.58846
0.00298478,3.59804
0.00299021,3.60787
0.00299861,3.61769
0.0030038,3.62764
0.00301208,3.63747
0.00301742,3.64735
0.0030226,3.65724
0.00302797,3.66713
0.0030359,3.67714
0.00304096,3.68715
0.00304606,3.6971
0.00305714,3.70699
0.00306227,3.717
0.00307008,3.72701
0.00307523,3.73702
0.00308268,3.74727
0.00309043,3.75734
0.0030949,3.76766
0.00310238,3.77785
0.00310694,3.7881
0.00311091,3.7986
0.00312092,3.80898
0.00312489,3.81954
0.00313201,3.82991
0.00313877,3.84053
0.00314581,3.85097
0.00314986,3.86141
0.00315665,3.87196
0.00316071,3.88246
0.00316738,3.89308
0.00317457,3.90346
0.0031816,3.9139
0.00318878,3.92427
0.00319593,3.93465
0.00320288,3.94508
0.00321006,3.95546
0.00321399,3.96602
0.00322413,3.97633
0.00322836,3.98677
0.00323259,3.99715
0.0032398,4.00752
0.00324684,4.01796
0.00325119,4.02828
0.00325545,4.03865
0.00326275,4.04897
0.00327002,4.05928
0.00327729,4.0696
0.00328209,4.07973
0.00328954,4.08998
0.00329434,4.10011
0.00330176,4.11037
0.00330927,4.12056
0.0033138,4.13081
0.00332143,4.14101
0.00332605,4.1512
0.00333341,4.16152
0.00334086,4.17171
0.00334796,4.18215
0.00335523,4.19246
0.00335973,4.20271
0.00336414,4.21303
0.00337159,4.22328
0.00337886,4.2336
0.00338327,4.24391
0.00339069,4.25417
0.00339492,4.26454
0.00340524,4.2748
0.00340944,4.28523
0.00341683,4.29549
0.00342389,4.30592
0.00342824,4.31624
0.00343528,4.32668
0.00343927,4.33717
0.0034491,4.34767
0.00345313,4.35817
0.00346016,4.36861
0.00346681,4.37923
0.00347363,4.38979
0.00348019,4.40047
0.00348674,4.41115
0.00349306,4.42189
0.00349926,4.43276
0.00350576,4.44344
0.00351223,4.45412
0.00351854,4.46492
0.00352501,4.47566
0.00353115,4.48653
0.00353465,4.49727
0.00354079,4.50807
0.00355027,4.51875
0.00355405,4.52937
0.00356058,4.54006
0.00356982,4.5508
0.00357581,4.56178
0.00358207,4.57259
0.003588,4.58351
0.00359429,4.59432
0.00360004,4.60536
0.00360588,4.61635
0.00361148,4.62752
0.00361983,4.63869
0.00362823,4.64986
0.00363348,4.66115
0.0036392,4.6722
0.0036448,4.6833
0.00365052,4.69441
0.00365636,4.7054
0.00366224,4.71639
0.00366864,4.72713
0.00367505,4.73787
0.0036817,4.74849
0.00368855,4.75899
0.00369526,4.76961
0.0037019,4.78023
0.00370837,4.79097
0.00371499,4.80159
0.00372428,4.81233
0.00372771,4.82308
0.0037337,4.83406
0.00374223,4.84511
0.00374509,4.85616
0.00375337,4.86739
0.00375912,4.87843
0.00376735,4.88966
0.00377277,4.9009
0.00377808,4.91219
0.00378329,4.92348
0.0037889,4.93459
0.00379414,4.94588
0.00380558,4.95699
0.00381089,4.96828
0.00381625,4.97945
0.00382165,4.99068
0.00382993,5.00191
0.00383545,5.01308
0.00384373,5.02431
0.00384919,5.03548
0.00385413,5.04695
0.00386176,5.05843
0.00386957,5.0699
0.00387428,5.08144
0.00388209,5.09291
0.00388659,5.10457
0.00389422,5.11611
0.00390158,5.12776
0.00390903,5.13936
0.00391672,5.15083
0.00392178,5.16225
0.00393275,5.1736
0.00393755,5.18507
0.00394262,5.19643
0.00394786,5.20772
0.00395585,5.21913
0.00396384,5.23048
0.00397164,5.2419
0.0039768,5.25325
0.00398443,5.26479
0.00399206,5.27632
0.00399683,5.28786
0.00400437,5.29939
0.00401191,5.31099
0.00401632,5.32265
0.00402401,5.33418
0.00403158,5.34578
0.00403915,5.35732
0.00404654,5.36897
0.0040511,5.38057
0.0040587,5.39211
0.00406627,5.4037
0.00407103,5.41518
0.00408152,5.42677
0.00408608,5.43837
0.00409362,5.44997
0.00410099,5.46163
0.00410847,5.47322
0.00411288,5.48488
0.00412006,5.49666
0.00412739,5.50832
0.0041346,5.52004
0.00413907,5.53169
0.00414637,5.54341
0.00415368,5.55513
0.00415815,5.56673
0.00416566,5.57832
0.0041704,5.58986
0.00417788,5.60152
0.00418556,5.61299
0.00419302,5.62459
0.00420374,5.63606
0.00420848,5.6476
0.00421611,5.65913
0.00422386,5.67061
0.00423128,5.68221
0.00423876,5.69388
0.00424606,5.70553
0.00425068,5.71713
0.00425807,5.72879
0.00426522,5.74051
0.0042725,5.75223
0.00427947,5.76407
0.00428659,5.77585
0.00429363,5.78769
0.0043009,5.79935
0.00430528,5.81106
0.00431267,5.82272
0.00431732,5.83432
0.00432453,5.84604
0.00433222,5.85751
0.00433958,5.86917
0.00434709,5.88077
0.00435457,5.89236
0.00435898,5.90408
0.00436929,5.91574
0.00437329,5.92758
0.00438029,5.93942
0.004387,5.95138
0.00439364,5.96341
0.0044002,5.97543
0.00440652,5.98764
0.00441304,5.99966
0.00442228,6.01181
0.00442887,6.02383
0.00443534,6.03592
0.00444475,6.048
0.00445155,6.05997
0.0044581,6.07199
0.00446511,6.08383
0.0044719,6.09573
0.00447876,6.10763
0.00448552,6.1196
0.0044922,6.13156
0.00450185,6.14352
0.0045085,6.15555
0.00451544,6.16739
0.00452191,6.17947
0.00452862,6.19144
0.00453233,6.20346
0.00453912,6.21542
0.00454323,6.2272
0.00455289,6.23917
0.00455694,6.25101
0.0045638,6.26291
0.00457077,6.27481
0.00458061,6.28665
0.00458472,6.29849
0.0045919,6.31021
0.00459879,6.32211
0.0046085,6.33401
0.00461521,6.34598
0.00462188,6.358
0.00462859,6.36996
0.00463514,6.38199
0.00464152,6.39413
0.00464772,6.40634
0.00465404,6.41849
0.00466006,6.43082
0.004669,6.44308
0.00467228,6.45535
0.00468128,6.46756
0.00469052,6.4797
0.00469952,6.49197
0.00470572,6.50424
0.00471215,6.51633
0.00471859,6.52841
0.00472509,6.5405
0.0047315,6.55258
0.00474115,6.56454
0.00474471,6.57663
0.00475413,6.58871
0.00476054,6.6008
0.00476706,6.61288
0.00477678,6.62479
0.00478334,6.63687
0.00479269,6.64896
0.00479907,6.66104
0.00480542,6.67319
0.00481159,6.68545
0.00482047,6.69772
0.00482971,6.70993
0.00483552,6.72232
0.00484726,6.73465
0.00485266,6.74722
0.00485802,6.75986
0.00486643,6.77237
0.00487453,6.78506
0.00487984,6.7977
0.00488765,6.81052
0.00489861,6.82327
0.00490341,6.83615
0.00491128,6.84891
0.00491909,6.86172
0.00492388,6.87466
0.00493461,6.88748
0.00493935,6.90036
0.00494746,6.91305
0.00495261,6.92575
0.00496102,6.93832
0.00496665,6.95077
0.00497231,6.96329
0.00498125,6.97555
0.00499008,6.98788
0.00499616,7.00015
0.00500215,7.01248
0.00501115,7.02475
0.00502038,7.03689
0.00502646,7.04916
0.00503245,7.06149
0.00504128,7.07382
0.00504712,7.08621
0.005056,7.09854
0.00506187,7.11087
0.00506795,7.12314
0.00507376,7.13559
0.00508252,7.14792
0.00508821,7.16037
0.00509415,7.17276
0.00510303,7.18509
0.00510875,7.19748
0.00511751,7.20987
0.00512326,7.22232
0.00512934,7.23459
0.00513816,7.24692
0.00514433,7.25912
0.00515345,7.27133
0.00515956,7.2836
0.00516588,7.29574
0.005175,7.30795
0.00518442,7.32004
0.00519073,7.33218
0.00519673,7.34451
0.00520561,7.35684
0.00521145,7.36923
0.00522021,7.38156
0.00522897,7.39395
0.00523767,7.40634
0.00524346,7.41879
0.00525204,7.43124
0.00525806,7.44351
0.00526372,7.45602
0.00527272,7.46823
0.00528172,7.48056
0.00528795,7.49277
0.00529689,7.50503
0.00530261,7.51749
0.00531137,7.52988
0.00531984,7.54239
0.00532854,7.55478
0.00533689,7.56735
0.00534249,7.57986
0.00535077,7.59244
0.00535608,7.60507
0.00536442,7.61764
0.00536994,7.63022
0.0053756,7.64267
0.0053843,7.65506
0.00539294,7.66751
0.00539867,7.67996
0.00540725,7.69241
0.00541315,7.70474
0.00542179,7.71719
0.00543079,7.72946
0.00543675,7.74179
0.00544563,7.75412
0.00545171,7.76639
0.00546012,7.7789
0.00546876,7.79135
0.00547734,7.8038
0.00548605,7.81619
0.00548897,7.82858
0.00549743,7.84109
0.00550607,7.85355
0.00551448,7.86612
0.00552023,7.87851
0.00552881,7.89096
0.00553769,7.90329
0.00554371,7.91562
0.00554958,7.92795
0.00555853,7.94028
0.0055644,7.95261
0.00557358,7.96481
0.00558252,7.97708
0.00558869,7.98935
0.00559769,8.00156
0.00560356,8.01395
0.00561262,8.02621
0.00562126,8.0386
0.00562707,8.05105
0.00563577,8.06338
0.00564453,8.07577
0.00565014,8.08829
0.00565842,8.10086
0.00566671,8.11349
0.00567475,8.12619
0.00568298,8.13882
0.00568814,8.15158
0.00569612,8.16428
0.00570423,8.17697
0.00570912,8.18985
0.00571716,8.20254
0.00572807,8.2153
0.005736,8.22806
0.00574133,8.24069
0.0057492,8.25345
0.00575737,8.26614
0.00576517,8.27896
0.00577316,8.29172
0.00578115,8.30447
0.0057892,8.31717
0.005797,8.32999
0.00580481,8.3428
0.00580985,8.35556
0.00581736,8.36856
0.00582239,8.38132
0.00583014,8.39419
0.00583789,8.40701
0.00584582,8.41977
0.00585345,8.43271
0.00586138,8.44546
0.0058662,8.45834
0.00587431,8.47104
0.00588242,8.48373
0.00589064,8.49637
0.00589601,8.50894
0.00590429,8.52157
0.00591007,8.53397
0.00591568,8.54648
0.00592444,8.55887
0.00593308,8.57126
0.00593901,8.58365
0.00594491,8.59598
0.0059535,8.60843
0.00596232,8.62082
0.00597078,8.63327
0.00597647,8.64578
0.00598187,8.65835
0.00599003,8.67099
0.00599838,8.68356
0.00600356,8.69626
0.00601167,8.70895
0.00601966,8.72171
0.00602466,8.73447
0.00603253,8.74728
0.00604046,8.76004
0.00604839,8.7728
0.00605649,8.78549
0.00606177,8.79819
0.00606695,8.81088
0.00607506,8.82352
0.00608317,8.83621
0.00609091,8.84909
0.00609598,8.86185
0.00610361,8.87472
0.00611142,8.8876
0.00611875,8.90066
0.00612614,8.91366
0.00613368,8.9266
0.00614068,8.93985
0.00614506,8.95291
0.00615526,8.96597
0.00616,8.97891
0.00616763,8.99179
0.00617812,9.00473
0.00618279,9.01767
0.00619054,9.03055
0.00619847,9.0433
0.00620601,9.05624
0.00621376,9.06912
0.00622145,9.082
0.0062289,9.095
0.00623641,9.108
0.0062438,9.121
0.00624857,9.13388
0.00625906,9.14682
0.00626389,9.1597
0.00627143,9.17264
0.00627903,9.18558
0.0062843,9.19821
0.00629211,9.21103
0.00630022,9.22372
0.0063082,9.23648
0.00631643,9.24911
0.00632179,9.26169
0.00633002,9.27432
0.00633836,9.28689
0.00634665,9.29953
0.00635511,9.31204
0.00636033,9.32474
0.00636861,9.33731
0.00637389,9.35001
0.00638175,9.36276
0.00638944,9.37564
0.0063997,9.3887
0.00640712,9.4017
0.00641117,9.41495
0.00641814,9.42819
0.0064281,9.44131
0.0064348,9.45468
0.00644169,9.46799
0.0064483,9.48135
0.00645519,9.49466
0.00646183,9.50803
0.00646884,9.52121
0.00647587,9.53439
0.00648281,9.54764
0.00649301,9.56076
0.00649962,9.57413
0.00650645,9.58743
0.00651575,9.60092
0.00652209,9.61447
0.00652838,9.62802
0.00653738,9.64163
0.0065462,9.65536
0.00655205,9.6691
0.00656081,9.68283
0.00656909,9.69687
0.00657458,9.71078
0.00658316,9.72464
0.0065918,9.73843
0.00659779,9.7521
0.00660655,9.7659
0.00661538,9.77957
0.00662145,9.79324
0.00663034,9.80691
0.00663651,9.82053
0.00664545,9.8342
0.00665462,9.84775
0.006661,9.8613
0.00667006,9.87491
0.00667653,9.8884
0.00668571,9.90189
0.00669221,9.91537
0.00670133,9.92892
0.00670773,9.94241
0.00671417,9.9559
0.00672082,9.96933
0.00673053,9.98257
0.00673721,9.99594
0.00674421,10.0092
0.00675112,10.0224
0.00675828,10.0356
0.00676829,10.0487
0.00677535,10.0619
0.00678242,10.0751
0.00678915,10.0884
0.00679589,10.1018
0.00680799,10.1153
0.0068141,10.1289
0.00682298,10.1427
0.00683174,10.1564
0.00683761,10.1701
0.0068433,10.184
0.00684911,10.1978
0.00685776,10.2116
0.00686664,10.2252
0.00687278,10.2389
0.00688196,10.2524
0.00689137,10.2659
0.0068976,10.2794
0.00690401,10.2929
0.00691307,10.3065
0.00692225,10.3201
0.00692851,10.3337
0.00693739,10.3474
0.00694356,10.361
0.00695214,10.3748
0.00696072,10.3886
0.00696627,10.4026
0.00697461,10.4165
0.00698296,10.4304
0.00699112,10.4445
0.00699667,10.4584
0.00700495,10.4724
0.00701312,10.4864
0.00702104,10.5006
0.00702897,10.5147
0.00703425,10.5287
0.00704521,10.5428
0.00705088,10.5567
0.00705922,10.5706
0.00706798,10.5844
0.00707338,10.5984
0.00707886,10.6123
0.00708762,10.626
0.00709644,10.6397
0.0071024,10.6535
0.00711409,10.6672
0.00712011,10.6809
0.00712607,10.6946
0.00713477,10.7083
0.00714088,10.722
0.00715,10.7356
0.00715659,10.749
0.00716305,10.7625
0.00717241,10.7759
0.00717932,10.7892
0.0071891,10.8025
0.00719595,10.8158
0.00720284,10.829
0.00721279,10.8422
0.00722221,10.8556
0.00722877,10.869
0.00723801,10.8826
0.00724417,10.8962
0.00725341,10.9097
0.00725914,10.9236
0.00726778,10.9373
0.0072763,10.9512
0.00728187,10.9651
0.00729004,10.9792
0.00729821,10.9932
0.00730643,11.0072
0.00731168,11.0212
0.00732002,11.0352
0.00732825,11.0492
0.00733653,11.0631
0.00734196,11.0771
0.00734994,11.0913
0.00735805,11.1053
0.00736621,11.1194
0.00737456,11.1333
0.00738273,11.1473
0.00739345,11.1615
0.00740132,11.1757
0.00740886,11.19
0.00741643,11.2044
0.00742367,11.2188
0.00743098,11.2333
0.0074381,11.2478
0.00744513,11.2624
0.00745497,11.277
0.00746191,11.2917
0.00746894,11.3062
0.00747598,11.3208
0.00748328,11.3352
0.00749085,11.3495
0.00749848,11.3638
0.00750652,11.3779
0.00751451,11.392
0.00751994,11.406
0.00752816,11.42
0.00753668,11.4339
0.00754253,11.4477
0.00755111,11.4615
0.00755689,11.4752
0.00756541,11.4891
0.00757412,11.5029
0.00757987,11.5167
0.00758833,11.5306
0.00759709,11.5443
0.00760568,11.5582
0.00761122,11.5721
0.0076195,11.5861
0.00762809,11.5999
0.00763667,11.6137
0.00764513,11.6277
0.00765372,11.6415
0.00765911,11.6555
0.00766764,11.6693
0.00767586,11.6833
0.00768149,11.6972
0.00768996,11.7111
0.00769836,11.725
0.00770385,11.7389
0.00771201,11.753
0.00772042,11.7669
0.0077284,11.781
0.00773621,11.7952
0.00774402,11.8094
0.00774879,11.8237
0.00775946,11.8379
0.00776709,11.8522
0.00777483,11.8664
0.00778237,11.8808
0.00778968,11.8952
0.00779421,11.9096
0.00780464,11.9239
0.00780944,11.9382
0.00781686,11.9526
0.00782422,11.967
0.00783158,11.9814
0.00784177,11.9959
0.00784919,12.0103
0.00785649,12.0247
0.00786412,12.039
0.00787139,12.0535
0.00787881,12.0678
0.00788633,12.0822
0.00789381,12.0966
0.00790155,12.1108
0.00790924,12.1251
0.00791693,12.1393
0.00792453,12.1537
0.00792945,12.1678
0.0079372,12.182
0.007945,12.1963
0.00795298,12.2104
0.00796091,12.2246
0.00796896,12.2386
0.00797694,12.2528
0.00798198,12.2669
0.00798979,12.2811
0.00799742,12.2954
0.00800219,12.3097
0.00800979,12.3239
0.00801753,12.3382
0.00802496,12.3526
0.00803258,12.3669
0.00804021,12.3811
0.00804772,12.3955
0.00805249,12.4098
0.00806018,12.424
0.00806805,12.4382
0.00807574,12.4525
0.00808337,12.4668
0.008091,12.481
0.00809839,12.4955
0.00810581,12.5099
0.00811588,12.5244
0.008123,12.5389
0.00812992,12.5536
0.00813963,12.5682
0.00814646,12.5829
0.00815293,12.5977
0.00815918,12.6127
0.0081683,12.6277
0.00817471,12.6425
0.00818383,12.6574
0.00819006,12.6725
0.00819948,12.6872
0.00820553,12.7023
0.0082117,12.7173
0.00821787,12.7323
0.00822716,12.7471
0.00823366,12.7619
0.00824296,12.7768
0.00824955,12.7916
0.00825592,12.8065
0.00826522,12.8214
0.00827446,12.8363
0.00828078,12.8512
0.00828733,12.866
0.00829371,12.8809
0.00830033,12.8957
0.00830981,12.9104
0.0083163,12.9253
0.00832259,12.9402
0.00832909,12.955
0.00833591,12.9697
0.00834539,12.9845
0.00835227,12.9991
0.00835901,13.0138
0.00836878,13.0285
0.00837558,13.0432
0.00838234,13.0579
0.00838926,13.0725
0.0083962,13.0871
0.00840324,13.1017
0.00841,13.1164
0.00841689,13.131
0.00842377,13.1457
0.00843337,13.1604
0.00844001,13.1752
0.00844654,13.19
0.00845345,13.2046
0.0084601,13.2194
0.00846669,13.2342
0.00847327,13.2489
0.00848269,13.2638
0.00848936,13.2785
0.00849586,13.2934
0.00850528,13.3081
0.00851184,13.323
0.00851809,13.3379
0.00852733,13.3528
0.00853657,13.3677
0.00854286,13.3826
0.00854876,13.3977
0.00855752,13.4129
0.00856611,13.4281
0.00857195,13.4432
0.00858059,13.4584
0.00858607,13.4737
0.00859472,13.4889
0.00860312,13.5042
0.00860875,13.5194
0.0086171,13.5348
0.0086227,13.55
0.00862827,13.5653
0.00863674,13.5805
0.00864526,13.5958
0.00865384,13.611
0.00865966,13.6262
0.00866556,13.6413
0.00867122,13.6565
0.00868004,13.6716
0.00868606,13.6867
0.00869223,13.7016
0.00870141,13.7166
0.00870761,13.7315
0.00871393,13.7464
0.00872009,13.7614
0.00872927,13.7764
0.00873529,13.7914
0.00874447,13.8064
0.00875043,13.8214
0.0087563,13.8366
0.00876507,13.8517
0.00877359,13.8669
0.00878229,13.8821
0.00878778,13.8974
0.00879341,13.9126
0.00880175,13.9279
0.0088101,13.9433
0.00881534,13.9587
0.00882345,13.9742
0.00883156,13.9896
0.00883924,14.0052
0.00884684,14.0208
0.00885149,14.0366
0.00885912,14.0522
0.00886675,14.068
0.00887417,14.0837
0.00888177,14.0993
0.00888913,14.1152
0.00889664,14.1309
0.00890412,14.1467
0.00890898,14.1623
0.00891685,14.1778
0.00892448,14.1934
0.00893229,14.2091
0.00893974,14.2248
0.00894451,14.2404
0.00895214,14.2561
0.00895962,14.2718
0.00896724,14.2876
0.00897481,14.3032
0.00898244,14.3189
0.00899001,14.3346
0.0089974,14.3503
0.00900208,14.3661
0.00900959,14.3818
0.00901734,14.3974
0.00902503,14.4131
0.00903308,14.4286
0.00904089,14.4441
0.00904583,14.4597
0.00905376,14.4752
0.00906175,14.4907
0.00907015,14.506
0.00907537,14.5215
0.00908353,14.5368
0.0090945,14.5523
0.00909951,14.5678
0.00910744,14.5834
0.00911506,14.599
0.00912025,14.6145
0.00913098,14.63
0.00913616,14.6455
0.00914403,14.6611
0.00914883,14.6767
0.00915694,14.6922
0.00916492,14.7076
0.00917327,14.723
0.00918167,14.7382
0.00919032,14.7534
0.00919592,14.7687
0.00920414,14.7841
0.00920951,14.7995
0.00921773,14.8148
0.00922608,14.8302
0.00923407,14.8457
0.00923913,14.8612
0.00924706,14.8767
0.00925487,14.8923
0.00926262,14.9079
0.00927022,14.9235
0.00927796,14.9391
0.00928589,14.9547
0.00929388,14.9702
0.00930216,14.9856
0.00931039,15.0009
0.00931879,15.0163
0.00932708,15.0316
0.00933554,15.0469
0.00934395,15.0622
0.00935235,15.0775
0.00936087,15.0927
0.00936922,15.1081
0.00937768,15.1233
0.00938597,15.1387
0.00939419,15.1541
0.00940236,15.1695
0.00940757,15.1849
0.00941285,15.2003
0.00942113,15.2157
0.00942954,15.231
0.00943764,15.2464
0.00944581,15.2619
0.0094541,15.2772
0.00945964,15.2924
0.0094712,15.3076
0.00947678,15.323
0.00948536,15.3381
0.00949382,15.3534
0.00949934,15.3687
0.00951078,15.3839
0.00951623,15.3993
0.00952458,15.4146
0.00953251,15.4301
0.00954037,15.4456
0.00955086,15.4613
0.00955837,15.477
0.009566,15.4928
0.00957637,15.5085
0.00958412,15.5241
0.00959163,15.5398
0.00959926,15.5554
0.00960683,15.5712
0.0096144,15.5868
0.00962215,15.6024
0.00962996,15.6181
0.00963771,15.6337
0.00964814,15.6494
0.00965851,15.6652
0.00966557,15.6811
0.00967279,15.6969
0.00968572,15.7128
0.00969281,15.7288
0.00969976,15.7448
0.00970941,15.7609
0.00971901,15.777
0.00972604,15.7929
0.00973287,15.809
0.00974282,15.8249
0.00974988,15.8408
0.00975707,15.8567
0.00976434,15.8726
0.00977459,15.8883
0.00978213,15.9041
0.00978961,15.9198
0.00979736,15.9355
0.00980499,15.9511
0.00981256,15.9668
0.0098201,15.9825
0.00983041,15.9983
0.00983816,16.0139
0.00984561,16.0296
0.00985324,16.0453
0.00986078,16.061
0.00986847,16.0766
0.00987634,16.0923
0.00988438,16.1077
0.00989255,16.1231
0.00990071,16.1385
0.00990924,16.1538
0.00991764,16.1691
0.0099264,16.1842
0.00993522,16.1993
0.00994405,16.2144
0.00994992,16.2295
0.0099585,16.2447
0.00996732,16.2599
0.00997608,16.275
0.00998496,16.2901
0.00999072,16.3053
0.00999918,16.3205
0.0100077,16.3357
0.0100161,16.351
0.0100246,16.3664
0.0100329,16.3816
0.0100413,16.397
0.0100497,16.4123
0.0100579,16.4277
0.0100662,16.443
0.0100715,16.4585
0.0100797,16.4738
0.010088,16.4892
0.0100992,16.5045
0.0101046,16.5199
0.0101128,16.5353
0.010121,16.5507
0.0101289,16.5662
0.0101371,16.5816
0.0101451,16.5971
0.0101533,16.6125
0.0101615,16.6279
0.0101696,16.6433
0.0101781,16.6585
0.0101866,16.6738
0.0101924,16.689
0.0102013,16.7041
0.0102073,16.7191
0.0102165,16.734
0.0102228,16.749
0.0102318,16.7639
0.010241,16.7789
0.0102501,16.7939
0.0102592,16.8089
0.0102651,16.8239
0.010274,16.839
0.0102828,16.8542
0.0102916,16.8692
0.0102974,16.8844
0.0103062,16.8995
0.0103151,16.9146
0.010321,16.9297
0.0103296,16.9449
0.0103354,16.9601
0.0103443,16.9751
0.0103505,16.9901
0.0103593,17.0052
0.0103682,17.0202
0.010377,17.0354
0.0103859,17.0504
0.0103919,17.0655
0.0104006,17.0807
0.0104093,17.0959
0.0104178,17.1111
0.0104263,17.1263
0.0104318,17.1416
0.0104402,17.157
0.0104484,17.1723
0.0104568,17.1877
0.010465,17.203
0.0104733,17.2184
0.0104818,17.2337
0.0104902,17.249
0.0104959,17.2642
0.0105043,17.2794
0.0105127,17.2948
0.0105212,17.31
0.0105267,17.3253
0.0105378,17.3407
0.0105462,17.356
0.0105547,17.3713
0.0105632,17.3866
0.0105714,17.4019
0.0105769,17.4173
0.010585,17.4326
0.0105936,17.4479
0.010602,17.4632
0.0106077,17.4784
0.0106164,17.4936
0.0106251,17.5087
0.010631,17.5238
0.0106399,17.5388
0.0106465,17.5537
0.010656,17.5685
0.0106627,17.5832
0.0106721,17.598
0.0106786,17.6128
0.0106881,17.6276
0.0106948,17.6424
0.0107042,17.6572
0.0107135,17.672
0.0107227,17.687
0.0107287,17.7021
0.0107346,17.7172
0.0107463,17.7323
0.0107522,17.7474
0.0107612,17.7624
0.0107703,17.7774
0.0107764,17.7924
0.0107826,17.8073
0.0107916,17.8224
0.0107981,17.8372
0.0108074,17.8521
0.0108173,17.8669
0.0108273,17.8817
0.0108372,17.8966
0.0108443,17.9115
0.0108539,17.9265
0.0108637,17.9413
0.0108733,17.9563
0.0108831,17.9713
0.0108899,17.9862
0.0108996,18.0012
0.0109094,18.0161
0.0109163,18.031
0.0109261,18.046
0.0109358,18.0609
0.0109456,18.0758
0.0109526,18.0907
0.0109599,18.1054
0.0109703,18.12
0.0109806,18.1347
0.010991,18.1494
0.0109985,18.164
0.0110061,18.1786
0.0110167,18.1931
0.0110271,18.2077
0.0110349,18.2222
0.0110425,18.2368
0.0110528,18.2515
0.0110602,18.2661
0.0110704,18.2809
0.011078,18.2954
0.0110883,18.3101
0.0110961,18.3246
0.0111038,18.3391
0.0111147,18.3535
0.0111196,18.368
0.0111304,18.3824
0.0111384,18.3968
0.0111489,18.4114
0.0111567,18.4259
0.0111671,18.4405
0.0111773,18.4552
0.0111873,18.4701
0.011197,18.485
0.0112039,18.4999
0.0112134,18.515
0.011223,18.53
0.0112296,18.5451
0.0112392,18.5601
0.011246,18.575
0.0112555,18.5901
0.0112652,18.6051
0.0112719,18.6201
0.0112816,18.635
0.011291,18.6501
0.0113003,18.6653
0.0113096,18.6805
0.0113187,18.6957
0.0113276,18.7111
0.011336,18.7267
0.0113475,18.7422
0.0113561,18.7577
0.0113644,18.7733
0.0113727,18.7889
0.0113839,18.8045
0.0113925,18.8201
0.0113981,18.8356
0.0114096,18.8512
0.0114154,18.8666
0.0114241,18.882
0.0114357,18.8974
0.0114414,18.913
0.0114531,18.9284
0.0114589,18.9439
0.0114707,18.9592
0.0114768,18.9745
0.0114859,18.9898
0.0114921,19.005
0.0115012,19.0202
0.0115107,19.0353
0.01152,19.0505
0.0115295,19.0655
0.0115363,19.0805
0.0115459,19.0955
0.0115526,19.1106
0.0115621,19.1256
0.0115687,19.1407
0.0115781,19.1558
0.0115873,19.1709
0.0115967,19.1861
0.011606,19.2013
0.0116125,19.2164
0.0116219,19.2315
0.0116313,19.2466
0.0116407,19.2617
0.0116442,19.2768
0.0116535,19.292
0.0116628,19.3072
0.0116723,19.3222
0.0116816,19.3374
0.0116879,19.3526
0.011697,19.3678
0.0117031,19.3831
0.0117122,19.3984
0.0117211,19.4138
0.01173,19.4291
0.0117388,19.4445
0.0117476,19.4599
0.0117564,19.4753
0.0117651,19.4908
0.0117743,19.506
0.0117801,19.5214
0.0117889,19.5368
0.0117946,19.5523
0.0118063,19.5677
0.0118125,19.583
0.0118243,19.5983
0.0118305,19.6136
0.0118395,19.6288
0.0118488,19.6441
0.0118552,19.6592
0.0118644,19.6744
0.011874,19.6894
0.0118835,19.7044
0.0118932,19.7195
0.0118997,19.7345
0.0119094,19.7495
0.0119163,19.7644
0.0119258,19.7795
0.0119326,19.7945
0.0119419,19.8096
0.0119487,19.8246
0.011958,19.8397
0.0119645,19.8549
0.011974,19.8699
0.0119807,19.8849
0.01199,19.9
0.0119964,19.9152
0.0120057,19.9304
0.0120151,19.9455
0.0120215,19.9606
0.0120308,19.9758
0.0120401,19.991
0.0120495,20.0061
0.0120557,20.0214
0.012065,20.0365
0.0120743,20.0517
0.0120836,20.0668
0.012093,20.0819
0.0120992,20.0972
0.0121088,20.1122
0.0121183,20.1273
0.012128,20.1423
0.0121374,20.1573
0.0121468,20.1724
0.0121563,20.1875
0.0121656,20.2027
0.012175,20.2178
0.0121841,20.233
0.0121934,20.2482
0.0122024,20.2635
0.0122114,20.2788
0.0122203,20.2942
0.0122293,20.3094
0.0122383,20.3248
0.0122472,20.3401
0.0122564,20.3553
0.0122656,20.3705
0.0122749,20.3857
0.0122843,20.4008
0.0122907,20.416
0.0123001,20.4311
0.0123094,20.4462
0.0123189,20.4613
0.0123255,20.4764
0.012335,20.4915
0.0123446,20.5064
0.0123515,20.5214
0.0123612,20.5363
0.012371,20.5512
0.0123779,20.5662
0.0123878,20.581
0.012395,20.5958
0.0124051,20.6105
0.0124123,20.6254
0.0124224,20.6401
0.0124326,20.6548
0.0124401,20.6695
0.0124506,20.6841
0.0124607,20.6988
0.0124682,20.7134
0.0124756,20.7281
0.0124859,20.7428
0.0124964,20.7574
0.0125067,20.772
0.012517,20.7867
0.0125239,20.8016
0.0125338,20.8165
0.0125406,20.8315
0.0125502,20.8464
0.0125598,20.8614
0.0125694,20.8765
0.012579,20.8915
0.0125885,20.9066
0.0125954,20.9215
0.012605,20.9365
0.0126146,20.9515
0.0126244,20.9664
0.0126314,20.9813
0.0126414,20.9962
0.0126515,21.0109
0.0126587,21.0257
0.0126656,21.0406
0.0126754,21.0555
0.0126854,21.0704
0.0126924,21.0852
0.0126995,21.1
0.0127093,21.1149
0.0127193,21.1298
0.0127294,21.1445
0.0127366,21.1593
0.0127439,21.174
0.0127541,21.1888
0.0127615,21.2034
0.0127689,21.2181
0.0127794,21.2327
0.0127842,21.2473
0.0127947,21.2618
0.0128052,21.2764
0.0128127,21.291
0.0128231,21.3057
0.0128305,21.3203
0.012838,21.335
0.0128457,21.3495
0.012856,21.3641
0.0128636,21.3787
0.0128712,21.3932
0.0128819,21.4078
0.0128866,21.4224
0.012897,21.4369
0.0129047,21.4515
0.0129151,21.4661
0.0129228,21.4806
0.0129332,21.4952
0.012941,21.5098
0.0129515,21.5244
0.0129587,21.5391
0.0129632,21.5538
0.0129729,21.5687
0.0129827,21.5836
0.0129924,21.5986
0.0130021,21.6136
0.0130117,21.6286
0.0130181,21.6438
0.0130273,21.659
0.0130363,21.6743
0.0130454,21.6895
0.0130514,21.7049
0.0130606,21.7201
0.0130697,21.7353
0.0130788,21.7505
0.0130881,21.7657
0.0130971,21.7811
0.0131034,21.7963
0.0131154,21.8115
0.0131217,21.8268
0.0131279,21.842
0.0131368,21.8573
0.0131463,21.8724
0.0131526,21.8876
0.0131618,21.9028
0.0131681,21.918
0.0131774,21.9332
0.0131867,21.9484
0.0131932,21.9635
0.0132026,21.9786
0.0132093,21.9936
0.0132188,22.0086
0.0132255,22.0237
0.013235,22.0387
0.0132417,22.0537
0.0132484,22.0687
0.013258,22.0837
0.0132646,22.0988
0.0132739,22.114
0.0132833,22.1291
0.0132898,22.1442
0.0132992,22.1593
0.0133056,22.1744
0.013315,22.1895
0.0133215,22.2047
0.0133307,22.2198
0.0133375,22.2349
0.013347,22.2499
0.0133568,22.2648
0.0133635,22.2798
0.0133705,22.2947
0.0133802,22.3097
0.0133869,22.3247
0.0133965,22.3397
0.0134034,22.3546
0.013413,22.3696
0.0134223,22.3848
0.0134288,22.3999
0.0134383,22.415
0.0134476,22.4301
0.0134538,22.4454
0.0134631,22.4605
0.0134697,22.4756
0.0134791,22.4907
0.0134856,22.5059
0.0134952,22.5208
0.0135046,22.5359
0.0135142,22.5509
0.0135206,22.5661
0.0135299,22.5812
0.0135393,22.5963
0.0135489,22.6114
0.0135584,22.6265
0.0135677,22.6416
0.0135746,22.6566
0.0135844,22.6714
0.0135916,22.6862
0.0136017,22.701
0.0136092,22.7156
0.0136198,22.7302
0.0136273,22.7448
0.0136349,22.7593
0.0136454,22.7739
0.0136561,22.7884
0.0136637,22.803
0.013674,22.8176
0.0136814,22.8323
0.0136917,22.847
0.013699,22.8618
0.0137065,22.8763
0.0137167,22.8911
0.013727,22.9058
0.0137342,22.9205
0.0137444,22.9352
0.0137516,22.95
0.0137618,22.9648
0.0137689,22.9796
0.0137787,22.9944
0.0137887,23.0093
0.0137952,23.0244
0.0138051,23.0392
0.0138148,23.0543
0.0138245,23.0692
0.0138343,23.0842
0.013844,23.0991
0.0138539,23.114
0.0138666,23.1289
0.0138738,23.1437
0.0138838,23.1585
0.0138938,23.1733
0.0139037,23.1882
0.0139135,23.2031
0.0139233,23.218
0.0139328,23.233
0.0139427,23.248
0.0139494,23.263
0.013959,23.278
0.0139687,23.293
0.0139752,23.308
0.0139849,23.323
0.0139946,23.338
0.0140044,23.3529
0.0140114,23.3678
0.0140212,23.3827
0.0140311,23.3976
0.014038,23.4125
0.014048,23.4273
0.0140578,23.4422
0.0140678,23.457
0.014075,23.4718
0.0140853,23.4865
0.0140927,23.5012
0.014103,23.5159
0.0141104,23.5305
0.0141206,23.5452
0.0141281,23.5599
0.0141357,23.5744
0.0141434,23.589
0.014154,23.6035
0.0141615,23.6181
0.0141692,23.6326
0.0141797,23.6472
0.0141873,23.6618
0.0141977,23.6764
0.0142053,23.691
0.0142157,23.7056
0.0142232,23.7203
0.0142337,23.7349
0.014241,23.7496
0.0142484,23.7642
0.0142587,23.7789
0.0142661,23.7936
0.0142765,23.8082
0.0142866,23.823
0.0142939,23.8377
0.014304,23.8525
0.0143108,23.8674
0.0143208,23.8823
0.0143279,23.8971
0.0143378,23.9119
0.0143446,23.9269
0.0143543,23.9418
0.0143614,23.9567
0.0143715,23.9714
0.0143788,23.9862
0.014389,24.0009
0.0143965,24.0156
0.0144035,24.0304
0.0144136,24.0452
0.0144237,24.0599
0.0144337,24.0748
0.0144412,24.0894
0.0144512,24.1042
0.0144585,24.119
0.0144689,24.1336
0.0144792,24.1483
0.014487,24.1627
0.014495,24.1771
0.0145031,24.1915
0.0145113,24.2057
0.0145196,24.22
0.0145277,24.2343
0.0145389,24.2485
0.0145472,24.2628
0.0145555,24.277
0.0145638,24.2913
0.0145746,24.3057
0.0145828,24.32
0.014591,24.3343
0.014602,24.3486
0.0146103,24.3629
0.0146216,24.377
0.01463,24.3912
0.0146383,24.4055
0.0146495,24.4197
0.0146606,24.434
0.0146691,24.4482
0.0146774,24.4624
0.0146856,24.4767
0.0146967,24.491
0.0147046,24.5054
0.0147126,24.5198
0.0147207,24.5341
0.0147316,24.5485
0.0147398,24.5628
0.0147507,24.5772
0.0147587,24.5916
0.0147666,24.606
0.0147775,24.6204
0.0147885,24.6348
0.0147963,24.6492
0.014807,24.6637
0.0148175,24.6783
0.0148278,24.6929
0.014838,24.7076
0.0148482,24.7224
0.0148555,24.7371
0.0148655,24.752
0.0148758,24.7666
0.0148832,24.7813
0.0148934,24.796
0.0149037,24.8107
0.0149112,24.8253
0.0149219,24.8398
0.0149299,24.8542
0.014938,24.8685
0.0149491,24.8828
0.0149575,24.897
0.0149689,24.9111
0.0149776,24.9252
0.0149864,24.9392
0.0149951,24.9532
0.0150042,24.9671
0.0150159,24.9811
0.0150249,24.995
0.0150341,25.0088
0.0150432,25.0226
0.0150524,25.0364
0.0150616,25.0502
0.0150709,25.064
0.0150832,25.0777
0.0150899,25.0913
0.0150996,25.1049
0.0151094,25.1184
0.0151192,25.132
0.015129,25.1454
0.0151361,25.1588
0.0151463,25.1722
0.0151562,25.1857
0.0151661,25.1991
0.0151761,25.2125
0.0151833,25.2259
0.015193,25.2394
0.0152031,25.2529
0.0152132,25.2662
0.0152232,25.2796
0.0152332,25.293
0.015243,25.3065
0.0152531,25.3199
0.0152659,25.3334
0.0152759,25.3468
0.0152828,25.3603
0.0152927,25.3738
0.0153026,25.3872
0.0153153,25.4008
0.0153252,25.4142
0.0153349,25.4278
0.0153448,25.4413
0.0153547,25.4547
0.0153616,25.4682
0.0153716,25.4816
0.0153846,25.495
0.015392,25.5083
0.0154021,25.5217
0.0154123,25.535
0.0154226,25.5483
0.01543,25.5615
0.0154436,25.5746
0.0154511,25.5878
0.0154618,25.6009
0.0154726,25.614
0.0154805,25.627
0.0154945,25.6398
0.0155027,25.6527
0.0155142,25.6654
0.0155226,25.6782
0.0155341,25.6909
0.0155425,25.7037
0.015554,25.7164
0.0155627,25.729
0.0155741,25.7418
0.015583,25.7543
0.0155945,25.767
0.0156061,25.7797
0.0156148,25.7923
0.0156237,25.8049
0.0156355,25.8174
0.0156443,25.83
0.0156563,25.8425
0.0156651,25.855
0.0156769,25.8676
0.0156885,25.8802
0.0156974,25.8928
0.0157062,25.9053
0.0157177,25.9181
0.0157291,25.9308
0.0157374,25.9436
0.0157489,25.9564
0.0157575,25.9691
0.0157689,25.9817
0.0157805,25.9944
0.015789,26.0071
0.0157975,26.0199
0.0158089,26.0326
0.0158177,26.0452
0.0158294,26.0579
0.0158381,26.0704
0.0158469,26.083
0.0158587,26.0956
0.0158676,26.1081
0.0158768,26.1205
0.0158862,26.1328
0.0158989,26.145
0.015912,26.1569
0.0159226,26.1686
0.0159365,26.1802
0.0159507,26.1916
0.0159624,26.2028
0.0159744,26.2137
0.0159872,26.2244
0.0160029,26.235
0.0160163,26.2455
0.0160269,26.2558
0.0160409,26.2659
0.0160579,26.2759
0.0160697,26.2856
0.0160851,26.295
0.0161008,26.3043
0.0161174,26.3132
0.0161343,26.3218
0.0161519,26.3301
0.0161673,26.3381
0.0161862,26.3459
0.0162056,26.3534
0.0162257,26.3605
0.0162435,26.3673
0.0162617,26.374
0.0162808,26.3802
0.0163037,26.386
0.0163252,26.3911
0.0163494,26.3948
0.0163799,26.3955
