"Maximum force",49.6941,"N"
"Gage length ",1.05693,"mm"
"Strain energy",0.5152,"mJ"
"Deformation at maximum force",0.0285495,"mm"
"Standard travel","Standard force"
"mm","N"
0,0.369324
1.35601e-006,0.37006
5.70714e-006,0.370751
7.16746e-006,0.371441
8.55327e-006,0.372162
1.27554e-005,0.372921
1.41785e-005,0.373627
1.57654e-005,0.374253
1.72481e-005,0.374928
1.86712e-005,0.375634
1.98707e-005,0.376439
2.11075e-005,0.377232
2.20984e-005,0.37814
2.32533e-005,0.378972
2.45348e-005,0.379738
2.33874e-005,0.380288
2.50489e-005,0.380875
2.39611e-005,0.381394
2.60174e-005,0.381793
2.52128e-005,0.382178
2.72244e-005,0.382599
2.94447e-005,0.382922
2.89083e-005,0.383179
3.13371e-005,0.383399
3.10708e-005,0.383533
3.33805e-005,0.383815
3.29688e-005,0.384011
3.2194e-005,0.384379
3.40864e-005,0.384856
3.31476e-005,0.385304
3.24883e-005,0.385617
3.47085e-005,0.385937
3.42205e-005,0.386174
3.374e-005,0.386401
3.32594e-005,0.386628
3.28291e-005,0.386832
3.23988e-005,0.387036
3.50811e-005,0.387137
3.49088e-005,0.387224
3.4661e-005,0.387341
3.4363e-005,0.387482
3.40817e-005,0.387615
3.66298e-005,0.38778
3.60152e-005,0.388078
3.53521e-005,0.388391
3.45251e-005,0.388782
3.37837e-005,0.389134
3.31877e-005,0.389417
3.29213e-005,0.389543
3.25246e-005,0.38973
3.23923e-005,0.389794
3.21278e-005,0.389919
3.21602e-005,0.389904
3.21602e-005,0.389904
3.50213e-005,0.389919
3.48853e-005,0.38999
3.50003e-005,0.389935
3.4869e-005,0.389998
3.47856e-005,0.390037
3.45211e-005,0.390162
3.41244e-005,0.39035
3.35135e-005,0.39064
3.57039e-005,0.390977
3.51638e-005,0.391235
3.48825e-005,0.391368
3.76094e-005,0.391447
3.73263e-005,0.391588
3.97552e-005,0.391807
3.93398e-005,0.392012
3.89263e-005,0.392207
4.14595e-005,0.39238
4.38884e-005,0.392607
4.3432e-005,0.392826
4.58907e-005,0.393038
4.83345e-005,0.393257
4.79732e-005,0.39343
5.04021e-005,0.393649
5.26968e-005,0.393939
5.18512e-005,0.394345
5.40864e-005,0.39466
5.61874e-005,0.395043
5.86759e-005,0.39524
6.10601e-005,0.39549
6.35784e-005,0.395671
6.59179e-005,0.395936
6.80339e-005,0.396312
7.01498e-005,0.396689
7.25638e-005,0.396924
7.50225e-005,0.397136
8.03571e-005,0.397355
7.99995e-005,0.397535
8.53341e-005,0.397755
8.78077e-005,0.397966
9.00131e-005,0.398294
9.4841e-005,0.398758
9.68825e-005,0.399172
9.86334e-005,0.399721
0.00010063,0.400152
0.000105518,0.400591
0.000107544,0.401007
0.000109377,0.401514
0.000111419,0.401922
0.000116276,0.402368
0.000118333,0.402777
0.000120464,0.403145
0.00012556,0.403482
0.000127765,0.403818
0.000129881,0.404196
0.000134888,0.404571
0.000139984,0.404917
0.000142175,0.405252
0.000146973,0.405731
0.000151592,0.406296
0.000153224,0.406906
0.000157933,0.407429
0.00016285,0.407846
0.000167797,0.408262
0.000169719,0.408731
0.0001772,0.409311
0.000178749,0.40996
0.000182981,0.410696
0.000187333,0.411402
0.000191654,0.4121
0.000193159,0.412775
0.000197361,0.413534
0.000201802,0.414186
0.000206272,0.41482
0.000210653,0.415495
0.000215004,0.416189
0.000219325,0.416895
0.000223736,0.417562
0.000228266,0.418173
0.000232975,0.418692
0.000237743,0.419184
0.000242482,0.419695
0.000246535,0.420523
0.000250677,0.421316
0.00025473,0.422151
0.000261823,0.422922
0.000266055,0.423681
0.000270258,0.42444
0.000277201,0.425279
0.000281255,0.426111
0.000285218,0.426996
0.000289182,0.427873
0.000295768,0.428881
0.000299255,0.429979
0.000302787,0.431063
0.000309373,0.43207
0.000310159,0.433084
0.000316954,0.433992
0.000320605,0.435015
0.000327132,0.436045
0.000330589,0.437174
0.000334239,0.438196
0.000341183,0.439031
0.000345326,0.439821
0.00035218,0.44071
0.000359005,0.44161
0.00036276,0.442587
0.000366441,0.443594
0.000372997,0.444624
0.000379524,0.445661
0.000383011,0.44676
0.000389299,0.447912
0.000395587,0.449064
0.000399223,0.450102
0.000406048,0.450994
0.000412724,0.451967
0.000416538,0.452917
0.000422797,0.454077
0.000429204,0.455168
0.000432542,0.456343
0.000439039,0.457395
0.000445506,0.458464
0.000448993,0.45957
0.000455103,0.460806
0.000461093,0.462088
0.000464341,0.463308
0.000470481,0.464537
0.00047665,0.465742
0.000482968,0.466886
0.000489614,0.467863
0.000496439,0.468759
0.000500432,0.469629
0.000507227,0.470529
0.000513783,0.471552
0.000520251,0.47262
0.00052639,0.473848
0.000532917,0.474886
0.000536597,0.475901
0.000543124,0.476938
0.000548995,0.478289
0.000557816,0.479608
0.000560692,0.481012
0.000569633,0.482271
0.000572747,0.483568
0.000581867,0.484743
0.00058516,0.485948
0.00059124,0.487192
0.00060018,0.488459
0.000606588,0.489565
0.000610045,0.490679
0.000616095,0.491945
0.000621847,0.493349
0.000630609,0.494684
0.000633917,0.495897
0.000642619,0.497263
0.000648579,0.498583
0.000654361,0.499971
0.000660232,0.501329
0.000665716,0.502863
0.00067418,0.504351
0.0006802,0.50564
0.000686309,0.506876
0.000694952,0.50828
0.000697753,0.509722
0.000706575,0.511042
0.000715635,0.512262
0.000721565,0.513582
0.000727079,0.515108
0.000735602,0.51658
0.000741294,0.518007
0.000749758,0.519503
0.00075557,0.520891
0.000764153,0.52231
0.000769815,0.523783
0.000777921,0.525431
0.000783167,0.527086
0.000788442,0.528726
0.000794223,0.530115
0.000802508,0.531687
0.000810793,0.533266
0.000816158,0.534868
0.000821522,0.536455
0.000829748,0.538057
0.000835351,0.539553
0.000840864,0.541071
0.000849268,0.542581
0.000857732,0.544084
0.000863305,0.54558
0.000871948,0.547006
0.000877849,0.548334
0.000886253,0.549868
0.000891677,0.551424
0.000897131,0.552973
0.000905535,0.554499
0.000910989,0.556047
0.000919393,0.557558
0.000924638,0.559214
0.000932923,0.560793
0.000941149,0.562395
0.000946632,0.563944
0.000952176,0.565454
0.000960699,0.566912
0.000966034,0.568529
0.000971309,0.570154
0.000976643,0.571756
0.000988087,0.573206
0.000991112,0.574549
0.000999576,0.576052
0.00100786,0.577608
0.00101305,0.579294
0.00102139,0.580835
0.00102974,0.582407
0.00103552,0.583811
0.00104392,0.585314
0.00105256,0.58674
0.00106073,0.588381
0.00106601,0.590013
0.00107441,0.591532
0.00107983,0.593103
0.00108788,0.594789
0.00109569,0.596613
0.00110332,0.598497
0.00111107,0.600328
0.00111882,0.602182
0.0011265,0.604036
0.0011339,0.60605
0.00114149,0.607958
0.00114906,0.60988
0.00115687,0.611681
0.0011648,0.613451
0.00116999,0.615114
0.00117803,0.616793
0.0011862,0.618456
0.00119419,0.620157
0.00119955,0.621767
0.00120778,0.623384
0.00121868,0.625078
0.00122342,0.626993
0.00122837,0.628778
0.00123653,0.630411
0.00124768,0.632013
0.0012531,0.63357
0.00126115,0.635256
0.00126646,0.636896
0.00127742,0.638574
0.00128276,0.640184
0.00129098,0.641802
0.00129951,0.643274
0.00130767,0.644892
0.00131566,0.646623
0.00132052,0.64847
0.00133107,0.650339
0.0013359,0.652201
0.00134352,0.654077
0.00135106,0.656023
0.00135565,0.657976
0.00136322,0.659899
0.00137103,0.661692
0.00137896,0.663454
0.00138677,0.665277
0.00139446,0.667139
0.00140232,0.668901
0.00141037,0.670595
0.00141866,0.672205
0.00142682,0.67383
0.00143511,0.675424
0.00144035,0.677065
0.00144852,0.678697
0.00145949,0.680391
0.00146485,0.681986
0.00147296,0.683649
0.00148076,0.685449
0.0014883,0.687403
0.00149599,0.689264
0.00150359,0.691172
0.00151122,0.693064
0.00151858,0.695093
0.00152574,0.697214
0.00153307,0.699243
0.00154058,0.701197
0.00154815,0.703112
0.0015559,0.70495
0.00156651,0.706812
0.00157414,0.708712
0.00157872,0.710657
0.00158653,0.712473
0.00159428,0.714304
0.00160203,0.71615
0.00160963,0.718065
0.00161717,0.719988
0.00162778,0.721849
0.00163267,0.723673
0.00164334,0.725496
0.00164807,0.727381
0.00165874,0.729196
0.00166643,0.731066
0.0016743,0.732843
0.00168235,0.734552
0.00169022,0.73633
0.00169802,0.73813
0.00170583,0.739946
0.00171352,0.741808
0.00172139,0.743593
0.00172932,0.745355
0.00173712,0.747156
0.00174466,0.749102
0.0017522,0.751047
0.00175965,0.753015
0.00176711,0.754984
0.00177161,0.756983
0.00178186,0.759012
0.00178642,0.760996
0.00179381,0.76301
0.00180126,0.764978
0.00180913,0.766764
0.00181717,0.76845
0.00182254,0.770044
0.00183064,0.7717
0.00183905,0.773226
0.00184751,0.774729
0.00185615,0.776155
0.00186468,0.77762
0.00187308,0.779154
0.00187833,0.780802
0.00188631,0.782511
0.0018943,0.784243
0.00190515,0.785982
0.00191284,0.787851
0.00192047,0.789736
0.00192786,0.791765
0.00193528,0.793749
0.00194267,0.795748
0.00195042,0.797579
0.00195817,0.799417
0.00196587,0.801305
0.00197332,0.803274
0.00198095,0.805158
0.00198882,0.806936
0.00199662,0.808759
0.00200425,0.810659
0.0020117,0.812627
0.00201924,0.814558
0.00202687,0.81645
0.00203462,0.818289
0.00204237,0.820127
0.00205018,0.821951
0.00205769,0.823888
0.00206532,0.825788
0.00207307,0.827612
0.00208123,0.829267
0.0020891,0.83103
0.00209697,0.832823
0.0021046,0.834722
0.00211229,0.836576
0.00211989,0.838499
0.00212746,0.840414
0.00213485,0.842413
0.00214242,0.844351
0.00214978,0.846365
0.00215717,0.848379
0.00216456,0.850378
0.00217192,0.852407
0.00217913,0.854498
0.00218921,0.856588
0.00219666,0.858572
0.00220429,0.860487
0.00221198,0.862341
0.00221973,0.864164
0.00222741,0.866033
0.00223522,0.867857
0.00224291,0.869734
0.0022506,0.871595
0.00225817,0.87351
0.0022658,0.875402
0.00227322,0.877386
0.00228076,0.879331
0.00229095,0.881376
0.00229542,0.883405
0.00230568,0.88542
0.00231322,0.887373
0.00232061,0.889372
0.00232806,0.891355
0.00233563,0.893278
0.00234323,0.895178
0.00235097,0.897016
0.00235866,0.898885
0.00236641,0.900709
0.00237389,0.902692
0.00238432,0.904638
0.00238879,0.906652
0.00239922,0.908582
0.00240685,0.910482
0.00241448,0.912374
0.00242223,0.914205
0.00242986,0.916105
0.00243737,0.918058
0.002445,0.91995
0.00245269,0.921819
0.00246318,0.923734
0.00247087,0.925604
0.00247868,0.927419
0.00248649,0.929228
0.00249406,0.931143
0.0025016,0.93308
0.0025092,0.934988
0.00251957,0.936941
0.00252708,0.938894
0.0025345,0.940893
0.0025421,0.942815
0.00255229,0.944845
0.00255956,0.946935
0.00256928,0.949194
0.00257929,0.951345
0.00258316,0.953649
0.002593,0.955862
0.00260012,0.958013
0.0026073,0.960119
0.00261437,0.96227
0.00262161,0.964346
0.00263162,0.966467
0.00263898,0.968511
0.002649,0.970648
0.00265642,0.972646
0.00266381,0.974661
0.00267123,0.976644
0.00267862,0.978658
0.00268607,0.980642
0.00269346,0.982641
0.0027036,0.984701
0.00271117,0.986654
0.00272154,0.988622
0.0027294,0.9904
0.00273715,0.992246
0.00274469,0.994184
0.00275495,0.996198
0.00276216,0.998304
0.00276931,1.00041
0.00277908,1.00265
0.00278606,1.00488
0.00279291,1.00714
0.00279983,1.00937
0.0028068,1.01158
0.0028164,1.0139
0.00282355,1.01603
0.00283064,1.01817
0.00284089,1.0202
0.00284802,1.02234
0.00285553,1.02429
0.00286292,1.0263
0.00287043,1.02825
0.00287785,1.03023
0.00288834,1.03215
0.00289287,1.03415
0.002903,1.03624
0.00291007,1.03839
0.00291734,1.04046
0.00292479,1.04243
0.0029323,1.04439
0.00293975,1.04637
0.00294729,1.04831
0.0029576,1.05029
0.00296493,1.05232
0.0029753,1.05429
0.00298284,1.05624
0.00299012,1.0583
0.0029973,1.06041
0.00300725,1.06256
0.00301449,1.06466
0.00302156,1.06683
0.0030285,1.06904
0.00303521,1.07136
0.00304504,1.07359
0.00305488,1.07583
0.00306209,1.07792
0.00306942,1.07995
0.00307675,1.08198
0.00308688,1.08406
0.00309117,1.08616
0.00310143,1.08819
0.00310864,1.09028
0.00311606,1.09228
0.00312315,1.09443
0.00313028,1.09656
0.00314041,1.09865
0.00314774,1.10069
0.00315498,1.10275
0.00316219,1.10486
0.00316932,1.10698
0.00317635,1.10916
0.00318648,1.11123
0.0031911,1.11319
0.00319858,1.11516
0.00320609,1.11711
0.00321333,1.11918
0.00322353,1.12124
0.00323062,1.12338
0.00323783,1.12549
0.00324478,1.1277
0.00325196,1.1298
0.00326179,1.13202
0.00326895,1.13415
0.00327604,1.13629
0.00328331,1.13836
0.00329037,1.14053
0.00330039,1.14267
0.00330751,1.14479
0.00331776,1.1468
0.00332533,1.14875
0.00333308,1.15058
0.00334381,1.15239
0.00335114,1.15442
0.00335832,1.15652
0.00336548,1.15864
0.00337555,1.16076
0.00338285,1.16281
0.00339006,1.16491
0.00340002,1.16707
0.00340702,1.16926
0.00341373,1.1716
0.0034235,1.17384
0.00343062,1.17599
0.00343745,1.17825
0.00344716,1.18054
0.00345399,1.18283
0.00346394,1.185
0.00347115,1.18707
0.00348123,1.18918
0.00348543,1.19134
0.0034952,1.19359
0.00350191,1.19592
0.00351157,1.19822
0.00351878,1.20033
0.00352605,1.20239
0.00353323,1.20448
0.00354301,1.20672
0.00355004,1.20892
0.00355988,1.21113
0.00356703,1.21327
0.00357394,1.2155
0.0035808,1.21776
0.00359045,1.22006
0.0035974,1.22229
0.00360717,1.22453
0.00361418,1.22673
0.00362109,1.22897
0.00362765,1.23137
0.00363399,1.23388
0.00364341,1.2363
0.00365036,1.23851
0.00366043,1.24061
0.00366746,1.24281
0.00367426,1.2451
0.00368379,1.24746
0.00369074,1.24968
0.00369753,1.25197
0.00370749,1.25413
0.00371461,1.25627
0.00372158,1.25848
0.00372853,1.26069
0.0037386,1.2628
0.00374581,1.26491
0.00375618,1.26687
0.00376322,1.26906
0.0037701,1.2713
0.00377687,1.2736
0.00378676,1.2758
0.00379385,1.27795
0.00380393,1.28004
0.00381096,1.28224
0.00381773,1.28454
0.00382738,1.28683
0.00383385,1.2893
0.00384067,1.29158
0.00385033,1.29388
0.00385739,1.29605
0.00386699,1.29838
0.00387384,1.30064
0.00388055,1.30298
0.00389026,1.30527
0.00389682,1.30766
0.00390642,1.31
0.0039133,1.31225
0.00392031,1.31444
0.00393032,1.31656
0.00393759,1.31863
0.0039448,1.32072
0.0039547,1.32293
0.00396149,1.32522
0.00396829,1.32751
0.00397806,1.32977
0.00398501,1.33198
0.00399472,1.33426
0.00400155,1.33655
0.00401096,1.33896
0.00401764,1.34131
0.00402417,1.34373
0.00403358,1.34616
0.0040399,1.34868
0.00404628,1.35115
0.0040526,1.35367
0.00406213,1.35605
0.00406872,1.35843
0.00407525,1.36085
0.00408449,1.36332
0.00409355,1.36593
0.00409998,1.36841
0.00410657,1.37079
0.00411634,1.37303
0.00412323,1.3753
0.00413289,1.37759
0.00413944,1.38002
0.00414594,1.38244
0.0041553,1.38487
0.00416471,1.38731
0.0041713,1.38971
0.00417747,1.39229
0.00418689,1.39471
0.00419624,1.39715
0.00420277,1.39958
0.00421207,1.40207
0.00422125,1.40458
0.00422766,1.40707
0.00423389,1.40964
0.00424324,1.41208
0.0042526,1.41453
0.00425916,1.41693
0.00426536,1.41951
0.00427129,1.42221
0.00427698,1.42502
0.00428568,1.42778
0.00429432,1.43057
0.00429999,1.43339
0.00430589,1.43611
0.00431191,1.43878
0.00432085,1.44142
0.00432997,1.44397
0.00433614,1.44658
0.00434272,1.44896
0.00435232,1.45129
0.004359,1.45364
0.0043657,1.45598
0.00437536,1.45828
0.00438194,1.46068
0.00438832,1.46316
0.00439732,1.46579
0.00440614,1.46847
0.00441198,1.47123
0.00442057,1.47404
0.00442605,1.47696
0.00443481,1.47969
0.00444053,1.4825
0.00444918,1.48526
0.00445782,1.48807
0.00446342,1.49093
0.00446914,1.49373
0.00447773,1.49655
0.00448339,1.49937
0.00449203,1.50215
0.0044979,1.5049
0.00450637,1.50776
0.00451477,1.51066
0.00452002,1.51368
0.00453104,1.51672
0.00453629,1.51976
0.00454434,1.52281
0.00455244,1.52586
0.00455796,1.52878
0.00456624,1.53172
0.00457447,1.53471
0.00457968,1.53775
0.00458779,1.5408
0.00459607,1.54374
0.00460135,1.54677
0.00460951,1.54977
0.0046178,1.55276
0.00462307,1.55577
0.00463106,1.55885
0.00463893,1.56201
0.00464379,1.56523
0.00465136,1.56852
0.00465905,1.57178
0.00466369,1.57509
0.00467168,1.57818
0.00467949,1.58134
0.00468468,1.58441
0.00469272,1.58749
0.00470083,1.59051
0.00470595,1.59361
0.00471436,1.59652
0.00471978,1.59945
0.00472819,1.60237
0.00473641,1.60533
0.00474458,1.60837
0.0047528,1.61134
0.00476085,1.61444
0.00476571,1.61764
0.00477346,1.62085
0.00478126,1.62404
0.00478889,1.6273
0.00479664,1.63052
0.00480147,1.63376
0.00480922,1.63695
0.00481691,1.64021
0.00482716,1.64361
0.00483163,1.647
0.0048389,1.65045
0.0048462,1.65387
0.00485359,1.65725
0.00486099,1.66064
0.00486829,1.66408
0.00487571,1.66743
0.0048831,1.67082
0.00489046,1.67422
0.00489508,1.67753
0.00490259,1.68086
0.00491016,1.68417
0.0049177,1.68748
0.00492533,1.69075
0.00493588,1.694
0.00494056,1.69732
0.00494786,1.70074
0.0049551,1.70419
0.00496219,1.70772
0.00496938,1.71119
0.0049765,1.71472
0.00498383,1.71812
0.00499086,1.72168
0.00499787,1.72525
0.00500469,1.72889
0.00501155,1.73254
0.00501831,1.73622
0.00502511,1.73988
0.00503184,1.74357
0.00503867,1.74724
0.00504549,1.75088
0.00505238,1.75451
0.00505929,1.75812
0.00506606,1.76179
0.00507273,1.76553
0.0050795,1.76921
0.00508623,1.7729
0.00509318,1.7765
0.00510027,1.78003
0.00510727,1.78358
0.0051141,1.78724
0.00512074,1.79098
0.00512727,1.79478
0.00513389,1.79852
0.00514053,1.80227
0.00514724,1.80597
0.00515683,1.80969
0.00516357,1.81338
0.00517021,1.81712
0.00517677,1.82091
0.00518312,1.82478
0.00518938,1.82869
0.00519552,1.83269
0.00520178,1.83659
0.00521095,1.8405
0.00521712,1.84446
0.00522326,1.84846
0.0052291,1.85255
0.00523495,1.85667
0.00524353,1.86088
0.0052494,1.86497
0.0052553,1.86909
0.00526147,1.87303
0.00527047,1.87703
0.00527649,1.88109
0.00528251,1.88511
0.00528865,1.88908
0.00529753,1.89314
0.00530343,1.89723
0.00530945,1.90126
0.00531571,1.90519
0.00532483,1.90913
0.00533097,1.9131
0.00533684,1.91722
0.00534289,1.92125
0.00534885,1.92528
0.00535475,1.9294
0.00536351,1.93348
0.00536959,1.93748
0.00537564,1.94151
0.00538163,1.94557
0.00539057,1.94957
0.00539662,1.95363
0.00540258,1.95769
0.00540834,1.96184
0.00541692,1.96605
0.00542258,1.97023
0.00543116,1.97441
0.0054368,1.97865
0.0054452,1.98295
0.00545048,1.98732
0.00545852,1.99177
0.00546651,1.99626
0.00547438,2.00078
0.00547956,2.00523
0.0054846,2.00972
0.00549288,2.01405
0.00550099,2.01848
0.0055091,2.0229
0.00551702,2.02739
0.00552501,2.03187
0.00552987,2.03648
0.00553768,2.04103
0.00554566,2.04551
0.0055507,2.05003
0.00555869,2.05449
0.00556331,2.05919
0.00557079,2.06392
0.00557824,2.06865
0.0055831,2.07322
0.00559073,2.07786
0.00559853,2.08244
0.00560616,2.08708
0.00561391,2.09166
0.00561865,2.09633
0.00562616,2.10103
0.00563358,2.10579
0.00564106,2.11049
0.00564857,2.11519
0.00565319,2.11989
0.00566067,2.12462
0.00566827,2.12929
0.00567578,2.13399
0.00568323,2.13872
0.00569059,2.14351
0.00569775,2.14836
0.00570493,2.15324
0.00571199,2.15816
0.00571891,2.16313
0.00572579,2.16813
0.00573267,2.17314
0.00573946,2.17821
0.00574899,2.18331
0.00575853,2.18844
0.00576512,2.19356
0.00577185,2.19866
0.00577868,2.2037
0.00578556,2.2087
0.00579245,2.21367
0.0057993,2.21871
0.00580595,2.22381
0.0058125,2.22896
0.00581894,2.23418
0.00582517,2.23949
0.00583417,2.24486
0.00584043,2.25017
0.00584651,2.25554
0.00585271,2.26089
0.00585858,2.26638
0.00586734,2.27184
0.00587327,2.2773
0.00588215,2.28274
0.00588814,2.28817
0.00589407,2.29363
0.00590307,2.299
0.00590894,2.30449
0.00591484,2.30996
0.00592036,2.3156
0.00592602,2.32119
0.00593424,2.32689
0.00594259,2.3326
0.00594777,2.3384
0.00595311,2.34417
0.00596145,2.34981
0.00596682,2.35555
0.00597236,2.3612
0.00598071,2.36687
0.00598628,2.37252
0.00599492,2.37804
0.00600067,2.3836
0.00600649,2.38912
0.00601236,2.39458
0.0060182,2.40008
0.00602386,2.40566
0.00603244,2.41121
0.00603799,2.41686
0.00604645,2.42248
0.00605187,2.42821
0.00605712,2.43398
0.00606534,2.43972
0.00607074,2.44542
0.00607601,2.45119
0.00608424,2.45693
0.0060896,2.46267
0.00609506,2.46834
0.00610352,2.47396
0.00610892,2.4797
0.00611452,2.48528
0.0061231,2.49087
0.00612879,2.49642
0.00613446,2.502
0.00613997,2.50765
0.00614814,2.51345
0.00615335,2.51922
0.00616116,2.52514
0.00616897,2.53112
0.00617386,2.53707
0.00618148,2.54308
0.00618631,2.54906
0.00619388,2.5551
0.0062013,2.56124
0.0062089,2.56728
0.00621367,2.57326
0.00621841,2.57931
0.00622622,2.58523
0.00623409,2.59115
0.00623909,2.59704
0.00624684,2.60299
0.00625161,2.60903
0.00625924,2.61504
0.0062638,2.62115
0.00627134,2.62722
0.00627879,2.63335
0.00628371,2.63927
0.0062883,2.64535
0.00629604,2.65133
0.00630347,2.65746
0.00630797,2.66356
0.00631542,2.6697
0.00632272,2.67586
0.00632725,2.682
0.00633449,2.68819
0.00634173,2.69442
0.00634578,2.70073
0.0063558,2.70702
0.00635967,2.71346
0.0063665,2.71987
0.00637347,2.72619
0.00638021,2.73266
0.00638712,2.739
0.00639111,2.74538
0.00639806,2.75173
0.00640479,2.7582
0.00641135,2.76473
0.00641803,2.7712
0.00642163,2.77776
0.00642837,2.7842
0.00643483,2.79079
0.00644431,2.79729
0.00644801,2.80382
0.00645465,2.81032
0.00646115,2.81688
0.00646759,2.82348
0.0064739,2.8301
0.0064801,2.83681
0.00648645,2.84344
0.00649268,2.85015
0.00649903,2.85677
0.00650815,2.86345
0.00651438,2.87017
0.00652025,2.877
0.00652615,2.88387
0.00653238,2.89055
0.00653855,2.89727
0.00654475,2.90398
0.00655097,2.91067
0.00655717,2.91738
0.00656343,2.92406
0.00656972,2.93072
0.00657574,2.93749
0.00658191,2.9442
0.00658799,2.95098
0.00659407,2.95775
0.0066003,2.96444
0.00660656,2.97109
0.00661538,2.97796
0.00662122,2.98482
0.00662691,2.99175
0.00663248,2.99877
0.00663844,3.00557
0.00664721,3.01244
0.00665296,3.01937
0.00665892,3.02617
0.00666452,3.03316
0.00667024,3.04009
0.00667623,3.0469
0.0066821,3.05376
0.00669075,3.06069
0.00669677,3.06746
0.00670258,3.07436
0.00670845,3.08123
0.00671456,3.08797
0.00672302,3.09496
0.00672892,3.10183
0.00673462,3.10875
0.00674025,3.11574
0.00674588,3.1227
0.00675452,3.12963
0.00675992,3.13671
0.00676516,3.14388
0.00677339,3.15099
0.00677866,3.15813
0.00678418,3.16515
0.00678966,3.1722
0.00679789,3.17931
0.00680343,3.18633
0.00680888,3.19341
0.00681446,3.2004
0.00682298,3.20739
0.00682879,3.21428
0.00683436,3.22127
0.00684283,3.22826
0.00685111,3.23537
0.00685645,3.24248
0.00686193,3.24953
0.00686721,3.25667
0.00687549,3.26375
0.00688366,3.27089
0.00688893,3.27807
0.0068971,3.28521
0.00690503,3.29244
0.00691003,3.29973
0.0069179,3.307
0.00692285,3.31432
0.00693054,3.32168
0.00693846,3.32894
0.00694627,3.33626
0.00695113,3.34362
0.00695888,3.35097
0.00696353,3.35839
0.0069714,3.36568
0.00697914,3.37304
0.00698409,3.38033
0.0069919,3.38766
0.00699649,3.39513
0.007004,3.40258
0.00701157,3.41002
0.00701908,3.41747
0.00702662,3.42492
0.00703422,3.43233
0.00703881,3.43981
0.0070465,3.44716
0.00705419,3.45455
0.00706182,3.46193
0.0070695,3.46932
0.00707687,3.47686
0.00708712,3.4844
0.00709445,3.49193
0.00710169,3.49953
0.00710881,3.50716
0.00711609,3.51473
0.0071202,3.52245
0.00712735,3.53008
0.00713432,3.53777
0.00714157,3.54537
0.00714586,3.55297
0.00715599,3.56057
0.00716034,3.56817
0.00716752,3.57577
0.00717486,3.58333
0.00718195,3.59096
0.00718919,3.59856
0.00719625,3.60622
0.00720046,3.61388
0.00720755,3.62154
0.00721178,3.62917
0.00722191,3.63677
0.00722612,3.64443
0.00723336,3.652
0.00724039,3.65969
0.0072476,3.66729
0.00725487,3.67489
0.00726206,3.68249
0.00726939,3.69002
0.00727639,3.69774
0.00728366,3.70531
0.00728807,3.71285
0.00729821,3.72045
0.00730539,3.72808
0.00730944,3.7358
0.00731651,3.74346
0.00732059,3.75118
0.00732756,3.75887
0.00733463,3.76656
0.00734157,3.77428
0.00735129,3.78206
0.00735802,3.78988
0.0073621,3.7976
0.00736902,3.80535
0.00737617,3.81298
0.00738314,3.8207
0.00739012,3.82839
0.00739724,3.83605
0.00740117,3.84383
0.00741113,3.85152
0.00741795,3.85927
0.00742478,3.86709
0.00743142,3.87496
0.00743819,3.88274
0.00744501,3.89055
0.00745154,3.89843
0.00745819,3.9063
0.00746465,3.9143
0.00747419,3.92211
0.00748093,3.92998
0.00749058,3.9378
0.00749714,3.94573
0.00750375,3.9536
0.00751016,3.9616
0.00751654,3.96959
0.00752316,3.97747
0.00752965,3.9854
0.00753609,3.9934
0.00754837,4.00133
0.00755187,4.00933
0.00756129,4.0172
0.00756796,4.02508
0.00757434,4.03307
0.00758069,4.04113
0.00758713,4.04906
0.00759631,4.05712
0.00760554,4.06511
0.00761207,4.07305
0.00761818,4.08117
0.0076242,4.08935
0.00763004,4.09759
0.00763591,4.10582
0.00764193,4.114
0.00765075,4.12218
0.0076566,4.13048
0.00766229,4.13878
0.00767087,4.14708
0.00767659,4.15545
0.00768243,4.16369
0.00768828,4.17193
0.00769686,4.18029
0.00770264,4.18853
0.0077111,4.19695
0.0077168,4.20525
0.0077252,4.21367
0.00773086,4.22197
0.00773945,4.23034
0.00774499,4.2387
0.00775056,4.24712
0.00775903,4.25548
0.00776454,4.26391
0.007773,4.27227
0.00777873,4.28057
0.00778451,4.28887
0.00779321,4.29711
0.00779902,4.30541
0.00780474,4.31371
0.00781339,4.32201
0.00782209,4.33031
0.00782781,4.33855
0.0078338,4.34679
0.00784244,4.35503
0.00784822,4.36333
0.00785404,4.37163
0.00785973,4.37993
0.00786533,4.3883
0.00787374,4.39672
0.00788244,4.40496
0.00788792,4.41338
0.00789358,4.42174
0.00789907,4.43017
0.00790753,4.43853
0.0079131,4.44689
0.00792157,4.45531
0.00792729,4.46361
0.00793295,4.47191
0.00794142,4.48034
0.00794681,4.48882
0.00795238,4.49718
0.00796091,4.50554
0.00796639,4.51397
0.00797196,4.52233
0.00797748,4.53075
0.0079857,4.53924
0.00799417,4.54766
0.00799959,4.55608
0.00800519,4.56444
0.00801348,4.57293
0.00802182,4.58135
0.00802713,4.58983
0.00803547,4.59832
0.00804388,4.60668
0.00804909,4.61522
0.00805449,4.62371
0.00806259,4.63225
0.00806781,4.6408
0.0080758,4.6494
0.00808366,4.65813
0.00808858,4.6668
0.00809901,4.67559
0.0081039,4.68432
0.00811138,4.69317
0.00811901,4.70196
0.00812646,4.71081
0.00813382,4.71972
0.00814136,4.72857
0.00814619,4.73729
0.00815412,4.7459
0.00816198,4.75457
0.00817015,4.76311
0.00817802,4.77178
0.00818571,4.78051
0.00819363,4.78917
0.00820144,4.79784
0.00820937,4.80651
0.00821694,4.8153
0.00822421,4.82427
0.00822844,4.8333
0.00823846,4.84228
0.00824254,4.85137
0.00824948,4.86052
0.00825655,4.86956
0.00826331,4.87871
0.00827037,4.88781
0.00827732,4.8969
0.00828432,4.906
0.0082913,4.91509
0.0082983,4.92412
0.00830533,4.93322
0.00831228,4.94231
0.00831925,4.95141
0.00832914,4.9605
0.00833615,4.96959
0.00834297,4.97875
0.00834971,4.98797
0.00835665,4.99706
0.00836357,5.00615
0.00837346,5.01525
0.00837745,5.0244
0.00838455,5.03338
0.00839164,5.04247
0.00839867,5.0515
0.00840577,5.06054
0.00841277,5.06963
0.00841694,5.07866
0.00842409,5.0877
0.00843417,5.09667
0.00843846,5.10564
0.00844552,5.11468
0.0084525,5.12377
0.0084595,5.13286
0.00846644,5.14196
0.00847345,5.15105
0.00848048,5.16009
0.00849032,5.16924
0.00849422,5.1784
0.00850394,5.18755
0.00850799,5.19665
0.00851487,5.2058
0.00852188,5.21489
0.00852864,5.22405
0.00853556,5.23321
0.00854521,5.24236
0.00854898,5.25164
0.00855566,5.26085
0.00856239,5.27007
0.00857205,5.27923
0.00857875,5.2885
0.00858552,5.29766
0.00859222,5.30687
0.00859908,5.31603
0.00860319,5.32512
0.00861291,5.33428
0.00861699,5.34337
0.00862399,5.35247
0.00863395,5.3615
0.0086408,5.37066
0.0086504,5.37987
0.0086542,5.38909
0.00866368,5.39837
0.00867023,5.40764
0.00867634,5.41717
0.00868269,5.42656
0.00868901,5.43596
0.00869533,5.44536
0.00870427,5.45489
0.00871035,5.46441
0.00871649,5.47387
0.00872254,5.48345
0.0087316,5.49291
0.00873791,5.50231
0.00874709,5.51171
0.00875344,5.52111
0.00875958,5.53063
0.00876572,5.54009
0.00877472,5.54961
0.00878089,5.55907
0.00878694,5.56859
0.00879582,5.57818
0.00880482,5.5877
0.00881063,5.59734
0.00881647,5.60692
0.00882494,5.61669
0.00883081,5.62633
0.00883662,5.63598
0.00884556,5.6455
0.00885456,5.65502
0.0088607,5.66448
0.00886693,5.67394
0.00887319,5.6834
0.00887947,5.6928
0.00888877,5.70214
0.00889524,5.71148
0.00890156,5.72088
0.0089108,5.73028
0.00891412,5.73974
0.00892336,5.74914
0.00893248,5.75853
0.00893859,5.76806
0.00894437,5.77776
0.00895331,5.78728
0.00895924,5.79686
0.00896523,5.80639
0.00897393,5.81603
0.00897957,5.8258
0.00898815,5.8355
0.00899387,5.8452
0.00900257,5.85479
0.00900841,5.86443
0.0090142,5.87414
0.00902266,5.88384
0.00903136,5.89354
0.00903717,5.90319
0.00904304,5.91277
0.00905175,5.92241
0.00905741,5.93218
0.00906289,5.94195
0.00907118,5.95177
0.00907946,5.96166
0.00908504,5.97143
0.00909332,5.98125
0.00910143,5.9912
0.00910959,6.00109
0.00911794,6.01092
0.00912351,6.02068
0.00913197,6.03045
0.0091402,6.04027
0.00914854,6.05016
0.00915402,6.05992
0.00916249,6.06969
0.00917089,6.07945
0.00917652,6.08922
0.00918469,6.09911
0.0091928,6.10905
0.00920084,6.119
0.00920901,6.12889
0.00921428,6.13878
0.00922233,6.14873
0.0092302,6.1588
0.00923494,6.16893
0.00924257,6.17912
0.00925017,6.18932
0.00925797,6.19939
0.00926554,6.20952
0.00927305,6.21977
0.00928059,6.22997
0.00928813,6.24016
0.00929576,6.25029
0.00930351,6.26042
0.00930834,6.27055
0.00931615,6.28062
0.00932384,6.2907
0.00933153,6.30083
0.00933913,6.31102
0.00934687,6.32115
0.00935155,6.33134
0.00935906,6.34154
0.00936645,6.35179
0.00937382,6.36211
0.00938115,6.37236
0.00938568,6.38261
0.00939301,6.39293
0.00940037,6.40324
0.00940487,6.4135
0.00941232,6.42375
0.00941971,6.43401
0.00942728,6.4442
0.00943476,6.45439
0.00944212,6.46471
0.00944966,6.4749
0.00945437,6.48509
0.00946218,6.4951
0.00946993,6.50523
0.00947762,6.51537
0.00948507,6.52562
0.00948969,6.53581
0.0095,6.54607
0.00950471,6.55626
0.00951222,6.56645
0.00951684,6.57671
0.00952423,6.58696
0.00953156,6.59721
0.00953901,6.60747
0.00954339,6.61778
0.00955081,6.62804
0.00955811,6.63841
0.00956547,6.64867
0.00957269,6.65904
0.00958005,6.6693
0.00958741,6.67961
0.00959477,6.68987
0.00960198,6.70024
0.00960627,6.71062
0.00961071,6.72087
0.00961799,6.73119
0.00962541,6.7415
0.00963262,6.75182
0.00964007,6.76207
0.0096474,6.77238
0.00965476,6.78264
0.00966186,6.79308
0.00966907,6.80345
0.00967607,6.81389
0.00968334,6.8242
0.0096905,6.83458
0.00969783,6.84489
0.00970492,6.85533
0.00971198,6.86571
0.0097189,6.87621
0.00972581,6.8867
0.00973267,6.89726
0.00973952,6.90776
0.00974637,6.91832
0.00975296,6.92894
0.00975973,6.9395
0.00976661,6.95006
0.00977358,6.96049
0.0097833,6.97105
0.00978705,6.98167
0.0097937,6.99229
0.00980348,7.00279
0.00981054,7.01323
0.00981763,7.02367
0.00982475,7.03404
0.00983164,7.04454
0.00983817,7.05522
0.00984499,7.06578
0.00985205,7.07622
0.00985927,7.08659
0.00986636,7.09697
0.00987339,7.10741
0.00988046,7.11784
0.00988758,7.12822
0.00989455,7.13872
0.00990161,7.14915
0.00990868,7.15953
0.00991559,7.17009
0.00992248,7.18059
0.00992939,7.19109
0.00993627,7.20158
0.00994295,7.2122
0.0099496,7.22282
0.00995627,7.23344
0.00996328,7.24388
0.0099701,7.25444
0.00997713,7.26488
0.00998715,7.27525
0.00999406,7.28575
0.0100016,7.29594
0.0100091,7.3062
0.0100169,7.31627
0.0100246,7.3264
0.0100324,7.33647
0.0100402,7.34654
0.0100481,7.35655
0.0100558,7.36668
0.0100636,7.37675
0.0100715,7.38683
0.0100789,7.39708
0.0100862,7.40739
0.0100963,7.41771
0.0101006,7.42815
0.0101077,7.43852
0.0101174,7.44908
0.0101242,7.45964
0.010131,7.4702
0.0101376,7.48082
0.0101442,7.4915
0.0101533,7.5023
0.0101598,7.51299
0.0101661,7.52379
0.0101723,7.53459
0.0101845,7.54539
0.0101909,7.55614
0.0101973,7.56682
0.0102066,7.57756
0.0102159,7.5883
0.0102221,7.59917
0.0102343,7.60991
0.0102406,7.62071
0.01025,7.63139
0.0102595,7.64207
0.0102658,7.65288
0.010275,7.66362
0.0102812,7.67448
0.0102905,7.68523
0.0102969,7.69597
0.0103061,7.70677
0.0103154,7.71751
0.0103218,7.72826
0.0103279,7.73912
0.010337,7.74992
0.0103461,7.76079
0.0103521,7.77171
0.0103582,7.78264
0.0103672,7.7935
0.0103736,7.80424
0.010383,7.81493
0.0103894,7.82567
0.0103959,7.83635
0.0104055,7.84697
0.010415,7.85759
0.0104189,7.86815
0.0104259,7.87859
0.0104358,7.88908
0.0104426,7.89964
0.0104495,7.91014
0.0104566,7.92052
0.0104636,7.93102
0.0104733,7.94157
0.01048,7.95219
0.0104897,7.96269
0.0104967,7.97313
0.0105037,7.98363
0.0105109,7.994
0.010518,8.00438
0.010525,8.01482
0.010532,8.02531
0.0105391,8.03569
0.0105465,8.04594
0.0105568,8.05626
0.0105641,8.06657
0.0105741,8.07695
0.0105786,8.08727
0.0105885,8.0977
0.0105956,8.10814
0.0106024,8.11864
0.0106096,8.12907
0.0106165,8.13951
0.0106266,8.14989
0.0106311,8.1602
0.0106383,8.17052
0.0106484,8.18089
0.0106555,8.19127
0.0106657,8.20164
0.010673,8.21196
0.0106806,8.22215
0.0106909,8.23235
0.0106984,8.2426
0.0107057,8.25291
0.0107129,8.26329
0.0107228,8.27367
0.01073,8.2841
0.0107399,8.29454
0.0107468,8.30504
0.0107566,8.31554
0.0107607,8.32603
0.0107675,8.33659
0.0107772,8.34709
0.0107842,8.35759
0.0107939,8.36809
0.0108039,8.37852
0.010811,8.38896
0.0108178,8.39952
0.0108278,8.4099
0.0108349,8.42033
0.0108448,8.43077
0.0108518,8.44127
0.0108617,8.45164
0.0108685,8.46227
0.0108784,8.4727
0.0108853,8.4832
0.0108922,8.4937
0.0108994,8.50407
0.0109093,8.51451
0.0109194,8.52489
0.0109266,8.53526
0.0109337,8.54564
0.0109407,8.55614
0.0109477,8.56657
0.0109549,8.57695
0.0109652,8.5872
0.0109724,8.59758
0.0109797,8.60789
0.0109897,8.61827
0.0109969,8.62865
0.0110039,8.63908
0.0110113,8.6494
0.0110217,8.65965
0.0110321,8.66985
0.0110364,8.68016
0.0110438,8.69048
0.011054,8.70079
0.0110613,8.71111
0.0110686,8.72136
0.0110787,8.73174
0.011086,8.74211
0.0110931,8.75249
0.0111029,8.76299
0.0111099,8.77348
0.0111167,8.78404
0.0111233,8.79466
0.0111299,8.80528
0.0111394,8.81596
0.011146,8.82658
0.0111553,8.83733
0.0111617,8.84807
0.0111709,8.85887
0.0111746,8.86955
0.0111839,8.88023
0.0111935,8.89085
0.0112,8.9016
0.0112064,8.91228
0.011213,8.92296
0.0112194,8.9337
0.0112287,8.94444
0.011235,8.95525
0.0112413,8.96599
0.0112502,8.97697
0.0112563,8.98784
0.0112623,8.99876
0.0112684,9.00963
0.0112771,9.02068
0.0112858,9.03172
0.0112916,9.04271
0.0113005,9.05363
0.0113064,9.06462
0.011315,9.07567
0.0113207,9.08678
0.0113292,9.09789
0.0113378,9.10899
0.0113435,9.12004
0.0113494,9.13103
0.0113581,9.14201
0.0113669,9.153
0.0113726,9.16411
0.0113785,9.17509
0.0113873,9.18608
0.0113963,9.19695
0.0114024,9.20787
0.0114084,9.21873
0.0114173,9.22972
0.0114235,9.24059
0.0114296,9.25145
0.0114386,9.26231
0.0114447,9.27318
0.0114507,9.2841
0.0114571,9.29491
0.0114635,9.30559
0.0114727,9.31639
0.0114791,9.32713
0.0114855,9.33788
0.011492,9.34856
0.0114982,9.35942
0.0115077,9.37004
0.0115141,9.38078
0.0115205,9.39153
0.0115267,9.40233
0.0115359,9.41313
0.0115422,9.42393
0.0115487,9.43468
0.0115548,9.44554
0.0115637,9.45641
0.0115699,9.46727
0.0115759,9.4782
0.0115849,9.48912
0.0115941,9.49986
0.0116003,9.51073
0.0116062,9.52171
0.0116123,9.53264
0.0116209,9.54369
0.0116267,9.55473
0.0116354,9.56572
0.0116412,9.57677
0.0116469,9.58788
0.0116553,9.59898
0.0116609,9.61009
0.0116695,9.6212
0.0116752,9.63225
0.0116806,9.64348
0.0116889,9.65471
0.0116973,9.66588
0.0117028,9.67705
0.0117083,9.68822
0.0117166,9.69939
0.0117247,9.71074
0.0117328,9.72209
0.0117379,9.73344
0.0117458,9.7448
0.011751,9.75609
0.0117592,9.76738
0.0117672,9.77873
0.0117752,9.79015
0.0117802,9.8015
0.0117853,9.81285
0.0117937,9.82408
0.0117987,9.83543
0.0118095,9.84685
0.0118178,9.85808
0.0118232,9.86931
0.0118314,9.88054
0.0118398,9.89171
0.0118452,9.90294
0.0118535,9.91417
0.0118616,9.92546
0.01187,9.93663
0.0118755,9.9478
0.0118839,9.95897
0.011892,9.97032
0.0118973,9.98155
0.0119055,9.99278
0.0119109,10.0041
0.0119191,10.0153
0.0119244,10.0266
0.0119327,10.0378
0.011941,10.049
0.0119465,10.0602
0.011955,10.0713
0.0119634,10.0824
0.0119692,10.0935
0.0119774,10.1047
0.0119829,10.1159
0.0119913,10.1271
0.011997,10.1382
0.0120053,10.1494
0.0120106,10.1606
0.012019,10.1718
0.0120271,10.1832
0.0120353,10.1944
0.0120431,10.2059
0.0120512,10.2171
0.0120563,10.2285
0.0120644,10.2399
0.0120722,10.2513
0.0120803,10.2626
0.0120853,10.274
0.0120931,10.2854
0.0121009,10.2969
0.0121089,10.3083
0.0121169,10.3196
0.0121249,10.331
0.0121327,10.3425
0.0121405,10.3539
0.0121481,10.3655
0.0121557,10.377
0.0121632,10.3886
0.0121706,10.4002
0.012178,10.4118
0.012188,10.4237
0.0121949,10.4355
0.0122046,10.4475
0.0122115,10.4594
0.0122184,10.4713
0.0122281,10.4831
0.0122379,10.495
0.0122447,10.507
0.0122543,10.519
0.0122611,10.5309
0.0122678,10.5429
0.012275,10.5546
0.0122848,10.5665
0.0122917,10.5784
0.0122986,10.5903
0.0123085,10.6022
0.0123153,10.614
0.0123252,10.6259
0.0123321,10.6377
0.0123421,10.6496
0.012349,10.6614
0.0123557,10.6734
0.0123625,10.6853
0.0123693,10.6973
0.0123762,10.7092
0.0123832,10.721
0.0123931,10.7328
0.0124004,10.7445
0.0124077,10.7562
0.012415,10.7679
0.0124222,10.7796
0.0124294,10.7914
0.0124368,10.803
0.0124443,10.8146
0.0124514,10.8264
0.0124613,10.8382
0.0124685,10.85
0.0124756,10.8617
0.0124857,10.8735
0.0124898,10.8854
0.0124998,10.8971
0.0125069,10.9089
0.012514,10.9207
0.0125213,10.9324
0.0125286,10.9441
0.0125388,10.9557
0.0125459,10.9676
0.0125529,10.9794
0.0125597,10.9913
0.0125667,11.0032
0.0125736,11.0151
0.0125804,11.027
0.01259,11.0389
0.0125967,11.0509
0.0126034,11.0629
0.01261,11.0749
0.0126165,11.087
0.0126257,11.0992
0.0126349,11.1113
0.0126413,11.1234
0.0126506,11.1355
0.012657,11.1477
0.0126662,11.1598
0.0126725,11.172
0.0126815,11.1842
0.0126904,11.1966
0.0126965,11.2088
0.0127054,11.2211
0.0127142,11.2335
0.01272,11.2459
0.0127257,11.2584
0.0127344,11.2708
0.0127429,11.2832
0.0127487,11.2956
0.0127575,11.308
0.0127633,11.3204
0.0127722,11.3327
0.0127783,11.345
0.0127845,11.3572
0.0127936,11.3694
0.0127998,11.3816
0.0128089,11.3938
0.0128152,11.4061
0.0128242,11.4183
0.0128305,11.4305
0.012837,11.4426
0.0128461,11.4548
0.0128525,11.4668
0.0128588,11.479
0.0128652,11.4911
0.0128745,11.5033
0.0128808,11.5154
0.0128899,11.5276
0.012896,11.5399
0.0129023,11.5521
0.0129112,11.5644
0.0129175,11.5765
0.0129265,11.5888
0.0129327,11.6011
0.0129387,11.6133
0.0129477,11.6256
0.0129537,11.6379
0.0129597,11.6502
0.0129685,11.6626
0.012977,11.675
0.0129828,11.6875
0.0129913,11.7
0.0129998,11.7125
0.013008,11.7252
0.0130134,11.7377
0.0130245,11.7504
0.0130299,11.7629
0.0130383,11.7755
0.0130437,11.7881
0.0130518,11.8008
0.0130599,11.8135
0.013068,11.8262
0.0130762,11.8388
0.0130816,11.8514
0.0130896,11.8641
0.0130974,11.877
0.0131054,11.8897
0.0131132,11.9025
0.0131213,11.9152
0.0131264,11.928
0.0131372,11.9407
0.0131421,11.9536
0.0131499,11.9664
0.0131575,11.9794
0.0131654,11.9921
0.0131735,12.0048
0.0131783,12.0177
0.0131859,12.0306
0.0131935,12.0435
0.0132014,12.0563
0.0132065,12.0691
0.0132147,12.0817
0.0132228,12.0944
0.0132313,12.1069
0.0132367,12.1195
0.013245,12.1321
0.0132534,12.1447
0.0132562,12.1571
0.0132648,12.1696
0.0132732,12.1821
0.0132816,12.1946
0.0132872,12.2072
0.0132957,12.2197
0.0133012,12.2322
0.0133068,12.2447
0.0133154,12.2571
0.013324,12.2696
0.0133323,12.2822
0.0133405,12.2948
0.0133488,12.3074
0.0133571,12.32
0.0133653,12.3326
0.0133734,12.3453
0.0133816,12.358
0.0133895,12.3707
0.0133973,12.3836
0.0134054,12.3963
0.0134108,12.4089
0.0134223,12.4213
0.013428,12.4338
0.0134364,12.4463
0.0134421,12.4588
0.0134506,12.4713
0.013459,12.4838
0.0134674,12.4964
0.0134732,12.5088
0.0134813,12.5215
0.0134894,12.5341
0.0134974,12.5469
0.0135052,12.5598
0.0135131,12.5725
0.0135208,12.5854
0.0135285,12.5983
0.0135362,12.6111
0.0135411,12.624
0.0135516,12.6369
0.0135566,12.6497
0.0135643,12.6626
0.0135719,12.6755
0.0135795,12.6884
0.0135869,12.7014
0.0135945,12.7144
0.0136021,12.7273
0.0136094,12.7404
0.0136169,12.7534
0.0136245,12.7663
0.0136319,12.7793
0.0136395,12.7922
0.013647,12.8052
0.0136545,12.8182
0.0136623,12.831
0.0136698,12.844
0.0136747,12.8568
0.0136827,12.8696
0.0136876,12.8824
0.0136954,12.8952
0.0137032,12.908
0.013711,12.9209
0.013716,12.9337
0.0137238,12.9465
0.0137316,12.9594
0.0137394,12.9722
0.0137469,12.9851
0.0137544,12.9981
0.013762,13.011
0.0137664,13.0241
0.0137739,13.037
0.0137842,13.05
0.0137916,13.0631
0.0137991,13.0761
0.0138034,13.0892
0.0138106,13.1023
0.0138181,13.1153
0.0138255,13.1284
0.0138328,13.1414
0.0138401,13.1544
0.0138476,13.1674
0.0138549,13.1805
0.0138624,13.1935
0.0138696,13.2066
0.0138798,13.2197
0.0138867,13.2329
0.0138934,13.2463
0.0139001,13.2596
0.0139096,13.273
0.0139162,13.2864
0.0139224,13.3
0.0139316,13.3136
0.0139376,13.3273
0.0139432,13.3411
0.0139517,13.355
0.0139577,13.3687
0.0139665,13.3824
0.0139725,13.3961
0.0139814,13.4099
0.013987,13.4237
0.0139929,13.4374
0.0139986,13.4512
0.0140073,13.465
0.0140132,13.4788
0.0140219,13.4925
0.0140275,13.5064
0.0140331,13.5203
0.0140416,13.5342
0.0140497,13.5482
0.0140552,13.5622
0.0140633,13.5762
0.0140687,13.5902
0.0140771,13.6041
0.0140827,13.618
0.0140911,13.6319
0.0140969,13.6457
0.0141054,13.6596
0.014111,13.6735
0.0141167,13.6873
0.0141228,13.7009
0.0141316,13.7147
0.0141406,13.7283
0.0141466,13.742
0.0141527,13.7556
0.0141586,13.7693
0.0141676,13.783
0.0141738,13.7966
0.014177,13.8102
0.0141831,13.8239
0.0141919,13.8376
0.0141978,13.8513
0.0142036,13.8651
0.0142122,13.8789
0.0142178,13.8928
0.0142234,13.9067
0.0142316,13.9207
0.0142401,13.9346
0.0142454,13.9486
0.0142508,13.9626
0.0142619,13.9766
0.0142671,13.9907
0.0142724,14.0046
0.0142805,14.0187
0.0142884,14.0329
0.0142962,14.0471
0.0143013,14.0612
0.0143091,14.0754
0.0143141,14.0896
0.014319,14.1038
0.0143269,14.118
0.0143348,14.1321
0.0143396,14.1464
0.0143474,14.1606
0.0143554,14.1747
0.0143605,14.1888
0.0143682,14.2031
0.014376,14.2173
0.0143808,14.2315
0.0143887,14.2457
0.0143964,14.2599
0.0144012,14.2742
0.0144117,14.2885
0.0144165,14.3027
0.0144272,14.317
0.014432,14.3312
0.014437,14.3454
0.0144447,14.3596
0.0144523,14.374
0.014457,14.3883
0.0144645,14.4026
0.0144722,14.4169
0.014477,14.4312
0.0144846,14.4454
0.0144922,14.4597
0.0144972,14.4739
0.014505,14.4881
0.014513,14.5022
0.0145178,14.5165
0.0145227,14.5307
0.0145276,14.5449
0.0145353,14.5591
0.0145431,14.5734
0.0145509,14.5875
0.0145585,14.6019
0.0145627,14.6164
0.0145669,14.631
0.0145768,14.6455
0.0145839,14.66
0.0145908,14.6747
0.0145977,14.6893
0.0146043,14.7042
0.0146108,14.719
0.0146171,14.7339
0.0146264,14.7487
0.0146328,14.7636
0.0146392,14.7785
0.0146483,14.7934
0.0146548,14.8083
0.0146613,14.8231
0.0146647,14.838
0.014674,14.8529
0.0146805,14.8677
0.0146868,14.8826
0.0146933,14.8975
0.0147026,14.9124
0.0147091,14.9272
0.0147153,14.9421
0.0147215,14.9571
0.0147279,14.972
0.0147347,14.9867
0.0147411,15.0015
0.0147475,15.0164
0.0147567,15.0313
0.014763,15.0463
0.0147692,15.0613
0.0147782,15.0763
0.0147844,15.0912
0.0147904,15.1063
0.0147963,15.1214
0.0148048,15.1367
0.0148106,15.1518
0.0148164,15.167
0.014825,15.1822
0.0148309,15.1973
0.0148339,15.2124
0.0148426,15.2275
0.0148482,15.2428
0.0148541,15.2579
0.0148601,15.273
0.0148691,15.288
0.0148752,15.303
0.0148813,15.318
0.0148876,15.3329
0.0148938,15.3479
0.0148999,15.3629
0.0149063,15.3778
0.0149128,15.3926
0.0149192,15.4075
0.0149255,15.4224
0.0149319,15.4373
0.0149382,15.4522
0.0149473,15.4672
0.0149563,15.4822
0.0149595,15.4972
0.0149657,15.5122
0.0149746,15.5273
0.0149804,15.5424
0.0149861,15.5576
0.0149948,15.5728
0.0150005,15.588
0.0150064,15.6031
0.0150123,15.6182
0.0150209,15.6334
0.0150267,15.6486
0.0150323,15.6638
0.0150381,15.679
0.0150465,15.6942
0.0150523,15.7094
0.0150579,15.7247
0.0150663,15.74
0.0150746,15.7553
0.0150801,15.7706
0.0150885,15.7859
0.0150967,15.8013
0.0151023,15.8166
0.0151105,15.832
0.0151163,15.8472
0.0151248,15.8624
0.0151336,15.8775
0.0151396,15.8926
0.0151484,15.9077
0.0151543,15.9228
0.0151604,15.9378
0.0151666,15.9528
0.0151756,15.9678
0.015182,15.9827
0.015188,15.9977
0.015197,16.0128
0.0152028,16.0279
0.0152115,16.043
0.0152178,16.058
0.0152268,16.073
0.0152328,16.0881
0.0152387,16.1031
0.0152448,16.1182
0.0152507,16.1333
0.0152594,16.1484
0.0152682,16.1636
0.015277,16.1787
0.0152828,16.1938
0.0152912,16.2092
0.0152995,16.2245
0.0153049,16.2399
0.0153134,16.2551
0.0153189,16.2704
0.0153272,16.2858
0.0153326,16.3011
0.0153409,16.3165
0.0153461,16.3319
0.0153543,16.3473
0.0153624,16.3627
0.0153702,16.3783
0.015375,16.3939
0.0153825,16.4097
0.0153896,16.4255
0.0153967,16.4415
0.0154037,16.4575
0.0154136,16.4734
0.0154205,16.4895
0.0154273,16.5055
0.0154311,16.5216
0.0154408,16.5377
0.0154478,16.5537
0.0154547,16.5696
0.0154619,16.5856
0.0154692,16.6013
0.0154737,16.6172
0.015481,16.6329
0.0154884,16.6487
0.0154959,16.6644
0.0155035,16.6801
0.0155085,16.6957
0.0155164,16.7112
0.0155244,16.7267
0.0155295,16.7422
0.0155376,16.7576
0.0155458,16.7731
0.0155511,16.7885
0.0155567,16.8037
0.0155655,16.8188
0.0155742,16.834
0.0155799,16.8492
0.0155887,16.8643
0.0155944,16.8795
0.0156032,16.8947
0.0156116,16.9099
0.0156174,16.9251
0.015623,16.9403
0.0156312,16.9557
0.0156394,16.9711
0.0156445,16.9866
0.0156497,17.0021
0.0156577,17.0176
0.0156657,17.033
0.0156708,17.0485
0.0156789,17.064
0.0156839,17.0795
0.0156918,17.095
0.0156996,17.1107
0.0157071,17.1263
0.0157147,17.142
0.0157193,17.1578
0.0157295,17.1735
0.015734,17.1894
0.0157412,17.2053
0.0157483,17.2211
0.0157526,17.237
0.0157596,17.253
0.0157668,17.2689
0.0157739,17.2847
0.0157811,17.3006
0.0157882,17.3166
0.0157953,17.3325
0.0157995,17.3484
0.0158066,17.3643
0.0158167,17.3802
0.015821,17.3961
0.0158312,17.4119
0.0158354,17.4278
0.0158425,17.4437
0.0158496,17.4597
0.0158568,17.4755
0.0158638,17.4915
0.015868,17.5074
0.0158751,17.5233
0.0158823,17.5391
0.0158896,17.555
0.0158969,17.5709
0.0159042,17.5866
0.0159086,17.6025
0.015913,17.6183
0.0159204,17.6341
0.0159278,17.6498
0.0159325,17.6655
0.0159401,17.6812
0.0159474,17.6971
0.0159546,17.713
0.0159588,17.7288
0.015966,17.7447
0.0159731,17.7606
0.0159801,17.7766
0.0159871,17.7925
0.0159938,17.8087
0.0159976,17.8248
0.016007,17.841
0.0160137,17.8571
0.0160208,17.8734
0.0160279,17.8896
0.0160349,17.9058
0.0160448,17.9221
0.0160488,17.9384
0.0160556,17.9548
0.0160654,17.9711
0.0160722,17.9875
0.0160788,18.004
0.0160852,18.0204
0.0160944,18.037
0.0161006,18.0538
0.0161068,18.0704
0.0161131,18.087
0.0161222,18.1037
0.0161256,18.1203
0.0161346,18.137
0.0161408,18.1536
0.0161471,18.1702
0.0161535,18.1868
0.0161628,18.2034
0.0161694,18.2199
0.0161759,18.2364
0.0161852,18.2529
0.0161917,18.2695
0.0161982,18.2859
0.0162049,18.3023
0.0162118,18.3187
0.0162189,18.3349
0.016226,18.3511
0.0162305,18.3672
0.0162379,18.3832
0.0162454,18.3994
0.0162528,18.4153
0.0162575,18.4313
0.0162678,18.4474
0.0162752,18.4636
0.0162856,18.4796
0.01629,18.4957
0.0162974,18.5118
0.0163077,18.5278
0.0163121,18.544
0.0163225,18.56
0.0163271,18.576
0.0163348,18.592
0.0163424,18.608
0.0163501,18.6238
0.0163577,18.6398
0.0163654,18.6557
0.016373,18.6717
0.0163806,18.6877
0.0163881,18.7038
0.0163954,18.7199
0.0163999,18.736
0.016407,18.7522
0.0164171,18.7683
0.016424,18.7847
0.0164308,18.8011
0.0164404,18.8174
0.0164473,18.8338
0.016454,18.8503
0.0164635,18.8666
0.0164701,18.8831
0.0164767,18.8996
0.0164861,18.9161
0.0164928,18.9325
0.0164994,18.949
0.016506,18.9655
0.0165127,18.9818
0.016519,18.9985
0.0165256,19.0149
0.016535,19.0314
0.0165418,19.0479
0.0165484,19.0642
0.016555,19.0807
0.0165615,19.0972
0.0165682,19.1137
0.016575,19.13
0.0165819,19.1464
0.0165918,19.1626
0.0165989,19.1789
0.0166062,19.195
0.0166104,19.2112
0.0166177,19.2273
0.0166249,19.2434
0.0166323,19.2596
0.0166396,19.2757
0.0166469,19.2918
0.016657,19.308
0.0166639,19.3243
0.0166707,19.3406
0.0166776,19.357
0.0166841,19.3735
0.0166906,19.3901
0.0166996,19.4067
0.016706,19.4233
0.016712,19.44
0.016718,19.4568
0.0167266,19.4737
0.0167351,19.4906
0.0167405,19.5077
0.0167486,19.5248
0.0167565,19.542
0.0167615,19.5594
0.0167723,19.5766
0.0167769,19.594
0.0167842,19.6115
0.0167914,19.6291
0.0167987,19.6466
0.0168059,19.6642
0.0168131,19.6818
0.0168204,19.6993
0.0168279,19.7167
0.0168354,19.7342
0.0168429,19.7516
0.0168505,19.769
0.0168552,19.7864
0.01686,19.8036
0.0168708,19.821
0.0168758,19.8382
0.0168841,19.8553
0.0168921,19.8724
0.0168974,19.8894
0.0169056,19.9065
0.016911,19.9236
0.0169192,19.9407
0.0169246,19.9578
0.0169298,19.9749
0.016938,19.992
0.0169461,20.0092
0.0169541,20.0263
0.0169592,20.0435
0.0169671,20.0607
0.016975,20.078
0.0169827,20.0954
0.0169879,20.1125
0.0169988,20.1297
0.0170039,20.1469
0.0170147,20.1641
0.0170197,20.1813
0.0170278,20.1985
0.0170358,20.2157
0.0170437,20.2329
0.0170517,20.25
0.0170569,20.2673
0.0170647,20.2846
0.0170724,20.3018
0.0170803,20.3191
0.0170882,20.3363
0.0170961,20.3536
0.0171039,20.3709
0.0171116,20.3882
0.0171194,20.4056
0.017127,20.4229
0.0171348,20.4402
0.0171396,20.4574
0.0171474,20.4748
0.0171551,20.4921
0.0171626,20.5096
0.0171702,20.527
0.0171778,20.5443
0.0171882,20.5617
0.017193,20.5791
0.0172006,20.5965
0.0172081,20.6139
0.0172158,20.6313
0.0172234,20.6486
0.0172312,20.6659
0.0172362,20.6831
0.0172441,20.7004
0.0172521,20.7176
0.0172602,20.7347
0.0172682,20.752
0.0172733,20.7691
0.0172812,20.7864
0.017289,20.8036
0.0172969,20.8208
0.0173047,20.8382
0.0173097,20.8554
0.0173173,20.8727
0.017325,20.8901
0.0173327,20.9074
0.0173403,20.9248
0.0173477,20.9423
0.0173552,20.9598
0.0173655,20.9772
0.0173728,20.9948
0.0173801,21.0122
0.0173899,21.0299
0.0173971,21.0476
0.017407,21.0653
0.017414,21.0829
0.0174239,21.1006
0.0174311,21.1182
0.0174382,21.1358
0.0174452,21.1535
0.0174523,21.1712
0.0174621,21.1889
0.017472,21.2065
0.017479,21.2243
0.0174886,21.242
0.0174952,21.2599
0.0175048,21.2777
0.0175115,21.2956
0.0175182,21.3134
0.0175278,21.3311
0.0175346,21.3489
0.0175443,21.3667
0.0175516,21.3842
0.0175588,21.4019
0.0175661,21.4193
0.0175766,21.4368
0.0175843,21.4541
0.0175921,21.4714
0.0175998,21.4887
0.0176076,21.506
0.0176156,21.5232
0.0176235,21.5404
0.017634,21.5578
0.0176416,21.5751
0.0176492,21.5926
0.0176537,21.61
0.0176642,21.6275
0.0176717,21.6449
0.0176792,21.6623
0.0176866,21.6798
0.017694,21.6973
0.0177012,21.7149
0.0177087,21.7323
0.017716,21.7498
0.0177234,21.7673
0.0177308,21.7847
0.0177379,21.8024
0.0177449,21.8201
0.0177549,21.8377
0.017762,21.8553
0.017769,21.873
0.017776,21.8907
0.0177859,21.9084
0.0177903,21.9258
0.0178004,21.9434
0.0178075,21.9611
0.0178146,21.9787
0.0178189,21.9963
0.017829,22.0138
0.0178391,22.0314
0.0178433,22.0491
0.0178533,22.0667
0.0178633,22.0843
0.0178705,22.1018
0.0178777,22.1194
0.017885,22.137
0.0178925,22.1545
0.0179001,22.1718
0.0179077,22.1892
0.0179154,22.2066
0.0179231,22.2238
0.0179309,22.2411
0.0179387,22.2585
0.0179463,22.2758
0.0179541,22.2931
0.0179647,22.3105
0.0179695,22.3278
0.0179771,22.3451
0.0179846,22.3626
0.017992,22.38
0.0179994,22.3975
0.018007,22.415
0.0180144,22.4324
0.0180217,22.45
0.0180289,22.4676
0.018036,22.4851
0.0180432,22.5027
0.0180531,22.5204
0.0180602,22.538
0.0180672,22.5557
0.0180769,22.5735
0.0180835,22.5913
0.0180929,22.6093
0.0180994,22.6272
0.0181087,22.6452
0.0181152,22.663
0.0181244,22.6811
0.0181306,22.6991
0.0181396,22.7172
0.0181486,22.7354
0.0181547,22.7535
0.0181635,22.7716
0.0181725,22.7898
0.0181784,22.808
0.0181873,22.8262
0.0181958,22.8445
0.0182044,22.8628
0.01821,22.8811
0.0182156,22.8995
0.018224,22.9179
0.0182294,22.9364
0.0182351,22.9546
0.0182437,22.9729
0.0182523,22.9912
0.0182607,23.0097
0.0182665,23.028
0.0182723,23.0462
0.0182812,23.0644
0.0182872,23.0826
0.0182963,23.1006
0.0183026,23.1186
0.0183088,23.1366
0.0183152,23.1546
0.0183244,23.1726
0.018328,23.1906
0.0183374,23.2084
0.018344,23.2264
0.0183505,23.2443
0.0183599,23.2621
0.0183664,23.2801
0.018376,23.2979
0.0183824,23.3158
0.0183917,23.3338
0.018398,23.3518
0.0184044,23.3698
0.0184108,23.3877
0.0184201,23.4057
0.0184293,23.4237
0.0184355,23.4418
0.0184417,23.4599
0.0184476,23.4781
0.0184564,23.4963
0.0184623,23.5144
0.0184739,23.5328
0.0184794,23.5511
0.0184847,23.5696
0.0184928,23.5882
0.018501,23.6067
0.018509,23.6253
0.018517,23.6438
0.0185248,23.6625
0.0185328,23.6812
0.0185379,23.6997
0.0185459,23.7183
0.0185513,23.7367
0.0185595,23.7553
0.0185679,23.7737
0.0185762,23.7922
0.0185817,23.8105
0.0185903,23.8288
0.0185962,23.8471
0.0186052,23.8652
0.0186112,23.8833
0.0186175,23.9013
0.0186265,23.9195
0.0186358,23.9374
0.0186393,23.9554
0.0186485,23.9734
0.0186578,23.9914
0.0186641,24.0093
0.0186731,24.0275
0.0186819,24.0457
0.0186906,24.0639
0.0186962,24.0823
0.0187045,24.1007
0.0187128,24.1192
0.0187206,24.1379
0.0187282,24.1567
0.0187358,24.1755
0.0187433,24.1943
0.0187508,24.2132
0.0187582,24.232
0.0187656,24.2509
0.0187726,24.2699
0.0187796,24.289
0.0187864,24.3081
0.0187933,24.3273
0.0188003,24.3465
0.018807,24.3656
0.0188139,24.3848
0.0188235,24.404
0.0188304,24.4231
0.0188369,24.4424
0.0188436,24.4617
0.0188504,24.4809
0.0188604,24.4999
0.0188677,24.5188
0.0188778,24.5378
0.0188851,24.5567
0.0188926,24.5756
0.0189003,24.5943
0.018908,24.6131
0.0189162,24.6315
0.0189243,24.6501
0.0189296,24.6686
0.0189377,24.6872
0.0189487,24.7056
0.0189543,24.724
0.0189629,24.7423
0.0189715,24.7607
0.0189771,24.779
0.0189858,24.7972
0.0189945,24.8155
0.0190005,24.8337
0.0190123,24.8518
0.0190182,24.87
0.0190272,24.8881
0.0190362,24.9063
0.0190449,24.9245
0.0190507,24.9428
0.0190595,24.961
0.0190681,24.9793
0.019074,24.9975
0.0190825,25.0158
0.0190912,25.0341
0.0190999,25.0523
0.0191085,25.0706
0.0191139,25.089
0.0191224,25.1075
0.0191308,25.1259
0.0191391,25.1443
0.0191443,25.1629
0.0191524,25.1814
0.0191633,25.2
0.0191712,25.2187
0.0191792,25.2372
0.0191873,25.2558
0.0191954,25.2743
0.0192036,25.2928
0.0192118,25.3113
0.0192201,25.3298
0.0192255,25.3482
0.019234,25.3666
0.0192426,25.3848
0.0192514,25.4031
0.01926,25.4213
0.0192686,25.4397
0.0192742,25.458
0.0192798,25.4764
0.0192881,25.4948
0.0192966,25.5132
0.019305,25.5315
0.0193134,25.55
0.0193187,25.5685
0.0193296,25.5871
0.0193346,25.6058
0.0193426,25.6243
0.0193534,25.643
0.0193613,25.6615
0.0193691,25.6803
0.0193769,25.699
0.0193848,25.7176
0.0193896,25.7364
0.0194002,25.755
0.019408,25.7738
0.0194158,25.7925
0.0194234,25.8113
0.019431,25.83
0.0194386,25.8488
0.019449,25.8677
0.0194561,25.8868
0.019466,25.9058
0.0194731,25.9248
0.019483,25.9439
0.0194897,25.9632
0.0194992,25.9823
0.0195059,26.0016
0.0195154,26.0209
0.0195249,26.0402
0.0195316,26.0594
0.0195414,26.0785
0.0195485,26.0976
0.0195584,26.1166
0.0195656,26.1357
0.019573,26.1545
0.0195807,26.1733
0.0195883,26.1921
0.019596,26.2107
0.0196068,26.2294
0.0196118,26.2481
0.0196201,26.2665
0.0196312,26.285
0.0196397,26.3034
0.0196481,26.3218
0.0196567,26.34
0.0196653,26.3583
0.0196741,26.3765
0.0196802,26.3947
0.0196891,26.4129
0.0196981,26.4309
0.019707,26.4491
0.0197162,26.4671
0.0197224,26.4853
0.0197313,26.5033
0.0197405,26.5214
0.0197495,26.5395
0.0197556,26.5575
0.0197644,26.5757
0.0197732,26.594
0.0197818,26.6123
0.0197903,26.6307
0.0197986,26.6491
0.0198068,26.6676
0.0198149,26.6862
0.0198255,26.7049
0.0198331,26.7237
0.0198407,26.7425
0.0198484,26.7611
0.0198561,26.7799
0.0198636,26.7987
0.0198712,26.8175
0.0198819,26.8362
0.0198895,26.855
0.0198973,26.8737
0.0199052,26.8924
0.0199133,26.9109
0.0199212,26.9296
0.0199293,26.9482
0.0199347,26.9666
0.0199432,26.9849
0.0199489,27.0032
0.0199575,27.0215
0.0199634,27.0397
0.0199722,27.058
0.0199779,27.0762
0.0199866,27.0945
0.0199955,27.1127
0.0200042,27.1309
0.0200128,27.1492
0.0200214,27.1675
0.0200269,27.186
0.0200353,27.2044
0.0200409,27.2227
0.0200493,27.241
0.0200578,27.2594
0.0200632,27.2779
0.0200715,27.2963
0.0200769,27.3147
0.020088,27.3333
0.0200933,27.3517
0.0201016,27.3703
0.0201099,27.3887
0.0201182,27.4071
0.0201234,27.4257
0.0201314,27.4443
0.0201427,27.4627
0.020148,27.4811
0.0201559,27.4998
0.020164,27.5183
0.020169,27.537
0.020177,27.5556
0.0201846,27.5744
0.0201925,27.5931
0.0202002,27.6117
0.0202081,27.6304
0.0202157,27.6492
0.0202231,27.668
0.0202308,27.6868
0.0202385,27.7055
0.0202463,27.7243
0.020254,27.743
0.0202618,27.7617
0.0202696,27.7804
0.0202749,27.7989
0.0202805,27.8172
0.0202891,27.8355
0.0202979,27.8537
0.0203036,27.872
0.0203122,27.8903
0.020318,27.9085
0.0203268,27.9268
0.0203326,27.945
0.0203413,27.9633
0.0203467,27.9818
0.0203548,28.0003
0.0203629,28.0189
0.0203682,28.0373
0.0203734,28.0559
0.0203815,28.0744
0.0203897,28.0929
0.0203979,28.1114
0.0204032,28.1298
0.0204084,28.1484
0.0204167,28.1669
0.020422,28.1854
0.0204273,28.2039
0.0204353,28.2225
0.0204433,28.241
0.0204514,28.2596
0.0204593,28.2783
0.0204642,28.297
0.0204721,28.3156
0.0204799,28.3343
0.0204849,28.3529
0.0204929,28.3715
0.0205035,28.3902
0.0205086,28.4089
0.0205165,28.4274
0.0205241,28.4462
0.0205289,28.465
0.0205365,28.4838
0.0205471,28.5025
0.0205549,28.5212
0.0205597,28.54
0.0205675,28.5587
0.0205754,28.5773
0.0205805,28.5959
0.0205855,28.6146
0.0205935,28.6331
0.0206018,28.6516
0.0206073,28.67
0.0206187,28.6883
0.0206244,28.7066
0.0206331,28.7249
0.0206391,28.7431
0.0206479,28.7613
0.0206537,28.7795
0.0206596,28.7977
0.0206683,28.816
0.0206741,28.8343
0.0206826,28.8526
0.0206911,28.8709
0.0206991,28.8895
0.0207072,28.908
0.0207151,28.9267
0.020723,28.9454
0.0207309,28.9641
0.0207359,28.9826
0.020744,29.0012
0.020752,29.0197
0.02076,29.0384
0.0207679,29.0571
0.0207729,29.0756
0.0207807,29.0943
0.0207912,29.1131
0.0207988,29.1319
0.0208061,29.1508
0.0208161,29.1699
0.0208228,29.1892
0.0208295,29.2083
0.0208361,29.2276
0.0208454,29.247
0.0208517,29.2664
0.0208607,29.286
0.0208669,29.3054
0.0208758,29.3249
0.0208819,29.3444
0.0208908,29.364
0.0208969,29.3835
0.0209061,29.403
0.0209121,29.4224
0.0209211,29.442
0.0209274,29.4615
0.0209336,29.4809
0.0209397,29.5004
0.020946,29.5199
0.0209553,29.5393
0.0209586,29.5587
0.0209649,29.5781
0.0209742,29.5975
0.0209805,29.6169
0.0209871,29.6362
0.0209937,29.6555
0.0210003,29.6746
0.0210097,29.694
0.0210135,29.7132
0.0210232,29.7324
0.0210301,29.7515
0.0210369,29.7707
0.0210436,29.79
0.0210505,29.809
0.021057,29.8283
0.0210634,29.8477
0.0210697,29.8671
0.021076,29.8866
0.0210878,29.9062
0.0210937,29.9257
0.0210996,29.9454
0.0211083,29.965
0.0211139,29.9848
0.0211225,30.0045
0.0211312,30.0241
0.0211402,30.0437
0.0211462,30.0632
0.0211523,30.0827
0.0211613,30.1023
0.0211703,30.1218
0.0211765,30.1412
0.0211827,30.1607
0.0211919,30.1801
0.021201,30.1995
0.0212072,30.2191
0.0212163,30.2385
0.0212226,30.2579
0.021232,30.2773
0.0212382,30.2967
0.0212447,30.316
0.0212512,30.3353
0.0212579,30.3546
0.0212678,30.3736
0.0212718,30.3928
0.0212787,30.4119
0.0212883,30.4311
0.0212952,30.4503
0.0213046,30.4696
0.0213111,30.4888
0.0213203,30.5083
0.0213236,30.5278
0.0213325,30.5473
0.0213409,30.5671
0.0213464,30.5869
0.0213549,30.6068
0.0213632,30.6265
0.0213685,30.6464
0.0213739,30.6663
0.0213822,30.6861
0.0213903,30.7061
0.0213956,30.726
0.0214068,30.7458
0.0214152,30.7657
0.0214206,30.7855
0.0214287,30.8055
0.0214368,30.8254
0.0214421,30.8453
0.0214502,30.8652
0.0214582,30.8852
0.0214663,30.9052
0.0214744,30.9251
0.0214823,30.9451
0.0214901,30.9653
0.0214979,30.9854
0.021503,31.0054
0.0215138,31.0255
0.0215188,31.0455
0.0215268,31.0655
0.0215323,31.0853
0.0215408,31.1051
0.0215465,31.1247
0.0215583,31.1442
0.0215646,31.1637
0.021571,31.1831
0.0215803,31.2025
0.0215898,31.2218
0.0215966,31.2409
0.0216063,31.2601
0.021613,31.2794
0.0216224,31.2985
0.0216291,31.3178
0.0216387,31.3371
0.0216451,31.3564
0.0216546,31.3757
0.021664,31.395
0.0216705,31.4144
0.0216797,31.4338
0.021689,31.4532
0.0216954,31.4725
0.0217048,31.4919
0.021714,31.5113
0.02172,31.5308
0.0217292,31.5502
0.0217384,31.5697
0.0217475,31.5892
0.0217536,31.6086
0.0217625,31.6281
0.0217719,31.6475
0.0217811,31.6669
0.0217904,31.6862
0.021797,31.7056
0.0218065,31.7248
0.0218159,31.7442
0.0218226,31.7634
0.0218323,31.7825
0.0218422,31.8016
0.0218491,31.8208
0.0218559,31.8399
0.0218658,31.8591
0.0218757,31.8781
0.0218828,31.8972
0.021893,31.9161
0.0219001,31.9351
0.0219073,31.9542
0.0219144,31.9731
0.0219215,31.9921
0.0219316,32.0112
0.0219414,32.0302
0.0219485,32.0493
0.0219581,32.0686
0.0219648,32.0877
0.0219742,32.107
0.0219836,32.1264
0.0219899,32.1458
0.0220017,32.1654
0.0220077,32.1849
0.0220194,32.2045
0.022025,32.2243
0.0220362,32.2441
0.0220416,32.264
0.0220497,32.284
0.0220574,32.304
0.022065,32.3243
0.0220726,32.3444
0.0220832,32.3647
0.0220878,32.3848
0.0220982,32.4051
0.0221057,32.4254
0.0221134,32.4455
0.0221209,32.4658
0.0221286,32.4859
0.0221365,32.5059
0.0221444,32.526
0.0221523,32.546
0.0221603,32.566
0.0221685,32.5859
0.022177,32.6057
0.0221855,32.6254
0.0221938,32.6453
0.0221994,32.665
0.0222078,32.6849
0.0222135,32.7045
0.0222222,32.7242
0.0222309,32.7439
0.0222397,32.7634
0.0222454,32.7832
0.0222538,32.8031
0.0222594,32.8227
0.0222681,32.8424
0.0222739,32.862
0.0222827,32.8817
0.0222886,32.9013
0.0222975,32.9209
0.0223036,32.9404
0.0223095,32.9599
0.0223184,32.9796
0.0223272,32.9991
0.0223332,33.0188
0.0223419,33.0384
0.0223505,33.0581
0.0223559,33.078
0.0223642,33.0977
0.0223724,33.1176
0.0223773,33.1378
0.022385,33.1579
0.0223928,33.1779
0.0224003,33.1982
0.0224077,33.2186
0.022415,33.2388
0.0224222,33.2592
0.0224292,33.2797
0.0224391,33.3002
0.0224463,33.3206
0.0224536,33.3409
0.0224609,33.3613
0.0224681,33.3817
0.0224728,33.4018
0.0224804,33.4221
0.0224908,33.4422
0.0224959,33.4622
0.0225041,33.4821
0.0225121,33.5022
0.0225171,33.5222
0.0225251,33.5422
0.022533,33.5622
0.0225408,33.5824
0.0225484,33.6025
0.0225533,33.6226
0.0225639,33.6428
0.0225716,33.6629
0.022579,33.6832
0.0225864,33.7034
0.0225938,33.7238
0.0226009,33.7442
0.022608,33.7646
0.0226182,33.785
0.0226255,33.8054
0.0226356,33.8258
0.0226428,33.8461
0.0226499,33.8665
0.0226571,33.8869
0.0226668,33.9074
0.0226735,33.9282
0.0226802,33.9487
0.02269,33.9693
0.0226994,33.9901
0.0227058,34.0108
0.0227151,34.0316
0.0227213,34.0524
0.0227303,34.0733
0.0227393,34.0942
0.0227457,34.1151
0.0227525,34.1356
0.0227593,34.1562
0.0227661,34.1768
0.022776,34.1972
0.0227834,34.2176
0.0227909,34.2377
0.0227984,34.258
0.0228092,34.278
0.0228173,34.298
0.0228225,34.3179
0.0228336,34.3378
0.0228386,34.3579
0.0228467,34.3779
0.0228546,34.3979
0.0228624,34.418
0.0228701,34.4382
0.0228779,34.4582
0.0228854,34.4785
0.0228928,34.4987
0.0229032,34.519
0.0229106,34.5393
0.0229181,34.5595
0.0229252,34.5799
0.0229327,34.6002
0.0229399,34.6206
0.0229472,34.6409
0.0229572,34.6613
0.022967,34.6818
0.0229738,34.7025
0.0229803,34.7232
0.0229894,34.7441
0.0229957,34.7648
0.0230047,34.7858
0.0230136,34.8067
0.0230195,34.8278
0.0230252,34.849
0.0230337,34.8701
0.0230423,34.8912
0.0230482,34.9122
0.0230542,34.9332
0.0230632,34.9541
0.0230695,34.9749
0.0230759,34.9957
0.0230825,35.0163
0.0230891,35.0369
0.023096,35.0576
0.023106,35.078
0.0231132,35.0983
0.02312,35.119
0.0231269,35.1395
0.0231338,35.16
0.0231407,35.1805
0.0231473,35.2012
0.0231566,35.222
0.0231631,35.2426
0.0231726,35.2634
0.0231761,35.2841
0.0231853,35.305
0.0231918,35.3256
0.0231983,35.3464
0.0232076,35.3671
0.0232142,35.3879
0.0232209,35.4085
0.0232278,35.429
0.0232373,35.4497
0.0232438,35.4704
0.0232533,35.491
0.0232598,35.5118
0.0232718,35.5327
0.023278,35.5535
0.0232869,35.5745
0.0232958,35.5955
0.0233044,35.6167
0.023313,35.6378
0.0233187,35.6588
0.0233272,35.68
0.0233358,35.7011
0.0233415,35.7222
0.0233503,35.7432
0.0233564,35.7641
0.0233654,35.7851
0.0233716,35.8059
0.0233782,35.8266
0.0233875,35.8474
0.023394,35.8681
0.0234034,35.8889
0.0234098,35.9096
0.0234189,35.9305
0.0234251,35.9514
0.0234344,35.9721
0.0234405,35.993
0.0234496,36.0139
0.0234557,36.0347
0.0234621,36.0556
0.0234715,36.0764
0.0234779,36.097
0.0234848,36.1176
0.0234919,36.138
0.0234991,36.1584
0.023509,36.1789
0.0235165,36.1992
0.0235241,36.2193
0.0235316,36.2396
0.023539,36.2598
0.0235466,36.2801
0.0235539,36.3004
0.0235641,36.3208
0.023571,36.3413
0.0235781,36.3616
0.023585,36.3823
0.0235947,36.4028
0.0236012,36.4235
0.023608,36.4442
0.0236176,36.4648
0.0236241,36.4854
0.0236309,36.5061
0.0236407,36.5266
0.0236479,36.547
0.023658,36.5673
0.0236624,36.5876
0.0236726,36.608
0.0236801,36.6283
0.0236904,36.6485
0.0236979,36.6688
0.0237056,36.6889
0.0237134,36.7091
0.023721,36.7292
0.0237286,36.7495
0.0237362,36.7696
0.023747,36.7896
0.023755,36.8096
0.02376,36.8297
0.0237709,36.8497
0.023779,36.8696
0.0237872,36.8895
0.0237953,36.9095
0.0238037,36.9293
0.0238121,36.9491
0.0238203,36.9689
0.0238281,36.9891
0.0238362,37.009
0.0238442,37.029
0.0238551,37.049
0.0238658,37.0692
0.0238704,37.0893
0.023878,37.1096
0.0238882,37.1298
0.0238954,37.1503
0.0239027,37.1706
0.0239101,37.1909
0.0239202,37.2113
0.0239274,37.2316
0.0239345,37.2522
0.0239418,37.2724
0.0239518,37.2929
0.023956,37.3133
0.023966,37.3337
0.0239733,37.3541
0.0239832,37.3746
0.0239905,37.395
0.0240004,37.4154
0.0240075,37.4359
0.0240145,37.4563
0.0240215,37.4768
0.0240286,37.4973
0.0240388,37.5175
0.0240461,37.5379
0.0240536,37.5582
0.0240581,37.5784
0.0240684,37.5987
0.024073,37.619
0.0240805,37.6392
0.0240881,37.6594
0.0240956,37.6797
0.024103,37.6999
0.0241103,37.7202
0.0241148,37.7406
0.0241249,37.761
0.0241321,37.7813
0.0241362,37.8017
0.0241462,37.8222
0.0241532,37.8427
0.0241602,37.8631
0.0241674,37.8835
0.0241745,37.904
0.0241814,37.9245
0.0241883,37.945
0.0241952,37.9657
0.0242021,37.9862
0.0242088,38.0067
0.0242157,38.0273
0.0242226,38.0478
0.0242326,38.0682
0.0242395,38.0887
0.0242437,38.1092
0.0242539,38.1296
0.024261,38.15
0.0242683,38.1704
0.0242754,38.1908
0.0242856,38.2111
0.02429,38.2314
0.0242999,38.2519
0.0243069,38.2724
0.0243139,38.2928
0.0243178,38.3134
0.0243245,38.3341
0.0243312,38.3547
0.0243379,38.3753
0.0243475,38.396
0.0243544,38.4165
0.024361,38.4371
0.0243678,38.4577
0.0243746,38.4782
0.0243782,38.499
0.0243878,38.5196
0.0243945,38.5402
0.0244011,38.561
0.0244103,38.5818
0.0244167,38.6025
0.0244228,38.6234
0.024429,38.6444
0.0244379,38.6652
0.0244438,38.6862
0.0244528,38.7072
0.0244584,38.7284
0.024464,38.7495
0.0244725,38.7707
0.024478,38.7918
0.0244863,38.8132
0.0244945,38.8344
0.024503,38.8557
0.0245112,38.8769
0.0245192,38.8983
0.0245245,38.9196
0.0245326,38.941
0.0245408,38.9622
0.024549,38.9836
0.0245543,39.005
0.0245624,39.0262
0.0245677,39.0476
0.0245756,39.0689
0.0245838,39.0903
0.0245921,39.1115
0.0245973,39.1329
0.0246055,39.1543
0.0246111,39.1754
0.0246194,39.1966
0.0246279,39.2177
0.0246363,39.239
0.0246421,39.2601
0.0246507,39.2812
0.0246593,39.3023
0.0246679,39.3235
0.0246739,39.3443
0.0246827,39.3654
0.0246914,39.3864
0.0246974,39.4074
0.0247063,39.4284
0.0247152,39.4493
0.0247214,39.4702
0.0247306,39.4911
0.0247396,39.5119
0.0247457,39.5329
0.0247545,39.5539
0.0247603,39.5749
0.0247718,39.596
0.0247805,39.6172
0.0247861,39.6383
0.0247977,39.6594
0.024806,39.6806
0.0248113,39.702
0.0248193,39.7234
0.0248275,39.7446
0.0248356,39.766
0.0248439,39.7872
0.0248522,39.8084
0.0248635,39.8297
0.024869,39.8509
0.0248745,39.8722
0.024883,39.8933
0.024892,39.9142
0.0249009,39.9351
0.02491,39.956
0.0249164,39.9768
0.0249255,39.9976
0.0249344,40.0186
0.0249404,40.0396
0.0249494,40.0605
0.0249555,40.0814
0.0249644,40.1024
0.0249731,40.1234
0.0249819,40.1445
0.0249905,40.1656
0.0249989,40.1867
0.0250047,40.2079
0.0250163,40.229
0.0250221,40.25
0.0250304,40.2712
0.0250388,40.2924
0.0250471,40.3137
0.025055,40.3352
0.0250629,40.3567
0.0250708,40.378
0.0250786,40.3995
0.0250861,40.4212
0.0250937,40.4428
0.0251041,40.4644
0.0251116,40.486
0.0251191,40.5078
0.0251265,40.5294
0.0251341,40.551
0.0251417,40.5726
0.0251493,40.5942
0.0251599,40.6157
0.025168,40.6371
0.0251761,40.6584
0.0251841,40.6799
0.0251922,40.7011
0.0252006,40.7224
0.0252089,40.7436
0.0252173,40.7649
0.0252232,40.786
0.0252347,40.807
0.0252405,40.8281
0.0252491,40.8492
0.025255,40.8702
0.0252638,40.8912
0.0252727,40.9122
0.0252814,40.9332
0.0252905,40.9542
0.0252965,40.9751
0.0253082,40.9961
0.0253141,41.0171
0.025323,41.0381
0.0253291,41.059
0.0253377,41.08
0.0253467,41.101
0.0253554,41.1222
0.0253613,41.1432
0.02537,41.1642
0.0253788,41.1851
0.0253875,41.2063
0.0253932,41.2274
0.0254018,41.2485
0.0254102,41.2696
0.0254157,41.2909
0.0254266,41.3122
0.025432,41.3336
0.0254402,41.3548
0.0254484,41.3762
0.0254564,41.3975
0.0254646,41.4188
0.0254729,41.44
0.0254812,41.4614
0.0254894,41.4828
0.0254979,41.5039
0.0255065,41.525
0.0255121,41.5461
0.0255206,41.5673
0.025529,41.5885
0.0255375,41.6097
0.025543,41.6308
0.0255513,41.6521
0.0255598,41.6733
0.0255684,41.6944
0.0255766,41.7157
0.0255823,41.7368
0.0255881,41.7579
0.0255965,41.779
0.0256051,41.8001
0.0256136,41.8214
0.0256191,41.8425
0.0256305,41.8637
0.0256358,41.885
0.0256469,41.9063
0.0256549,41.9277
0.0256626,41.9493
0.0256701,41.9709
0.0256804,41.9926
0.0256874,42.0145
0.0256943,42.0365
0.0257041,42.0583
0.0257108,42.0804
0.0257203,42.1025
0.0257268,42.1246
0.0257333,42.1467
0.0257426,42.1689
0.025749,42.1911
0.0257553,42.2133
0.0257646,42.2354
0.0257709,42.2577
0.0257829,42.28
0.0257893,42.3021
0.0257957,42.3243
0.0258049,42.3465
0.0258115,42.3686
0.0258182,42.3907
0.0258249,42.4127
0.0258318,42.4347
0.0258387,42.4565
0.0258489,42.4782
0.0258561,42.5001
0.0258605,42.5218
0.0258709,42.5434
0.0258753,42.5652
0.0258855,42.5869
0.02589,42.6086
0.0258975,42.6303
0.025905,42.6519
0.0259126,42.6735
0.02592,42.6952
0.0259275,42.7169
0.0259346,42.7387
0.0259415,42.7606
0.0259487,42.7824
0.0259556,42.8043
0.0259625,42.8263
0.0259721,42.8484
0.0259786,42.8704
0.0259849,42.8927
0.0259939,42.915
0.0259999,42.9373
0.0260059,42.9597
0.0260178,42.982
0.0260238,43.0044
0.0260299,43.0267
0.0260387,43.0492
0.0260445,43.0716
0.0260505,43.094
0.0260594,43.1163
0.0260654,43.1388
0.0260742,43.1611
0.0260804,43.1834
0.0260866,43.2057
0.0260927,43.228
0.0261017,43.2503
0.0261081,43.2725
0.0261145,43.2946
0.0261208,43.3169
0.02613,43.3391
0.0261366,43.3612
0.026146,43.3833
0.0261524,43.4055
0.0261588,43.4277
0.0261652,43.4498
0.0261717,43.472
0.0261809,43.4942
0.0261871,43.5164
0.0261959,43.5389
0.0262017,43.5614
0.0262106,43.5837
0.0262194,43.6062
0.026228,43.6286
0.0262364,43.6512
0.026242,43.6738
0.02625,43.6966
0.0262581,43.7194
0.0262662,43.7422
0.0262745,43.7649
0.0262824,43.7877
0.0262903,43.8105
0.026295,43.8336
0.0263026,43.8565
0.0263131,43.8795
0.0263206,43.9026
0.0263284,43.9255
0.0263332,43.9485
0.0263409,43.9713
0.0263488,43.9942
0.0263536,44.0172
0.0263615,44.04
0.0263695,44.0628
0.0263776,44.0855
0.0263857,44.1084
0.0263909,44.1311
0.0263991,44.1538
0.0264071,44.1766
0.0264121,44.1994
0.0264203,44.2221
0.0264287,44.2448
0.0264341,44.2674
0.0264423,44.2901
0.0264509,44.3126
0.0264565,44.3352
0.026465,44.3578
0.0264705,44.3803
0.0264791,44.4029
0.0264875,44.4255
0.0264931,44.4481
0.0265016,44.4707
0.0265101,44.4933
0.0265159,44.5157
0.026524,44.5384
0.0265325,44.561
0.026538,44.5836
0.0265461,44.6063
0.0265546,44.6289
0.0265629,44.6516
0.0265715,44.6742
0.02658,44.6966
0.0265885,44.7192
0.0265939,44.7419
0.0266023,44.7645
0.026611,44.787
0.0266198,44.8094
0.0266287,44.8318
0.0266347,44.8542
0.026641,44.8764
0.0266472,44.8986
0.0266589,44.921
0.0266651,44.9433
0.0266743,44.9655
0.0266805,44.9878
0.0266894,45.0102
0.0266985,45.0324
0.0267044,45.0549
0.02671,45.0775
0.0267185,45.0999
0.0267269,45.1226
0.0267382,45.1452
0.0267462,45.1681
0.0267514,45.1908
0.0267596,45.2135
0.0267678,45.2362
0.0267789,45.259
0.0267871,45.2816
0.0267923,45.3044
0.0268002,45.3272
0.0268081,45.3501
0.026816,45.3729
0.0268268,45.3958
0.0268376,45.4187
0.0268453,45.4416
0.0268528,45.4647
0.026863,45.4878
0.0268705,45.5108
0.026881,45.5338
0.0268856,45.5569
0.0268963,45.5798
0.0269039,45.6027
0.0269118,45.6256
0.0269197,45.6485
0.0269278,45.6712
0.0269361,45.6939
0.0269445,45.7165
0.0269529,45.7391
0.0269591,45.7614
0.0269683,45.7837
0.0269774,45.8059
0.0269869,45.828
0.0269936,45.8501
0.027003,45.8722
0.0270095,45.8943
0.027019,45.9163
0.0270285,45.9384
0.027035,45.9605
0.0270412,45.9829
0.0270505,46.005
0.0270597,46.0272
0.0270687,46.0495
0.0270751,46.0717
0.0270842,46.0941
0.0270965,46.1162
0.0271028,46.1384
0.0271094,46.1605
0.0271189,46.1826
0.0271253,46.2047
0.0271346,46.2269
0.0271441,46.249
0.0271535,46.2711
0.0271599,46.2933
0.0271693,46.3154
0.0271785,46.3376
0.0271878,46.3598
0.0271942,46.382
0.0272065,46.4041
0.0272131,46.4262
0.0272196,46.4483
0.0272262,46.4704
0.0272356,46.4925
0.0272422,46.5146
0.0272518,46.5366
0.0272616,46.5586
0.0272685,46.5805
0.027278,46.6025
0.0272846,46.6247
0.0272913,46.6467
0.0273011,46.6687
0.0273107,46.6906
0.0273176,46.7126
0.0273242,46.7347
0.0273336,46.7568
0.02734,46.779
0.0273494,46.8011
0.0273585,46.8233
0.027365,46.8455
0.0273711,46.8678
0.0273803,46.8901
0.0273892,46.9124
0.0273953,46.9348
0.0274042,46.9571
0.0274131,46.9795
0.0274188,47.0019
0.0274272,47.0246
0.0274361,47.047
0.0274445,47.0695
0.0274529,47.0921
0.0274642,47.1148
0.0274697,47.1374
0.0274779,47.1601
0.0274832,47.1828
0.0274919,47.2053
0.0275004,47.2279
0.0275064,47.2502
0.0275153,47.2725
0.0275217,47.2948
0.0275313,47.3169
0.027538,47.3388
0.0275451,47.3607
0.0275553,47.3824
0.0275628,47.404
0.0275703,47.4257
0.0275781,47.4472
0.0275859,47.4687
0.0275937,47.4902
0.0276043,47.5118
0.0276122,47.5332
0.0276229,47.5548
0.0276306,47.5763
0.0276384,47.5977
0.0276463,47.6191
0.0276573,47.6406
0.0276654,47.662
0.0276705,47.6833
0.0276814,47.7047
0.0276862,47.7263
0.0276968,47.7478
0.0277047,47.7693
0.0277153,47.7907
0.0277231,47.8123
0.0277307,47.834
0.0277381,47.8556
0.0277483,47.8773
0.0277585,47.8991
0.0277658,47.9209
0.0277733,47.9425
0.0277836,47.9642
0.027794,47.9858
0.0278014,48.0074
0.0278088,48.0293
0.0278161,48.0509
0.0278265,48.0726
0.027834,48.0942
0.0278417,48.1157
0.0278523,48.1373
0.0278572,48.1588
0.027868,48.1803
0.0278758,48.2017
0.0278838,48.2231
0.0278918,48.2446
0.0278998,48.266
0.0279048,48.2874
0.0279155,48.3089
0.0279231,48.3305
0.0279334,48.3523
0.0279407,48.374
0.0279505,48.3958
0.0279575,48.4178
0.0279671,48.4398
0.0279766,48.4619
0.0279835,48.4839
0.0279902,48.5058
0.0279969,48.5279
0.0280035,48.5499
0.028013,48.572
0.0280224,48.5941
0.0280289,48.6163
0.0280383,48.6384
0.0280472,48.6608
0.0280561,48.6831
0.0280646,48.7057
0.0280733,48.7281
0.028082,48.7507
0.0280907,48.7731
0.0280995,48.7955
0.0281085,48.8179
0.0281177,48.8401
0.0281269,48.8623
0.0281336,48.8844
0.0281434,48.9062
0.0281506,48.9281
0.0281608,48.9498
0.0281684,48.9714
0.0281761,48.993
0.0281864,49.0146
0.0281939,49.0362
0.0282046,49.0579
0.0282153,49.0793
0.028223,49.1008
0.0282309,49.1223
0.0282388,49.1438
0.0282493,49.1654
0.0282597,49.187
0.0282706,49.2084
0.0282789,49.2296
0.0282872,49.2508
0.0282984,49.2722
0.028307,49.2932
0.0283156,49.3144
0.0283272,49.3354
0.0283362,49.3564
0.0283483,49.3772
0.0283578,49.3978
0.02837,49.4187
0.0283796,49.4393
0.0283923,49.4598
0.0284021,49.4803
0.0284148,49.5008
0.0284251,49.5212
0.0284387,49.5413
0.0284496,49.5613
0.0284637,49.5812
0.0284752,49.6008
0.0284874,49.6202
0.0285031,49.6393
0.0285164,49.6582
0.0285338,49.6764
0.0285495,49.6941
0.0327305,47.6941
