"Maximum force"	32,2366	"N"
"Gage length "	0,987868	"mm"
"Pre-load"	0,1	"N"
"Standard travel"	"Standard force"
"mm"	"N"
0	0,137003
-3,3062e-008	0,137019
-8,26549e-008	0,137042
-2,81027e-007	0,137136
-1,65543e-007	0,137081
-2,47965e-007	0,13712
-3,80212e-007	0,137183
-4,46336e-007	0,137214
-6,44708e-007	0,137308
-9,09204e-007	0,137433
-1,35438e-006	0,137645
-1,70269e-006	0,137809
-1,96719e-006	0,137935
-2,26335e-006	0,138076
-2,54461e-006	0,138209
-2,94135e-006	0,138397
-3,28966e-006	0,138561
-3,70317e-006	0,138758
-3,93414e-006	0,138868
-4,2154e-006	0,139
-4,28199e-006	0,139032
-4,4636e-006	0,139118
-4,56278e-006	0,139165
-4,79375e-006	0,139275
-4,97629e-006	0,139361
-5,04241e-006	0,139393
-5,1253e-006	0,139432
-5,02658e-006	0,139385
-5,07571e-006	0,139408
-5,01005e-006	0,139377
-4,97676e-006	0,139361
-5,05918e-006	0,1394
-5,17466e-006	0,139455
-5,33951e-006	0,139533
-5,43916e-006	0,13958
-5,80237e-006	0,139752
-5,70412e-006	0,139706
-5,96675e-006	0,139831
-5,91902e-006	0,139808
-6,14999e-006	0,139917
-6,5132e-006	0,14009
-6,71158e-006	0,140184
-7,05803e-006	0,140348
-7,38958e-006	0,140505
-7,85151e-006	0,140724
-8,1663e-006	0,140873
-8,6301e-006	0,141093
-8,77818e-006	0,141163
-9,15816e-006	0,141343
-9,35746e-006	0,141437
-9,55584e-006	0,141531
-9,80357e-006	0,141649
-9,7712e-006	0,141634
-9,7875e-006	0,141641
-9,7876e-006	0,141641
-9,62275e-006	0,141563
-9,50681e-006	0,141508
-6,54147e-006	0,141477
-3,84436e-006	0,141578
-1,29627e-006	0,141742
1,25183e-006	0,141915
6,43744e-006	0,142213
1,14442e-005	0,142596
1,94909e-005	0,142909
2,72991e-005	0,143325
3,79087e-005	0,143824
4,83991e-005	0,144358
5,56709e-005	0,145049
6,62805e-005	0,145528
7,68305e-005	0,146035
8,44301e-005	0,146569
9,5159e-005	0,146975
0,000106007	0,147361
0,000116855	0,147736
0,000124782	0,148089
0,000132769	0,148442
0,000143558	0,148848
0,000151545	0,149186
0,000159353	0,149625
0,00017038	0,149899
0,000175536	0,150227
0,000186622	0,150487
0,000197411	0,15087
0,000205755	0,151059
0,000214398	0,151075
0,000222922	0,151169
0,000231564	0,1512
0,000243068	0,151262
0,000251711	0,151318
0,000260234	0,151388
0,000271619	0,151513
0,000279844	0,151749
0,000288248	0,151889
0,000293315	0,152265
0,000303686	0,152837
0,000308484	0,153329
0,000315875	0,153966
0,000323475	0,154496
0,000330985	0,155061
0,000338406	0,155679
0,000345975	0,156228
0,000353396	0,156838
0,000363708	0,157441
0,000371128	0,158078
0,000378668	0,158643
0,000386179	0,159215
0,000393808	0,159715
0,000404239	0,160279
0,00041163	0,16092
0,000418991	0,161572
0,000426173	0,162293
0,000433564	0,162927
0,000443518	0,16372
0,000450611	0,164487
0,000460506	0,165303
0,00046742	0,166165
0,000474364	0,167008
0,000484079	0,167901
0,000491113	0,16871
0,000497937	0,169602
0,000508011	0,170346
0,000515014	0,171163
0,000525206	0,17183
0,000535101	0,172643
0,000542224	0,173417
0,000552237	0,17418
0,000559241	0,174993
0,000569075	0,175824
0,00057593	0,176717
0,000582874	0,177564
0,000592709	0,178395
0,000599712	0,179231
0,000609428	0,180119
0,000616282	0,181012
0,000625819	0,181996
0,000632554	0,182939
0,000639349	0,183854
0,000648946	0,184819
0,000655621	0,185784
0,000662238	0,186776
0,000671774	0,187776
0,000678271	0,188821
0,000687868	0,189786
0,000694573	0,190751
0,000704229	0,191659
0,000710726	0,192727
0,000720322	0,193688
0,000729978	0,194604
0,000736773	0,195538
0,00074625	0,196546
0,000755608	0,197629
0,000762105	0,198674
0,000768572	0,19975
0,00077799	0,200787
0,000787407	0,201833
0,000794023	0,20284
0,000803203	0,203992
0,000809759	0,205022
0,000819177	0,206059
0,000828833	0,206994
0,000835419	0,208009
0,000844896	0,209039
0,000851303	0,210122
0,00086084	0,211114
0,000870198	0,212182
0,000876695	0,21325
0,000886053	0,214318
0,000892162	0,215554
0,000901461	0,216668
0,000910342	0,217957
0,000916392	0,219232
0,000925392	0,22046
0,000931531	0,221696
0,000940353	0,223008
0,000949353	0,224267
0,000955612	0,225434
0,000961661	0,226693
0,000970721	0,227906
0,000979722	0,229165
0,000989139	0,230187
0,000995606	0,231271
0,00100502	0,232316
0,001012	0,233155
0,00102273	0,233554
0,00103346	0,233993
0,00104103	0,234549
0,00105128	0,23519
0,00106153	0,23585
0,00107136	0,23667
0,00107822	0,237575
0,00108799	0,23846
0,00109461	0,239444
0,00110051	0,240786
0,00110862	0,242442
0,00111672	0,244121
0,00112206	0,24573
0,00112748	0,247279
0,00113601	0,248759
0,00114447	0,250239
0,00115323	0,251597
0,00115916	0,252932
0,0011678	0,254352
0,00117663	0,255679
0,00118515	0,257144
0,0011909	0,258555
0,00119954	0,259974
0,00120831	0,261302
0,00121701	0,262706
0,00122565	0,26411
0,00123128	0,265582
0,00124273	0,267039
0,00125155	0,268382
0,0012573	0,269778
0,00126594	0,271197
0,00127447	0,272647
0,00128311	0,274074
0,00128874	0,275546
0,00129709	0,277095
0,00130549	0,278613
0,00131354	0,280314
0,00132164	0,281985
0,00132957	0,283725
0,00133774	0,285365
0,00134584	0,287036
0,00135395	0,288707
0,00136206	0,290378
0,00137034	0,291957
0,00137892	0,293414
0,00138739	0,294917
0,00139591	0,296382
0,00140432	0,297885
0,00141272	0,299418
0,00142112	0,300967
0,00142941	0,302539
0,00143769	0,30411
0,00144586	0,305758
0,00145397	0,307429
0,00146177	0,309222
0,00146988	0,310916
0,00147495	0,312648
0,00148293	0,314364
0,00149116	0,315959
0,00149637	0,317637
0,00150752	0,319247
0,00151563	0,320895
0,00152379	0,322535
0,00153184	0,324229
0,00153995	0,3259
0,00155097	0,327571
0,00155902	0,329257
0,00156713	0,330943
0,00157505	0,332683
0,00158322	0,33433
0,00159132	0,335986
0,00159949	0,337634
0,00160766	0,339267
0,00161576	0,340953
0,00162399	0,342563
0,00163221	0,344165
0,00164074	0,345622
0,00164902	0,347224
0,00165737	0,348781
0,00166547	0,350444
0,00167668	0,352031
0,00168201	0,353633
0,00169012	0,355304
0,00170097	0,357051
0,0017117	0,358851
0,00171658	0,36066
0,00172412	0,362597
0,00173193	0,364398
0,0017395	0,366328
0,00174993	0,368266
0,00175747	0,370204
0,00176504	0,372127
0,00177288	0,373938
0,00178057	0,375784
0,00178855	0,377524
0,0017991	0,379408
0,00180709	0,381132
0,00181484	0,382971
0,00182271	0,384734
0,00183058	0,386511
0,00184118	0,388365
0,00184935	0,390028
0,00185734	0,391737
0,00186562	0,393317
0,00187355	0,395071
0,0018816	0,396765
0,00188941	0,398589
0,00189727	0,400351
0,00190514	0,402144
0,00191295	0,40396
0,00192088	0,405707
0,00193119	0,407706
0,00193879	0,409621
0,00194612	0,41165
0,00195357	0,413634
0,0019609	0,415663
0,00197103	0,417738
0,00197845	0,419737
0,00198605	0,421667
0,00199374	0,423521
0,00200104	0,425566
0,00200864	0,427489
0,00201896	0,429472
0,00202682	0,431258
0,00203445	0,433157
0,00204482	0,43511
0,00205263	0,436926
0,00206044	0,438742
0,00206813	0,440619
0,00207564	0,442572
0,00208607	0,444502
0,00209364	0,446425
0,00210115	0,448378
0,00211152	0,450346
0,00211909	0,452269
0,0021269	0,454069
0,00213432	0,456068
0,00214162	0,458113
0,00215187	0,460127
0,00215929	0,462141
0,00216675	0,464125
0,00217387	0,466261
0,00218093	0,468428
0,00219094	0,470549
0,00219834	0,472563
0,00220579	0,474547
0,00221333	0,476492
0,0022209	0,478407
0,00223115	0,480437
0,0022389	0,48226
0,00224969	0,484053
0,00225761	0,485777
0,00226548	0,48757
0,00227335	0,489355
0,00228104	0,491217
0,00229183	0,492995
0,00229957	0,494841
0,00230711	0,496771
0,00231471	0,498679
0,00232491	0,500723
0,00233248	0,502661
0,00233981	0,504691
0,00234717	0,50672
0,00235438	0,50881
0,00236457	0,510855
0,00237176	0,512961
0,00238213	0,514929
0,0023894	0,517004
0,00239661	0,519095
0,00240698	0,521048
0,00241428	0,523123
0,00242483	0,525
0,0024324	0,526923
0,00243994	0,528868
0,00245031	0,530836
0,00246051	0,532896
0,00246799	0,53485
0,00247562	0,536757
0,00248331	0,538596
0,00249043	0,540747
0,00250062	0,542807
0,00250765	0,544989
0,0025149	0,547064
0,00252479	0,549246
0,00252875	0,55152
0,00253853	0,553748
0,00254526	0,556082
0,0025551	0,558295
0,00256183	0,560629
0,00257161	0,562872
0,00257829	0,565237
0,00258505	0,567541
0,00259176	0,569861
0,00260135	0,572195
0,00260836	0,574393
0,00261789	0,576758
0,00262466	0,579062
0,00263431	0,581366
0,00264427	0,583533
0,00265136	0,585699
0,0026583	0,587912
0,0026654	0,590063
0,00267827	0,592215
0,00268569	0,594214
0,00269565	0,596381
0,00270283	0,598486
0,0027126	0,600729
0,00271943	0,603018
0,00272631	0,605276
0,00273615	0,607474
0,00274315	0,609686
0,00275275	0,612021
0,00275954	0,61431
0,00276625	0,616644
0,00277626	0,61878
0,00278362	0,620795
0,0027909	0,62287
0,00280103	0,62496
0,00280803	0,627142
0,00281515	0,629279
0,00282511	0,63143
0,00283506	0,633597
0,00284201	0,63584
0,00285184	0,638052
0,0028587	0,640326
0,00286817	0,642722
0,00287783	0,645026
0,00288453	0,64736
0,00289437	0,649573
0,00290146	0,651739
0,00291159	0,653799
0,00291881	0,65592
0,00292852	0,658179
0,0029352	0,660544
0,0029445	0,663016
0,00295409	0,66535
0,00296059	0,667792
0,00296691	0,670309
0,00297561	0,673056
0,00298443	0,675772
0,00299024	0,678534
0,00299614	0,68125
0,00300514	0,683874
0,00301409	0,686514
0,00302326	0,689032
0,00302958	0,69158
0,00303894	0,694022
0,00304526	0,696539
0,00305456	0,699011
0,00306356	0,70162
0,0030699	0,704138
0,00307914	0,706641
0,00308826	0,709219
0,00309738	0,711768
0,00310632	0,714423
0,00311246	0,717017
0,0031214	0,719687
0,00313052	0,72225
0,00313669	0,724829
0,00314563	0,727484
0,00315457	0,730139
0,00316047	0,73284
0,00316947	0,735449
0,00317532	0,738211
0,00318402	0,740973
0,00319242	0,743857
0,00320101	0,746695
0,00320655	0,749579
0,00321483	0,752539
0,003223	0,755545
0,00323099	0,758643
0,00323635	0,761618
0,00324464	0,764578
0,00325316	0,767432
0,00326156	0,770316
0,00326979	0,773322
0,00327813	0,776236
0,00328666	0,779089
0,00329554	0,78176
0,00330424	0,784537
0,00331312	0,787222
0,00332176	0,789999
0,00333047	0,792776
0,00333911	0,795554
0,00334769	0,798392
0,00335347	0,801154
0,00336468	0,804098
0,00337052	0,806845
0,00337904	0,809683
0,00338775	0,81246
0,00339314	0,815421
0,00340125	0,818457
0,00340953	0,821402
0,0034208	0,824347
0,00342655	0,827124
0,00343489	0,830054
0,0034433	0,832953
0,00345129	0,836066
0,00345951	0,839056
0,00346797	0,841925
0,00347662	0,844733
0,00348836	0,847418
0,00349432	0,850119
0,00350642	0,852637
0,00351548	0,855231
0,00352195	0,857672
0,00353124	0,860159
0,00354066	0,862585
0,0035499	0,865073
0,00355926	0,867529
0,00356856	0,870016
0,00357738	0,872702
0,00358584	0,875601
0,00359088	0,878729
0,0035991	0,881705
0,00360441	0,884711
0,00361263	0,887686
0,00361776	0,890784
0,00362837	0,894003
0,00363335	0,897162
0,0036439	0,900442
0,00365194	0,903494
0,00365993	0,906607
0,00366816	0,909598
0,0036762	0,912665
0,00368449	0,91564
0,00369283	0,91857
0,00370106	0,921545
0,00370946	0,92446
0,00372055	0,927451
0,00372636	0,930228
0,00373476	0,933127
0,00374323	0,93598
0,00375449	0,93891
0,00375968	0,941992
0,00377059	0,945074
0,00377547	0,948264
0,00378638	0,951361
0,00379112	0,954626
0,00380161	0,957907
0,00380623	0,961233
0,00381678	0,964484
0,00382465	0,967673
0,00383207	0,97103
0,0038397	0,97431
0,00384706	0,977698
0,00385475	0,980948
0,00386232	0,984244
0,00387007	0,987448
0,00387776	0,990698
0,00388536	0,993994
0,00389573	0,997321
0,00390312	1,00072
0,00391391	1,00387
0,00391873	1,0071
0,00392958	1,01021
0,00393763	1,0133
0,00394574	1,01632
0,003957	1,01926
0,00396523	1,02225
0,00397625	1,02529
0,00398424	1,02839
0,00399527	1,03144
0,0040029	1,03469
0,0040107	1,03789
0,00402102	1,04127
0,00402832	1,04468
0,00403541	1,04821
0,00404542	1,05175
0,00405264	1,05521
0,00406259	1,05875
0,00407001	1,06212
0,00407752	1,06545
0,00408819	1,06864
0,00409612	1,0718
0,00410112	1,07493
0,00411185	1,07809
0,00411978	1,08123
0,00412795	1,08425
0,00413885	1,08733
0,00414714	1,09029
0,00415507	1,09344
0,00416591	1,09656
0,00417664	1,09975
0,00418168	1,10287
0,00419265	1,10593
0,00420052	1,10908
0,00420838	1,11223
0,00421601	1,11553
0,0042237	1,11877
0,00423145	1,12198
0,0042392	1,12517
0,00424677	1,12849
0,00425431	1,1318
0,0042617	1,1352
0,00426894	1,13865
0,00427925	1,142
0,0042867	1,14538
0,00429433	1,14866
0,00430193	1,15194
0,00430962	1,15519
0,00432029	1,15838
0,00432816	1,16155
0,00433626	1,16459
0,00434443	1,16761
0,00435582	1,17048
0,00436398	1,17348
0,00437519	1,17644
0,00438335	1,17946
0,00439152	1,18247
0,00439968	1,18549
0,00440767	1,18859
0,0044156	1,19172
0,00442308	1,19507
0,00443053	1,19843
0,00443786	1,20185
0,00444528	1,20521
0,00445252	1,20867
0,00446248	1,21223
0,00446951	1,21577
0,0044764	1,2194
0,00448647	1,22288
0,00449338	1,22649
0,00450048	1,23002
0,00450742	1,23362
0,00451448	1,23716
0,00452456	1,24064
0,00453487	1,24402
0,00454235	1,24737
0,00454956	1,25083
0,00455704	1,25417
0,00456431	1,25762
0,00457474	1,26095
0,00458231	1,26424
0,00459274	1,26754
0,00460043	1,2708
0,00460782	1,27418
0,00461539	1,27749
0,00462559	1,28092
0,00463295	1,28431
0,00463998	1,28788
0,00464713	1,29137
0,00465405	1,29497
0,00466376	1,29862
0,00467342	1,30231
0,00468278	1,30614
0,00468942	1,3099
0,00469586	1,31373
0,0047054	1,31747
0,00471198	1,32123
0,00472152	1,32497
0,00472817	1,32873
0,004738	1,33231
0,00474512	1,33584
0,0047521	1,33942
0,00476211	1,34295
0,00477212	1,34646
0,0047794	1,34989
0,00478676	1,35329
0,00479707	1,35665
0,00480756	1,35996
0,00481483	1,36341
0,00482213	1,36683
0,00482925	1,37034
0,00483662	1,37374
0,00484645	1,37734
0,00485605	1,38106
0,00486248	1,38489
0,00487178	1,38875
0,0048784	1,39252
0,00488752	1,39643
0,00489682	1,40031
0,00490296	1,40427
0,00490927	1,40818
0,00491851	1,41205
0,00492793	1,41587
0,00493467	1,41956
0,00494134	1,42328
0,00495106	1,42693
0,00496071	1,43064
0,00496775	1,43419
0,00497451	1,43787
0,00498441	1,44143
0,00499412	1,44509
0,00500107	1,44871
0,00501132	1,45211
0,00501823	1,45571
0,00502813	1,45928
0,00503498	1,46293
0,00504553	1,46618
0,00505626	1,46937
0,00506729	1,4724
0,00507515	1,47555
0,005086	1,47869
0,00509673	1,48186
0,00510734	1,4851
0,00511256	1,48815
0,0051234	1,49126
0,00513121	1,49447
0,0051381	1,49808
0,00514501	1,50168
0,00515184	1,50535
0,00516149	1,50902
0,00516548	1,51266
0,0051749	1,51644
0,00518167	1,52013
0,00518825	1,5239
0,00519529	1,52746
0,00520488	1,53116
0,00521195	1,53472
0,00522154	1,53843
0,00522846	1,54203
0,00523859	1,54549
0,00524574	1,549
0,00525593	1,55244
0,00526583	1,55599
0,00527265	1,55965
0,00528213	1,56342
0,00528884	1,56714
0,00529813	1,57099
0,00530135	1,57499
0,00531047	1,57889
0,00531929	1,58301
0,00532245	1,58701
0,00533122	1,59113
0,00534028	1,5951
0,00534957	1,59896
0,00535622	1,6027
0,00536617	1,60625
0,00537613	1,60978
0,00538364	1,61312
0,00539365	1,61663
0,00540101	1,62003
0,0054112	1,62345
0,00541854	1,62688
0,00542861	1,63036
0,0054385	1,63396
0,00544822	1,63759
0,00545487	1,64135
0,00546139	1,64515
0,00547063	1,64904
0,00547674	1,65301
0,00548872	1,65697
0,00549483	1,66097
0,00550112	1,66488
0,00550696	1,669
0,0055159	1,67303
0,0055218	1,67711
0,00553098	1,68102
0,00554016	1,68493
0,00554952	1,68877
0,00555616	1,69251
0,00556281	1,69625
0,00557241	1,69996
0,00558218	1,70359
0,00559243	1,70701
0,00560257	1,71047
0,00560978	1,71395
0,00561675	1,71752
0,00562647	1,72117
0,00563642	1,72472
0,00564325	1,72838
0,00565284	1,73209
0,00565904	1,73603
0,00566828	1,73992
0,00567421	1,74401
0,00568032	1,74801
0,00568914	1,75207
0,00569796	1,75616
0,00570392	1,76021
0,00570968	1,7644
0,0057185	1,76845
0,00572702	1,77267
0,0057359	1,77672
0,00574162	1,78094
0,00575039	1,78503
0,0057562	1,78918
0,00576514	1,7932
0,0057742	1,79714
0,00578332	1,80111
0,00579285	1,80485
0,00580239	1,80862
0,0058124	1,81212
0,00582224	1,81573
0,00583207	1,81934
0,00584197	1,8229
0,00584876	1,82657
0,00585848	1,83022
0,00586503	1,83402
0,00587451	1,83777
0,00588369	1,84168
0,00589293	1,84557
0,00589892	1,84963
0,00590773	1,85374
0,00591354	1,85786
0,00592218	1,86201
0,00593089	1,86616
0,00593625	1,87049
0,00594459	1,87483
0,0059527	1,87922
0,00596075	1,88371
0,00596575	1,88819
0,0059735	1,8928
0,00598143	1,89729
0,00598948	1,90174
0,00599776	1,90608
0,00600891	1,91044
0,00601749	1,91465
0,00602596	1,91889
0,00603466	1,92301
0,00604041	1,9272
0,00604905	1,93138
0,00605799	1,9354
0,00606664	1,93956
0,00607534	1,94371
0,00608362	1,94804
0,00609209	1,95228
0,00610311	1,95671
0,00610818	1,96119
0,00611599	1,96574
0,00612368	1,97038
0,00613131	1,97502
0,00613885	1,97972
0,00614659	1,98429
0,00615416	1,98899
0,00616197	1,99357
0,0061696	1,99818
0,00617747	2,00273
0,0061854	2,00724
0,00619607	2,01182
0,00620393	2,01634
0,0062118	2,02092
0,00621985	2,02534
0,00622784	2,02983
0,00623624	2,0341
0,00624441	2,03852
0,00625275	2,04283
0,00626419	2,04704
0,00627278	2,05122
0,00628154	2,05534
0,00629048	2,05937
0,00629942	2,0634
0,00631116	2,06745
0,00631987	2,07164
0,00632815	2,07594
0,00633337	2,08036
0,00634129	2,08488
0,00634889	2,08955
0,00635664	2,09413
0,00636439	2,09874
0,00637214	2,10331
0,00637977	2,10798
0,00638752	2,11256
0,00639527	2,11714
0,00640325	2,12162
0,00641142	2,12602
0,00641964	2,13041
0,00643109	2,13459
0,00643967	2,1388
0,0064453	2,14302
0,00645365	2,14732
0,00646199	2,15165
0,00647046	2,15589
0,0064788	2,1602
0,00648738	2,16441
0,00649591	2,16862
0,00650443	2,17286
0,00651278	2,17717
0,006521	2,18153
0,00652941	2,1858
0,00653763	2,19017
0,0065458	2,19456
0,00655372	2,19908
0,00656201	2,20341
0,00657012	2,20784
0,0065784	2,21217
0,00658669	2,2165
0,00659461	2,22102
0,00660272	2,22544
0,00661071	2,22993
0,00661905	2,23423
0,00662769	2,23841
0,0066364	2,24253
0,00664522	2,24662
0,00665392	2,25077
0,00666274	2,25483
0,00667448	2,25892
0,00668378	2,2628
0,00669272	2,2668
0,00670482	2,27073
0,00671084	2,27476
0,0067199	2,2787
0,00672902	2,28266
0,00673826	2,28657
0,00674449	2,29048
0,00675373	2,29437
0,0067632	2,29814
0,00677238	2,30204
0,00678192	2,30581
0,00679116	2,3097
0,00679763	2,31353
0,00680704	2,31732
0,00681658	2,32106
0,00682606	2,32484
0,00683258	2,32864
0,006842	2,33244
0,00684838	2,3363
0,00685798	2,34001
0,00686459	2,34378
0,00687425	2,34745
0,00688396	2,35112
0,00689052	2,3549
0,0069	2,35865
0,00690942	2,36248
0,00691594	2,36627
0,00692518	2,37014
0,00693174	2,37393
0,00694109	2,37774
0,00695051	2,38154
0,00695701	2,38537
0,00696607	2,38934
0,00697236	2,39324
0,00698136	2,39721
0,00699346	2,40115
0,00699969	2,40509
0,007006	2,40899
0,007015	2,41296
0,00702401	2,41699
0,00703295	2,42099
0,00703882	2,42511
0,007048	2,42904
0,00705399	2,43307
0,00706033	2,43695
0,00706963	2,44081
0,00707631	2,44453
0,00708573	2,44831
0,00709532	2,45205
0,00710504	2,45571
0,00711487	2,4593
0,00712495	2,46281
0,00713472	2,46643
0,00714178	2,46998
0,00715144	2,47366
0,00716098	2,4774
0,00716759	2,48117
0,00717677	2,48507
0,00718583	2,48901
0,00719167	2,49316
0,00720038	2,49731
0,0072061	2,50146
0,0072148	2,50561
0,00722344	2,50979
0,00723185	2,51406
0,00723748	2,51828
0,00724594	2,52255
0,0072547	2,52664
0,00726376	2,53064
0,007273	2,53451
0,00727962	2,53826
0,00728922	2,54199
0,00729905	2,54557
0,00730889	2,54917
0,00731607	2,55267
0,00732584	2,5563
0,00733574	2,55987
0,00734262	2,56352
0,00735228	2,56718
0,00736181	2,57093
0,00736526	2,57482
0,00737444	2,57873
0,00738055	2,58273
0,00738966	2,58667
0,00739551	2,59075
0,00740427	2,59487
0,00740996	2,59909
0,00741866	2,60321
0,00742453	2,60733
0,00743312	2,61151
0,00744176	2,61569
0,00744715	2,62002
0,00745556	2,62429
0,00746378	2,62866
0,00747231	2,63287
0,00747812	2,63702
0,00748676	2,64117
0,00749582	2,64514
0,00750476	2,6492
0,00751394	2,6531
0,00752294	2,6571
0,00753224	2,66096
0,00754124	2,66496
0,00755066	2,66877
0,007557	2,67265
0,007566	2,67662
0,00757483	2,68074
0,00758025	2,68504
0,0075886	2,68934
0,00759664	2,6938
0,00760475	2,69822
0,00761279	2,70268
0,00762078	2,70713
0,00762859	2,71171
0,00763622	2,71635
0,00764409	2,7209
0,00765195	2,72544
0,00765982	2,72999
0,00766739	2,73466
0,00767532	2,73915
0,00768325	2,74366
0,00769129	2,74809
0,00769934	2,75254
0,00770739	2,757
0,00771609	2,76115
0,00772503	2,76518
0,00773433	2,76904
0,00774655	2,77288
0,00775614	2,77662
0,0077658	2,78028
0,00777593	2,78378
0,00778607	2,78721
0,00779638	2,79061
0,00780669	2,79397
0,00781634	2,79768
0,00782564	2,80152
0,00783458	2,80555
0,00784346	2,80961
0,00784928	2,81373
0,00785762	2,81803
0,00786573	2,82246
0,00787055	2,82707
0,00787541	2,83168
0,00788292	2,83638
0,00789079	2,84089
0,00789872	2,84541
0,00790676	2,84986
0,00791493	2,85423
0,00792328	2,85856
0,00792888	2,8628
0,0079374	2,86702
0,00794902	2,87113
0,00795779	2,87525
0,00796667	2,87931
0,00797555	2,88337
0,00798425	2,88752
0,00799307	2,89161
0,00800154	2,89585
0,00801012	2,90004
0,00801823	2,90446
0,00802651	2,90879
0,00803456	2,91328
0,00804254	2,91774
0,00805035	2,92231
0,0080581	2,92686
0,00806597	2,93141
0,0080736	2,93608
0,00808141	2,94062
0,0080891	2,94526
0,0080969	2,94984
0,00810429	2,9546
0,00811192	2,95921
0,00812265	2,96379
0,00813058	2,9683
0,00813556	2,97282
0,00814629	2,9774
0,00815427	2,98185
0,00816524	2,98631
0,00817341	2,9907
0,00818163	2,99507
0,00819016	2,99928
0,0081985	3,00358
0,0082069	3,00788
0,00821543	3,01213
0,00822365	3,01646
0,00823194	3,02082
0,00824291	3,02528
0,00824788	3,0298
0,00825849	3,0344
0,00826624	3,03898
0,00827381	3,04368
0,00828117	3,04844
0,00828543	3,05332
0,00829527	3,05827
0,00830254	3,06312
0,0083068	3,06797
0,00831687	3,07286
0,00832435	3,07759
0,00833473	3,08229
0,00834247	3,08689
0,00835028	3,09144
0,00835839	3,09587
0,00836912	3,10041
0,00837705	3,10493
0,00838497	3,10945
0,00839308	3,11387
0,00840399	3,11833
0,00840881	3,12294
0,00841931	3,1276
0,00842661	3,13243
0,00843385	3,13725
0,008441	3,14213
0,00844824	3,14695
0,00845516	3,15196
0,0084618	3,15705
0,00846851	3,16215
0,00847805	3,16725
0,00848454	3,17247
0,00849372	3,17775
0,00850013	3,18296
0,00850669	3,18812
0,00851604	3,19334
0,0085254	3,19856
0,00853193	3,20372
0,0085417	3,20872
0,00854847	3,21379
0,00855848	3,21867
0,00856569	3,22352
0,00857306	3,22831
0,00858319	3,23313
0,00859031	3,23802
0,00860056	3,24281
0,00860804	3,24754
0,00861847	3,25224
0,00862566	3,25709
0,00863561	3,262
0,00864252	3,26701
0,0086523	3,27201
0,00865903	3,27708
0,00866857	3,28218
0,00867537	3,28724
0,00868168	3,29252
0,00868803	3,29777
0,00869411	3,30317
0,00870311	3,30854
0,00871211	3,31391
0,0087181	3,31935
0,00872698	3,32475
0,00873312	3,33012
0,00874206	3,33552
0,00875077	3,34104
0,00875983	3,34639
0,00876623	3,35163
0,00877571	3,35679
0,00878531	3,36186
0,00879219	3,36686
0,00880215	3,37181
0,00881204	3,37675
0,00881928	3,3816
0,0088293	3,38645
0,00883931	3,39137
0,00884622	3,39637
0,00885588	3,40144
0,0088653	3,4066
0,00887164	3,41188
0,00887769	3,41725
0,0088864	3,42277
0,00889516	3,42826
0,00890073	3,43388
0,0089092	3,43952
0,00891784	3,44508
0,00892341	3,45069
0,0089317	3,4564
0,00894022	3,46199
0,00894606	3,46751
0,00895494	3,47294
0,00896394	3,47828
0,008973	3,48365
0,00898272	3,48869
0,00899285	3,49354
0,00900304	3,49836
0,00901052	3,50306
0,00902078	3,50785
0,00903103	3,51265
0,0090411	3,5175
0,00905117	3,52238
0,009058	3,52738
0,00906765	3,53248
0,00907394	3,53776
0,0090827	3,54322
0,00908837	3,54881
0,00909671	3,55452
0,00910228	3,56013
0,00910783	3,56578
0,00911629	3,57139
0,00912201	3,57695
0,00913364	3,58244
0,00913936	3,58802
0,00914788	3,59361
0,00915658	3,5991
0,00916553	3,60453
0,00917476	3,60978
0,00918111	3,61506
0,00918749	3,62031
0,00919691	3,62547
0,00920627	3,63069
0,00921273	3,63591
0,00922221	3,64103
0,00923181	3,64613
0,00923827	3,65135
0,00924745	3,65663
0,00925633	3,66206
0,00926504	3,66755
0,00927356	3,67317
0,00927874	3,679
0,00928375	3,68489
0,00929144	3,69087
0,00929904	3,69691
0,00930658	3,70298
0,00931403	3,70909
0,00932148	3,71522
0,00932908	3,72123
0,00933656	3,72734
0,00934419	3,73338
0,00935182	3,73936
0,00935963	3,74534
0,00936779	3,75108
0,00937596	3,75688
0,00938424	3,76258
0,00939271	3,76823
0,00940117	3,77384
0,00940946	3,77955
0,0094209	3,78517
0,00942636	3,79084
0,0094375	3,79658
0,00944573	3,80232
0,00945354	3,80824
0,00946128	3,81422
0,0094687	3,82035
0,00947285	3,82667
0,00948274	3,83299
0,00948957	3,8394
0,00949636	3,84584
0,00950286	3,85237
0,0095095	3,85887
0,00951868	3,86555
0,00952518	3,87211
0,00953162	3,8787
0,00954086	3,88533
0,00955009	3,89198
0,00955909	3,89872
0,00956544	3,90538
0,00957158	3,91209
0,00958112	3,91859
0,00959042	3,92521
0,00959978	3,93177
0,00960603	3,93849
0,00961515	3,94514
0,0096218	3,95167
0,00963134	3,95814
0,00964117	3,96452
0,00965083	3,97096
0,00966072	3,97728
0,00966758	3,98368
0,00967431	3,99012
0,00968409	3,99653
0,00969368	4,00297
0,00970027	4,00953
0,00970659	4,01615
0,00971583	4,02278
0,00972185	4,02958
0,00972781	4,03642
0,00973639	4,04335
0,00974479	4,0504
0,00975338	4,05735
0,00976178	4,06437
0,00976744	4,07136
0,00977322	4,07823
0,00978193	4,08512
0,00979063	4,09202
0,00979951	4,09886
0,00980821	4,10572
0,00981686	4,11268
0,0098255	4,11958
0,0098342	4,12648
0,00984296	4,13334
0,00984871	4,14027
0,00985724	4,14726
0,00986269	4,15431
0,00987104	4,16139
0,00987914	4,16856
0,00988719	4,17573
0,00989518	4,18296
0,00990003	4,19032
0,0099107	4,19767
0,00991845	4,20503
0,00992319	4,21241
0,00993076	4,21983
0,00994089	4,22743
0,00994533	4,23497
0,00995266	4,2425
0,00996014	4,24998
0,00997058	4,25743
0,00997826	4,26481
0,00998586	4,27223
0,00999349	4,27964
0,0100012	4,28702
0,0100088	4,2944
0,0100166	4,30176
0,010024	4,30923
0,0100347	4,31659
0,0100423	4,324
0,0100498	4,33145
0,0100602	4,33893
0,0100674	4,34653
0,0100746	4,35416
0,0100845	4,36185
0,0100915	4,36957
0,0101014	4,37723
0,0101084	4,38495
0,0101152	4,39273
0,0101219	4,4006
0,0101286	4,40842
0,0101353	4,41623
0,0101421	4,4241
0,0101488	4,43191
0,0101586	4,4397
0,0101684	4,44745
0,0101753	4,45517
0,0101823	4,46286
0,0101892	4,47064
0,0101991	4,47836
0,010206	4,48611
0,0102159	4,4938
0,0102259	4,50146
0,0102327	4,50925
0,0102395	4,51703
0,0102491	4,52484
0,0102559	4,53271
0,0102624	4,54059
0,0102718	4,54852
0,010281	4,55658
0,0102873	4,56464
0,0102961	4,57288
0,0103019	4,58112
0,0103105	4,58942
0,0103162	4,59778
0,0103275	4,60614
0,0103333	4,61444
0,0103391	4,62274
0,0103477	4,63104
0,0103565	4,63928
0,0103623	4,64752
0,0103742	4,65564
0,0103804	4,66376
0,0103925	4,67181
0,0103987	4,67987
0,0104078	4,68799
0,0104168	4,69611
0,0104288	4,70422
0,010435	4,71228
0,010444	4,7204
0,0104531	4,72852
0,010459	4,73669
0,0104678	4,74487
0,0104767	4,75311
0,0104824	4,76141
0,0104911	4,76965
0,0104997	4,77801
0,0105083	4,78632
0,0105141	4,79462
0,010523	4,80279
0,010535	4,81085
0,0105414	4,81885
0,0105505	4,82696
0,0105596	4,83502
0,0105662	4,84296
0,0105759	4,85071
0,0105857	4,85849
0,0105926	4,86624
0,0106024	4,87396
0,0106122	4,88174
0,0106216	4,88962
0,0106311	4,89755
0,0106377	4,90543
0,0106445	4,91324
0,0106569	4,92111
0,0106635	4,92905
0,0106729	4,93698
0,0106793	4,94498
0,0106884	4,95303
0,0106946	4,96109
0,0107008	4,96921
0,0107097	4,97739
0,0107187	4,9855
0,0107246	4,99374
0,0107331	5,00211
0,0107388	5,01041
0,0107473	5,01877
0,0107556	5,02725
0,0107611	5,03567
0,0107695	5,0441
0,0107782	5,05234
0,0107874	5,06039
0,0107937	5,06845
0,0108058	5,07645
0,0108126	5,08426
0,010825	5,09213
0,0108349	5,09988
0,0108446	5,10767
0,0108544	5,11542
0,0108641	5,12323
0,0108736	5,1311
0,0108799	5,13916
0,010889	5,14722
0,0108951	5,1554
0,0109039	5,16357
0,0109126	5,17187
0,0109211	5,18024
0,0109266	5,1886
0,0109349	5,19714
0,0109399	5,20575
0,0109478	5,21435
0,0109555	5,22314
0,010966	5,23193
0,0109706	5,24078
0,0109778	5,24982
0,0109876	5,25891
0,0109947	5,26794
0,0109989	5,27698
0,011009	5,28595
0,0110165	5,2948
0,0110266	5,30377
0,0110341	5,31262
0,0110419	5,32129
0,0110504	5,32965
0,0110588	5,33807
0,0110675	5,34637
0,011079	5,35474
0,0110847	5,36304
0,0110931	5,3714
0,0111043	5,37988
0,0111127	5,38831
0,0111208	5,39685
0,0111288	5,40546
0,0111334	5,41437
0,0111436	5,42322
0,0111483	5,43201
0,0111589	5,4408
0,0111666	5,44958
0,0111745	5,45825
0,0111824	5,46686
0,0111902	5,47559
0,011198	5,48425
0,0112056	5,49304
0,0112133	5,50183
0,0112239	5,51056
0,0112315	5,51935
0,0112418	5,52826
0,0112465	5,53705
0,0112538	5,54596
0,0112612	5,55487
0,0112715	5,56378
0,0112789	5,57263
0,0112863	5,58154
0,0112937	5,59039
0,0113009	5,59943
0,0113109	5,60846
0,0113179	5,61749
0,0113247	5,62665
0,0113316	5,6358
0,0113411	5,64508
0,0113478	5,6543
0,0113545	5,66357
0,011361	5,67285
0,0113703	5,68219
0,0113772	5,69134
0,0113839	5,70056
0,0113936	5,70978
0,0114004	5,71887
0,0114072	5,72809
0,0114172	5,73712
0,0114242	5,74622
0,0114313	5,75525
0,0114413	5,76422
0,0114485	5,77325
0,0114555	5,78235
0,0114654	5,79138
0,0114725	5,80041
0,0114793	5,80963
0,0114888	5,81885
0,0114983	5,82819
0,0115076	5,83752
0,0115138	5,84698
0,01152	5,85644
0,0115288	5,86603
0,0115347	5,87567
0,0115404	5,88538
0,011549	5,89502
0,0115548	5,90466
0,0115635	5,91431
0,0115693	5,92401
0,0115779	5,93372
0,0115866	5,94336
0,0115953	5,953
0,011604	5,96265
0,0116125	5,97235
0,0116183	5,98206
0,0116269	5,9917
0,0116354	6,00146
0,0116469	6,01117
0,0116526	6,02087
0,0116613	6,03052
0,0116697	6,04028
0,0116781	6,05011
0,0116894	6,05988
0,0116979	6,06964
0,0117035	6,07941
0,0117118	6,08923
0,0117201	6,09912
0,0117281	6,10907
0,0117333	6,11896
0,0117414	6,12891
0,0117497	6,13873
0,0117579	6,14868
0,011766	6,15857
0,0117741	6,16852
0,0117821	6,17853
0,0117904	6,18835
0,0117987	6,19818
0,0118071	6,20801
0,0118153	6,2179
0,0118235	6,22778
0,0118317	6,23767
0,0118401	6,24744
0,0118487	6,25714
0,0118571	6,26691
0,0118629	6,27655
0,0118713	6,28638
0,0118798	6,29614
0,0118885	6,30572
0,0118974	6,31531
0,0119059	6,32507
0,0119145	6,33472
0,0119201	6,34448
0,0119315	6,35431
0,0119398	6,36407
0,0119452	6,3739
0,0119534	6,38379
0,0119615	6,39374
0,0119722	6,40381
0,0119802	6,41382
0,0119882	6,42383
0,0119934	6,43372
0,0120014	6,44373
0,0120096	6,45361
0,0120178	6,4635
0,012026	6,47339
0,0120345	6,48309
0,0120432	6,4928
0,012055	6,50232
0,0120637	6,51202
0,0120697	6,52154
0,0120787	6,53107
0,0120908	6,54053
0,0120999	6,54993
0,0121091	6,55933
0,0121182	6,56879
0,0121272	6,57831
0,0121362	6,58783
0,0121451	6,59735
0,0121512	6,60687
0,01216	6,61652
0,0121715	6,62622
0,012177	6,63599
0,0121855	6,64575
0,0121941	6,6554
0,0122027	6,6651
0,0122115	6,67474
0,01222	6,68451
0,0122285	6,69421
0,0122341	6,70392
0,0122458	6,71356
0,0122516	6,72321
0,0122604	6,73285
0,0122691	6,74249
0,0122778	6,75214
0,0122842	6,76147
0,0122933	6,77093
0,0123057	6,78021
0,0123124	6,78943
0,0123221	6,79864
0,0123317	6,8078
0,0123417	6,81689
0,0123488	6,82593
0,012356	6,8349
0,0123658	6,84399
0,0123754	6,85327
0,0123852	6,86237
0,0123949	6,87158
0,0124017	6,88074
0,0124082	6,89001
0,012418	6,89917
0,0124247	6,90845
0,0124344	6,91754
0,0124411	6,92676
0,012451	6,93591
0,0124551	6,94495
0,0124651	6,95398
0,0124724	6,96295
0,0124828	6,97174
0,0124908	6,98041
0,0125015	6,98907
0,0125095	6,99768
0,0125204	7,00629
0,0125285	7,01483
0,0125425	7,02338
0,0125505	7,03198
0,0125613	7,04065
0,012569	7,04938
0,0125765	7,05823
0,0125838	7,06714
0,012594	7,07611
0,0126012	7,08508
0,0126111	7,09418
0,0126181	7,10327
0,0126252	7,1123
0,0126324	7,12128
0,0126396	7,13025
0,0126498	7,13916
0,0126573	7,14801
0,0126648	7,15686
0,0126721	7,16577
0,0126824	7,17468
0,0126902	7,18341
0,012698	7,19208
0,0127086	7,20087
0,0127163	7,20959
0,012727	7,21826
0,012735	7,22687
0,0127429	7,23553
0,0127509	7,24414
0,012759	7,25275
0,01277	7,26129
0,0127809	7,2699
0,012786	7,2785
0,012797	7,28705
0,0128049	7,29571
0,0128128	7,30438
0,0128204	7,31311
0,0128282	7,3219
0,0128388	7,33063
0,0128465	7,33935
0,0128542	7,34808
0,0128619	7,35681
0,0128696	7,36554
0,0128804	7,37427
0,0128885	7,38281
0,0128966	7,39136
0,0129077	7,39984
0,0129159	7,40839
0,0129246	7,41669
0,0129363	7,42493
0,012942	7,43323
0,0129506	7,44153
0,0129592	7,44983
0,0129678	7,45819
0,0129763	7,46649
0,0129879	7,47485
0,0129936	7,48315
0,013002	7,49152
0,01301	7,50018
0,0130179	7,50879
0,0130261	7,51733
0,0130315	7,52582
0,0130396	7,53436
0,0130477	7,54285
0,0130559	7,55139
0,0130641	7,55988
0,0130722	7,56848
0,0130775	7,57696
0,0130887	7,58545
0,013097	7,59387
0,0131053	7,60236
0,0131137	7,61078
0,0131221	7,6192
0,0131309	7,62744
0,0131396	7,63568
0,0131486	7,6438
0,0131551	7,65179
0,0131676	7,65961
0,0131772	7,66748
0,0131868	7,67529
0,0131965	7,6831
0,0132064	7,69086
0,0132135	7,69852
0,0132232	7,70627
0,0132332	7,71396
0,0132429	7,72174
0,0132495	7,72961
0,0132587	7,73761
0,0132678	7,74579
0,0132739	7,75384
0,0132829	7,76202
0,0132885	7,77032
0,013297	7,77875
0,0133052	7,78723
0,0133134	7,79578
0,0133214	7,80432
0,0133295	7,81293
0,0133378	7,82141
0,0133436	7,82965
0,0133523	7,83795
0,013364	7,84613
0,0133731	7,85425
0,0133823	7,8623
0,0133916	7,8703
0,0134035	7,87836
0,0134128	7,88641
0,0134218	7,89453
0,0134307	7,90265
0,0134394	7,91095
0,013445	7,91937
0,0134533	7,92779
0,0134614	7,93634
0,0134725	7,94488
0,0134777	7,95343
0,0134887	7,96197
0,013494	7,97052
0,0135051	7,979
0,0135104	7,98749
0,0135215	7,99603
0,0135298	8,00445
0,0135354	8,01288
0,0135439	8,02124
0,0135553	8,0296
0,0135608	8,03796
0,0135693	8,04639
0,013578	8,05463
0,0135867	8,06293
0,0135954	8,07123
0,0136041	8,07947
0,0136128	8,08777
0,0136221	8,09576
0,0136315	8,10364
0,0136382	8,11151
0,013648	8,11932
0,0136578	8,12704
0,0136679	8,13467
0,0136782	8,14215
0,0136857	8,14963
0,0136962	8,15701
0,0137067	8,16446
0,0137141	8,172
0,0137239	8,17975
0,0137307	8,1875
0,0137405	8,19528
0,0137473	8,20309
0,0137539	8,21097
0,0137602	8,21902
0,0137694	8,22702
0,0137756	8,23514
0,0137846	8,24319
0,0137908	8,25131
0,0137999	8,25937
0,0138061	8,26749
0,0138151	8,2756
0,0138241	8,28372
0,0138329	8,29196
0,0138387	8,30026
0,0138475	8,30844
0,0138536	8,31662
0,0138624	8,3248
0,0138712	8,33304
0,0138798	8,34134
0,0138885	8,34964
0,0138971	8,35794
0,0139028	8,3663
0,0139143	8,3746
0,01392	8,3829
0,0139283	8,39139
0,0139366	8,39987
0,013945	8,40829
0,0139531	8,41678
0,0139586	8,4252
0,0139668	8,43375
0,0139752	8,44217
0,0139808	8,45059
0,0139917	8,45914
0,013997	8,46768
0,0140081	8,47616
0,0140162	8,48471
0,0140243	8,49332
0,0140322	8,50192
0,0140402	8,51053
0,0140453	8,51913
0,0140558	8,52792
0,0140605	8,53671
0,0140709	8,54556
0,0140786	8,55435
0,0140861	8,56314
0,0140935	8,57205
0,0141009	8,58096
0,0141082	8,58987
0,0141151	8,59903
0,0141221	8,60812
0,014129	8,61722
0,0141388	8,62638
0,0141486	8,63547
0,0141523	8,64475
0,0141618	8,65397
0,0141685	8,66325
0,0141778	8,67258
0,0141844	8,68186
0,0141942	8,69102
0,0142009	8,70023
0,0142079	8,70933
0,0142147	8,71848
0,0142245	8,72758
0,0142316	8,73667
0,0142414	8,74576
0,0142511	8,75498
0,0142578	8,76414
0,0142644	8,77341
0,0142737	8,78275
0,0142829	8,79221
0,014289	8,80173
0,0142951	8,81119
0,014304	8,82078
0,0143099	8,83042
0,0143158	8,84
0,0143248	8,84952
0,0143336	8,85911
0,0143397	8,86863
0,0143456	8,87821
0,0143546	8,88773
0,0143634	8,89732
0,0143692	8,90696
0,0143778	8,91666
0,0143866	8,92625
0,0143922	8,93601
0,0144009	8,94565
0,0144096	8,9553
0,0144184	8,96488
0,0144271	8,97459
0,0144329	8,98423
0,0144448	8,99369
0,0144509	9,00321
0,01446	9,01267
0,0144689	9,02219
0,0144779	9,03171
0,0144839	9,0413
0,0144928	9,05088
0,0145014	9,06058
0,0145101	9,07023
0,0145185	9,07999
0,0145269	9,08982
0,0145352	9,09965
0,0145435	9,10947
0,0145489	9,1193
0,0145602	9,12913
0,0145685	9,13889
0,0145771	9,1486
0,0145858	9,1583
0,0145945	9,16794
0,0146035	9,17747
0,0146123	9,18705
0,0146213	9,19651
0,0146306	9,20591
0,0146399	9,21531
0,0146493	9,22459
0,0146617	9,23392
0,0146711	9,2432
0,0146807	9,25248
0,0146901	9,26176
0,0146996	9,27103
0,0147091	9,28025
0,0147158	9,28953
0,0147252	9,29887
0,0147346	9,30814
0,0147441	9,31742
0,0147507	9,3267
0,0147602	9,33597
0,0147668	9,34525
0,0147764	9,35447
0,0147834	9,3635
0,0147907	9,37247
0,014801	9,38138
0,0148115	9,39017
0,0148192	9,3989
0,01483	9,40757
0,0148381	9,41617
0,0148491	9,42472
0,0148602	9,4332
0,0148685	9,44163
0,0148769	9,45011
0,0148852	9,45859
0,0148933	9,46708
0,0149044	9,47562
0,0149096	9,48417
0,0149176	9,49277
0,0149254	9,5015
0,0149333	9,51017
0,0149441	9,51877
0,0149518	9,52756
0,0149593	9,53641
0,0149665	9,54539
0,0149767	9,5543
0,0149837	9,56339
0,0149936	9,57249
0,0150006	9,58158
0,0150075	9,59067
0,0150142	9,59989
0,0150208	9,60917
0,0150304	9,61838
0,015037	9,62766
0,0150436	9,63688
0,0150503	9,64616
0,01506	9,65531
0,0150666	9,66459
0,0150762	9,67387
0,0150831	9,68296
0,015093	9,69199
0,0150999	9,70115
0,0151069	9,71024
0,0151167	9,7194
0,0151264	9,72849
0,0151332	9,73771
0,0151399	9,74692
0,0151492	9,75632
0,0151556	9,76566
0,0151644	9,77524
0,0151701	9,78495
0,0151787	9,79465
0,015187	9,80448
0,0151953	9,81431
0,0152034	9,82426
0,0152117	9,83408
0,0152171	9,84397
0,0152226	9,8538
0,0152309	9,86356
0,0152394	9,87333
0,0152481	9,88303
0,0152539	9,89262
0,0152627	9,9022
0,0152717	9,91178
0,0152809	9,92118
0,0152899	9,9307
0,0152989	9,94016
0,015308	9,94962
0,0153171	9,95914
0,0153261	9,9686
0,0153326	9,97788
0,0153421	9,98722
0,0153514	9,99656
0,0153609	10,0058
0,0153703	10,0152
0,0153769	10,0245
0,0153837	10,0336
0,0153933	10,0428
0,015403	10,052
0,0154096	10,0613
0,015419	10,0706
0,0154254	10,0799
0,0154377	10,0893
0,0154471	10,0985
0,0154537	10,1079
0,0154632	10,1172
0,01547	10,1263
0,015477	10,1354
0,0154869	10,1445
0,015497	10,1534
0,0155042	10,1624
0,0155116	10,1713
0,0155221	10,1802
0,0155326	10,1889
0,0155403	10,1977
0,0155479	10,2065
0,0155584	10,2152
0,0155658	10,2242
0,0155731	10,2331
0,0155831	10,2421
0,0155903	10,2511
0,0155972	10,2602
0,0156068	10,2694
0,0156133	10,2788
0,0156226	10,2882
0,0156288	10,2976
0,0156348	10,3072
0,0156435	10,3168
0,0156524	10,3264
0,0156582	10,336
0,0156666	10,3458
0,015672	10,3556
0,0156804	10,3655
0,0156887	10,3752
0,0156971	10,385
0,0157054	10,3949
0,0157134	10,4049
0,0157185	10,4149
0,0157263	10,425
0,015737	10,435
0,015742	10,445
0,0157497	10,4552
0,0157601	10,4654
0,0157673	10,4757
0,0157745	10,4861
0,0157817	10,4965
0,0157889	10,5069
0,0157962	10,5171
0,0158064	10,5274
0,0158137	10,5378
0,0158212	10,548
0,0158288	10,5582
0,0158363	10,5684
0,0158469	10,5785
0,0158577	10,5886
0,0158655	10,5986
0,0158734	10,6087
0,0158811	10,6188
0,0158889	10,6289
0,0158967	10,639
0,0159078	10,6488
0,0159161	10,6587
0,0159246	10,6684
0,0159329	10,6783
0,0159412	10,6881
0,0159524	10,698
0,0159607	10,7078
0,0159691	10,7176
0,0159775	10,7274
0,0159886	10,7373
0,0159934	10,7474
0,0160009	10,7576
0,0160083	10,7679
0,0160156	10,7782
0,0160229	10,7885
0,0160302	10,7989
0,0160373	10,8092
0,0160444	10,8196
0,0160512	10,8302
0,0160582	10,8407
0,0160678	10,8512
0,0160746	10,8618
0,0160812	10,8724
0,0160908	10,883
0,0160976	10,8936
0,0161044	10,9042
0,016114	10,9148
0,0161207	10,9253
0,0161302	10,936
0,0161366	10,9467
0,0161431	10,9574
0,0161496	10,9681
0,0161561	10,9789
0,0161625	10,9895
0,0161715	11,0005
0,0161804	11,0114
0,0161862	11,0224
0,0161949	11,0334
0,0162036	11,0445
0,0162095	11,0554
0,0162154	11,0664
0,0162241	11,0774
0,0162299	11,0885
0,0162384	11,0996
0,016247	11,1107
0,0162557	11,1217
0,0162644	11,1327
0,0162701	11,1438
0,0162785	11,1549
0,0162869	11,1661
0,0162951	11,1774
0,0163032	11,1888
0,0163113	11,2
0,0163196	11,2113
0,0163278	11,2225
0,0163359	11,2339
0,016344	11,2452
0,0163492	11,2564
0,0163603	11,2677
0,0163684	11,279
0,0163765	11,2903
0,0163845	11,3017
0,0163922	11,3132
0,0163998	11,3247
0,0164073	11,3363
0,0164149	11,3479
0,0164224	11,3595
0,01643	11,3711
0,0164405	11,3826
0,0164478	11,3943
0,0164584	11,4058
0,016463	11,4174
0,0164735	11,4289
0,016481	11,4405
0,0164886	11,4521
0,0164962	11,4637
0,0165038	11,4753
0,0165112	11,4869
0,0165215	11,4985
0,0165289	11,5101
0,0165361	11,5219
0,0165434	11,5335
0,0165535	11,5453
0,016558	11,557
0,0165681	11,5687
0,0165752	11,5805
0,0165822	11,5923
0,0165919	11,6042
0,0166015	11,6162
0,0166054	11,6281
0,0166121	11,6401
0,0166216	11,6521
0,0166281	11,6642
0,0166344	11,6764
0,0166435	11,6886
0,0166497	11,7008
0,0166585	11,7132
0,0166672	11,7256
0,0166759	11,738
0,0166846	11,7504
0,0166929	11,763
0,0166983	11,7756
0,0167034	11,7883
0,0167113	11,8011
0,0167189	11,814
0,0167266	11,8269
0,0167342	11,8398
0,0167446	11,8528
0,0167521	11,8658
0,0167593	11,8789
0,0167694	11,892
0,0167766	11,9051
0,0167837	11,9183
0,0167908	11,9314
0,0167978	11,9447
0,0168048	11,9579
0,0168115	11,9712
0,0168182	11,9846
0,0168279	11,9979
0,0168345	12,0113
0,0168411	12,0247
0,0168478	12,0381
0,0168571	12,0516
0,0168636	12,065
0,016873	12,0785
0,0168796	12,0919
0,0168895	12,1051
0,0168966	12,1182
0,0169066	12,1314
0,0169139	12,1445
0,0169241	12,1575
0,0169315	12,1706
0,016942	12,1835
0,0169498	12,1963
0,0169576	12,2091
0,0169652	12,2221
0,0169726	12,2351
0,0169799	12,2482
0,0169901	12,2613
0,0169971	12,2745
0,0170041	12,2877
0,0170109	12,301
0,0170206	12,3143
0,0170272	12,3277
0,0170368	12,341
0,0170436	12,3543
0,0170502	12,3678
0,0170567	12,3812
0,0170661	12,3946
0,0170728	12,4081
0,0170822	12,4214
0,0170889	12,4348
0,0170986	12,4481
0,0171083	12,4615
0,0171152	12,4747
0,0171249	12,488
0,017132	12,5011
0,0171421	12,5143
0,0171494	12,5273
0,0171569	12,5403
0,0171673	12,5533
0,0171778	12,5663
0,0171852	12,5793
0,0171927	12,5923
0,0172032	12,6052
0,0172107	12,6181
0,0172182	12,6311
0,0172257	12,6441
0,0172331	12,6571
0,0172434	12,6701
0,0172508	12,6831
0,0172611	12,6961
0,0172715	12,7091
0,0172788	12,7222
0,0172861	12,7353
0,0172964	12,7483
0,0173036	12,7615
0,0173137	12,7746
0,017321	12,7876
0,0173284	12,8006
0,0173358	12,8136
0,0173462	12,8266
0,0173569	12,8395
0,0173675	12,8523
0,0173754	12,8651
0,0173833	12,878
0,0173913	12,8907
0,0173995	12,9033
0,0174076	12,916
0,0174158	12,9286
0,017424	12,9413
0,0174324	12,9538
0,0174407	12,9664
0,0174493	12,9789
0,0174576	12,9915
0,0174662	13,0039
0,0174749	13,0163
0,0174835	13,0288
0,0174921	13,0412
0,0175006	13,0537
0,0175091	13,0663
0,0175174	13,0788
0,0175287	13,0913
0,0175372	13,1039
0,0175456	13,1164
0,0175539	13,1291
0,017562	13,1417
0,0175702	13,1543
0,0175784	13,167
0,0175865	13,1797
0,0175977	13,1923
0,0176092	13,2047
0,0176175	13,2173
0,0176258	13,23
0,0176342	13,2425
0,0176424	13,2551
0,0176509	13,2676
0,0176592	13,2802
0,0176677	13,2927
0,0176762	13,3052
0,0176846	13,3178
0,0176928	13,3304
0,017701	13,3431
0,0177093	13,3557
0,0177177	13,3683
0,017729	13,3808
0,0177374	13,3933
0,0177463	13,4056
0,0177553	13,4179
0,0177645	13,43
0,0177739	13,4421
0,0177864	13,4541
0,0177935	13,4659
0,0178064	13,4777
0,0178137	13,4894
0,0178241	13,501
0,0178317	13,5125
0,017842	13,5242
0,0178523	13,5358
0,0178568	13,5475
0,0178671	13,5591
0,0178747	13,5707
0,0178851	13,5823
0,0178955	13,5938
0,0179032	13,6054
0,0179137	13,6169
0,0179246	13,6283
0,0179324	13,6397
0,0179407	13,651
0,0179518	13,6622
0,0179601	13,6734
0,0179684	13,6846
0,0179769	13,6958
0,0179853	13,7069
0,0179937	13,7181
0,0180022	13,7292
0,0180077	13,7404
0,0180192	13,7515
0,0180276	13,7626
0,0180362	13,7737
0,0180446	13,7849
0,018053	13,7961
0,0180615	13,8072
0,0180701	13,8183
0,0180787	13,8293
0,0180874	13,8404
0,0180959	13,8515
0,0181043	13,8627
0,0181127	13,8738
0,0181209	13,8851
0,0181294	13,8962
0,0181377	13,9074
0,0181461	13,9186
0,0181515	13,9298
0,0181597	13,9411
0,0181679	13,9524
0,0181761	13,9636
0,0181845	13,9748
0,0181927	13,9861
0,0181982	13,9972
0,0182063	14,0085
0,0182146	14,0198
0,0182227	14,0311
0,0182308	14,0424
0,0182389	14,0537
0,018247	14,065
0,0182552	14,0763
0,0182633	14,0876
0,0182714	14,0989
0,0182797	14,1101
0,0182849	14,1215
0,0182957	14,1328
0,0183008	14,1442
0,0183114	14,1557
0,0183191	14,1672
0,0183299	14,1786
0,0183375	14,1901
0,0183453	14,2016
0,0183529	14,2131
0,0183606	14,2247
0,0183712	14,2362
0,0183792	14,2476
0,0183873	14,2589
0,0183957	14,27
0,018407	14,2812
0,0184124	14,2924
0,0184238	14,3035
0,0184324	14,3146
0,018438	14,3258
0,0184467	14,3368
0,0184554	14,3478
0,0184639	14,3589
0,0184725	14,37
0,0184807	14,3812
0,0184892	14,3924
0,0184973	14,4037
0,0185056	14,4149
0,0185138	14,4262
0,0185221	14,4374
0,0185303	14,4486
0,0185383	14,46
0,0185463	14,4714
0,0185512	14,4829
0,0185588	14,4943
0,0185666	14,5059
0,0185715	14,5173
0,018582	14,5288
0,0185867	14,5404
0,0185971	14,552
0,0186045	14,5636
0,0186121	14,5752
0,0186195	14,5868
0,018627	14,5985
0,0186373	14,6101
0,0186446	14,6218
0,0186516	14,6336
0,0186584	14,6455
0,0186651	14,6575
0,0186745	14,6696
0,0186809	14,6817
0,0186901	14,6939
0,0186963	14,7061
0,0187051	14,7184
0,0187139	14,7308
0,0187196	14,7432
0,0187254	14,7557
0,018734	14,7681
0,0187424	14,7807
0,0187511	14,7931
0,0187568	14,8055
0,0187652	14,8181
0,0187739	14,8305
0,0187826	14,8428
0,0187916	14,8551
0,0187975	14,8674
0,0188065	14,8797
0,0188155	14,892
0,0188248	14,9041
0,0188337	14,9164
0,0188428	14,9287
0,0188521	14,9407
0,0188611	14,953
0,0188671	14,9653
0,0188759	14,9777
0,0188849	14,9899
0,018891	15,0022
0,0188999	15,0145
0,0189091	15,0267
0,0189153	15,039
0,0189214	15,0512
0,0189305	15,0634
0,0189397	15,0756
0,0189461	15,0877
0,0189555	15,0997
0,018965	15,1118
0,0189716	15,1239
0,018981	15,1359
0,0189875	15,148
0,0189941	15,16
0,0190037	15,1719
0,0190131	15,184
0,0190227	15,196
0,0190322	15,208
0,0190387	15,2201
0,019048	15,2323
0,0190544	15,2443
0,0190639	15,2564
0,0190732	15,2685
0,0190824	15,2807
0,0190915	15,2929
0,0190979	15,305
0,0191042	15,3172
0,0191134	15,3293
0,0191229	15,3414
0,0191323	15,3534
0,019139	15,3654
0,0191456	15,3775
0,0191553	15,3894
0,0191651	15,4013
0,0191749	15,4131
0,0191849	15,4249
0,019192	15,4367
0,0191993	15,4484
0,0192093	15,4602
0,0192193	15,472
0,0192294	15,4837
0,0192365	15,4955
0,0192438	15,5072
0,0192543	15,5188
0,0192618	15,5303
0,0192694	15,5419
0,0192799	15,5535
0,0192873	15,5651
0,0192948	15,5767
0,019305	15,5884
0,0193152	15,6
0,0193255	15,6118
0,0193327	15,6235
0,0193428	15,6352
0,0193499	15,647
0,0193571	15,6588
0,0193642	15,6705
0,0193714	15,6823
0,0193786	15,694
0,0193858	15,7058
0,0193959	15,7174
0,0194033	15,7291
0,0194107	15,7408
0,0194208	15,7525
0,019428	15,7642
0,0194381	15,776
0,0194424	15,7877
0,0194528	15,7993
0,0194602	15,811
0,0194707	15,8225
0,0194752	15,8342
0,0194853	15,8459
0,0194929	15,8575
0,0195031	15,8692
0,0195076	15,8808
0,0195177	15,8925
0,0195248	15,9043
0,0195346	15,9162
0,0195416	15,9281
0,0195487	15,9398
0,0195587	15,9516
0,0195659	15,9633
0,0195757	15,9752
0,0195857	15,9871
0,0195928	15,9988
0,0196	16,0106
0,0196102	16,0222
0,0196175	16,0339
0,0196249	16,0456
0,019635	16,0573
0,019642	16,0692
0,019652	16,081
0,019659	16,0928
0,0196689	16,1046
0,019676	16,1164
0,0196829	16,1283
0,0196926	16,1403
0,0197022	16,1522
0,0197116	16,1643
0,0197209	16,1764
0,0197304	16,1884
0,0197396	16,2006
0,0197486	16,2128
0,0197545	16,2252
0,0197631	16,2377
0,0197687	16,2501
0,0197773	16,2626
0,0197887	16,2751
0,0197971	16,2877
0,0198026	16,3002
0,0198109	16,3128
0,0198192	16,3254
0,0198278	16,3379
0,0198362	16,3504
0,0198448	16,3629
0,0198532	16,3754
0,0198588	16,3879
0,0198674	16,4003
0,0198761	16,4128
0,0198846	16,4253
0,0198903	16,4378
0,0198987	16,4503
0,0199073	16,4627
0,0199156	16,4753
0,0199212	16,4878
0,0199296	16,5003
0,0199379	16,513
0,0199433	16,5255
0,0199516	16,5382
0,0199597	16,5508
0,0199677	16,5636
0,0199755	16,5764
0,0199803	16,5893
0,0199879	16,6022
0,0199955	16,6152
0,0200029	16,6282
0,020013	16,6412
0,0200202	16,6544
0,0200271	16,6677
0,0200341	16,6809
0,0200412	16,694
0,0200481	16,7073
0,020055	16,7205
0,0200649	16,7338
0,0200747	16,747
0,0200818	16,7602
0,0200888	16,7734
0,0200957	16,7866
0,0201024	16,8
0,0201091	16,8134
0,0201186	16,8267
0,0201252	16,8402
0,0201348	16,8535
0,0201411	16,8671
0,0201501	16,8807
0,0201561	16,8944
0,0201649	16,9082
0,0201735	16,9219
0,0201822	16,9357
0,0201907	16,9497
0,0201963	16,9635
0,0202047	16,9774
0,0202131	16,9913
0,0202187	17,0053
0,0202242	17,0192
0,0202325	17,0331
0,0202411	17,0469
0,0202495	17,0609
0,020258	17,0747
0,0202665	17,0886
0,0202692	17,1025
0,0202776	17,1164
0,0202888	17,1304
0,0202943	17,1444
0,0203025	17,1583
0,0203108	17,1723
0,0203188	17,1864
0,0203268	17,2005
0,0203348	17,2147
0,0203428	17,2288
0,020348	17,2429
0,0203589	17,257
0,020364	17,2711
0,0203721	17,2852
0,02038	17,2993
0,0203881	17,3134
0,0203961	17,3275
0,0204041	17,3416
0,020412	17,3557
0,02042	17,3699
0,0204278	17,384
0,0204327	17,3983
0,0204403	17,4125
0,0204478	17,427
0,0204583	17,4413
0,0204625	17,4558
0,0204729	17,4702
0,0204802	17,4846
0,0204874	17,4991
0,0204973	17,5137
0,0205072	17,5283
0,0205142	17,5429
0,020521	17,5575
0,0205309	17,5722
0,0205378	17,5868
0,0205448	17,6014
0,0205547	17,616
0,0205644	17,6306
0,0205715	17,6452
0,0205818	17,6596
0,0205921	17,674
0,0205995	17,6884
0,0206098	17,7028
0,0206172	17,7172
0,0206276	17,7315
0,0206353	17,7458
0,020646	17,76
0,0206541	17,7741
0,0206622	17,7882
0,0206732	17,8022
0,0206817	17,8161
0,020693	17,83
0,0207017	17,8438
0,0207137	17,8574
0,0207199	17,871
0,020729	17,8846
0,0207411	17,8981
0,0207474	17,9116
0,0207567	17,9252
0,020766	17,9387
0,0207782	17,9522
0,0207851	17,9655
0,0207952	17,9789
0,0208023	17,9923
0,0208123	18,0057
0,0208197	18,019
0,0208299	18,0322
0,0208403	18,0455
0,020848	18,0586
0,0208586	18,0718
0,0208662	18,0849
0,020877	18,098
0,0208878	18,111
0,0208988	18,1239
0,0209072	18,1367
0,0209184	18,1495
0,0209267	18,1624
0,0209352	18,1751
0,0209469	18,1878
0,0209558	18,2003
0,0209648	18,2128
0,0209739	18,2252
0,020983	18,2376
0,0209953	18,25
0,0210046	18,2623
0,0210142	18,2745
0,0210239	18,2867
0,0210335	18,2989
0,0210431	18,3111
0,0210526	18,3234
0,0210594	18,3355
0,0210689	18,3478
0,0210786	18,3599
0,0210855	18,3721
0,0210951	18,3843
0,0211047	18,3964
0,0211143	18,4086
0,0211211	18,4208
0,021131	18,4329
0,0211408	18,445
0,0211505	18,4572
0,0211574	18,4692
0,021167	18,4815
0,0211768	18,4936
0,021184	18,5056
0,021194	18,5176
0,0212011	18,5296
0,0212112	18,5415
0,0212182	18,5536
0,0212254	18,5656
0,0212358	18,5774
0,0212432	18,5892
0,0212539	18,6009
0,0212617	18,6126
0,0212695	18,6243
0,0212775	18,6358
0,0212885	18,6474
0,0212936	18,6589
0,0213048	18,6704
0,0213132	18,6818
0,0213244	18,6932
0,0213328	18,7046
0,021344	18,716
0,0213525	18,7274
0,0213579	18,7388
0,0213662	18,7502
0,0213776	18,7615
0,0213863	18,7728
0,0213949	18,7841
0,0214036	18,7953
0,0214123	18,8065
0,0214211	18,8178
0,0214299	18,8289
0,0214387	18,8401
0,0214477	18,8512
0,0214566	18,8623
0,0214656	18,8734
0,0214744	18,8847
0,0214832	18,8958
0,0214922	18,9069
0,0215039	18,9181
0,0215098	18,9293
0,0215186	18,9405
0,0215302	18,9517
0,021539	18,9629
0,0215479	18,9741
0,0215566	18,9853
0,0215655	18,9965
0,0215743	19,0076
0,0215827	19,019
0,0215886	19,0302
0,0215972	19,0415
0,0216088	19,0527
0,0216146	19,064
0,021623	19,0753
0,0216315	19,0867
0,02164	19,098
0,0216486	19,1093
0,0216569	19,1207
0,0216654	19,1321
0,0216738	19,1434
0,0216823	19,1548
0,0216908	19,1661
0,0216963	19,1775
0,0217047	19,1889
0,021713	19,2003
0,0217211	19,2119
0,0217293	19,2233
0,0217375	19,2348
0,0217459	19,2462
0,0217541	19,2576
0,0217624	19,2691
0,0217676	19,2807
0,0217787	19,2921
0,021787	19,3036
0,0217951	19,3151
0,0218005	19,3265
0,0218115	19,338
0,0218171	19,3494
0,0218256	19,3607
0,0218343	19,372
0,0218459	19,3832
0,0218518	19,3944
0,0218607	19,4055
0,0218696	19,4167
0,0218786	19,4277
0,0218878	19,4387
0,0218969	19,4498
0,0219058	19,4609
0,0219148	19,472
0,0219236	19,4832
0,0219324	19,4944
0,0219412	19,5056
0,0219471	19,5168
0,0219528	19,5281
0,0219611	19,5395
0,0219695	19,5509
0,0219779	19,5623
0,0219863	19,5736
0,0219917	19,5851
0,0220028	19,5966
0,0220109	19,6081
0,022016	19,6196
0,022024	19,6312
0,0220321	19,6428
0,0220402	19,6543
0,0220482	19,6658
0,0220561	19,6775
0,022061	19,6892
0,0220715	19,7009
0,0220791	19,7127
0,0220869	19,7244
0,0220943	19,7362
0,0221017	19,7481
0,0221088	19,7601
0,0221159	19,7722
0,0221258	19,7842
0,0221326	19,7963
0,0221395	19,8085
0,022149	19,8207
0,0221557	19,833
0,0221621	19,8453
0,0221715	19,8576
0,0221778	19,8699
0,0221842	19,8823
0,0221935	19,8947
0,0222025	19,9071
0,0222088	19,9196
0,0222148	19,9321
0,0222237	19,9447
0,0222326	19,9572
0,0222415	19,9697
0,0222475	19,9823
0,0222566	19,9948
0,0222627	20,0072
0,0222718	20,0197
0,022278	20,0321
0,0222873	20,0445
0,0222938	20,0568
0,0223032	20,069
0,0223126	20,0814
0,0223219	20,0937
0,0223285	20,106
0,022335	20,1183
0,0223441	20,1307
0,0223533	20,1431
0,0223624	20,1556
0,0223686	20,168
0,0223777	20,1805
0,022384	20,1929
0,0223961	20,2053
0,0224053	20,2177
0,0224117	20,2301
0,0224212	20,2423
0,0224308	20,2545
0,0224377	20,2666
0,0224474	20,2788
0,0224541	20,291
0,0224635	20,3033
0,0224728	20,3157
0,0224822	20,3279
0,0224919	20,3401
0,0225012	20,3524
0,0225075	20,3649
0,0225165	20,3773
0,0225255	20,3898
0,0225316	20,4023
0,0225406	20,4148
0,0225526	20,4273
0,022559	20,4396
0,0225681	20,452
0,0225773	20,4645
0,0225865	20,4769
0,022593	20,4892
0,0226024	20,5015
0,022612	20,5137
0,0226217	20,5259
0,0226287	20,5379
0,0226387	20,5499
0,0226485	20,5621
0,0226554	20,5741
0,0226654	20,5862
0,0226724	20,5982
0,0226825	20,6102
0,0226927	20,6221
0,022703	20,634
0,0227104	20,6458
0,0227177	20,6577
0,0227281	20,6696
0,0227357	20,6814
0,0227463	20,693
0,022754	20,7048
0,0227619	20,7164
0,0227724	20,7282
0,02278	20,7399
0,0227906	20,7517
0,0227982	20,7635
0,0228059	20,7751
0,0228166	20,7869
0,0228244	20,7985
0,022832	20,8103
0,0228398	20,8219
0,0228476	20,8336
0,0228584	20,8453
0,0228634	20,8569
0,0228715	20,8684
0,0228827	20,8799
0,0228908	20,8913
0,0228989	20,9029
0,0229072	20,9143
0,0229158	20,9256
0,022924	20,9371
0,0229354	20,9485
0,0229438	20,9598
0,0229525	20,9711
0,0229582	20,9823
0,02297	20,9935
0,022976	21,0046
0,022985	21,0157
0,022997	21,0268
0,0230061	21,0378
0,0230152	21,0489
0,0230244	21,0599
0,0230365	21,0708
0,0230428	21,0818
0,0230518	21,0929
0,0230635	21,1041
0,0230726	21,1152
0,0230787	21,1263
0,0230876	21,1374
0,0230964	21,1486
0,0231024	21,1598
0,0231113	21,1709
0,0231201	21,1821
0,0231261	21,1932
0,023135	21,2043
0,0231413	21,2153
0,0231501	21,2265
0,023162	21,2377
0,023168	21,2488
0,0231771	21,2599
0,023186	21,271
0,0231921	21,282
0,023204	21,2931
0,0232101	21,3042
0,0232191	21,3154
0,0232278	21,3265
0,0232367	21,3377
0,0232426	21,3489
0,0232513	21,3602
0,0232627	21,3714
0,0232714	21,3827
0,0232769	21,3941
0,0232853	21,4054
0,0232907	21,4169
0,023302	21,4283
0,0233104	21,4397
0,0233161	21,451
0,0233244	21,4624
0,0233301	21,4737
0,0233359	21,4849
0,0233447	21,4961
0,0233533	21,5074
0,0233592	21,5185
0,0233681	21,5297
0,0233767	21,541
0,0233851	21,5524
0,0233905	21,5638
0,0233988	21,5752
0,0234097	21,5868
0,0234146	21,5985
0,0234222	21,6103
0,0234298	21,622
0,0234371	21,634
0,0234442	21,6459
0,0234512	21,658
0,0234579	21,6702
0,0234644	21,6825
0,0234735	21,695
0,0234797	21,7074
0,0234887	21,7199
0,0234979	21,7323
0,0235009	21,7449
0,0235097	21,7575
0,0235183	21,7701
0,023524	21,7829
0,0235326	21,7956
0,023541	21,8083
0,0235466	21,8211
0,023555	21,8339
0,0235629	21,8468
0,0235707	21,86
0,0235783	21,8732
0,0235828	21,8864
0,023593	21,8998
0,0236002	21,9131
0,023607	21,9267
0,0236139	21,9402
0,0236207	21,9537
0,0236301	21,9675
0,0236366	21,9811
0,0236431	21,9949
0,0236495	22,0086
0,0236587	22,0224
0,0236649	22,0362
0,0236709	22,0502
0,023677	22,0641
0,0236887	22,0781
0,0236945	22,0921
0,0237004	22,1061
0,0237119	22,1202
0,0237175	22,1344
0,0237231	22,1485
0,0237283	22,1628
0,0237365	22,1771
0,0237416	22,1915
0,0237494	22,206
0,0237573	22,2204
0,0237649	22,235
0,0237694	22,2497
0,0237767	22,2645
0,0237837	22,2792
0,0237907	22,2941
0,0237977	22,309
0,0238045	22,324
0,0238112	22,339
0,0238209	22,3539
0,0238275	22,369
0,0238342	22,384
0,0238408	22,3991
0,0238475	22,414
0,0238543	22,4291
0,0238642	22,444
0,0238712	22,4588
0,0238783	22,4736
0,0238855	22,4884
0,0238925	22,5032
0,0238996	22,5181
0,0239095	22,5329
0,0239168	22,5476
0,023924	22,5624
0,0239339	22,5773
0,0239436	22,5923
0,0239473	22,6073
0,0239568	22,6224
0,0239662	22,6375
0,0239726	22,6526
0,023979	22,6678
0,0239883	22,683
0,0239945	22,6982
0,0240008	22,7134
0,0240099	22,7287
0,0240162	22,7439
0,0240253	22,7591
0,0240316	22,7743
0,0240408	22,7895
0,0240499	22,8048
0,024056	22,8201
0,0240649	22,8354
0,0240737	22,8508
0,0240826	22,8662
0,0240912	22,8817
0,0240968	22,8972
0,0241052	22,9128
0,0241106	22,9285
0,0241219	22,9441
0,0241273	22,9597
0,0241355	22,9753
0,0241437	22,9911
0,024149	23,0067
0,0241573	23,0223
0,0241657	23,038
0,0241741	23,0536
0,0241826	23,0691
0,0241911	23,0847
0,0241995	23,1003
0,0242052	23,1158
0,0242139	23,1312
0,0242197	23,1467
0,0242285	23,1621
0,0242342	23,1776
0,0242429	23,193
0,0242515	23,2085
0,02426	23,2241
0,0242686	23,2396
0,0242773	23,2551
0,0242858	23,2706
0,0242943	23,2861
0,0243027	23,3017
0,0243111	23,3172
0,0243195	23,3329
0,0243278	23,3485
0,0243362	23,3641
0,0243445	23,3797
0,0243527	23,3954
0,0243609	23,4111
0,0243688	23,427
0,0243767	23,4427
0,0243876	23,4586
0,0243955	23,4745
0,0244032	23,4903
0,024411	23,5062
0,0244188	23,5221
0,0244265	23,5381
0,0244342	23,5539
0,0244419	23,5699
0,0244495	23,5859
0,0244598	23,6019
0,02447	23,6182
0,0244772	23,6343
0,0244845	23,6504
0,0244918	23,6665
0,0244992	23,6826
0,0245094	23,6987
0,0245139	23,7148
0,0245241	23,7309
0,0245316	23,7469
0,0245361	23,763
0,0245435	23,7792
0,0245538	23,7952
0,0245583	23,8113
0,0245654	23,8275
0,0245724	23,8437
0,0245822	23,8601
0,024589	23,8765
0,0245956	23,8929
0,0246022	23,9094
0,0246088	23,9259
0,0246153	23,9424
0,0246246	23,9588
0,024631	23,9756
0,0246374	23,9921
0,0246464	24,0088
0,0246556	24,0254
0,0246618	24,042
0,024671	24,0586
0,0246771	24,0753
0,0246861	24,092
0,0246923	24,1088
0,0246984	24,1255
0,0247073	24,1422
0,0247158	24,1592
0,0247214	24,176
0,0247269	24,1931
0,0247351	24,2102
0,0247431	24,2273
0,0247509	24,2446
0,0247586	24,2619
0,0247632	24,2794
0,0247707	24,2969
0,0247778	24,3144
0,024785	24,332
0,0247919	24,3497
0,0247987	24,3675
0,0248054	24,3854
0,024812	24,4032
0,0248213	24,4211
0,0248277	24,4392
0,024834	24,4571
0,024843	24,4752
0,0248492	24,4933
0,0248525	24,5113
0,0248645	24,5294
0,0248708	24,5475
0,0248769	24,5655
0,0248832	24,5836
0,0248924	24,6015
0,0248986	24,6196
0,0249049	24,6377
0,0249141	24,6557
0,0249204	24,6737
0,0249266	24,6918
0,0249356	24,7098
0,0249417	24,728
0,0249506	24,7461
0,0249568	24,7641
0,0249687	24,7823
0,0249746	24,8005
0,0249803	24,8188
0,0249888	24,8371
0,0249972	24,8556
0,0250055	24,874
0,0250109	24,8924
0,0250191	24,911
0,0250271	24,9296
0,0250349	24,9482
0,0250427	24,9669
0,0250505	24,9856
0,0250582	25,0044
0,0250687	25,0232
0,0250761	25,0421
0,0250835	25,0609
0,0250938	25,0798
0,025104	25,0987
0,0251113	25,1177
0,0251185	25,1367
0,0251285	25,1556
0,0251356	25,1747
0,0251425	25,1938
0,0251525	25,2129
0,0251596	25,2319
0,0251665	25,251
0,0251764	25,2701
0,0251836	25,289
0,0251909	25,308
0,0252011	25,327
0,0252088	25,3457
0,0252166	25,3644
0,0252277	25,3829
0,0252358	25,4015
0,0252442	25,4199
0,0252524	25,4383
0,0252608	25,4568
0,0252721	25,4752
0,0252805	25,4935
0,0252889	25,5119
0,025294	25,5305
0,0253049	25,5492
0,0253128	25,5677
0,025321	25,5863
0,0253318	25,605
0,0253399	25,6234
0,025348	25,6421
0,0253563	25,6605
0,0253643	25,6791
0,0253727	25,6975
0,0253809	25,7159
0,0253893	25,7344
0,0253977	25,7528
0,0254061	25,7711
0,0254176	25,7895
0,0254261	25,8078
0,0254318	25,8262
0,0254401	25,8446
0,0254516	25,8629
0,02546	25,8812
0,0254688	25,8995
0,0254776	25,9177
0,0254865	25,9359
0,0254954	25,954
0,0255044	25,9722
0,0255136	25,9902
0,0255254	26,0083
0,0255348	26,0262
0,0255446	26,0439
0,0255545	26,0616
0,0255617	26,0792
0,0255691	26,0967
0,0255795	26,1141
0,0255901	26,1315
0,0255979	26,1488
0,0256085	26,1661
0,0256196	26,1832
0,0256276	26,2003
0,0256385	26,2176
0,0256494	26,2347
0,0256603	26,2519
0,0256682	26,2692
0,0256763	26,2864
0,0256846	26,3035
0,0256927	26,3205
0,0257013	26,3375
0,0257097	26,3545
0,0257181	26,3714
0,0257265	26,3884
0,0257378	26,4054
0,0257461	26,4225
0,0257542	26,4396
0,0257653	26,4568
0,0257703	26,474
0,025781	26,4912
0,0257886	26,5087
0,0257961	26,526
0,0258066	26,5434
0,0258139	26,561
0,0258241	26,5785
0,0258345	26,5959
0,025842	26,6134
0,0258497	26,6307
0,0258574	26,6481
0,0258681	26,6653
0,0258762	26,6825
0,0258843	26,6996
0,0258924	26,7168
0,0259006	26,7339
0,0259117	26,751
0,0259199	26,7681
0,0259311	26,785
0,0259393	26,8022
0,0259474	26,8193
0,0259555	26,8365
0,0259636	26,8536
0,0259717	26,8707
0,0259799	26,8878
0,0259882	26,9049
0,0259966	26,9219
0,0260049	26,939
0,026013	26,9562
0,0260183	26,9733
0,0260266	26,9902
0,0260378	27,0073
0,0260461	27,0243
0,0260542	27,0415
0,0260625	27,0586
0,0260706	27,0757
0,0260789	27,0928
0,0260871	27,1098
0,0260955	27,1268
0,0261042	27,1437
0,026113	27,1605
0,0261218	27,1772
0,0261308	27,194
0,0261398	27,2107
0,0261489	27,2273
0,0261581	27,244
0,0261673	27,2605
0,0261765	27,2771
0,0261827	27,2938
0,0261914	27,3107
0,0262001	27,3275
0,0262088	27,3443
0,0262174	27,3613
0,026223	27,3782
0,0262314	27,3953
0,0262397	27,4123
0,026248	27,4293
0,0262531	27,4465
0,0262641	27,4636
0,0262721	27,4808
0,0262801	27,498
0,026288	27,5152
0,0262959	27,5325
0,0263038	27,5498
0,0263117	27,567
0,0263196	27,5842
0,0263274	27,6015
0,0263353	27,6188
0,0263462	27,636
0,0263571	27,6532
0,0263625	27,6702
0,0263677	27,6874
0,0263732	27,7043
0,0263844	27,7213
0,0263901	27,7383
0,0263985	27,7552
0,0264071	27,7722
0,0264159	27,7889
0,0264246	27,8058
0,0264334	27,8226
0,026442	27,8396
0,0264509	27,8563
0,0264595	27,8732
0,0264683	27,89
0,0264772	27,9068
0,0264866	27,9233
0,0264959	27,9398
0,0265022	27,9564
0,0265143	27,973
0,0265233	27,9897
0,0265322	28,0064
0,0265413	28,0232
0,0265533	28,0399
0,0265623	28,0565
0,0265685	28,0732
0,026577	28,0902
0,0265856	28,107
0,0265942	28,124
0,0266028	28,1408
0,0266116	28,1577
0,0266204	28,1744
0,0266292	28,1913
0,0266377	28,2082
0,0266463	28,2251
0,0266547	28,2422
0,026663	28,2591
0,0266713	28,2762
0,0266795	28,2933
0,0266878	28,3104
0,0266961	28,3274
0,0267042	28,3446
0,0267123	28,3617
0,0267205	28,3788
0,0267291	28,3957
0,0267376	28,4126
0,0267464	28,4294
0,0267553	28,4461
0,0267646	28,4627
0,0267738	28,4793
0,0267801	28,4959
0,0267897	28,5124
0,0267993	28,5288
0,026806	28,5453
0,0268156	28,5616
0,0268252	28,5781
0,0268351	28,5943
0,0268448	28,6107
0,0268516	28,627
0,0268585	28,6434
0,0268685	28,6596
0,0268786	28,6758
0,026886	28,6919
0,0268964	28,7079
0,026904	28,7239
0,0269144	28,7398
0,0269219	28,756
0,0269322	28,7719
0,0269426	28,7881
0,0269529	28,8042
0,0269604	28,8202
0,0269705	28,8364
0,0269806	28,8525
0,0269875	28,8689
0,0269944	28,8851
0,0270042	28,9015
0,0270113	28,9177
0,0270181	28,9341
0,0270248	28,9505
0,0270343	28,9669
0,0270408	28,9835
0,0270502	29
0,0270593	29,0167
0,0270656	29,0333
0,0270745	29,05
0,0270832	29,0669
0,0270889	29,0837
0,0270976	29,1007
0,0271063	29,1175
0,027115	29,1344
0,0271207	29,1512
0,0271294	29,1681
0,0271353	29,1849
0,0271441	29,2016
0,0271502	29,2184
0,0271595	29,235
0,0271688	29,2514
0,0271753	29,268
0,0271844	29,2846
0,0271907	29,3014
0,0271999	29,3178
0,027206	29,3346
0,027215	29,3513
0,0272238	29,3681
0,0272294	29,3851
0,0272378	29,4021
0,0272489	29,4192
0,0272543	29,4363
0,0272624	29,4533
0,0272704	29,4706
0,0272754	29,4878
0,0272859	29,5051
0,0272906	29,5226
0,027301	29,54
0,0273084	29,5575
0,0273158	29,5749
0,0273232	29,5924
0,0273334	29,61
0,027341	29,6273
0,0273483	29,6449
0,0273587	29,6623
0,0273661	29,6798
0,0273733	29,6974
0,0273808	29,7148
0,0273911	29,7323
0,0274013	29,7497
0,0274084	29,7674
0,0274152	29,7851
0,0274249	29,803
0,0274317	29,8208
0,027441	29,8387
0,0274475	29,8567
0,0274542	29,8745
0,0274667	29,8923
0,0274733	29,9101
0,02748	29,928
0,0274867	29,9458
0,0274963	29,9636
0,027503	29,9814
0,0275097	29,9992
0,0275163	30,0171
0,027526	30,0349
0,0275355	30,0527
0,027542	30,0707
0,0275514	30,0886
0,027558	30,1064
0,0275647	30,1242
0,0275744	30,1421
0,0275813	30,1598
0,0275882	30,1775
0,0275981	30,1952
0,0276051	30,2129
0,0276151	30,2304
0,0276222	30,248
0,0276324	30,2656
0,0276424	30,2832
0,0276496	30,3008
0,0276569	30,3183
0,027664	30,3359
0,0276742	30,3535
0,0276816	30,3709
0,0276891	30,3884
0,0276994	30,4059
0,027707	30,4233
0,0277144	30,4408
0,0277249	30,4582
0,0277354	30,4756
0,0277432	30,4929
0,027751	30,5101
0,0277616	30,5274
0,0277722	30,5448
0,0277799	30,5621
0,0277876	30,5794
0,0277982	30,5968
0,0278061	30,614
0,0278142	30,6312
0,0278221	30,6484
0,0278328	30,6657
0,0278435	30,683
0,0278517	30,7002
0,02786	30,7171
0,0278686	30,7341
0,0278774	30,7508
0,0278864	30,7676
0,0278954	30,7843
0,0279045	30,8009
0,0279138	30,8175
0,0279233	30,834
0,0279331	30,8503
0,0279429	30,8666
0,0279528	30,8829
0,02796	30,899
0,02797	30,9153
0,0279801	30,9314
0,0279903	30,9476
0,0279976	30,9637
0,028008	30,9797
0,0280184	30,9957
0,0280261	31,0117
0,0280367	31,0277
0,0280474	31,0436
0,028058	31,0594
0,0280688	31,0753
0,028077	31,091
0,0280853	31,1067
0,0280965	31,1223
0,0281048	31,1379
0,0281133	31,1535
0,0281217	31,1691
0,0281303	31,1846
0,0281419	31,2
0,0281538	31,2154
0,0281655	31,2307
0,0281745	31,2461
0,0281836	31,2613
0,0281929	31,2765
0,0282054	31,2915
0,0282151	31,3064
0,0282253	31,3212
0,0282353	31,336
0,0282457	31,3507
0,0282563	31,3651
0,0282673	31,3795
0,0282783	31,3938
0,0282895	31,4081
0,0282981	31,4222
0,0283065	31,4364
0,0283181	31,4504
0,0283269	31,4644
0,0283359	31,4783
0,0283477	31,4922
0,0283568	31,5061
0,028366	31,5199
0,0283753	31,5337
0,0283848	31,5473
0,0283915	31,5609
0,0284012	31,5745
0,0284111	31,588
0,0284181	31,6015
0,0284282	31,6148
0,0284385	31,6281
0,0284458	31,6414
0,0284562	31,6546
0,0284638	31,6678
0,0284745	31,6809
0,0284824	31,6939
0,0284963	31,7068
0,0285046	31,7197
0,0285101	31,7325
0,0285215	31,7452
0,0285304	31,7577
0,0285395	31,7702
0,0285486	31,7826
0,0285582	31,7948
0,0285709	31,807
0,0285778	31,8191
0,0285908	31,831
0,0285982	31,8429
0,0286116	31,8546
0,0286194	31,8663
0,0286301	31,878
0,0286412	31,8895
0,0286523	31,901
0,0286604	31,9125
0,0286716	31,924
0,02868	31,9353
0,0286917	31,9466
0,0287035	31,9577
0,0287122	31,9689
0,0287212	31,98
0,0287275	31,991
0,0287395	32,002
0,0287518	32,013
0,0287586	32,0237
0,0287712	32,0345
0,0287813	32,045
0,0287914	32,0556
0,0288018	32,066
0,0288125	32,0763
0,0288236	32,0864
0,0288349	32,0963
0,0288437	32,1061
0,0288558	32,1157
0,0288654	32,1252
0,0288782	32,1344
0,0288885	32,1435
0,0288989	32,1524
0,0289098	32,1612
0,028921	32,1698
0,0289325	32,1783
0,0289442	32,1867
0,0289564	32,1949
0,028969	32,2028
0,0289797	32,2103
0,0289944	32,2172
0,0290075	32,2236
0,0290223	32,229
0,0290421	32,2335
0,0290618	32,2366
0,0290901	32,2356
0,0311043	31,2707
0,033683	30,0442
0,0362618	28,8098
0,0388558	27,5676
0,041465	26,3176
0,0440895	25,0598
0,0466225	23,8098
