"Maximum force"	33,2761	"N"
"Gage length "	0,917367	"mm"
"Pre-load"	0,1	"N"
"Standard travel"	"Standard force"
"mm"	"N"
0	0,128212
-4,47035e-007	0,128424
-8,43778e-007	0,128612
-1,45473e-006	0,128902
-2,13273e-006	0,129222
-2,84426e-006	0,12956
-3,55206e-006	0,129897
-4,21517e-006	0,13021
-4,58024e-006	0,130383
-4,96022e-006	0,130563
-5,42216e-006	0,130782
-5,55534e-006	0,130845
-5,27594e-006	0,130713
-4,54951e-006	0,13037
-3,80445e-006	0,130017
-2,91411e-006	0,129593
-2,08709e-006	0,1292
-1,09617e-006	0,128731
-1,20141e-007	0,12827
7,40401e-007	0,127861
1,51899e-006	0,127493
2,01445e-006	0,127258
2,21375e-006	0,127163
2,01631e-006	0,127257
1,95019e-006	0,127288
1,90036e-006	0,127312
1,96602e-006	0,127281
2,06521e-006	0,127234
2,03261e-006	0,127249
1,93343e-006	0,127296
1,851e-006	0,127335
1,78488e-006	0,127367
1,53715e-006	0,127484
1,28942e-006	0,127602
1,10688e-006	0,127688
7,77189e-007	0,127844
5,94649e-007	0,127931
1,81142e-007	0,128126
-2,15601e-007	0,128314
-6,12345e-007	0,128502
-1,00909e-006	0,128691
-1,20746e-006	0,128785
-1,3723e-006	0,128863
-1,29081e-006	0,128824
-1,40583e-006	0,128879
-1,27451e-006	0,128816
-1,32341e-006	0,12884
-1,373e-006	0,128863
-1,4226e-006	0,128887
-1,38977e-006	0,128871
-1,3567e-006	0,128856
-1,38953e-006	0,128871
-1,11014e-006	0,128739
-8,9407e-007	0,128636
-6,63102e-007	0,128527
-5,46686e-007	0,128472
2,25473e-006	0,128518
2,32644e-006	0,128487
2,44239e-006	0,128433
2,55788e-006	0,128378
2,90433e-006	0,128214
3,16883e-006	0,128088
3,07104e-006	0,128135
2,95509e-006	0,128189
2,79024e-006	0,128268
2,37674e-006	0,128463
2,19513e-006	0,12855
2,02935e-006	0,128628
1,91387e-006	0,128683
1,963e-006	0,12866
1,76555e-006	0,128753
1,55042e-006	0,128855
1,1872e-006	0,129028
3,55649e-006	0,129278
3,00142e-006	0,129545
2,65497e-006	0,129709
5,11366e-006	0,12992
7,42334e-006	0,130203
1,25791e-005	0,130508
1,75561e-005	0,130899
2,51557e-005	0,131441
3,27553e-005	0,131963
4,02953e-005	0,132528
5,06665e-005	0,133108
5,82959e-005	0,133634
6,87267e-005	0,134183
7,64157e-005	0,134676
8,69657e-005	0,13519
9,45355e-005	0,13574
0,000104907	0,13632
0,000112596	0,136823
0,000123146	0,137323
0,000130894	0,137794
0,000139358	0,137905
0,000151339	0,137733
0,000160816	0,137396
0,000170293	0,13702
0,000182929	0,136536
0,000192645	0,13608
0,00020236	0,135611
0,000212016	0,135164
0,000221493	0,134796
0,00023413	0,134325
0,000240209	0,134199
0,000248554	0,134371
0,00025666	0,134668
0,000261429	0,13516
0,00026876	0,13582
0,000276181	0,136431
0,000283929	0,136894
0,000288876	0,137308
0,000297162	0,137497
0,000302466	0,137747
0,000310573	0,138029
0,00031856	0,13839
0,00032905	0,138931
0,000336501	0,139526
0,000344041	0,140091
0,000351342	0,140762
0,000358137	0,14167
0,000364843	0,14262
0,000370982	0,143848
0,000379803	0,145176
0,000385585	0,146572
0,000391247	0,148014
0,000397089	0,149387
0,000406208	0,150547
0,000413063	0,151459
0,000422957	0,152264
0,000430229	0,152962
0,0004406	0,153549
0,000447872	0,15424
0,000460806	0,154999
0,000467959	0,155743
0,000477972	0,156513
0,000484648	0,157475
0,000494244	0,158417
0,000500533	0,159584
0,000509414	0,160881
0,000515255	0,162254
0,000520798	0,16375
0,000529322	0,165222
0,00053552	0,16642
0,00054458	0,167618
0,000550809	0,168808
0,000560286	0,16983
0,000569346	0,171051
0,000578108	0,172409
0,000584128	0,173683
0,000590059	0,175011
0,000602158	0,17617
0,000608953	0,177071
0,000618371	0,178116
0,000627908	0,179115
0,000637683	0,179985
0,000647637	0,180786
0,000654998	0,181427
0,000666025	0,181711
0,000674012	0,182047
0,000687721	0,18244
0,000695052	0,183096
0,000704708	0,184038
0,000714364	0,184961
0,000721427	0,185759
0,000728163	0,186701
0,00073457	0,187792
0,000743332	0,189127
0,000748339	0,190905
0,000756028	0,192766
0,000763598	0,194689
0,000768455	0,196527
0,000773343	0,198343
0,000781092	0,200167
0,000785473	0,202227
0,000793162	0,204103
0,000801327	0,205721
0,000807198	0,207087
0,000816258	0,2083
0,000825318	0,20952
0,000834557	0,210642
0,000843855	0,211756
0,00085363	0,212633
0,000866565	0,213373
0,000874045	0,213976
0,000884357	0,214586
0,000894132	0,215471
0,000903669	0,216448
0,000913146	0,217478
0,000919851	0,218439
0,000929388	0,219423
0,000938746	0,220499
0,000944915	0,221704
0,000953617	0,223078
0,00095931	0,224527
0,000967833	0,226
0,000973674	0,227365
0,000982377	0,228739
0,000991079	0,23012
0,000999662	0,231562
0,00100521	0,233088
0,00101343	0,234682
0,00102148	0,236399
0,00102911	0,238268
0,00103656	0,240267
0,00104091	0,242327
0,00104809	0,244432
0,0010553	0,246523
0,00106287	0,248453
0,00107068	0,250238
0,00107885	0,251886
0,00108731	0,253389
0,00109619	0,254694
0,00110513	0,255968
0,00111407	0,257242
0,0011257	0,258615
0,00113476	0,259829
0,00114352	0,261187
0,00115478	0,262735
0,00116283	0,264437
0,00117052	0,266314
0,00117821	0,26816
0,0011859	0,270037
0,00119353	0,271929
0,00120145	0,273668
0,0012095	0,275385
0,00121704	0,277323
0,00122491	0,279108
0,00123313	0,280695
0,00124178	0,282129
0,00125113	0,28319
0,00126079	0,284132
0,00127027	0,285139
0,00128004	0,286013
0,00128946	0,287058
0,00129882	0,288134
0,00130853	0,289061
0,00131777	0,290174
0,00132659	0,29151
0,0013324	0,292891
0,00134015	0,294737
0,00134483	0,296652
0,00135252	0,298498
0,00136075	0,300131
0,00136596	0,301779
0,00137413	0,303427
0,00138468	0,305319
0,00138933	0,307234
0,00139988	0,309118
0,00140721	0,311163
0,00141475	0,313093
0,00141922	0,315107
0,00142628	0,317274
0,00143284	0,31967
0,00143984	0,321852
0,00144997	0,323942
0,00145412	0,326109
0,00146437	0,328138
0,00147191	0,330084
0,00147954	0,331968
0,00149027	0,333761
0,0014979	0,335661
0,00150532	0,337675
0,00151244	0,339796
0,00151924	0,342085
0,00152859	0,344542
0,00153578	0,346647
0,00154287	0,348783
0,00154969	0,351072
0,00155646	0,353376
0,00156623	0,355635
0,00157318	0,357847
0,00158042	0,359922
0,00159067	0,361952
0,00159773	0,364119
0,00160787	0,366179
0,00161192	0,368422
0,00162211	0,370451
0,00163022	0,372137
0,00164148	0,373693
0,00164977	0,37525
0,00166103	0,376806
0,00166956	0,378279
0,00167784	0,37985
0,00168953	0,381208
0,00169817	0,38262
0,00170627	0,384283
0,00171408	0,386122
0,001721	0,38835
0,00172752	0,39076
0,00173387	0,393248
0,00174311	0,395765
0,00174877	0,398603
0,00175777	0,401228
0,00176379	0,403868
0,00176999	0,406446
0,00177989	0,408628
0,00178954	0,410948
0,00179661	0,413115
0,00180388	0,415174
0,00181419	0,417173
0,00182426	0,419279
0,00183189	0,421171
0,00184238	0,423109
0,00185234	0,425245
0,00185928	0,427488
0,0018659	0,429869
0,00187549	0,432188
0,00188199	0,434645
0,00189147	0,437025
0,00189778	0,439543
0,00190428	0,441984
0,00191364	0,44441
0,00192282	0,446974
0,00192932	0,449385
0,00193614	0,451658
0,00194586	0,453962
0,00195539	0,456327
0,00196243	0,458509
0,00196937	0,460722
0,0019792	0,462934
0,00198898	0,465178
0,00199548	0,467634
0,00200489	0,470045
0,00201139	0,472486
0,00202063	0,474989
0,00202728	0,477354
0,00203711	0,479582
0,00204373	0,481962
0,00205302	0,484419
0,00205988	0,486692
0,00206679	0,488935
0,00207728	0,490835
0,00208771	0,492788
0,00209534	0,494665
0,00210619	0,496428
0,00211531	0,49761
0,00212741	0,498747
0,00213653	0,49996
0,00214857	0,501143
0,00215698	0,502661
0,00216848	0,504087
0,00217659	0,505751
0,00218517	0,507185
0,00219381	0,508604
0,0022021	0,510199
0,00220883	0,512518
0,00221509	0,515066
0,00222203	0,517279
0,00222925	0,519369
0,00223986	0,521238
0,00224728	0,523237
0,00225482	0,525167
0,00226501	0,527212
0,00227168	0,529562
0,00227821	0,531973
0,00228447	0,534521
0,00229377	0,536993
0,00229955	0,539785
0,00230503	0,542685
0,0023132	0,545706
0,00231871	0,54859
0,00232449	0,551382
0,00233007	0,554235
0,00233907	0,556845
0,00234783	0,559591
0,00235695	0,56214
0,00236595	0,564779
0,00237236	0,567251
0,00238171	0,569693
0,00239113	0,572119
0,00239751	0,574621
0,00240633	0,577322
0,00241557	0,579809
0,00242171	0,582418
0,00243125	0,584784
0,00244037	0,587347
0,00244943	0,589956
0,00245801	0,592764
0,00246367	0,595602
0,002475	0,598501
0,00248048	0,601416
0,002489	0,604269
0,0024941	0,607351
0,00250215	0,610418
0,00251019	0,613501
0,0025183	0,616537
0,00252682	0,61939
0,00253546	0,622168
0,00254375	0,625128
0,00255215	0,628042
0,00255752	0,631018
0,00256551	0,6341
0,00257409	0,636923
0,00258273	0,63973
0,00259114	0,64263
0,00260014	0,645239
0,00260607	0,647955
0,00261769	0,650702
0,00262395	0,65325
0,00263319	0,655752
0,00264517	0,658331
0,00265187	0,660681
0,00266379	0,66329
0,0026725	0,666052
0,00267855	0,668692
0,00269005	0,671499
0,00269559	0,674398
0,00270406	0,677282
0,00271228	0,680258
0,00271741	0,68334
0,00272581	0,686239
0,00273702	0,689199
0,00274223	0,692236
0,00275082	0,695059
0,00275874	0,698187
0,0027636	0,701391
0,00277439	0,70455
0,0027794	0,707678
0,00278995	0,710943
0,00279501	0,714056
0,00280258	0,717352
0,00281009	0,720678
0,00282052	0,724005
0,00282485	0,727468
0,00283498	0,730932
0,00284243	0,734289
0,00284982	0,737677
0,00285995	0,74114
0,00286472	0,744375
0,00287216	0,747755
0,00287932	0,751249
0,00288975	0,75456
0,00289749	0,757765
0,00290578	0,76071
0,0029174	0,763502
0,00292599	0,766294
0,00293463	0,769087
0,00294673	0,771635
0,00295281	0,77426
0,00296479	0,776838
0,0029745	0,779112
0,00298386	0,781569
0,00299322	0,784025
0,00300174	0,786879
0,00300755	0,78964
0,00301864	0,792631
0,00302404	0,795591
0,00303476	0,798765
0,00304251	0,802
0,00305014	0,805265
0,00305452	0,808699
0,00306454	0,812208
0,00306865	0,815779
0,00307619	0,81909
0,00308316	0,822676
0,00309049	0,826094
0,00309771	0,829557
0,00310748	0,833174
0,00311481	0,836592
0,00312483	0,840117
0,00313198	0,843626
0,0031391	0,847136
0,00314599	0,850752
0,00315552	0,854506
0,00315946	0,858137
0,00316923	0,861784
0,00317877	0,865522
0,00318565	0,869139
0,00319501	0,872969
0,00320163	0,876722
0,00321146	0,880323
0,00321867	0,883802
0,00322648	0,886961
0,00323733	0,890104
0,00324854	0,893064
0,00325962	0,89607
0,00326576	0,89868
0,0032781	0,901091
0,00329044	0,903502
0,00330039	0,905653
0,00330993	0,908049
0,00331923	0,910521
0,00333085	0,913282
0,00333678	0,915983
0,00334501	0,918959
0,00335609	0,92198
0,00336071	0,925291
0,00337079	0,92877
0,00337842	0,932066
0,00338569	0,935499
0,00339314	0,938856
0,00340056	0,942228
0,00340813	0,945524
0,0034154	0,948973
0,00342294	0,952284
0,00343367	0,955473
0,0034444	0,958616
0,00345209	0,961882
0,0034593	0,965345
0,00346666	0,968748
0,0034739	0,972212
0,00348132	0,975584
0,00349151	0,979017
0,00349908	0,982313
0,00350719	0,98535
0,00351774	0,988615
0,00352549	0,991835
0,00353312	0,9951
0,00354081	0,99835
0,00354805	1,0018
0,00355824	1,00523
0,00356539	1,00873
0,00357273	1,01214
0,00357988	1,01565
0,00358641	1,01944
0,00359311	1,02315
0,00360265	1,02687
0,00360953	1,03052
0,00361931	1,03413
0,00362631	1,03772
0,00363615	1,0413
0,00364273	1,04509
0,00364932	1,04886
0,0036562	1,05247
0,00366592	1,05614
0,00367557	1,05981
0,00368234	1,06351
0,00369194	1,06721
0,00369876	1,07088
0,00370859	1,07448
0,00371831	1,07814
0,00372576	1,0815
0,00373589	1,08496
0,00374278	1,08859
0,00375231	1,09231
0,00375649	1,09585
0,00376596	1,09962
0,00377315	1,10312
0,00378268	1,10686
0,00378942	1,11055
0,00379603	1,1143
0,00380545	1,1181
0,00381487	1,12189
0,00382143	1,12568
0,00383114	1,12935
0,00384044	1,13319
0,0038475	1,13675
0,00385424	1,14044
0,00386407	1,14404
0,0038717	1,14731
0,00388225	1,15056
0,00389006	1,15376
0,00390079	1,15695
0,00391182	1,15997
0,00391974	1,1631
0,00392797	1,16611
0,003939	1,16914
0,00394686	1,1723
0,00395551	1,17509
0,00396665	1,17808
0,00397553	1,18075
0,00398465	1,18332
0,00399425	1,18567
0,00400391	1,18796
0,00401416	1,18999
0,00402477	1,19185
0,00404015	1,1928
0,00405171	1,19287
0,00406888	1,19297
0,00408026	1,1931
0,00409439	1,19331
0,00410815	1,19364
0,00411882	1,19412
0,00413235	1,19458
0,00414302	1,19503
0,00415322	1,19573
0,00415912	1,19706
0,00416603	1,19929
0,00416959	1,20173
0,00417582	1,20428
0,00417923	1,20681
0,00418567	1,20927
0,00419205	1,21176
0,00419852	1,21418
0,00420465	1,21679
0,0042113	1,21916
0,00421753	1,22171
0,00422689	1,22416
0,00423034	1,22666
0,00423958	1,22917
0,00424566	1,23179
0,00425478	1,23435
0,00426122	1,23683
0,00426709	1,23954
0,00427645	1,24198
0,00428515	1,24476
0,0042915	1,24726
0,0043008	1,24975
0,00431021	1,25215
0,00431668	1,25462
0,00432598	1,25709
0,00433534	1,25953
0,00434142	1,26219
0,00435089	1,26457
0,0043596	1,26733
0,00436571	1,26995
0,00437399	1,2729
0,00437948	1,27583
0,0043877	1,2788
0,00439318	1,28172
0,00440165	1,2846
0,00440952	1,28775
0,00441774	1,29074
0,00442281	1,29385
0,00443103	1,29682
0,00443944	1,29974
0,00444486	1,30268
0,00445309	1,30566
0,00446423	1,30865
0,00446936	1,31173
0,00447711	1,31495
0,00448545	1,31787
0,0044935	1,32096
0,00450125	1,32417
0,00450906	1,32734
0,00451648	1,33073
0,00452679	1,33409
0,00453394	1,3376
0,00454106	1,34111
0,00454795	1,34474
0,00455504	1,34826
0,00456434	1,35211
0,00457087	1,35591
0,00457784	1,35949
0,00458463	1,36317
0,00459429	1,36685
0,00460106	1,37052
0,00461065	1,37423
0,00462019	1,37799
0,00462701	1,38165
0,00463375	1,38534
0,00464323	1,38909
0,00464978	1,39289
0,00465866	1,39695
0,00466453	1,40104
0,00467336	1,40513
0,00468242	1,4091
0,00468885	1,41294
0,00469547	1,4167
0,00470501	1,42042
0,00471454	1,42417
0,00472158	1,42774
0,00472876	1,43122
0,00473859	1,43482
0,00474867	1,4383
0,00475603	1,44172
0,00476574	1,44537
0,00477564	1,44894
0,00478243	1,45262
0,00478899	1,45639
0,00479847	1,46015
0,00480499	1,46397
0,00481125	1,46788
0,00482049	1,47175
0,00482973	1,47564
0,00483557	1,47976
0,00484451	1,48379
0,00485017	1,488
0,00485557	1,49234
0,00486403	1,49658
0,00487238	1,50088
0,00488054	1,50531
0,00488877	1,50964
0,00489717	1,51394
0,00490534	1,51834
0,00491109	1,52249
0,00491967	1,52667
0,00492861	1,53073
0,00493761	1,53469
0,00494649	1,53875
0,00495275	1,54269
0,00496205	1,54653
0,00497165	1,55027
0,0049813	1,55394
0,00499114	1,55755
0,00500044	1,56141
0,00500985	1,56523
0,00501927	1,56903
0,00502875	1,57278
0,00503566	1,57641
0,00504514	1,58018
0,00505444	1,58403
0,00506368	1,58793
0,00506985	1,5919
0,00507897	1,59581
0,0050885	1,59957
0,00509786	1,60339
0,00510409	1,60733
0,00511369	1,61105
0,00511994	1,61499
0,00512936	1,61877
0,00513866	1,62261
0,00514495	1,62652
0,00515407	1,63049
0,00516027	1,63443
0,00516644	1,63839
0,00517532	1,64242
0,00518143	1,64642
0,00518989	1,65069
0,00519835	1,65493
0,00520396	1,65917
0,00521188	1,66369
0,00522017	1,66799
0,00522827	1,67245
0,00523614	1,67697
0,00524109	1,68151
0,0052489	1,68606
0,0052565	1,69076
0,00526407	1,69543
0,00527161	1,7001
0,00527891	1,70492
0,00528684	1,70941
0,00529426	1,71417
0,00530162	1,71896
0,00530901	1,72372
0,0053192	1,72851
0,0053265	1,73333
0,00533664	1,73815
0,00534409	1,74292
0,00535121	1,7478
0,00535854	1,75259
0,00536855	1,75747
0,00537565	1,76239
0,00538328	1,76702
0,00539377	1,77169
0,00540137	1,77636
0,00540923	1,78088
0,00542032	1,78527
0,00543117	1,78976
0,00543981	1,79394
0,00544834	1,79818
0,00546026	1,80215
0,00546961	1,80601
0,00547861	1,80998
0,00549054	1,81398
0,00549971	1,81791
0,00550889	1,82182
0,00551783	1,82585
0,00552707	1,82974
0,00553607	1,83374
0,00554507	1,83773
0,00555378	1,84185
0,00556248	1,846
0,0055682	1,85018
0,00557696	1,85427
0,00558292	1,85836
0,00559139	1,86264
0,00560063	1,86651
0,00560969	1,87048
0,00561633	1,87422
0,00562563	1,87806
0,00563529	1,88174
0,00564464	1,8856
0,005654	1,88941
0,0056633	1,89328
0,00566968	1,89715
0,00567898	1,901
0,00568798	1,90499
0,0056937	1,90917
0,00570228	1,91336
0,00571104	1,91748
0,00571951	1,92172
0,00572827	1,92584
0,0057339	1,93005
0,00574231	1,93432
0,00575071	1,93862
0,00575899	1,94296
0,00576692	1,94744
0,00577515	1,95184
0,00577977	1,95654
0,00578418	1,96133
0,00579166	1,96606
0,00579887	1,97091
0,00580626	1,97567
0,00581413	1,98019
0,00582188	1,98477
0,00582963	1,98938
0,00584041	1,99389
0,00584804	1,99853
0,00585585	2,00311
0,00586378	2,00762
0,00587433	2,01226
0,00588187	2,01696
0,00588926	2,02172
0,00589647	2,02658
0,00590351	2,03149
0,00591078	2,03631
0,00591781	2,04125
0,00592499	2,04611
0,00593227	2,05093
0,00593966	2,05569
0,00594723	2,06036
0,00595497	2,06494
0,00596582	2,06945
0,00597625	2,07415
0,005984	2,07873
0,00599157	2,08343
0,00599902	2,08816
0,00600671	2,09277
0,00601732	2,09738
0,00602471	2,10217
0,00603479	2,10702
0,00604218	2,11178
0,00604918	2,11672
0,00605642	2,12158
0,00606626	2,12652
0,0060732	2,13153
0,00608008	2,13653
0,00608968	2,14163
0,00609618	2,14678
0,0061025	2,15206
0,00611185	2,15728
0,00611755	2,16284
0,00612655	2,16824
0,00613501	2,17385
0,00614389	2,17929
0,00615006	2,18463
0,00615936	2,18985
0,00616848	2,19519
0,00617501	2,20034
0,00618472	2,20538
0,00619414	2,21054
0,00620147	2,21536
0,00620856	2,22027
0,00621876	2,22506
0,00622877	2,22998
0,00623586	2,23489
0,00624599	2,23971
0,00625353	2,24441
0,00626122	2,24902
0,00627159	2,25372
0,00627928	2,25839
0,0062896	2,26312
0,00629681	2,26797
0,00630724	2,27264
0,00631451	2,27749
0,0063247	2,28228
0,00633165	2,28726
0,0063385	2,29229
0,00634756	2,29763
0,00635427	2,30273
0,00636067	2,30795
0,00636726	2,31311
0,00637966	2,31823
0,00638604	2,32348
0,0063925	2,32867
0,00640168	2,33395
0,00640779	2,33935
0,00641649	2,34484
0,00642263	2,35021
0,00642827	2,3558
0,00643679	2,36141
0,00644519	2,36706
0,0064533	2,37286
0,0064586	2,37863
0,00646659	2,38446
0,00647175	2,39028
0,00648003	2,39599
0,00648796	2,40191
0,00649577	2,40783
0,00650346	2,41381
0,00651132	2,41973
0,00651875	2,42587
0,00652661	2,43179
0,00653675	2,43798
0,00654432	2,44406
0,00654849	2,45034
0,00655826	2,45672
0,0065658	2,46279
0,00657302	2,46902
0,00658035	2,47518
0,0065875	2,48144
0,00659498	2,48754
0,0066021	2,4938
0,00660967	2,49984
0,00662004	2,50595
0,0066274	2,51211
0,00663486	2,51821
0,00664177	2,52459
0,00664886	2,53088
0,0066587	2,53723
0,00666588	2,54348
0,00667264	2,54992
0,00667965	2,55624
0,00668653	2,56262
0,00669309	2,56915
0,00670316	2,57537
0,00670999	2,58178
0,00671717	2,58804
0,00672712	2,59433
0,00673431	2,60058
0,00674372	2,60714
0,00675055	2,61355
0,00675701	2,62011
0,00676637	2,62667
0,00677329	2,63305
0,00678276	2,63958
0,00678947	2,64605
0,00679889	2,65258
0,00680559	2,65908
0,00681501	2,66564
0,00682479	2,67202
0,00683462	2,67837
0,0068415	2,68475
0,00684896	2,69085
0,00685897	2,69714
0,00686916	2,7033
0,00687652	2,70947
0,00688412	2,71551
0,00689425	2,72174
0,00690463	2,72784
0,00691208	2,73397
0,0069195	2,74008
0,00693017	2,74603
0,00693726	2,75231
0,00694456	2,75851
0,00695446	2,76483
0,00696161	2,77108
0,00696846	2,77749
0,00697842	2,78378
0,00698861	2,78999
0,00699571	2,79625
0,00700304	2,80241
0,00701311	2,80867
0,00702062	2,81474
0,00702825	2,82075
0,00703904	2,82667
0,00705007	2,83247
0,00705817	2,83827
0,00706652	2,84395
0,00707743	2,8498
0,00708893	2,85536
0,00709745	2,86097
0,0071058	2,86665
0,00711748	2,87214
0,00712642	2,87755
0,00713608	2,88261
0,00714883	2,88759
0,00715914	2,89232
0,00716946	2,89711
0,0071803	2,90159
0,00719079	2,90626
0,0072014	2,91087
0,00721243	2,9153
0,00722018	2,91987
0,00723049	2,92463
0,00724027	2,92967
0,00725004	2,93464
0,00725642	2,93992
0,0072659	2,94505
0,00727203	2,95042
0,00728109	2,95576
0,0072872	2,96113
0,00729585	2,96669
0,00730163	2,97221
0,00730756	2,97767
0,00731638	2,98311
0,00732473	2,98881
0,00733048	2,99434
0,00733882	3,00004
0,00734711	3,00572
0,00735268	3,01136
0,00735831	3,01698
0,00736952	3,02266
0,00737479	3,02842
0,00738296	3,03419
0,00739095	3,04005
0,00739899	3,04588
0,00740692	3,05177
0,00741473	3,05769
0,00742283	3,06352
0,00743052	3,0695
0,00743815	3,07551
0,00744578	3,08156
0,00745365	3,08748
0,00746089	3,0937
0,00746876	3,09962
0,00747675	3,10545
0,00748754	3,11137
0,00749284	3,11714
0,00750089	3,12297
0,00751197	3,12871
0,00752026	3,13441
0,00752601	3,13997
0,00753728	3,14564
0,00754628	3,15101
0,00755239	3,15638
0,00756377	3,162
0,00757003	3,16731
0,00758165	3,1728
0,00759089	3,17808
0,00760019	3,1833
0,00760955	3,18852
0,00761873	3,1938
0,00762528	3,19899
0,00763452	3,20424
0,00764346	3,20964
0,0076527	3,21489
0,00766134	3,22044
0,00766754	3,22578
0,00767606	3,23137
0,00768495	3,2368
0,00769359	3,24238
0,00770229	3,24788
0,0077081	3,2534
0,00771376	3,25898
0,00772253	3,26448
0,00773129	3,26997
0,00773728	3,27537
0,00774598	3,2809
0,00775474	3,28639
0,00776321	3,29204
0,00777185	3,29756
0,00778037	3,30317
0,0077889	3,30876
0,00779742	3,31437
0,00780582	3,32002
0,00781411	3,32573
0,00781938	3,33149
0,00783035	3,33732
0,00783864	3,34303
0,00784382	3,34886
0,00785479	3,35466
0,00786296	3,36042
0,00787082	3,36638
0,00787863	3,3723
0,00788668	3,37813
0,00789455	3,38405
0,00790259	3,38984
0,00791058	3,39573
0,00791818	3,40178
0,00792605	3,4077
0,00793356	3,41377
0,00794393	3,41987
0,00794882	3,42582
0,00795642	3,43187
0,00796661	3,43803
0,00797382	3,44426
0,00798121	3,45042
0,00798836	3,45665
0,00799596	3,46269
0,00800356	3,46873
0,00801119	3,47477
0,008019	3,48069
0,00802949	3,48674
0,0080342	3,49278
0,00804481	3,49876
0,0080556	3,50468
0,00806022	3,51075
0,00807118	3,51658
0,00807875	3,52263
0,00808626	3,5287
0,00809383	3,53477
0,0081014	3,54084
0,00811177	3,54692
0,00811958	3,55287
0,00812751	3,55876
0,00813824	3,56468
0,00814635	3,57051
0,00815409	3,57646
0,0081619	3,58241
0,00817263	3,58833
0,0081805	3,59425
0,00819087	3,60032
0,00819868	3,60627
0,00820661	3,6122
0,00821355	3,61854
0,00822374	3,62471
0,00823075	3,63105
0,0082379	3,63731
0,00824508	3,64354
0,00825238	3,64973
0,00825915	3,65614
0,00826627	3,66243
0,0082764	3,66862
0,00828308	3,67512
0,00829083	3,68107
0,00829837	3,68715
0,00830874	3,69325
0,00831655	3,6992
0,00832409	3,70527
0,00833291	3,71074
0,00834543	3,7158
0,00835538	3,72072
0,00836766	3,72593
0,00837767	3,73082
0,00838727	3,73591
0,00839692	3,74098
0,00840676	3,74595
0,00841624	3,75111
0,00842595	3,75615
0,00843465	3,76167
0,008443	3,76738
0,00844797	3,77327
0,00845626	3,77897
0,00846395	3,78499
0,0084689	3,79091
0,00847974	3,79677
0,00848749	3,80275
0,00849542	3,80864
0,00850043	3,81453
0,0085108	3,82063
0,00851831	3,82673
0,00852588	3,83278
0,00853333	3,83888
0,00854081	3,84498
0,00854564	3,85096
0,00855589	3,85713
0,00856352	3,86314
0,00857133	3,86909
0,00858283	3,87465
0,00858891	3,88005
0,00860101	3,8853
0,00861025	3,89058
0,00861943	3,89586
0,00862926	3,90083
0,00864142	3,90608
0,0086509	3,91127
0,00866044	3,91639
0,00866932	3,9218
0,00867462	3,92756
0,00868255	3,93345
0,00869328	3,93937
0,00870076	3,94548
0,00870538	3,95155
0,00871545	3,95778
0,00872263	3,96403
0,00872988	3,97026
0,00873405	3,97654
0,00874418	3,98277
0,00875118	3,98909
0,00876132	3,99531
0,0087679	4,00181
0,00877193	4,00816
0,00878158	4,0146
0,00878532	4,0211
0,00879492	4,0276
0,00880145	4,03413
0,00880767	4,04081
0,00881387	4,04753
0,00882037	4,05409
0,00882955	4,06074
0,00883634	4,06718
0,00884326	4,07353
0,00885274	4,08006
0,00885962	4,08644
0,00886951	4,09276
0,00887911	4,09923
0,00888611	4,10557
0,00889607	4,11189
0,00890262	4,11839
0,00891198	4,12501
0,0089214	4,13154
0,00892739	4,13835
0,00893657	4,145
0,00894271	4,15175
0,0089484	4,1587
0,00895734	4,16548
0,00896652	4,17216
0,00897528	4,179
0,00898452	4,18565
0,00899364	4,19236
0,00899957	4,1992
0,00900863	4,20591
0,00901429	4,21287
0,00902312	4,21968
0,00902928	4,22642
0,00903834	4,23317
0,00904398	4,24012
0,00905268	4,24702
0,00906114	4,25401
0,00906666	4,26106
0,0090753	4,26796
0,00908063	4,2751
0,00908922	4,28203
0,00909762	4,28907
0,00910573	4,29625
0,00911377	4,30345
0,00912194	4,31059
0,00912975	4,31791
0,0091375	4,32527
0,0091456	4,33244
0,00915371	4,33964
0,00915967	4,34645
0,00916837	4,35334
0,00917713	4,36021
0,00918607	4,36699
0,00919788	4,37379
0,00920682	4,3806
0,009216	4,38725
0,00922523	4,3939
0,00923394	4,40077
0,00923981	4,40764
0,00924833	4,41462
0,0092568	4,42164
0,00926231	4,42866
0,00927047	4,4358
0,00927864	4,44298
0,00928645	4,45027
0,00929438	4,45753
0,00929917	4,46492
0,00930752	4,47197
0,00931795	4,47941
0,00932272	4,4868
0,00933041	4,49418
0,00934066	4,50172
0,00934841	4,50905
0,00935592	4,51652
0,00936355	4,52391
0,00937106	4,53138
0,00937863	4,53883
0,00938834	4,54661
0,00939555	4,55421
0,00939958	4,56196
0,00940607	4,5699
0,00941573	4,57771
0,00942208	4,58571
0,00943132	4,59376
0,0094377	4,60176
0,00944386	4,60981
0,00945	4,61793
0,00945623	4,62599
0,00946535	4,63405
0,00947388	4,64241
0,00948007	4,65053
0,0094886	4,65889
0,0094973	4,66713
0,00950558	4,67561
0,00951381	4,68409
0,00951903	4,69264
0,00952695	4,70131
0,00953488	4,70991
0,00953941	4,71882
0,00954734	4,72743
0,00955482	4,73628
0,00956224	4,74519
0,00956969	4,75404
0,00957732	4,76283
0,00958477	4,77168
0,00959225	4,78053
0,00959985	4,78932
0,00960986	4,79835
0,00961755	4,80714
0,00962482	4,81605
0,00963227	4,82496
0,00964008	4,83363
0,00965057	4,84242
0,00965528	4,85121
0,00966577	4,86
0,00967051	4,86879
0,00968106	4,87758
0,00968613	4,88618
0,00969662	4,89497
0,00970395	4,90394
0,0097114	4,91279
0,00972129	4,92183
0,00972869	4,93074
0,00973602	4,93971
0,00974362	4,9485
0,00975065	4,95753
0,00975783	4,96657
0,0097679	4,97554
0,00977828	4,98439
0,00978608	4,99305
0,00979348	5,00197
0,00980134	5,01063
0,00980864	5,0196
0,00981618	5,02839
0,00982614	5,03749
0,00983681	5,04615
0,00984426	5,05507
0,00985457	5,06392
0,00986181	5,07289
0,00986885	5,08198
0,00987609	5,09095
0,00988598	5,09999
0,00989036	5,10896
0,00990038	5,11799
0,00991057	5,1269
0,00991772	5,13594
0,00992496	5,14491
0,00993527	5,15376
0,00994529	5,16279
0,00995259	5,17177
0,0099598	5,18074
0,00996988	5,18971
0,00997706	5,19874
0,00998713	5,20772
0,00999437	5,21669
0,0100013	5,22578
0,0100084	5,23488
0,0100182	5,24391
0,0100283	5,25294
0,0100385	5,26191
0,0100458	5,27083
0,0100529	5,27986
0,0100632	5,28877
0,0100706	5,29768
0,0100807	5,30665
0,0100882	5,3155
0,0100956	5,32435
0,0101059	5,33326
0,0101164	5,34205
0,010124	5,35084
0,0101344	5,35963
0,0101393	5,36836
0,0101499	5,37715
0,0101575	5,38594
0,0101683	5,39454
0,0101763	5,40321
0,0101871	5,41182
0,0101951	5,42042
0,0102061	5,42903
0,0102141	5,43763
0,0102227	5,44594
0,0102318	5,45399
0,0102437	5,46217
0,0102532	5,47004
0,0102626	5,47798
0,010272	5,48597
0,0102816	5,49379
0,0102916	5,50145
0,0103018	5,50905
0,0103092	5,51655
0,0103192	5,52418
0,0103287	5,53206
0,0103354	5,53993
0,0103448	5,54786
0,0103546	5,55562
0,0103617	5,56324
0,0103715	5,57103
0,0103783	5,57884
0,0103882	5,5865
0,010396	5,59385
0,0104037	5,60124
0,0104148	5,60835
0,0104227	5,61564
0,0104337	5,62282
0,0104415	5,63011
0,0104493	5,63743
0,0104602	5,6447
0,0104709	5,65202
0,0104784	5,6595
0,0104823	5,66728
0,0104921	5,67503
0,0104987	5,6829
0,0105056	5,69066
0,0105124	5,69847
0,0105191	5,70628
0,010526	5,71406
0,0105355	5,72194
0,0105449	5,72987
0,0105513	5,73787
0,0105577	5,74586
0,0105666	5,75404
0,0105727	5,76216
0,0105784	5,77046
0,0105868	5,77888
0,0105954	5,78724
0,0106005	5,79585
0,0106087	5,80433
0,0106138	5,81294
0,0106217	5,82155
0,0106299	5,83009
0,0106353	5,83857
0,0106431	5,84724
0,0106511	5,85585
0,0106619	5,86451
0,0106664	5,87343
0,0106768	5,88221
0,0106844	5,89106
0,0106919	5,89985
0,0106996	5,90864
0,0107065	5,91774
0,0107106	5,92683
0,0107203	5,93599
0,0107246	5,94502
0,0107342	5,95424
0,0107414	5,96321
0,0107482	5,97236
0,0107547	5,98164
0,0107617	5,99074
0,0107711	6,00007
0,0107778	6,00935
0,0107873	6,01857
0,0107968	6,02784
0,0108031	6,03724
0,0108126	6,04652
0,0108191	6,05586
0,0108284	6,0652
0,0108348	6,0746
0,0108408	6,08418
0,0108495	6,09376
0,0108555	6,10334
0,0108646	6,11281
0,0108736	6,12227
0,010883	6,13167
0,0108895	6,14094
0,0108957	6,1504
0,010905	6,1598
0,0109143	6,16914
0,0109206	6,17854
0,0109299	6,18788
0,0109365	6,19722
0,0109451	6,20686
0,0109541	6,21638
0,01096	6,22603
0,0109684	6,23579
0,010977	6,2455
0,010983	6,25508
0,0109915	6,26478
0,0110005	6,2743
0,0110095	6,28383
0,0110154	6,29341
0,0110247	6,30281
0,0110338	6,31221
0,0110396	6,32185
0,0110487	6,33131
0,0110576	6,34089
0,0110668	6,35029
0,011073	6,35975
0,0110818	6,36939
0,0110905	6,37903
0,0110965	6,38856
0,0111052	6,3982
0,0111137	6,40797
0,0111227	6,41749
0,0111311	6,42725
0,0111396	6,43702
0,0111447	6,44703
0,0111531	6,45679
0,0111611	6,4668
0,0111695	6,47657
0,0111777	6,48646
0,0111859	6,49634
0,0111941	6,50623
0,0112023	6,51612
0,0112107	6,52589
0,0112164	6,53559
0,0112247	6,54542
0,0112329	6,5553
0,0112413	6,56513
0,0112525	6,57496
0,0112606	6,58491
0,0112688	6,59479
0,0112769	6,60474
0,0112822	6,61463
0,0112905	6,62446
0,0113013	6,63447
0,0113096	6,64435
0,0113206	6,65424
0,011326	6,66413
0,011334	6,67408
0,011345	6,68403
0,0113529	6,69404
0,0113578	6,70411
0,0113658	6,71412
0,0113766	6,72419
0,0113844	6,7342
0,0113922	6,74433
0,0114	6,75434
0,0114076	6,76453
0,0114154	6,7746
0,0114236	6,78455
0,0114315	6,79456
0,0114397	6,80445
0,0114479	6,81434
0,0114562	6,82416
0,0114647	6,83393
0,0114731	6,8437
0,0114815	6,85352
0,01149	6,86329
0,0114985	6,87299
0,0115066	6,88288
0,0115151	6,89265
0,0115234	6,90247
0,0115317	6,91236
0,0115367	6,92237
0,0115448	6,93232
0,0115527	6,94233
0,011558	6,95228
0,0115693	6,96204
0,0115776	6,97187
0,011586	6,98163
0,0115942	6,99152
0,0115996	7,00141
0,0116079	7,01124
0,0116192	7,021
0,0116274	7,03089
0,0116359	7,04066
0,0116445	7,05036
0,0116527	7,06025
0,0116613	7,06995
0,0116696	7,07978
0,0116781	7,08954
0,0116869	7,09913
0,0116958	7,10871
0,0117049	7,11811
0,0117145	7,12739
0,0117244	7,13648
0,0117341	7,14564
0,0117415	7,15455
0,0117514	7,16358
0,0117646	7,17249
0,0117722	7,18128
0,0117823	7,19031
0,0117924	7,19922
0,0118027	7,20814
0,0118096	7,21723
0,0118191	7,22651
0,0118261	7,23566
0,0118355	7,24494
0,0118425	7,25403
0,0118521	7,26325
0,0118588	7,27247
0,0118688	7,2815
0,0118784	7,29072
0,0118853	7,29987
0,0118951	7,30897
0,0119023	7,318
0,0119118	7,32722
0,011919	7,33625
0,0119286	7,34547
0,0119354	7,35462
0,011945	7,36384
0,0119544	7,37311
0,0119612	7,38233
0,0119706	7,39167
0,0119802	7,40089
0,0119868	7,41016
0,0119964	7,41938
0,0120028	7,42872
0,0120124	7,43799
0,0120191	7,44721
0,0120284	7,45661
0,012035	7,46583
0,0120416	7,4751
0,0120509	7,48444
0,0120601	7,4939
0,0120666	7,50324
0,012076	7,51252
0,0120828	7,52167
0,0120926	7,53083
0,0121023	7,53998
0,0121098	7,54883
0,01212	7,55781
0,012127	7,5669
0,012137	7,57587
0,0121442	7,58491
0,0121542	7,59388
0,0121646	7,60279
0,0121719	7,6117
0,012182	7,62067
0,0121921	7,62964
0,0121991	7,6388
0,012206	7,64789
0,0122134	7,65674
0,0122207	7,66572
0,012231	7,67457
0,0122382	7,6836
0,0122453	7,69257
0,012258	7,70179
0,0122651	7,71076
0,0122719	7,71992
0,0122788	7,72907
0,0122886	7,73823
0,0122957	7,74726
0,0123056	7,75629
0,0123127	7,76533
0,0123229	7,7743
0,01233	7,78333
0,0123373	7,7923
0,0123444	7,80128
0,0123542	7,81043
0,0123643	7,8194
0,0123742	7,8285
0,0123812	7,83759
0,0123911	7,84669
0,0123981	7,85572
0,0124076	7,865
0,0124145	7,87415
0,012424	7,88343
0,0124305	7,89271
0,0124404	7,9018
0,01245	7,91102
0,0124596	7,92023
0,012466	7,92963
0,0124752	7,93903
0,0124815	7,94843
0,012491	7,95771
0,0125001	7,96717
0,0125091	7,97663
0,0125156	7,98603
0,0125246	7,99549
0,0125339	8,00483
0,0125434	8,01417
0,0125497	8,02357
0,0125591	8,03284
0,0125683	8,0423
0,0125745	8,05176
0,0125836	8,06122
0,0125936	8,0702
0,0126028	8,07966
0,0126094	8,08887
0,0126187	8,09827
0,0126251	8,10761
0,0126345	8,11695
0,012644	8,12623
0,0126535	8,1355
0,01266	8,14478
0,0126666	8,15412
0,0126753	8,1637
0,0126815	8,17322
0,0126905	8,18274
0,0126962	8,19239
0,0127049	8,20203
0,012711	8,21155
0,0127197	8,22126
0,0127284	8,23084
0,0127345	8,24042
0,0127432	8,25001
0,0127491	8,25965
0,0127549	8,26929
0,0127635	8,27894
0,0127724	8,28852
0,012781	8,29822
0,0127897	8,30787
0,012798	8,31769
0,0128066	8,3274
0,0128151	8,33716
0,0128237	8,34687
0,0128294	8,35651
0,0128384	8,36609
0,0128471	8,37574
0,0128589	8,38526
0,0128653	8,39466
0,012874	8,40424
0,0128833	8,41364
0,0128924	8,42316
0,0128983	8,43274
0,012907	8,44233
0,0129157	8,45203
0,0129244	8,46168
0,0129332	8,47126
0,0129421	8,48084
0,0129477	8,49055
0,0129565	8,50019
0,0129624	8,50983
0,012974	8,51941
0,0129798	8,52906
0,0129886	8,53864
0,0129974	8,54828
0,0130061	8,55793
0,0130123	8,56739
0,0130208	8,57715
0,0130327	8,58668
0,0130386	8,59626
0,0130472	8,6059
0,0130556	8,61573
0,0130643	8,62537
0,013073	8,63508
0,013079	8,6446
0,013091	8,65406
0,0130967	8,66376
0,0131057	8,67328
0,0131173	8,68293
0,0131229	8,69269
0,0131318	8,70222
0,0131437	8,71174
0,0131497	8,72126
0,0131584	8,73096
0,0131669	8,74067
0,0131753	8,75049
0,0131837	8,76026
0,0131889	8,77021
0,0132	8,7801
0,0132054	8,78992
0,0132134	8,79987
0,0132217	8,80976
0,0132297	8,81971
0,0132381	8,82953
0,0132461	8,83948
0,013254	8,84949
0,0132619	8,85956
0,0132672	8,86945
0,0132755	8,87928
0,0132836	8,88923
0,013292	8,89905
0,013303	8,90894
0,0133113	8,91883
0,013317	8,92853
0,0133256	8,93824
0,0133343	8,94782
0,0133432	8,9574
0,0133519	8,96711
0,0133603	8,97687
0,0133692	8,98639
0,0133775	8,99622
0,0133862	9,00587
0,0133948	9,01557
0,0134031	9,02546
0,0134113	9,03528
0,0134196	9,04517
0,0134249	9,05506
0,0134334	9,06483
0,013445	9,07441
0,0134505	9,08423
0,0134591	9,09394
0,0134678	9,10358
0,013476	9,11347
0,0134845	9,12324
0,0134928	9,13306
0,0135041	9,14283
0,0135126	9,15259
0,0135211	9,16236
0,0135261	9,17237
0,0135342	9,18226
0,0135424	9,19221
0,0135533	9,20215
0,0135618	9,21192
0,01357	9,22181
0,0135784	9,23163
0,0135869	9,24134
0,0135952	9,25123
0,0136062	9,26111
0,0136148	9,27082
0,0136233	9,28058
0,0136347	9,29029
0,0136434	9,29993
0,0136492	9,30964
0,0136579	9,31928
0,0136695	9,32892
0,0136784	9,33851
0,0136873	9,34803
0,0136965	9,35743
0,0137057	9,36689
0,0137119	9,37635
0,0137213	9,38563
0,0137308	9,39496
0,0137404	9,40412
0,0137499	9,4134
0,0137571	9,42243
0,0137696	9,43165
0,0137769	9,44062
0,0137869	9,44959
0,0137971	9,45856
0,0138046	9,46735
0,0138151	9,4762
0,0138228	9,48499
0,0138334	9,49366
0,0138415	9,5022
0,0138526	9,51075
0,0138613	9,51905
0,0138728	9,52735
0,0138811	9,53583
0,01389	9,54401
0,0138985	9,55237
0,0139076	9,56043
0,0139197	9,56849
0,0139287	9,5766
0,013935	9,58466
0,0139469	9,59278
0,0139561	9,60077
0,0139623	9,60889
0,0139721	9,61667
0,0139814	9,62467
0,0139941	9,63242
0,0140036	9,6403
0,0140131	9,64817
0,0140199	9,65598
0,0140298	9,6637
0,0140396	9,67145
0,0140463	9,67927
0,0140561	9,68705
0,0140656	9,69492
0,0140754	9,70273
0,0140824	9,71039
0,0140919	9,71827
0,0141017	9,72605
0,0141116	9,73374
0,0141187	9,74143
0,0141286	9,74909
0,014139	9,75657
0,0141464	9,7641
0,0141538	9,77158
0,0141644	9,77897
0,0141747	9,78647
0,0141825	9,79383
0,0141931	9,80121
0,0142008	9,80854
0,0142085	9,81589
0,0142193	9,82319
0,0142273	9,83045
0,0142351	9,83771
0,0142434	9,84482
0,0142544	9,85203
0,0142655	9,85914
0,0142736	9,86634
0,0142818	9,87345
0,0142929	9,88059
0,0143011	9,88776
0,0143095	9,89481
0,0143202	9,90211
0,0143255	9,90925
0,0143363	9,91654
0,0143441	9,92383
0,0143523	9,93097
0,0143604	9,93815
0,0143685	9,94532
0,0143764	9,95261
0,0143846	9,95972
0,0143926	9,96696
0,014401	9,974
0,0144095	9,98099
0,0144178	9,98807
0,0144292	9,99506
0,0144347	10,0021
0,0144461	10,0091
0,0144545	10,0161
0,0144631	10,0231
0,0144712	10,0303
0,0144793	10,0375
0,0144874	10,0447
0,0144922	10,052
0,0145031	10,0592
0,0145079	10,0666
0,0145155	10,074
0,0145259	10,0815
0,0145336	10,0888
0,0145413	10,0962
0,0145494	10,1034
0,0145572	10,1107
0,0145653	10,1179
0,0145734	10,1251
0,0145844	10,1323
0,0145928	10,1393
0,014601	10,1464
0,0146064	10,1535
0,0146173	10,1607
0,0146226	10,1679
0,0146305	10,1751
0,0146385	10,1823
0,0146464	10,1896
0,0146541	10,197
0,014662	10,2043
0,0146696	10,2117
0,0146773	10,2191
0,0146881	10,2264
0,014696	10,2336
0,0147037	10,241
0,0147118	10,2482
0,0147197	10,2555
0,0147276	10,2627
0,0147386	10,2699
0,0147464	10,2773
0,0147545	10,2845
0,0147624	10,2917
0,0147732	10,299
0,0147809	10,3064
0,0147888	10,3136
0,0147963	10,3211
0,0148038	10,3285
0,0148113	10,336
0,0148187	10,3435
0,0148263	10,351
0,0148338	10,3584
0,0148412	10,3659
0,0148514	10,3735
0,0148588	10,381
0,0148689	10,3886
0,0148761	10,3962
0,0148833	10,4038
0,0148902	10,4116
0,0148974	10,4192
0,0149069	10,4271
0,0149164	10,435
0,014923	10,4429
0,0149299	10,4507
0,0149363	10,4586
0,0149456	10,4665
0,0149549	10,4745
0,0149611	10,4826
0,0149707	10,4905
0,0149797	10,4986
0,014989	10,5066
0,0149982	10,5146
0,0150046	10,5226
0,0150107	10,5308
0,0150198	10,5389
0,0150289	10,5469
0,0150349	10,5551
0,0150438	10,5633
0,0150526	10,5715
0,0150584	10,5798
0,0150672	10,588
0,015076	10,5962
0,0150848	10,6045
0,0150905	10,6128
0,0150995	10,6209
0,0151081	10,6292
0,015114	10,6375
0,0151229	10,6457
0,0151319	10,6538
0,0151413	10,6617
0,0151506	10,6697
0,0151571	10,6776
0,0151664	10,6856
0,0151731	10,6935
0,0151852	10,7015
0,0151921	10,7093
0,0152019	10,717
0,0152115	10,7249
0,0152183	10,7326
0,0152279	10,7405
0,0152375	10,7483
0,0152444	10,7561
0,0152513	10,7639
0,0152609	10,7717
0,0152711	10,7793
0,0152781	10,787
0,015288	10,7947
0,0152982	10,8022
0,0153052	10,81
0,0153123	10,8176
0,0153222	10,8253
0,0153294	10,8329
0,0153393	10,8406
0,0153496	10,8481
0,0153569	10,8557
0,0153641	10,8633
0,0153716	10,8708
0,0153818	10,8783
0,0153895	10,8857
0,0153973	10,893
0,0154081	10,9003
0,0154159	10,9076
0,015427	10,9147
0,0154352	10,9219
0,0154434	10,929
0,0154522	10,9359
0,0154634	10,9429
0,0154718	10,95
0,0154833	10,9569
0,0154917	10,964
0,0155004	10,9709
0,0155095	10,9776
0,0155184	10,9844
0,015527	10,9913
0,0155362	10,998
0,015545	11,0048
0,0155543	11,0115
0,0155643	11,0177
0,0155742	11,024
0,0155847	11,0301
0,0155952	11,0362
0,0156057	11,0422
0,0156161	11,0483
0,0156242	11,0541
0,0156352	11,0599
0,0156465	11,0656
0,015655	11,0712
0,015666	11,077
0,0156743	11,0827
0,0156852	11,0885
0,0156937	11,0942
0,015702	11,0999
0,0157134	11,1054
0,0157221	11,111
0,0157273	11,1168
0,0157389	11,1223
0,0157474	11,1279
0,0157557	11,1336
0,0157671	11,1392
0,0157759	11,1447
0,0157844	11,1503
0,0157929	11,1559
0,0158015	11,1615
0,0158099	11,1672
0,0158187	11,1726
0,0158276	11,1781
0,0158362	11,1836
0,0158451	11,189
0,015857	11,1945
0,0158655	11,2
0,0158744	11,2055
0,0158831	11,211
0,0158918	11,2165
0,0159007	11,2219
0,0159092	11,2275
0,0159177	11,2332
0,0159262	11,2388
0,0159347	11,2444
0,0159431	11,2501
0,0159487	11,2557
0,0159574	11,2612
0,0159661	11,2667
0,0159748	11,2722
0,0159806	11,2778
0,0159919	11,2834
0,0159976	11,2889
0,0160061	11,2946
0,0160144	11,3003
0,0160229	11,3059
0,0160314	11,3115
0,0160369	11,3172
0,0160453	11,3229
0,0160535	11,3286
0,0160587	11,3344
0,0160701	11,34
0,016078	11,3459
0,0160862	11,3516
0,0160946	11,3573
0,0161027	11,3631
0,0161109	11,3689
0,0161189	11,3747
0,0161265	11,3808
0,0161343	11,3867
0,016139	11,3928
0,0161495	11,3988
0,0161545	11,4047
0,0161621	11,4107
0,0161698	11,4167
0,0161775	11,4227
0,016185	11,4288
0,0161952	11,435
0,016203	11,441
0,0162106	11,447
0,0162215	11,4528
0,0162267	11,4586
0,0162376	11,4645
0,0162459	11,4702
0,0162542	11,4759
0,0162653	11,4817
0,0162738	11,4873
0,0162825	11,4928
0,0162908	11,4985
0,0162994	11,504
0,0163108	11,5097
0,0163161	11,5155
0,0163275	11,521
0,0163358	11,5267
0,0163468	11,5326
0,0163553	11,5382
0,0163637	11,5439
0,0163719	11,5496
0,0163804	11,5552
0,0163889	11,5608
0,0163943	11,5665
0,0164058	11,5721
0,0164144	11,5777
0,0164228	11,5833
0,0164317	11,5888
0,0164402	11,5944
0,0164488	11,6
0,0164575	11,6054
0,0164694	11,6108
0,016478	11,6164
0,016487	11,6217
0,0164959	11,6272
0,0165019	11,6326
0,0165108	11,638
0,0165167	11,6435
0,0165255	11,649
0,0165345	11,6543
0,0165435	11,6597
0,0165525	11,6651
0,0165586	11,6705
0,0165677	11,6758
0,0165767	11,6812
0,0165862	11,6863
0,0165957	11,6914
0,0166053	11,6965
0,0166153	11,7014
0,0166254	11,7063
0,0166354	11,7112
0,0166425	11,7161
0,0166554	11,721
0,0166627	11,7258
0,0166729	11,7306
0,0166802	11,7354
0,0166903	11,7403
0,0166977	11,7451
0,016705	11,7498
0,0167149	11,7548
0,0167221	11,7596
0,016732	11,7646
0,016739	11,7695
0,0167488	11,7745
0,0167589	11,7794
0,0167659	11,7843
0,0167733	11,7891
0,0167802	11,7941
0,0167899	11,7991
0,0167941	11,8041
0,0168039	11,809
0,0168112	11,8139
0,0168217	11,8185
0,0168265	11,8231
0,0168369	11,8279
0,0168443	11,8326
0,0168543	11,8375
0,0168616	11,8423
0,0168723	11,8469
0,0168797	11,8516
0,0168874	11,8562
0,0168952	11,8608
0,0169027	11,8655
0,0169128	11,8704
0,0169231	11,8752
0,0169303	11,88
0,0169376	11,8848
0,0169446	11,8897
0,0169541	11,8949
0,0169609	11,8999
0,0169676	11,905
0,016977	11,9102
0,0169831	11,9156
0,0169891	11,921
0,0169949	11,9265
0,0170034	11,9321
0,017012	11,9377
0,0170183	11,943
0,0170274	11,9483
0,0170363	11,9537
0,0170423	11,9591
0,017051	11,9647
0,0170597	11,9702
0,0170656	11,9757
0,0170742	11,9812
0,0170833	11,9866
0,0170897	11,9918
0,0170988	11,9971
0,0171079	12,0024
0,0171143	12,0077
0,0171233	12,013
0,0171296	12,0183
0,0171419	12,0235
0,0171484	12,0287
0,0171582	12,0337
0,0171679	12,0387
0,0171772	12,044
0,0171837	12,0492
0,017193	12,0544
0,0172021	12,0597
0,0172084	12,065
0,0172175	12,0703
0,0172264	12,0758
0,0172323	12,0812
0,017241	12,0867
0,0172493	12,0924
0,0172548	12,0981
0,0172629	12,1039
0,0172709	12,1098
0,0172787	12,1157
0,0172839	12,1215
0,0172917	12,1275
0,0172998	12,1332
0,017308	12,139
0,0173162	12,1448
0,0173241	12,1506
0,0173318	12,1567
0,0173395	12,1627
0,0173471	12,1687
0,0173545	12,1748
0,0173619	12,181
0,0173692	12,1871
0,0173764	12,1934
0,0173834	12,1997
0,0173931	12,2061
0,0173997	12,2126
0,0174065	12,2191
0,0174131	12,2256
0,0174195	12,2322
0,017429	12,2387
0,0174354	12,2453
0,0174448	12,2518
0,0174513	12,2585
0,0174575	12,2651
0,0174635	12,2719
0,0174727	12,2786
0,0174817	12,2853
0,0174908	12,292
0,017497	12,2987
0,0175058	12,3056
0,0175118	12,3124
0,0175203	12,3194
0,0175288	12,3264
0,0175343	12,3334
0,0175458	12,3404
0,0175511	12,3475
0,0175595	12,3545
0,017565	12,3616
0,0175732	12,3687
0,0175817	12,3757
0,0175899	12,3828
0,017598	12,39
0,0176061	12,3972
0,0176146	12,4042
0,017623	12,4112
0,0176289	12,418
0,0176345	12,425
0,0176428	12,4321
0,0176511	12,4392
0,0176592	12,4464
0,0176673	12,4536
0,0176755	12,4607
0,0176836	12,4679
0,0176913	12,4753
0,0176987	12,4828
0,0177062	12,4902
0,0177105	12,4978
0,017721	12,5053
0,0177254	12,5128
0,0177326	12,5205
0,0177425	12,5281
0,0177468	12,5357
0,0177569	12,5433
0,0177642	12,5509
0,0177716	12,5584
0,0177783	12,5662
0,0177883	12,5739
0,0177978	12,5818
0,0178044	12,5897
0,017811	12,5976
0,0178175	12,6055
0,0178266	12,6136
0,0178327	12,6217
0,0178415	12,63
0,0178471	12,6383
0,0178558	12,6466
0,0178645	12,6549
0,0178702	12,6632
0,017879	12,6714
0,0178876	12,6798
0,0178935	12,688
0,0179023	12,6962
0,0179108	12,7045
0,0179165	12,7129
0,0179277	12,7213
0,0179361	12,7297
0,0179441	12,7384
0,0179494	12,7469
0,0179574	12,7554
0,0179656	12,764
0,0179734	12,7727
0,017981	12,7815
0,0179886	12,7902
0,0179965	12,7989
0,0180047	12,8074
0,0180157	12,816
0,0180238	12,8245
0,0180318	12,8331
0,0180368	12,8418
0,0180449	12,8504
0,0180529	12,859
0,0180638	12,8676
0,0180717	12,8762
0,0180795	12,885
0,0180874	12,8936
0,0180951	12,9023
0,018103	12,911
0,0181107	12,9197
0,0181186	12,9284
0,018129	12,9372
0,0181367	12,946
0,0181447	12,9546
0,0181525	12,9633
0,0181604	12,9719
0,0181711	12,9806
0,018182	12,9893
0,018187	12,9979
0,0181981	13,0064
0,0182034	13,0149
0,0182145	13,0234
0,0182229	13,0319
0,0182313	13,0402
0,0182399	13,0486
0,0182486	13,0568
0,0182574	13,0651
0,018266	13,0734
0,0182748	13,0816
0,0182832	13,09
0,0182917	13,0985
0,0183002	13,1068
0,0183057	13,1152
0,018314	13,1237
0,0183225	13,132
0,0183305	13,1406
0,0183356	13,1492
0,0183435	13,1578
0,0183513	13,1666
0,0183595	13,1751
0,0183673	13,1838
0,0183754	13,1924
0,0183834	13,201
0,0183913	13,2096
0,0183962	13,2183
0,0184041	13,2269
0,0184118	13,2357
0,0184225	13,2444
0,0184273	13,2531
0,018438	13,2619
0,0184462	13,2704
0,018454	13,2791
0,0184617	13,2879
0,0184694	13,2966
0,018477	13,3054
0,0184844	13,3142
0,018495	13,323
0,0185024	13,3319
0,0185097	13,3408
0,0185171	13,3497
0,0185241	13,3588
0,0185341	13,3678
0,0185411	13,3769
0,0185477	13,3862
0,0185545	13,3953
0,0185614	13,4045
0,018571	13,4137
0,0185777	13,4229
0,0185872	13,4322
0,0185938	13,4415
0,0186029	13,4509
0,0186119	13,4604
0,018618	13,47
0,0186242	13,4794
0,0186331	13,4889
0,0186392	13,4984
0,0186452	13,5081
0,018654	13,5176
0,0186629	13,5272
0,0186715	13,5369
0,0186769	13,5467
0,0186851	13,5566
0,0186936	13,5664
0,0186988	13,5762
0,0187071	13,5861
0,0187152	13,5961
0,018723	13,6061
0,0187307	13,6162
0,0187382	13,6265
0,0187456	13,6367
0,0187503	13,6469
0,0187608	13,6571
0,0187682	13,6674
0,0187756	13,6776
0,0187799	13,6879
0,0187898	13,6984
0,0187971	13,7087
0,0188011	13,7192
0,0188111	13,7297
0,0188185	13,7399
0,0188259	13,7502
0,0188334	13,7604
0,0188439	13,7706
0,0188512	13,7809
0,0188587	13,7911
0,0188692	13,8013
0,0188765	13,8116
0,0188842	13,8218
0,0188917	13,832
0,018902	13,8422
0,0189095	13,8524
0,0189172	13,8626
0,0189274	13,8729
0,0189345	13,8833
0,0189418	13,8936
0,0189485	13,9042
0,0189553	13,9147
0,0189622	13,9252
0,0189692	13,9357
0,0189761	13,9462
0,0189855	13,9569
0,018992	13,9676
0,0189983	13,9784
0,0190078	13,989
0,0190138	14
0,0190204	14,0106
0,0190298	14,0214
0,0190388	14,0322
0,0190446	14,0432
0,0190503	14,0543
0,0190586	14,0656
0,0190667	14,0769
0,019072	14,0881
0,01908	14,0994
0,0190881	14,1108
0,0190932	14,1221
0,0191038	14,1337
0,0191114	14,1452
0,0191189	14,1568
0,0191262	14,1685
0,0191335	14,1802
0,0191408	14,1918
0,0191479	14,2036
0,0191553	14,2153
0,0191625	14,2271
0,0191695	14,2388
0,0191765	14,2507
0,0191867	14,2624
0,0191935	14,2743
0,0192004	14,2862
0,0192102	14,2981
0,0192141	14,31
0,0192238	14,3219
0,0192334	14,3339
0,0192396	14,3461
0,0192461	14,3582
0,0192524	14,3704
0,0192614	14,3826
0,0192676	14,3949
0,0192767	14,4071
0,0192855	14,4194
0,0192918	14,4316
0,019298	14,4439
0,019307	14,4561
0,0193163	14,4682
0,0193224	14,4805
0,0193284	14,4927
0,0193371	14,5051
0,0193433	14,5174
0,0193493	14,5297
0,0193587	14,5418
0,0193648	14,5541
0,0193734	14,5664
0,0193792	14,5789
0,0193876	14,5915
0,0193931	14,604
0,0193987	14,6164
0,0194073	14,6289
0,0194156	14,6415
0,0194237	14,6542
0,0194318	14,6669
0,0194398	14,6797
0,0194479	14,6923
0,0194558	14,7051
0,0194639	14,7178
0,0194719	14,7306
0,0194799	14,7433
0,0194879	14,756
0,0194959	14,7687
0,0195038	14,7815
0,0195115	14,7944
0,0195193	14,8073
0,0195269	14,8202
0,0195346	14,833
0,0195425	14,8459
0,0195501	14,8588
0,0195578	14,8717
0,0195654	14,8846
0,0195756	14,8976
0,019583	14,9107
0,0195904	14,9237
0,0196003	14,9369
0,0196076	14,95
0,0196148	14,9631
0,0196221	14,9762
0,0196322	14,9893
0,0196394	15,0024
0,0196469	15,0154
0,0196569	15,0285
0,0196641	15,0417
0,0196715	15,0547
0,0196821	15,0675
0,0196898	15,0804
0,0197009	15,0931
0,0197084	15,1061
0,0197162	15,1189
0,0197239	15,1317
0,0197314	15,1447
0,0197422	15,1575
0,0197502	15,1703
0,0197578	15,1832
0,0197655	15,1961
0,0197731	15,209
0,0197805	15,2221
0,0197882	15,2349
0,0197961	15,2477
0,0198067	15,2605
0,0198147	15,2733
0,0198228	15,286
0,0198309	15,2987
0,0198393	15,3113
0,0198476	15,3238
0,0198587	15,3365
0,0198668	15,3492
0,019872	15,3619
0,0198827	15,3747
0,0198911	15,3872
0,0198993	15,3999
0,0199073	15,4126
0,0199154	15,4253
0,0199235	15,438
0,0199317	15,4507
0,0199399	15,4633
0,0199512	15,4759
0,0199594	15,4885
0,0199676	15,5011
0,0199757	15,5138
0,0199837	15,5265
0,019995	15,5391
0,0200028	15,5519
0,0200105	15,5648
0,0200179	15,5778
0,0200284	15,5907
0,0200357	15,6039
0,0200461	15,6168
0,0200535	15,6299
0,0200606	15,643
0,0200706	15,6562
0,0200773	15,6695
0,0200846	15,6826
0,0200943	15,6959
0,0201044	15,709
0,0201143	15,7222
0,0201216	15,7353
0,0201286	15,7485
0,0201387	15,7616
0,0201459	15,7748
0,020153	15,7879
0,0201631	15,801
0,0201704	15,8141
0,0201781	15,8269
0,0201887	15,8399
0,0201964	15,8528
0,0202073	15,8655
0,0202126	15,8781
0,0202236	15,8908
0,0202317	15,9035
0,0202402	15,916
0,0202485	15,9286
0,02026	15,9411
0,0202684	15,9536
0,0202768	15,9662
0,0202852	15,9787
0,0202935	15,9913
0,0203015	16,004
0,0203097	16,0167
0,020318	16,0293
0,0203259	16,042
0,0203343	16,0546
0,0203425	16,0672
0,0203506	16,0799
0,0203588	16,0926
0,0203671	16,1052
0,0203779	16,118
0,020386	16,1306
0,0203943	16,1432
0,0204024	16,156
0,0204107	16,1686
0,0204189	16,1811
0,0204269	16,1939
0,0204352	16,2065
0,0204428	16,2195
0,0204534	16,2323
0,0204614	16,245
0,0204694	16,2578
0,0204741	16,2707
0,0204819	16,2835
0,0204925	16,2964
0,0205	16,3094
0,0205076	16,3224
0,0205152	16,3353
0,0205226	16,3482
0,0205302	16,3612
0,0205407	16,3741
0,020551	16,3872
0,0205587	16,4
0,0205661	16,4131
0,0205731	16,4262
0,0205803	16,4394
0,0205902	16,4525
0,0205971	16,4659
0,0206045	16,4789
0,0206147	16,492
0,0206218	16,5051
0,0206292	16,5182
0,0206393	16,5313
0,0206466	16,5443
0,0206512	16,5573
0,0206614	16,5703
0,0206714	16,5835
0,0206788	16,5966
0,020686	16,6097
0,0206931	16,6228
0,0207003	16,636
0,0207099	16,6493
0,0207164	16,6628
0,0207232	16,6761
0,0207325	16,6895
0,0207391	16,703
0,020746	16,7162
0,0207522	16,7298
0,0207585	16,7433
0,0207676	16,7569
0,0207738	16,7706
0,0207826	16,7843
0,0207891	16,7978
0,0207977	16,8116
0,0208036	16,8253
0,0208093	16,8391
0,0208178	16,853
0,0208264	16,8669
0,020835	16,8806
0,0208403	16,8947
0,0208482	16,9088
0,0208564	16,9229
0,0208645	16,9369
0,0208699	16,9509
0,0208783	16,9648
0,0208896	16,9787
0,020898	16,9926
0,0209064	17,0066
0,0209144	17,0207
0,0209227	17,0347
0,0209307	17,0488
0,020939	17,0628
0,0209467	17,0771
0,0209548	17,0912
0,0209624	17,1054
0,0209701	17,1197
0,0209806	17,1339
0,0209883	17,1482
0,0209959	17,1626
0,0210061	17,177
0,0210108	17,1913
0,0210212	17,2057
0,0210289	17,2199
0,0210395	17,2342
0,0210443	17,2484
0,0210516	17,2629
0,021062	17,2772
0,0210693	17,2917
0,0210768	17,306
0,0210876	17,3202
0,0210926	17,3343
0,0211034	17,3485
0,0211115	17,3626
0,0211193	17,3768
0,0211272	17,391
0,0211355	17,4049
0,0211437	17,4189
0,021152	17,4329
0,0211606	17,4467
0,0211689	17,4607
0,0211772	17,4746
0,0211855	17,4887
0,0211932	17,5029
0,0212043	17,5169
0,0212123	17,531
0,0212204	17,5451
0,0212255	17,5592
0,021237	17,573
0,0212454	17,5869
0,0212542	17,6007
0,0212629	17,6145
0,0212717	17,6283
0,0212811	17,6417
0,0212904	17,6552
0,0213001	17,6685
0,0213098	17,6818
0,0213198	17,695
0,0213294	17,7083
0,0213393	17,7216
0,0213458	17,735
0,0213582	17,7484
0,021365	17,7617
0,0213746	17,7751
0,0213843	17,7884
0,0213939	17,8017
0,0214005	17,8151
0,0214073	17,8284
0,0214169	17,8418
0,0214263	17,8553
0,0214362	17,8684
0,021443	17,8817
0,0214528	17,8951
0,0214626	17,9083
0,0214727	17,9214
0,0214799	17,9345
0,0214903	17,9475
0,0214978	17,9606
0,0215057	17,9736
0,0215196	17,9865
0,0215246	17,9996
0,0215357	18,0125
0,021544	18,0253
0,0215551	18,0382
0,0215633	18,0511
0,0215743	18,064
0,0215823	18,077
0,0215904	18,0899
0,0215985	18,1029
0,0216066	18,1158
0,021615	18,1286
0,0216232	18,1415
0,0216315	18,1543
0,0216398	18,1671
0,021648	18,18
0,021659	18,193
0,0216673	18,2058
0,0216756	18,2187
0,0216839	18,2315
0,0216925	18,2441
0,021704	18,2568
0,0217127	18,2695
0,0217213	18,2822
0,0217272	18,2948
0,0217356	18,3076
0,0217445	18,3201
0,0217536	18,3326
0,0217654	18,3451
0,0217742	18,3577
0,021783	18,3703
0,0217915	18,383
0,0218005	18,3955
0,0218094	18,4081
0,021818	18,4207
0,0218268	18,4333
0,0218357	18,446
0,0218412	18,4587
0,0218527	18,4713
0,0218611	18,4842
0,0218694	18,497
0,0218778	18,5098
0,0218859	18,5227
0,0218937	18,5358
0,0219019	18,5487
0,02191	18,5616
0,021918	18,5746
0,0219262	18,5875
0,0219342	18,6004
0,0219451	18,6135
0,021953	18,6264
0,021958	18,6395
0,0219687	18,6526
0,0219766	18,6656
0,0219874	18,6787
0,0219953	18,6916
0,0220032	18,7047
0,0220083	18,7177
0,0220163	18,7307
0,0220273	18,7436
0,0220325	18,7565
0,0220435	18,7694
0,0220517	18,7823
0,0220599	18,7952
0,0220683	18,808
0,0220766	18,8208
0,0220847	18,8338
0,0220926	18,8468
0,0221004	18,8599
0,0221054	18,8729
0,0221134	18,8859
0,0221244	18,8988
0,0221293	18,9119
0,0221402	18,9249
0,022145	18,938
0,0221528	18,9511
0,0221634	18,9642
0,0221713	18,9773
0,022179	18,9903
0,0221866	19,0036
0,0221942	19,0167
0,0222017	19,0299
0,0222092	19,0431
0,0222167	19,0564
0,0222238	19,0698
0,0222337	19,0832
0,0222409	19,0966
0,0222477	19,1101
0,0222547	19,1236
0,0222619	19,137
0,0222688	19,1505
0,0222759	19,164
0,0222856	19,1775
0,0222925	19,191
0,0223022	19,2046
0,0223089	19,2182
0,0223186	19,2317
0,0223252	19,2454
0,0223316	19,2591
0,0223378	19,273
0,0223471	19,2868
0,022356	19,3007
0,0223621	19,3146
0,0223707	19,3287
0,0223764	19,3427
0,0223852	19,3568
0,0223941	19,3708
0,0224029	19,3847
0,0224087	19,3988
0,0224174	19,4128
0,0224254	19,4272
0,0224339	19,4413
0,022442	19,4557
0,0224504	19,4698
0,0224591	19,4839
0,0224673	19,4982
0,0224755	19,5125
0,0224807	19,5268
0,0224887	19,5412
0,022497	19,5555
0,0225029	19,5694
0,0225112	19,5837
0,0225171	19,5977
0,0225259	19,6117
0,0225343	19,6258
0,0225431	19,6399
0,0225517	19,6539
0,0225603	19,668
0,022572	19,682
0,0225775	19,6963
0,0225828	19,7105
0,0225944	19,7246
0,0226028	19,7387
0,0226108	19,7531
0,022619	19,7674
0,0226241	19,7818
0,0226321	19,7962
0,0226433	19,8104
0,0226485	19,8247
0,0226597	19,839
0,0226677	19,8534
0,0226757	19,8678
0,0226833	19,8824
0,0226911	19,8968
0,0226987	19,9114
0,0227091	19,926
0,0227166	19,9406
0,0227267	19,9554
0,022734	19,9701
0,0227444	19,9848
0,0227517	19,9995
0,0227591	20,0142
0,0227667	20,0287
0,0227773	20,0433
0,0227853	20,0577
0,0227936	20,0719
0,0228017	20,0863
0,02281	20,1005
0,0228181	20,1148
0,0228292	20,1291
0,0228381	20,143
0,0228495	20,1572
0,0228579	20,1714
0,0228665	20,1855
0,0228749	20,1997
0,0228836	20,2137
0,0228929	20,2275
0,0229022	20,2412
0,0229115	20,255
0,0229211	20,2686
0,0229302	20,2824
0,0229398	20,2961
0,0229472	20,3094
0,0229546	20,3226
0,0229679	20,3358
0,0229752	20,3492
0,0229853	20,3625
0,0229955	20,3758
0,023003	20,3891
0,023013	20,4025
0,0230206	20,4157
0,023031	20,4289
0,0230383	20,4422
0,0230487	20,4554
0,0230563	20,4686
0,0230638	20,4818
0,0230744	20,495
0,0230791	20,5081
0,0230899	20,5212
0,0230978	20,5342
0,0231058	20,5472
0,0231165	20,5602
0,0231247	20,5732
0,0231356	20,5861
0,0231436	20,5991
0,0231519	20,6119
0,0231603	20,6247
0,0231715	20,6375
0,02318	20,6502
0,023189	20,6628
0,023198	20,6753
0,02321	20,6877
0,023219	20,7002
0,023228	20,7127
0,023234	20,7253
0,0232432	20,7376
0,023252	20,7503
0,0232613	20,7626
0,0232733	20,7751
0,0232823	20,7876
0,0232912	20,8001
0,0233002	20,8126
0,023309	20,8252
0,023318	20,8377
0,0233242	20,8501
0,0233334	20,8625
0,0233426	20,8749
0,0233518	20,8873
0,023361	20,8998
0,0233673	20,9121
0,0233795	20,9245
0,0233858	20,9369
0,0233952	20,9492
0,0234046	20,9615
0,0234112	20,9738
0,0234178	20,986
0,0234275	20,9981
0,0234371	21,0103
0,0234443	21,0224
0,023454	21,0345
0,0234607	21,0467
0,0234704	21,0588
0,0234801	21,071
0,0234871	21,0831
0,0234968	21,0952
0,0235063	21,1075
0,0235129	21,1197
0,0235194	21,1321
0,0235284	21,1445
0,0235378	21,1568
0,0235446	21,169
0,023554	21,1813
0,0235635	21,1935
0,0235673	21,2057
0,023577	21,2179
0,0235864	21,2302
0,023596	21,2424
0,0236026	21,2547
0,0236121	21,2669
0,0236215	21,2792
0,0236279	21,2916
0,0236373	21,3039
0,0236466	21,3162
0,0236526	21,3288
0,0236612	21,3415
0,0236699	21,3541
0,0236783	21,3669
0,0236838	21,3797
0,0236919	21,3926
0,0237002	21,4055
0,0237084	21,4183
0,0237165	21,4313
0,0237245	21,4443
0,0237325	21,4572
0,0237405	21,4702
0,0237488	21,483
0,023757	21,496
0,0237653	21,5087
0,0237738	21,5215
0,0237821	21,5344
0,0237904	21,5472
0,0237988	21,5599
0,0238067	21,573
0,0238147	21,586
0,0238226	21,599
0,0238305	21,612
0,0238385	21,625
0,0238466	21,6379
0,0238546	21,6509
0,0238626	21,6639
0,0238706	21,6769
0,0238784	21,69
0,0238865	21,7029
0,0238948	21,7157
0,0239032	21,7285
0,0239114	21,7414
0,0239197	21,7542
0,0239275	21,7673
0,0239353	21,7803
0,0239431	21,7934
0,0239478	21,8066
0,0239584	21,8198
0,023963	21,8329
0,0239702	21,8463
0,0239776	21,8596
0,0239878	21,873
0,023992	21,8864
0,0239995	21,8996
0,0240097	21,9129
0,0240167	21,9263
0,0240241	21,9396
0,0240315	21,9529
0,024039	21,9661
0,0240468	21,9792
0,0240544	21,9924
0,0240618	22,0056
0,024069	22,019
0,024076	22,0325
0,024086	22,0459
0,0240962	22,0591
0,0241006	22,0725
0,0241104	22,086
0,0241175	22,0994
0,0241243	22,113
0,024134	22,1266
0,0241408	22,1401
0,0241505	22,1537
0,0241571	22,1674
0,0241637	22,181
0,024173	22,1948
0,0241824	22,2084
0,024189	22,2221
0,0241949	22,2361
0,0242039	22,25
0,0242097	22,2641
0,0242182	22,2782
0,0242267	22,2923
0,0242352	22,3065
0,0242407	22,3207
0,0242491	22,3348
0,0242575	22,3491
0,0242655	22,3634
0,0242712	22,3776
0,0242796	22,3917
0,024288	22,4059
0,0242968	22,4199
0,0243053	22,434
0,0243114	22,448
0,0243203	22,4619
0,0243291	22,4759
0,0243376	22,49
0,0243466	22,5039
0,024355	22,5181
0,0243608	22,5322
0,0243696	22,5462
0,0243783	22,5602
0,0243843	22,5742
0,0243931	22,5881
0,0244018	22,6022
0,0244108	22,6161
0,0244198	22,6299
0,0244257	22,644
0,0244352	22,6577
0,0244416	22,6714
0,0244505	22,6854
0,0244568	22,6992
0,0244658	22,7131
0,0244747	22,727
0,0244835	22,741
0,0244922	22,7551
0,0244978	22,7692
0,0245065	22,7833
0,024515	22,7974
0,0245232	22,8116
0,0245319	22,8257
0,0245404	22,8398
0,024549	22,8539
0,0245575	22,8681
0,0245662	22,8821
0,0245717	22,8963
0,0245807	22,9102
0,0245922	22,9243
0,0245979	22,9384
0,0246065	22,9525
0,024618	22,9666
0,0246233	22,9809
0,0246314	22,9952
0,0246428	23,0094
0,024651	23,0236
0,0246596	23,0377
0,024668	23,0519
0,0246764	23,0662
0,024685	23,0803
0,0246935	23,0944
0,0247019	23,1086
0,0247105	23,1227
0,0247192	23,1367
0,0247276	23,1509
0,0247363	23,165
0,0247447	23,1791
0,0247504	23,1932
0,0247589	23,2073
0,0247703	23,2215
0,0247757	23,2357
0,0247841	23,2499
0,0247929	23,2639
0,0247988	23,278
0,0248078	23,2918
0,0248171	23,3055
0,0248233	23,3195
0,0248293	23,3334
0,0248414	23,3472
0,0248475	23,3611
0,0248539	23,3748
0,0248631	23,3886
0,0248723	23,4025
0,0248815	23,4163
0,0248904	23,4302
0,0248963	23,4442
0,0249053	23,4581
0,0249143	23,4719
0,0249201	23,486
0,0249293	23,4998
0,0249383	23,5137
0,024947	23,5278
0,0249559	23,5417
0,0249617	23,5557
0,0249735	23,5697
0,0249793	23,5838
0,0249877	23,598
0,0249962	23,6121
0,025005	23,6261
0,0250135	23,6403
0,0250221	23,6543
0,0250279	23,6684
0,0250362	23,6826
0,0250443	23,6969
0,0250526	23,7112
0,0250607	23,7255
0,025069	23,7397
0,0250771	23,7541
0,0250851	23,7685
0,0250929	23,783
0,0251005	23,7975
0,0251053	23,8121
0,0251129	23,8267
0,0251203	23,8413
0,0251306	23,856
0,0251378	23,8707
0,0251453	23,8854
0,0251527	23,9001
0,0251599	23,9148
0,0251702	23,9295
0,0251779	23,944
0,0251825	23,9587
0,0251901	23,9732
0,0251981	23,9876
0,0252059	24,0021
0,0252167	24,0165
0,0252247	24,0309
0,0252327	24,0453
0,0252406	24,0598
0,0252485	24,0742
0,025256	24,0887
0,0252637	24,1033
0,0252716	24,1177
0,0252821	24,1323
0,025287	24,1468
0,0252949	24,1613
0,0252993	24,176
0,0253096	24,1906
0,0253171	24,2053
0,0253241	24,2202
0,0253343	24,2348
0,0253416	24,2496
0,0253487	24,2644
0,0253587	24,2792
0,0253657	24,2941
0,0253724	24,3091
0,0253821	24,324
0,0253917	24,339
0,0253984	24,3541
0,0254052	24,369
0,0254148	24,3841
0,0254213	24,3992
0,0254306	24,4143
0,0254396	24,4296
0,0254456	24,445
0,0254542	24,4604
0,0254628	24,476
0,0254715	24,4915
0,0254798	24,507
0,0254883	24,5226
0,0254965	24,5383
0,0255046	24,554
0,0255095	24,5699
0,0255204	24,5857
0,0255254	24,6016
0,0255336	24,6172
0,0255419	24,6328
0,0255501	24,6486
0,0255585	24,6642
0,0255667	24,6798
0,0255752	24,6954
0,0255862	24,7111
0,0255919	24,7266
0,0255971	24,7424
0,0256053	24,7581
0,0256134	24,7737
0,0256214	24,7896
0,0256295	24,8054
0,0256374	24,8211
0,0256451	24,8371
0,0256525	24,8532
0,0256604	24,869
0,025668	24,8849
0,025676	24,9008
0,0256838	24,9167
0,0256914	24,9326
0,0256964	24,9484
0,025707	24,9644
0,0257148	24,9803
0,0257257	24,996
0,0257336	25,0119
0,0257415	25,0278
0,0257494	25,0435
0,0257605	25,0593
0,0257685	25,075
0,0257738	25,0908
0,0257851	25,1064
0,0257929	25,1221
0,0258012	25,1379
0,0258091	25,1537
0,0258171	25,1695
0,0258249	25,1854
0,0258359	25,2011
0,0258434	25,2171
0,0258514	25,233
0,0258593	25,2487
0,0258669	25,2647
0,0258777	25,2806
0,0258855	25,2964
0,0258933	25,3123
0,0259013	25,3282
0,0259125	25,3438
0,0259208	25,3594
0,0259291	25,3751
0,0259376	25,3906
0,0259486	25,4064
0,0259568	25,422
0,0259651	25,4376
0,0259735	25,4532
0,0259823	25,4687
0,0259882	25,4841
0,0259968	25,4996
0,0260054	25,5151
0,0260143	25,5305
0,0260202	25,5458
0,0260322	25,5611
0,0260415	25,5763
0,0260505	25,5916
0,0260596	25,6068
0,0260658	25,6221
0,0260749	25,6373
0,0260841	25,6526
0,0260903	25,6678
0,0260987	25,6834
0,0261046	25,6988
0,0261163	25,7142
0,0261253	25,7295
0,0261317	25,7446
0,0261409	25,7599
0,0261497	25,7753
0,0261585	25,7906
0,0261674	25,806
0,0261764	25,8213
0,0261859	25,8364
0,0261951	25,8516
0,0262042	25,8668
0,0262101	25,8823
0,0262218	25,8976
0,0262277	25,9131
0,0262367	25,9283
0,0262451	25,9439
0,0262537	25,9595
0,0262621	25,975
0,0262734	25,9906
0,026282	26,0061
0,0262908	26,0215
0,0262993	26,037
0,0263049	26,0526
0,0263134	26,0682
0,0263247	26,0837
0,0263308	26,0991
0,0263428	26,1143
0,0263516	26,1298
0,0263604	26,1451
0,0263689	26,1606
0,0263774	26,1762
0,0263832	26,1917
0,026392	26,207
0,026398	26,2224
0,0264066	26,2379
0,0264153	26,2534
0,0264236	26,269
0,0264295	26,2844
0,0264381	26,2999
0,0264468	26,3153
0,0264524	26,3309
0,026461	26,3464
0,0264696	26,3619
0,0264782	26,3774
0,0264869	26,3928
0,0264927	26,4083
0,0265013	26,4238
0,0265096	26,4394
0,0265179	26,455
0,0265262	26,4706
0,0265344	26,4864
0,0265428	26,502
0,0265506	26,5179
0,0265585	26,5336
0,0265664	26,5495
0,0265741	26,5655
0,0265791	26,5812
0,0265871	26,5971
0,0265947	26,613
0,0266028	26,6288
0,026611	26,6445
0,026622	26,6602
0,0266303	26,6758
0,0266388	26,6915
0,026647	26,7071
0,0266522	26,7228
0,0266635	26,7385
0,0266714	26,7542
0,0266768	26,77
0,0266877	26,7857
0,0266955	26,8016
0,0267033	26,8174
0,0267109	26,8334
0,0267183	26,8495
0,0267285	26,8657
0,0267359	26,8818
0,0267431	26,8979
0,0267506	26,914
0,0267612	26,9299
0,0267686	26,946
0,0267733	26,962
0,0267835	26,978
0,0267911	26,9941
0,0267987	27,0099
0,0268065	27,0259
0,0268144	27,0417
0,0268225	27,0574
0,0268302	27,0734
0,0268378	27,0894
0,0268456	27,1053
0,0268529	27,1214
0,0268634	27,1374
0,0268709	27,1534
0,0268782	27,1695
0,0268859	27,1855
0,0268959	27,2017
0,0269032	27,2178
0,0269108	27,2338
0,0269211	27,2499
0,0269285	27,2659
0,026936	27,2819
0,0269433	27,2982
0,0269505	27,3143
0,0269607	27,3304
0,0269648	27,3466
0,0269748	27,3629
0,0269817	27,3792
0,0269914	27,3956
0,0270009	27,412
0,0270103	27,4285
0,0270166	27,4451
0,027026	27,4617
0,0270354	27,4782
0,0270416	27,4949
0,0270505	27,5117
0,0270596	27,5283
0,0270655	27,5451
0,0270744	27,5618
0,0270834	27,5786
0,0270926	27,5952
0,0271016	27,6119
0,0271079	27,6285
0,0271139	27,6452
0,0271259	27,6619
0,0271321	27,6785
0,0271436	27,6954
0,0271495	27,7122
0,0271584	27,7291
0,027167	27,7459
0,0271729	27,7628
0,0271819	27,7795
0,0271906	27,7963
0,0271996	27,8129
0,0272086	27,8296
0,0272147	27,8464
0,0272213	27,8629
0,0272308	27,8793
0,02724	27,8959
0,0272502	27,912
0,0272574	27,9283
0,0272675	27,9444
0,0272749	27,9605
0,0272823	27,9766
0,0272924	27,9927
0,0273	28,0087
0,0273107	28,0246
0,0273185	28,0405
0,0273292	28,0563
0,0273367	28,0724
0,0273438	28,0887
0,0273538	28,1048
0,0273641	28,1209
0,0273714	28,137
0,0273788	28,1531
0,0273889	28,1694
0,0273957	28,1857
0,0274027	28,202
0,0274127	28,2182
0,0274196	28,2344
0,0274296	28,2507
0,0274368	28,2669
0,0274464	28,2833
0,0274534	28,2996
0,0274633	28,3159
0,0274706	28,332
0,0274809	28,3481
0,0274881	28,3642
0,0274981	28,3804
0,0275054	28,3967
0,0275155	28,4128
0,0275257	28,4289
0,0275332	28,4449
0,0275434	28,461
0,0275507	28,4772
0,0275606	28,4935
0,027568	28,5096
0,0275753	28,5257
0,0275828	28,5417
0,0275931	28,5578
0,0276005	28,5738
0,0276081	28,5898
0,0276157	28,6058
0,0276236	28,6216
0,0276347	28,6373
0,0276428	28,6531
0,0276508	28,6689
0,0276618	28,6846
0,0276726	28,7004
0,0276808	28,7161
0,0276892	28,7317
0,0276975	28,7474
0,0277084	28,7631
0,0277135	28,779
0,0277212	28,7948
0,0277319	28,8107
0,0277373	28,8265
0,0277481	28,8422
0,0277562	28,858
0,0277643	28,8737
0,0277718	28,8898
0,0277793	28,9058
0,0277897	28,9218
0,0278001	28,9378
0,0278075	28,9539
0,0278178	28,97
0,0278251	28,9861
0,0278326	29,0021
0,0278428	29,0182
0,027853	29,0343
0,0278604	29,0505
0,0278678	29,0666
0,0278753	29,0826
0,0278855	29,0987
0,027896	29,1147
0,0279009	29,1307
0,0279084	29,1465
0,0279192	29,1624
0,0279269	29,1784
0,0279346	29,1943
0,0279454	29,2101
0,0279533	29,226
0,027964	29,2419
0,0279723	29,2575
0,0279806	29,2731
0,0279915	29,289
0,0279965	29,3047
0,0280045	29,3206
0,0280122	29,3365
0,0280201	29,3523
0,0280281	29,3681
0,028036	29,384
0,0280442	29,3996
0,0280522	29,4154
0,02806	29,4313
0,0280678	29,4472
0,0280758	29,4629
0,0280836	29,4788
0,0280948	29,4946
0,0281029	29,5103
0,028111	29,526
0,0281162	29,5418
0,0281243	29,5574
0,0281354	29,5732
0,0281438	29,5887
0,0281521	29,6044
0,0281606	29,62
0,0281689	29,6356
0,0281772	29,6512
0,0281854	29,6669
0,0281941	29,6824
0,0282024	29,698
0,0282104	29,7138
0,0282184	29,7297
0,0282262	29,7455
0,0282342	29,7613
0,0282422	29,777
0,02825	29,7929
0,0282577	29,8089
0,0282681	29,8249
0,0282753	29,8411
0,0282828	29,8571
0,0282904	29,8731
0,0282977	29,8892
0,0283079	29,9053
0,0283149	29,9217
0,0283219	29,9379
0,0283319	29,9541
0,0283389	29,9704
0,028346	29,9866
0,0283531	30,0029
0,0283631	30,0191
0,0283729	30,0353
0,0283803	30,0514
0,0283878	30,0674
0,0283956	30,0833
0,0284063	30,0993
0,0284142	30,115
0,0284223	30,1308
0,0284308	30,1464
0,028439	30,162
0,0284474	30,1777
0,0284558	30,1933
0,0284672	30,2088
0,0284755	30,2244
0,0284809	30,24
0,0284922	30,2557
0,0285006	30,2713
0,028509	30,2868
0,0285172	30,3025
0,0285286	30,3181
0,0285372	30,3336
0,0285458	30,3491
0,0285542	30,3647
0,0285629	30,3802
0,0285743	30,3957
0,0285799	30,4113
0,0285885	30,4267
0,0285999	30,4423
0,0286057	30,4577
0,0286173	30,4732
0,0286262	30,4886
0,0286324	30,5038
0,0286445	30,519
0,0286539	30,5341
0,0286633	30,5492
0,028673	30,5642
0,0286824	30,5793
0,0286894	30,5942
0,028702	30,6091
0,0287119	30,624
0,028719	30,6388
0,0287289	30,6537
0,0287387	30,6686
0,0287485	30,6836
0,0287588	30,6982
0,0287689	30,713
0,0287763	30,7276
0,0287869	30,7422
0,0287946	30,7568
0,0288054	30,7712
0,0288132	30,7856
0,028824	30,8001
0,0288321	30,8144
0,0288405	30,8286
0,0288542	30,843
0,0288628	30,8571
0,0288714	30,8712
0,0288801	30,8852
0,0288862	30,8992
0,0288982	30,913
0,0289043	30,9269
0,0289136	30,9407
0,028923	30,9544
0,0289328	30,9679
0,0289431	30,9812
0,0289532	30,9946
0,0289604	31,0079
0,0289704	31,0213
0,028978	31,0345
0,0289882	31,0478
0,0289962	31,0608
0,0290068	31,0739
0,0290147	31,087
0,0290254	31,1
0,0290333	31,1131
0,0290442	31,1261
0,0290523	31,139
0,0290628	31,1521
0,0290733	31,1654
0,0290809	31,1785
0,0290886	31,1916
0,0290993	31,2047
0,0291072	31,2177
0,0291183	31,2306
0,0291261	31,2437
0,029134	31,2568
0,0291419	31,2698
0,0291503	31,2825
0,0291618	31,2952
0,0291704	31,308
0,0291758	31,3207
0,0291872	31,3335
0,0291957	31,3462
0,0292037	31,3592
0,0292121	31,372
0,0292204	31,3848
0,0292288	31,3976
0,0292402	31,4104
0,0292484	31,4232
0,0292569	31,436
0,0292654	31,4488
0,0292739	31,4615
0,0292824	31,4742
0,029291	31,4869
0,0292994	31,4997
0,0293078	31,5124
0,0293164	31,5251
0,0293251	31,5378
0,0293339	31,5504
0,0293398	31,563
0,0293514	31,5756
0,0293601	31,5882
0,0293661	31,6008
0,0293753	31,6132
0,0293845	31,6256
0,0293938	31,6379
0,0294032	31,6503
0,0294094	31,6627
0,0294189	31,675
0,0294285	31,6872
0,0294349	31,6995
0,0294444	31,7118
0,0294513	31,7239
0,0294607	31,7362
0,0294703	31,7484
0,029477	31,7606
0,0294866	31,7729
0,0294965	31,7849
0,0295033	31,797
0,029513	31,8092
0,02952	31,8213
0,0295297	31,8334
0,0295391	31,8457
0,0295488	31,8579
0,0295582	31,8702
0,0295643	31,8827
0,0295736	31,895
0,0295796	31,9076
0,0295886	31,9201
0,0295947	31,9326
0,0296036	31,9451
0,0296124	31,9577
0,0296186	31,9701
0,0296274	31,9827
0,0296367	31,9951
0,029643	32,0076
0,029652	32,02
0,0296611	32,0325
0,0296701	32,0449
0,0296793	32,0574
0,0296881	32,0699
0,0296973	32,0823
0,029706	32,095
0,0297147	32,1076
0,0297203	32,1203
0,0297292	32,1329
0,0297351	32,1455
0,0297441	32,158
0,0297527	32,1707
0,0297616	32,1832
0,0297706	32,1957
0,0297765	32,2083
0,0297827	32,2207
0,0297919	32,2331
0,0298011	32,2455
0,0298103	32,2579
0,0298166	32,2704
0,0298256	32,2829
0,0298318	32,2953
0,0298406	32,3079
0,0298495	32,3204
0,0298588	32,3328
0,0298647	32,3454
0,0298737	32,3579
0,0298827	32,3704
0,0298886	32,383
0,0298977	32,3954
0,0299041	32,4078
0,0299133	32,4202
0,0299198	32,4325
0,029929	32,4449
0,0299381	32,4573
0,0299472	32,4698
0,0299566	32,482
0,029963	32,4944
0,0299754	32,5067
0,0299849	32,5189
0,0299913	32,5313
0,0299978	32,5436
0,0300073	32,5558
0,030017	32,568
0,0300239	32,5801
0,030034	32,5921
0,0300437	32,6042
0,0300537	32,6163
0,0300609	32,6282
0,0300708	32,6402
0,0300784	32,6521
0,0300856	32,664
0,0300959	32,6759
0,0301062	32,6878
0,0301138	32,6995
0,0301212	32,7114
0,0301289	32,7231
0,0301395	32,7348
0,0301467	32,7467
0,0301574	32,7585
0,0301649	32,7702
0,0301757	32,7819
0,0301837	32,7935
0,0301947	32,805
0,0302054	32,8167
0,0302135	32,8282
0,0302216	32,8397
0,0302329	32,8511
0,0302412	32,8626
0,0302495	32,874
0,0302606	32,8855
0,0302693	32,8967
0,0302781	32,9079
0,030287	32,9191
0,0302959	32,9302
0,0303052	32,9411
0,030314	32,9524
0,0303231	32,9634
0,0303327	32,9742
0,0303426	32,9848
0,0303529	32,9953
0,0303631	33,0058
0,030373	33,0165
0,0303805	33,0269
0,0303911	33,0372
0,0304019	33,0474
0,0304108	33,0572
0,0304193	33,0671
0,0304316	33,0766
0,0304437	33,0862
0,0304533	33,0956
0,0304631	33,1049
0,0304766	33,1138
0,030487	33,1228
0,030495	33,1316
0,030509	33,1403
0,0305206	33,1487
0,0305296	33,157
0,0305417	33,1652
0,030557	33,1733
0,0305666	33,1813
0,0305796	33,189
0,0305902	33,1965
0,0306041	33,2038
0,0306158	33,2109
0,0306277	33,2177
0,0306402	33,2243
0,0306502	33,2307
0,0306665	33,2369
0,030678	33,2426
0,0306932	33,2478
0,0307092	33,2528
0,0307228	33,2574
0,0307375	33,2616
0,0307527	33,2654
0,0307693	33,2687
0,0307838	33,2715
0,0308025	33,2737
0,0308195	33,2753
0,0308411	33,2761
0,0308586	33,2761
0,0308819	33,2746
0,0309076	33,2707
0,0328913	32,3214
