"Maximum force"	41,7673	"N"
"Gage length "	1,02452	"mm"
"Pre-load"	0,1	"N"
"Standard travel"	"Standard force"
"mm"	"N"
0	0,170655
4,19095e-008	0,170631
-6,50994e-007	0,170959
-7,84174e-007	0,171023
-1,42865e-006	0,171328
-1,80863e-006	0,171508
-2,52016e-006	0,171844
-2,96533e-006	0,172057
-3,21493e-006	0,172174
-3,75882e-006	0,172432
-3,81004e-006	0,172457
-4,57e-006	0,172815
-4,73578e-006	0,172895
-5,27967e-006	0,173153
-5,44637e-006	0,173232
-6,0387e-006	0,173514
-5,9763e-006	0,173483
-6,33951e-006	0,173655
-6,70273e-006	0,173828
-7,09947e-006	0,174016
-7,95629e-006	0,174422
-8,10809e-006	0,174494
-8,5216e-006	0,174689
-8,47247e-006	0,174666
-8,72021e-006	0,174784
-8,68738e-006	0,174768
-8,85222e-006	0,174846
-8,83616e-006	0,174839
-8,78656e-006	0,174815
-9,14978e-006	0,174987
-9,06782e-006	0,174949
-9,33046e-006	0,175073
-9,51393e-006	0,17516
-9,9591e-006	0,175371
-1,03391e-005	0,175551
-1,0883e-005	0,17581
-1,15796e-005	0,176138
-1,21905e-005	0,176428
-1,30995e-005	0,176859
-1,32006e-005	0,176907
-1,38599e-005	0,17722
-1,41263e-005	0,177346
-1,43573e-005	0,177455
-1,48527e-005	0,17769
-1,50194e-005	0,177769
-1,56788e-005	0,178082
-1,57799e-005	0,178129
-1,62418e-005	0,178349
-1,62429e-005	0,178349
-1,66396e-005	0,178537
-1,66068e-005	0,178521
-1,65572e-005	0,178498
-1,66066e-005	0,178521
-1,61949e-005	0,178326
-1,61602e-005	0,17831
-1,56163e-005	0,178052
-1,57793e-005	0,178129
-1,54329e-005	0,177965
-1,26165e-005	0,178004
-9,66611e-006	0,177981
-7,17762e-006	0,178184
-5,43418e-006	0,178729
-6,36006e-007	0,179202
3,44691e-006	0,180022
7,67884e-006	0,180785
1,73348e-005	0,181709
2,42787e-005	0,182555
3,36963e-005	0,183578
4,04912e-005	0,184512
5,00279e-005	0,185485
5,96839e-005	0,186416
6,68066e-005	0,187186
7,65222e-005	0,188094
8,68338e-005	0,18872
9,69666e-005	0,189418
0,000104656	0,189918
0,000115027	0,19049
0,000125517	0,191032
0,00013565	0,191737
0,000142743	0,192527
0,000152816	0,193256
0,000159581	0,194183
0,000169356	0,19506
0,000178595	0,196189
0,000185062	0,197265
0,00019138	0,198394
0,000200619	0,199516
0,000207056	0,200614
0,000216057	0,201842
0,000222434	0,202972
0,000231137	0,204345
0,000240435	0,205444
0,000246634	0,206657
0,000256051	0,207687
0,000265171	0,208884
0,000271459	0,210036
0,000280698	0,211158
0,000290294	0,212131
0,000297417	0,212894
0,000307073	0,213809
0,000314345	0,214507
0,000324358	0,215266
0,000334133	0,216144
0,000340988	0,217029
0,000350584	0,217994
0,000357111	0,219032
0,000366052	0,220298
0,000371714	0,221748
0,000376781	0,223472
0,000384827	0,225181
0,000392457	0,227058
0,000400056	0,22898
0,000407745	0,230834
0,000412126	0,232894
0,000419934	0,234695
0,000424464	0,236694
0,000432034	0,238624
0,000439634	0,240531
0,000450184	0,242416
0,00045835	0,244048
0,000466396	0,245742
0,0004748	0,247268
0,000483264	0,248779
0,000492205	0,250053
0,00050043	0,251647
0,000508835	0,253173
0,000517358	0,254638
0,000525882	0,256126
0,000537385	0,257568
0,000545432	0,259261
0,000550439	0,261016
0,000557532	0,263168
0,000564565	0,265334
0,000574161	0,267669
0,000581254	0,26982
0,000588645	0,271835
0,000595559	0,274062
0,000602563	0,27626
0,000612577	0,278396
0,000620087	0,280349
0,000630458	0,282317
0,000638743	0,283897
0,00064679	0,28559
0,000655432	0,286994
0,000667353	0,288238
0,000676175	0,289588
0,000685712	0,290561
0,000695367	0,291496
0,000707825	0,292487
0,000717123	0,293586
0,0007266	0,294593
0,000735541	0,295867
0,000744839	0,296973
0,000750979	0,298209
0,000759442	0,299689
0,000767966	0,301177
0,000776072	0,30284
0,000783582	0,304794
0,000791271	0,306663
0,000798901	0,308555
0,000803759	0,310386
0,000814309	0,312263
0,000821789	0,314231
0,000825693	0,31652
0,000836124	0,31845
0,000843276	0,320571
0,000850578	0,322631
0,000858178	0,324538
0,000866045	0,326324
0,000876655	0,32817
0,000884702	0,329871
0,000892808	0,331535
0,000900914	0,333213
0,00090908	0,334853
0,00091969	0,336707
0,000924935	0,338355
0,000936379	0,339812
0,000944962	0,341254
0,000953187	0,342872
0,000961055	0,344649
0,000968685	0,346549
0,000978996	0,348548
0,000986626	0,350433
0,000994136	0,352386
0,00100162	0,354354
0,00100871	0,35649
0,00101503	0,359023
0,00102135	0,361526
0,00102772	0,364028
0,00103437	0,366378
0,00104069	0,368896
0,00104748	0,371185
0,00105672	0,373672
0,00106334	0,376067
0,00107269	0,378509
0,00107937	0,380859
0,00108631	0,383086
0,00109603	0,385345
0,00110309	0,387527
0,00111269	0,389861
0,00111945	0,392181
0,0011261	0,39453
0,00113582	0,396804
0,00114577	0,398986
0,00115268	0,401214
0,00115975	0,403381
0,00116964	0,405563
0,00117733	0,407455
0,00118734	0,409576
0,00119488	0,411529
0,0012052	0,413528
0,00121533	0,415588
0,00122257	0,417693
0,001233	0,419639
0,00124036	0,421653
0,00125026	0,42385
0,00125699	0,42617
0,0012631	0,428779
0,00127216	0,431358
0,00128122	0,433952
0,00128748	0,4365
0,00129365	0,439094
0,00130289	0,441596
0,00131183	0,444251
0,00131824	0,446723
0,001325	0,449027
0,00133782	0,451194
0,00134503	0,453315
0,00135576	0,455115
0,0013672	0,456573
0,00137644	0,457709
0,00138902	0,458633
0,00139879	0,459518
0,00141137	0,460429
0,0014209	0,461429
0,00143014	0,46255
0,00143902	0,463847
0,00145089	0,465129
0,00145941	0,466586
0,00146439	0,468379
0,00147178	0,470378
0,00147896	0,472484
0,00148677	0,4743
0,00149481	0,475986
0,00150316	0,477527
0,00151162	0,479045
0,00152325	0,480418
0,00153302	0,481292
0,00154399	0,481624
0,00155525	0,48178
0,00156408	0,481734
0,00157582	0,481679
0,00158696	0,481914
0,00159775	0,482297
0,0016083	0,482819
0,00161903	0,483245
0,00162663	0,483767
0,00163605	0,484813
0,00164141	0,486407
0,00164645	0,488147
0,00165166	0,48981
0,00165765	0,491107
0,00166364	0,492404
0,00167259	0,493655
0,00167893	0,494792
0,00169068	0,496112
0,0016972	0,497157
0,00170626	0,498362
0,00171255	0,49953
0,00172149	0,500804
0,00172978	0,502383
0,00173469	0,504184
0,00174238	0,506053
0,00175037	0,507777
0,00175532	0,509562
0,00176348	0,51118
0,00177147	0,512927
0,0017797	0,514537
0,0017884	0,515925
0,00179418	0,517314
0,00180342	0,518443
0,0018151	0,518418
0,00182803	0,517792
0,00184061	0,517346
0,00185343	0,516774
0,00186612	0,516282
0,00187882	0,515763
0,00188865	0,51524
0,00190099	0,514908
0,00191359	0,514453
0,00192235	0,51443
0,00192846	0,515658
0,00193024	0,517573
0,00193492	0,51948
0,00193927	0,521556
0,00194651	0,523631
0,00195092	0,525675
0,00195498	0,527888
0,00195951	0,529872
0,00196392	0,531901
0,00197185	0,533656
0,00197965	0,535472
0,00198758	0,537226
0,00199563	0,538912
0,00200123	0,5404
0,00201262	0,541888
0,00201771	0,543612
0,00202898	0,545146
0,00203667	0,547007
0,00204459	0,548762
0,00205234	0,550601
0,00205988	0,552546
0,00206408	0,554682
0,0020738	0,556971
0,00208051	0,559306
0,00208739	0,561549
0,00209493	0,563487
0,00210205	0,565623
0,00210923	0,567729
0,00211636	0,569865
0,00212577	0,572276
0,00213284	0,574443
0,0021399	0,576609
0,00215021	0,578608
0,0021574	0,580714
0,00216476	0,582743
0,00217143	0,585078
0,00218127	0,587306
0,00218812	0,589564
0,00219748	0,592005
0,00220451	0,594187
0,00221387	0,596659
0,00222365	0,598887
0,00223062	0,601115
0,00223777	0,603221
0,00224466	0,605479
0,0022516	0,607691
0,00226155	0,609858
0,0022682	0,612223
0,00227815	0,61439
0,00228468	0,616801
0,00229463	0,618952
0,00230125	0,621348
0,00231049	0,62385
0,0023163	0,626612
0,00232476	0,629481
0,00233055	0,632258
0,00233877	0,635234
0,00234446	0,638056
0,00235251	0,641139
0,00236115	0,643916
0,00236658	0,646861
0,0023754	0,649562
0,00238404	0,652339
0,00239268	0,655146
0,00240139	0,657908
0,00240726	0,660639
0,0024162	0,663279
0,0024252	0,665919
0,0024345	0,668376
0,00244362	0,670939
0,0024528	0,673503
0,0024618	0,676112
0,00246782	0,678767
0,00247705	0,681269
0,00248898	0,683879
0,00249517	0,686473
0,00250406	0,689143
0,00251025	0,691722
0,00251884	0,694529
0,0025276	0,69726
0,00253618	0,700099
0,00254477	0,702906
0,00255371	0,705546
0,00256253	0,708262
0,00257159	0,710856
0,00257752	0,713572
0,00258646	0,716197
0,00259534	0,718882
0,00260458	0,7214
0,0026137	0,723963
0,00262008	0,726451
0,00262943	0,728892
0,00263587	0,731364
0,00264517	0,733851
0,00265506	0,736018
0,00266275	0,737902
0,00267652	0,739657
0,00268469	0,74129
0,00269577	0,742915
0,00270382	0,744601
0,00271526	0,746073
0,00272623	0,747767
0,00273422	0,749491
0,00274519	0,751177
0,00275267	0,753146
0,00275931	0,755511
0,00276563	0,758013
0,00277162	0,760699
0,00278056	0,763339
0,002787	0,765811
0,0027935	0,768221
0,00280279	0,770709
0,00280947	0,773059
0,00281877	0,77553
0,00282544	0,77788
0,00283221	0,780184
0,00284198	0,782443
0,0028486	0,784823
0,00285519	0,787203
0,00286395	0,789935
0,00286958	0,792788
0,0028781	0,795611
0,00288338	0,798648
0,00289149	0,801669
0,00289923	0,804873
0,00290427	0,808016
0,00291232	0,811083
0,00292078	0,813952
0,00292913	0,816882
0,00293747	0,819827
0,00294576	0,822787
0,00295392	0,825793
0,00296274	0,828509
0,00297168	0,831179
0,00297827	0,83356
0,00298799	0,835833
0,00300104	0,837893
0,00300828	0,839984
0,00301937	0,841616
0,00303236	0,842368
0,00304547	0,843035
0,00305644	0,843333
0,00306991	0,843848
0,00308362	0,844241
0,00309697	0,844805
0,00311116	0,84497
0,00312242	0,843765
0,00314007	0,842285
0,00315103	0,841209
0,00316361	0,840757
0,00317321	0,840334
0,00318531	0,840122
0,00319741	0,839903
0,00320665	0,839645
0,00321559	0,839542
0,00322387	0,83976
0,00322834	0,841759
0,00322986	0,843804
0,00323394	0,846001
0,00323824	0,848091
0,003245	0,850395
0,00324622	0,852577
0,00325305	0,854851
0,00325972	0,857201
0,00326399	0,859306
0,00327045	0,861748
0,00327743	0,86396
0,00328085	0,866478
0,00328765	0,868752
0,00329391	0,8713
0,00330043	0,873726
0,00330663	0,876289
0,00331551	0,87896
0,0033218	0,881493
0,0033274	0,884346
0,00333646	0,886925
0,00334505	0,889763
0,00335077	0,892555
0,00335888	0,895607
0,00336433	0,898537
0,0033725	0,901528
0,00338066	0,904549
0,00338635	0,907372
0,00339708	0,91053
0,00340248	0,913506
0,00341344	0,916573
0,00341884	0,919533
0,00343016	0,922417
0,00343636	0,924996
0,00344524	0,927666
0,00345442	0,930214
0,00346041	0,932884
0,00346616	0,935661
0,00347814	0,93824
0,00348428	0,940849
0,00349322	0,943504
0,00350205	0,946205
0,00351039	0,949135
0,00351826	0,952294
0,00352309	0,955528
0,00353107	0,958626
0,00353888	0,961815
0,00354681	0,964943
0,00355444	0,968208
0,003559	0,97155
0,00356645	0,974922
0,00357378	0,97834
0,00358409	0,981697
0,00359121	0,985207
0,00359834	0,988732
0,00360486	0,992516
0,00361199	0,99604
0,00362164	0,999703
0,00362862	1,0033
0,00363559	1,00689
0,00364253	1,01049
0,00364963	1,014
0,00365976	1,01746
0,00366724	1,02081
0,00367517	1,02395
0,00368298	1,02712
0,00369382	1,03024
0,00370163	1,03344
0,00370932	1,03666
0,00371975	1,04002
0,00372717	1,04337
0,00373701	1,04697
0,00374386	1,05062
0,0037506	1,05431
0,00376001	1,0581
0,00376678	1,06179
0,00377289	1,06579
0,00378225	1,0696
0,00378842	1,07357
0,00379473	1,07748
0,00380403	1,08132
0,00381086	1,08498
0,00381765	1,08865
0,00382737	1,09229
0,00383392	1,09609
0,00384015	1,10003
0,00384939	1,10392
0,00385851	1,10783
0,00386498	1,11167
0,00387398	1,11567
0,00387988	1,11976
0,00388876	1,12382
0,00389752	1,12791
0,00390378	1,13184
0,0039101	1,13575
0,00391916	1,13969
0,0039281	1,14375
0,00393716	1,14768
0,00394616	1,15171
0,00395227	1,15571
0,00396151	1,15958
0,00397027	1,16367
0,00397903	1,16779
0,0039844	1,17216
0,00399256	1,17655
0,00399799	1,18085
0,00400639	1,18516
0,00401408	1,18977
0,00402195	1,19428
0,00403023	1,19865
0,00403816	1,20313
0,0040465	1,20747
0,00405461	1,21186
0,00406278	1,21626
0,00406826	1,22056
0,00407953	1,22486
0,00408793	1,22913
0,00409675	1,23322
0,00410274	1,23728
0,00411103	1,24162
0,00411967	1,2458
0,00412789	1,25016
0,0041363	1,25443
0,00414452	1,2588
0,00415257	1,26325
0,00416044	1,26777
0,00416825	1,27235
0,00417617	1,27683
0,00418404	1,28141
0,00419221	1,28577
0,00420026	1,29023
0,00420854	1,29456
0,00421712	1,29877
0,00422583	1,30293
0,00423471	1,30695
0,00424389	1,31089
0,00425622	1,31469
0,00426516	1,31869
0,00427422	1,32269
0,00428305	1,32674
0,00428927	1,33068
0,00429857	1,33456
0,00431037	1,33859
0,0043192	1,34267
0,00432474	1,34695
0,00433338	1,35113
0,00434179	1,35537
0,00435073	1,3594
0,00435943	1,36355
0,00436831	1,36761
0,00437683	1,37182
0,0043853	1,37609
0,00439102	1,38027
0,00439966	1,38442
0,00440836	1,38857
0,00441659	1,39294
0,00442195	1,3973
0,00442994	1,40179
0,00443817	1,40612
0,00444657	1,41042
0,0044548	1,41479
0,00446004	1,41918
0,00446773	1,42379
0,00447548	1,4284
0,00448329	1,43295
0,00449139	1,43737
0,00450248	1,44176
0,00450799	1,44604
0,00451908	1,45043
0,00452707	1,45492
0,00453535	1,45925
0,00454364	1,46359
0,0045521	1,46783
0,00456074	1,47201
0,00456939	1,47616
0,00457779	1,48046
0,0045862	1,48473
0,00459436	1,48913
0,00460247	1,49355
0,00461332	1,49804
0,004621	1,50268
0,00462854	1,50738
0,00463319	1,51205
0,00464073	1,51675
0,0046511	1,52145
0,00465864	1,52615
0,00466618	1,53085
0,00467358	1,53564
0,00468413	1,54025
0,00469173	1,54491
0,00469959	1,54943
0,0047074	1,55401
0,00471509	1,55865
0,00472284	1,56322
0,00473047	1,56786
0,0047409	1,57256
0,00474844	1,57726
0,00475607	1,5819
0,00476316	1,58681
0,0047704	1,59167
0,00477747	1,59658
0,0047845	1,60152
0,00479174	1,60635
0,00480164	1,61126
0,00480888	1,61611
0,00481636	1,62084
0,00482366	1,62563
0,00483409	1,63033
0,00483883	1,63497
0,00484932	1,63964
0,00485975	1,64434
0,00486762	1,64889
0,00487507	1,65362
0,00488282	1,6582
0,00489331	1,6629
0,00490058	1,66772
0,00490761	1,67263
0,00491745	1,6776
0,0049249	1,68234
0,00493226	1,68713
0,00493995	1,69173
0,0049502	1,69653
0,00495795	1,7011
0,0049679	1,70605
0,00497532	1,71081
0,00498558	1,71557
0,00499338	1,72015
0,00500101	1,72478
0,00500814	1,72967
0,00501532	1,73452
0,00502217	1,73956
0,00503195	1,74456
0,00503898	1,7495
0,00504953	1,75414
0,00505972	1,75893
0,00506703	1,76376
0,0050743	1,76858
0,00508443	1,7734
0,00509498	1,77807
0,00510267	1,78265
0,00511334	1,78725
0,00512097	1,79189
0,00512857	1,79656
0,00513587	1,80135
0,00514618	1,80611
0,0051536	1,81088
0,00516063	1,81579
0,00517071	1,82067
0,00517774	1,82562
0,00518734	1,83068
0,0051941	1,83575
0,00520087	1,84081
0,00520745	1,84597
0,00521386	1,85119
0,00522322	1,85638
0,00522987	1,8615
0,00523964	1,86651
0,00524623	1,87167
0,00525576	1,87676
0,00526289	1,88168
0,0052732	1,88641
0,00528041	1,89126
0,00529042	1,89617
0,00530068	1,90096
0,00530771	1,90588
0,00531748	1,91088
0,00532738	1,91583
0,00533477	1,92062
0,00534502	1,92538
0,00535486	1,93035
0,00536144	1,93551
0,0053683	1,94054
0,00537542	1,94543
0,00538502	1,95049
0,00539485	1,9555
0,00540194	1,96041
0,00541142	1,96554
0,00541768	1,97085
0,00542656	1,97628
0,00543556	1,98165
0,00543857	1,98711
0,00544727	1,99264
0,00545562	1,99831
0,00546107	2,00402
0,00546656	2,00967
0,00547746	2,01553
0,00548298	2,02117
0,00549144	2,02679
0,0054999	2,03243
0,00550843	2,03802
0,00551707	2,04357
0,0055227	2,04919
0,00553129	2,05474
0,00554011	2,0602
0,00554845	2,06588
0,00555715	2,0714
0,00556586	2,07693
0,00557182	2,08236
0,0055804	2,08794
0,0055891	2,09347
0,00559739	2,09914
0,00560266	2,10494
0,00561369	2,11074
0,0056218	2,11654
0,0056271	2,12228
0,00563521	2,12807
0,00564302	2,13403
0,00565047	2,14016
0,00565827	2,14608
0,00566567	2,15221
0,00567329	2,15826
0,00568092	2,16427
0,00569153	2,17025
0,00569588	2,17648
0,00570325	2,18261
0,00571055	2,1888
0,00571797	2,19494
0,00572816	2,2011
0,00573519	2,20742
0,00574223	2,21374
0,00574902	2,22015
0,00575609	2,22646
0,0057633	2,23269
0,00577093	2,2387
0,00578124	2,24483
0,0057886	2,25097
0,00579611	2,25707
0,00580374	2,26308
0,00581161	2,269
0,0058224	2,27493
0,00583038	2,28075
0,00583849	2,28655
0,00584648	2,29241
0,0058572	2,29836
0,00586501	2,30431
0,00587556	2,3103
0,00588307	2,3164
0,00589017	2,32269
0,00589717	2,329
0,00590414	2,33535
0,00591109	2,3417
0,00591794	2,34808
0,00592483	2,35445
0,00593448	2,36089
0,00594097	2,3675
0,0059478	2,37387
0,00595745	2,38031
0,0059647	2,38654
0,00597182	2,3928
0,00598177	2,39911
0,00598878	2,40543
0,00599554	2,41187
0,00600502	2,41837
0,00601154	2,42493
0,00601852	2,43128
0,00602776	2,4379
0,00603735	2,4444
0,00604346	2,45115
0,00605258	2,4578
0,00605881	2,46451
0,00606751	2,47141
0,00607622	2,47831
0,00608474	2,48526
0,00609338	2,49219
0,0060989	2,49924
0,0061048	2,50611
0,00611344	2,513
0,00612262	2,51969
0,00612897	2,52631
0,00613809	2,53302
0,00614503	2,53937
0,00615761	2,54578
0,00616443	2,55219
0,00617403	2,55866
0,00618356	2,56516
0,0061931	2,57166
0,00620252	2,57825
0,00620866	2,58496
0,00621712	2,59195
0,00622305	2,59882
0,00623158	2,60578
0,00624016	2,61274
0,00624582	2,61969
0,00625434	2,62668
0,00626293	2,63361
0,00626832	2,64072
0,00627649	2,64783
0,00628465	2,655
0,00629342	2,66187
0,00630164	2,66898
0,00630993	2,67609
0,00631791	2,68332
0,0063259	2,69056
0,00633395	2,69776
0,00634217	2,70487
0,00634757	2,71198
0,00635585	2,71906
0,00636136	2,72608
0,00637227	2,73331
0,00638086	2,74027
0,00638938	2,74726
0,00639844	2,75397
0,00640762	2,76062
0,00641373	2,7674
0,00642255	2,7742
0,00643161	2,78095
0,00644073	2,78763
0,00645009	2,79422
0,0064595	2,80079
0,00646874	2,80744
0,00647792	2,81409
0,00648716	2,82074
0,00649622	2,82746
0,00650275	2,83402
0,00651222	2,84052
0,00652152	2,84714
0,00652769	2,85389
0,00653675	2,8606
0,00654575	2,86734
0,00655493	2,87403
0,00656095	2,8808
0,00656935	2,88785
0,00657511	2,89478
0,00658375	2,90168
0,00659221	2,9087
0,00660098	2,91556
0,00660962	2,92249
0,0066151	2,92954
0,00662351	2,93656
0,00663167	2,9437
0,00663677	2,95093
0,00664493	2,9581
0,00665274	2,96543
0,0066601	2,97293
0,00666743	2,98047
0,00667462	2,9881
0,00668189	2,99567
0,00668883	3,00339
0,00669581	3,01111
0,00670245	3,01899
0,00671223	3,02674
0,00671935	3,0344
0,00672644	3,04206
0,00673658	3,04963
0,00674376	3,05726
0,00675058	3,06507
0,00675732	3,07288
0,00676727	3,08054
0,00677419	3,08829
0,00678426	3,09589
0,00679162	3,10346
0,0067985	3,11121
0,00680539	3,11896
0,00681505	3,12677
0,00682494	3,13446
0,006832	3,14215
0,00684202	3,14978
0,00684914	3,15747
0,00685933	3,16501
0,00686657	3,17261
0,00687671	3,18021
0,00688428	3,18763
0,00689512	3,19489
0,00690275	3,20231
0,00691029	3,20975
0,00692102	3,21705
0,00692862	3,22446
0,00693911	3,23188
0,0069468	3,23926
0,00695425	3,24677
0,0069645	3,25431
0,00697458	3,26191
0,006982	3,26941
0,0069896	3,27683
0,00699735	3,28418
0,00700486	3,29166
0,00701541	3,29905
0,00702298	3,30649
0,00703052	3,31391
0,00704124	3,32123
0,00704887	3,32862
0,00705638	3,33609
0,00706339	3,34382
0,00707033	3,35154
0,00707739	3,3592
0,00708759	3,36676
0,00709462	3,37445
0,00710165	3,38215
0,00710842	3,38996
0,00711495	3,39789
0,00712436	3,40577
0,00713104	3,41364
0,00713751	3,42163
0,00714436	3,42939
0,00715372	3,43732
0,00716001	3,44538
0,00716653	3,45331
0,00717601	3,46119
0,00718242	3,46918
0,007189	3,47705
0,00719842	3,48499
0,00720802	3,49286
0,00721499	3,50061
0,00722441	3,50849
0,00723383	3,51642
0,00724023	3,52442
0,00724608	3,53266
0,0072549	3,5409
0,00726378	3,54908
0,00726983	3,55726
0,00727883	3,56537
0,00728449	3,57367
0,00729266	3,58222
0,007301	3,59064
0,00730905	3,59925
0,00731474	3,60761
0,00732344	3,61585
0,0073322	3,62409
0,00733843	3,63215
0,00735006	3,64045
0,00735596	3,64862
0,0073646	3,65693
0,00737378	3,66498
0,00738254	3,67322
0,0073913	3,68146
0,00740012	3,6897
0,00740608	3,69788
0,00741473	3,70618
0,00742343	3,71448
0,00743195	3,72284
0,00743744	3,73127
0,00744626	3,73944
0,00745502	3,74768
0,00746402	3,7558
0,0074735	3,76374
0,00748226	3,77198
0,00749102	3,78022
0,00749972	3,78852
0,00750819	3,79688
0,00751388	3,80524
0,00752228	3,8136
0,00753033	3,82221
0,00753808	3,83094
0,00754571	3,83973
0,00755024	3,84858
0,00756079	3,85736
0,00756836	3,86615
0,00757599	3,87494
0,00758362	3,88373
0,00759125	3,89252
0,0075961	3,90125
0,00760689	3,90986
0,00761196	3,91852
0,00762275	3,92719
0,00763091	3,93567
0,0076389	3,94428
0,00765034	3,95264
0,00765565	3,96119
0,00766668	3,96973
0,00767478	3,97828
0,00768277	3,98688
0,00769076	3,99549
0,00769862	4,00415
0,00770661	4,01276
0,00771442	4,02149
0,00772211	4,03022
0,00772926	4,03925
0,00773618	4,04834
0,00774336	4,05732
0,00775054	4,06635
0,00775784	4,07526
0,00776791	4,08423
0,00777551	4,09308
0,00778273	4,10206
0,00779304	4,11091
0,00780034	4,11988
0,00780767	4,12879
0,00781834	4,13752
0,00782597	4,14624
0,00783345	4,15516
0,00783792	4,16401
0,00784841	4,17286
0,00785574	4,18177
0,0078631	4,19068
0,00787318	4,19965
0,00788307	4,20874
0,00788748	4,21772
0,0078972	4,22681
0,00790435	4,23584
0,00791114	4,24506
0,00792098	4,25415
0,00792748	4,26343
0,007934	4,27277
0,00794318	4,28217
0,00794923	4,29175
0,00795564	4,30109
0,00796434	4,31073
0,00797334	4,32026
0,00797936	4,32978
0,00798538	4,33936
0,00799432	4,34888
0,00800607	4,35846
0,00801194	4,36805
0,00802094	4,37757
0,00803029	4,38691
0,00803929	4,39643
0,00804853	4,40583
0,00805765	4,41529
0,0080663	4,42493
0,00807211	4,43457
0,00808057	4,44434
0,00809196	4,45411
0,00809777	4,46375
0,00810647	4,47339
0,00811475	4,48322
0,00812328	4,49299
0,00813192	4,50263
0,0081405	4,51239
0,00814903	4,5221
0,00815785	4,53168
0,00816619	4,54151
0,00817484	4,55115
0,0081833	4,56092
0,00818872	4,57081
0,00819719	4,58057
0,00820553	4,59034
0,0082134	4,60041
0,00822133	4,61042
0,00822925	4,62043
0,00823724	4,63044
0,00824529	4,64039
0,00825351	4,65027
0,00825825	4,6604
0,00826624	4,67041
0,00827399	4,68049
0,00828174	4,69062
0,00828978	4,70057
0,00829777	4,71058
0,00830582	4,72052
0,00831398	4,73041
0,00832227	4,7403
0,00833037	4,75019
0,00833592	4,75995
0,0083439	4,76996
0,00835189	4,77991
0,00836006	4,78986
0,0083681	4,79981
0,00837603	4,80982
0,00838694	4,81983
0,00839165	4,82996
0,00839946	4,84003
0,00841013	4,85016
0,00842097	4,86017
0,00842902	4,87012
0,00843742	4,87989
0,00844547	4,8899
0,00845364	4,89978
0,00846174	4,90967
0,00846985	4,91962
0,00847801	4,92957
0,00848898	4,93946
0,00849417	4,94947
0,0085021	4,95948
0,00851276	4,96955
0,00852021	4,9798
0,00852784	4,98993
0,00853571	5
0,00854331	5,0102
0,00855368	5,02039
0,008558	5,03077
0,00856525	5,04108
0,00857514	5,05158
0,0085794	5,06195
0,00858948	5,07233
0,00859627	5,08289
0,00860289	5,09351
0,00860929	5,10425
0,00861883	5,11487
0,00862825	5,12555
0,0086351	5,13611
0,00864464	5,14673
0,0086512	5,15741
0,00866061	5,1681
0,0086672	5,17872
0,00867405	5,18927
0,00868401	5,19971
0,00869372	5,21021
0,00870064	5,22071
0,00871071	5,23108
0,0087176	5,24164
0,00872749	5,25208
0,00873482	5,26239
0,00874182	5,27283
0,00875154	5,28339
0,00876132	5,29389
0,00876814	5,30445
0,00877491	5,31501
0,00878474	5,3255
0,00879103	5,33631
0,00880062	5,34687
0,00880724	5,35755
0,00881666	5,36823
0,00882322	5,37891
0,00883299	5,38941
0,00883672	5,40003
0,00884607	5,41077
0,00885305	5,42127
0,00886252	5,43189
0,00887284	5,44214
0,00888014	5,45246
0,00888735	5,46283
0,00889754	5,47315
0,00890791	5,4834
0,00891495	5,49384
0,00892243	5,50403
0,0089328	5,51429
0,00894013	5,5246
0,00895044	5,53486
0,00895736	5,54535
0,00896418	5,55591
0,00897121	5,56635
0,00897789	5,57697
0,00898755	5,58753
0,00899431	5,59809
0,00900397	5,60865
0,00901088	5,61914
0,00902095	5,62952
0,00903085	5,63996
0,00903803	5,65039
0,00904521	5,66077
0,00905487	5,67133
0,009065	5,68164
0,00907507	5,69202
0,00908515	5,7024
0,00909233	5,71277
0,00910228	5,72321
0,00910887	5,73389
0,00911871	5,74433
0,00912574	5,75483
0,00913563	5,76526
0,00914299	5,77558
0,00915307	5,78595
0,0091598	5,79651
0,00916976	5,80695
0,00917965	5,81739
0,00918692	5,82776
0,00919741	5,83789
0,00920477	5,84821
0,00921485	5,85859
0,0092223	5,86884
0,00922945	5,87922
0,0092397	5,88947
0,00925049	5,89954
0,0092583	5,90961
0,00926587	5,9198
0,00927642	5,92994
0,0092839	5,94019
0,00929439	5,95038
0,00930256	5,96027
0,00931334	5,97028
0,00932115	5,98035
0,00933206	5,99036
0,00933698	6,00043
0,00934502	6,01038
0,00935623	6,02021
0,00936422	6,03022
0,00937238	6,0401
0,00938085	6,04987
0,00938889	6,05982
0,00940028	6,06958
0,00940609	6,07923
0,00941461	6,08899
0,00942337	6,09858
0,00943196	6,10828
0,00944352	6,11799
0,00944948	6,12757
0,00945824	6,13715
0,00946671	6,14692
0,00947541	6,15656
0,00948375	6,16639
0,00949222	6,17615
0,00950062	6,18598
0,00950897	6,19574
0,00951701	6,20575
0,00952512	6,21564
0,00953323	6,22559
0,00954133	6,23554
0,0095495	6,24543
0,00955766	6,25531
0,00956577	6,26526
0,00957394	6,27515
0,00958204	6,2851
0,00959021	6,29499
0,00959837	6,30494
0,00960654	6,31482
0,00961423	6,32496
0,00962496	6,33503
0,00962987	6,3451
0,0096375	6,35523
0,00964811	6,36536
0,00965574	6,37555
0,00966313	6,38581
0,00967041	6,39612
0,00967792	6,40632
0,00968835	6,41657
0,00969592	6,4267
0,00970378	6,43677
0,00971135	6,44696
0,00971898	6,4571
0,00972655	6,46729
0,00973442	6,47736
0,00974277	6,48719
0,00975373	6,49714
0,00976214	6,5069
0,00976965	6,51716
0,00978097	6,52692
0,00978836	6,53717
0,00979665	6,547
0,00980419	6,55726
0,00981223	6,5672
0,00981966	6,57746
0,00982991	6,58771
0,00983751	6,5979
0,0098446	6,60834
0,00985515	6,61847
0,00986206	6,62897
0,00986975	6,6391
0,00987676	6,64954
0,00988462	6,65961
0,00989187	6,66999
0,00990248	6,68006
0,00990984	6,69037
0,00991729	6,70063
0,0099276	6,71088
0,00993529	6,72101
0,00994322	6,73102
0,00995114	6,74103
0,00995955	6,7508
0,00996724	6,76093
0,00997504	6,771
0,00998273	6,78113
0,00999042	6,79126
0,00999802	6,80146
0,0100087	6,81153
0,0100161	6,82184
0,0100234	6,83218
0,0100303	6,84261
0,0100369	6,85329
0,0100466	6,86379
0,0100535	6,87435
0,0100602	6,88491
0,010067	6,89547
0,0100769	6,90597
0,0100838	6,91646
0,010091	6,92678
0,0100981	6,93722
0,0101081	6,94759
0,0101152	6,95803
0,0101254	6,96834
0,0101326	6,97872
0,01014	6,98897
0,0101504	6,99923
0,0101574	7,00967
0,0101674	7,0201
0,0101772	7,0306
0,0101869	7,04116
0,0101937	7,05166
0,0102035	7,06222
0,0102099	7,07296
0,0102192	7,0837
0,0102285	7,09444
0,0102347	7,10525
0,010244	7,11599
0,010253	7,12685
0,010259	7,13784
0,010268	7,1487
0,0102743	7,15951
0,0102832	7,17043
0,0102923	7,18124
0,0102986	7,1921
0,0103074	7,20302
0,0103163	7,21395
0,0103223	7,22494
0,0103315	7,23574
0,0103405	7,2466
0,0103464	7,25759
0,0103551	7,26858
0,0103613	7,27944
0,0103731	7,29037
0,0103794	7,30117
0,0103915	7,31197
0,0103976	7,32284
0,0104064	7,33376
0,0104149	7,34493
0,0104207	7,35598
0,0104297	7,36684
0,0104384	7,37789
0,010444	7,389
0,0104525	7,40011
0,0104612	7,41115
0,0104697	7,42226
0,0104755	7,43325
0,0104843	7,4443
0,0104903	7,45522
0,010502	7,46621
0,0105074	7,47738
0,0105158	7,48861
0,010524	7,49984
0,0105322	7,51113
0,0105397	7,52273
0,0105471	7,53438
0,0105544	7,54604
0,0105587	7,55776
0,010566	7,56948
0,0105733	7,58114
0,0105807	7,5928
0,0105881	7,60445
0,010595	7,61629
0,0106022	7,62807
0,0106094	7,63979
0,0106168	7,65145
0,0106269	7,66317
0,0106339	7,67501
0,0106407	7,68691
0,0106477	7,69881
0,0106544	7,71078
0,010664	7,72274
0,0106708	7,7347
0,0106774	7,74673
0,0106868	7,75875
0,0106963	7,77083
0,0107026	7,78298
0,0107117	7,79519
0,0107209	7,80733
0,0107267	7,81972
0,0107328	7,83199
0,0107389	7,84426
0,010748	7,85647
0,010757	7,86874
0,010766	7,881
0,0107719	7,89339
0,0107807	7,90572
0,010787	7,91787
0,010796	7,93014
0,0108052	7,94234
0,010814	7,95467
0,0108226	7,96719
0,0108312	7,97964
0,0108368	7,99209
0,0108453	8,00454
0,0108538	8,01711
0,0108623	8,02962
0,01087	8,0425
0,0108781	8,05514
0,0108833	8,06783
0,0108942	8,08059
0,0109024	8,09322
0,0109078	8,10586
0,0109158	8,11855
0,0109239	8,13125
0,010932	8,14394
0,0109373	8,15658
0,0109457	8,16909
0,0109541	8,18166
0,0109622	8,19436
0,0109704	8,20699
0,0109786	8,21969
0,0109869	8,23226
0,0109949	8,24502
0,0110031	8,25765
0,0110109	8,27041
0,0110184	8,28341
0,0110262	8,29623
0,0110337	8,30929
0,0110417	8,32198
0,0110496	8,33474
0,0110574	8,34762
0,0110648	8,36062
0,0110725	8,3735
0,0110828	8,3865
0,0110908	8,39931
0,0111015	8,41207
0,0111094	8,42489
0,0111204	8,43752
0,0111281	8,45046
0,0111359	8,46328
0,0111467	8,4761
0,0111575	8,48885
0,0111654	8,50161
0,0111735	8,5143
0,0111844	8,52706
0,0111924	8,53982
0,0112007	8,55245
0,0112085	8,56521
0,0112166	8,5779
0,0112245	8,59072
0,0112324	8,60348
0,0112404	8,61623
0,0112487	8,62881
0,0112594	8,64162
0,0112673	8,65444
0,0112749	8,66732
0,0112854	8,68032
0,0112931	8,69314
0,0113035	8,70614
0,011311	8,71914
0,0113184	8,7322
0,0113256	8,74532
0,0113328	8,75838
0,0113401	8,77145
0,0113476	8,78445
0,0113553	8,79732
0,0113628	8,81026
0,0113732	8,82326
0,0113782	8,83608
0,0113859	8,84896
0,0113967	8,86172
0,0114048	8,87441
0,0114155	8,88723
0,0114204	8,90011
0,0114281	8,91292
0,0114356	8,92593
0,0114458	8,93899
0,0114534	8,95193
0,0114604	8,96517
0,0114677	8,97823
0,0114748	8,99135
0,0114816	9,00472
0,0114886	9,01784
0,0114988	9,03091
0,0115061	9,04403
0,0115133	9,05715
0,0115207	9,07015
0,0115278	9,08333
0,0115352	9,09634
0,0115453	9,10946
0,0115522	9,1227
0,0115621	9,13595
0,011569	9,14919
0,0115782	9,16274
0,0115876	9,17623
0,0115968	9,18978
0,0116028	9,20345
0,0116089	9,21706
0,0116149	9,23073
0,0116236	9,24453
0,0116326	9,2582
0,0116386	9,27187
0,0116443	9,28567
0,011653	9,29946
0,0116615	9,31338
0,0116668	9,32735
0,0116752	9,34127
0,0116833	9,35531
0,0116884	9,36947
0,0116963	9,38363
0,0117039	9,39797
0,0117112	9,41238
0,0117188	9,42666
0,0117293	9,441
0,011734	9,45534
0,0117416	9,46963
0,0117521	9,48391
0,0117599	9,49813
0,0117649	9,51229
0,011776	9,52633
0,0117843	9,54024
0,0117928	9,55416
0,0118009	9,5682
0,0118098	9,58187
0,0118214	9,59573
0,0118275	9,60934
0,0118366	9,62295
0,0118427	9,63656
0,0118515	9,65029
0,0118603	9,66408
0,0118691	9,67776
0,0118751	9,69149
0,0118869	9,70516
0,0118952	9,71914
0,0119034	9,73312
0,0119117	9,74709
0,0119194	9,76137
0,0119244	9,77553
0,0119321	9,78976
0,0119396	9,8041
0,0119469	9,81856
0,0119543	9,83297
0,0119615	9,8475
0,0119716	9,86196
0,0119789	9,87643
0,0119888	9,89101
0,011999	9,90548
0,0120033	9,91994
0,0120134	9,93447
0,0120209	9,94881
0,0120315	9,9631
0,0120387	9,97756
0,0120488	9,99203
0,0120562	10,0065
0,0120663	10,021
0,0120737	10,0354
0,012084	10,0498
0,0120912	10,0642
0,0121014	10,0787
0,0121084	10,0933
0,0121182	10,1079
0,0121254	10,1224
0,0121326	10,1369
0,0121398	10,1515
0,01215	10,1659
0,0121573	10,1803
0,0121648	10,1947
0,0121752	10,209
0,0121832	10,2231
0,0121911	10,2373
0,0121993	10,2513
0,0122108	10,2652
0,0122196	10,2789
0,0122284	10,2926
0,0122404	10,3062
0,0122493	10,3199
0,0122585	10,3335
0,0122677	10,347
0,012274	10,3606
0,0122831	10,3741
0,0122924	10,3877
0,0123011	10,4014
0,012307	10,4151
0,0123161	10,4287
0,0123248	10,4425
0,0123338	10,4561
0,0123427	10,4698
0,0123486	10,4836
0,0123573	10,4974
0,0123693	10,5109
0,0123753	10,5247
0,0123821	10,538
0,012392	10,5512
0,0124019	10,5644
0,0124091	10,5775
0,0124193	10,5906
0,0124267	10,6036
0,0124375	10,6164
0,0124483	10,6292
0,0124561	10,642
0,012467	10,6547
0,0124746	10,6677
0,0124795	10,6805
0,0124871	10,6934
0,0125004	10,7064
0,0125079	10,7194
0,012518	10,7325
0,0125253	10,7456
0,0125354	10,7587
0,0125432	10,7715
0,0125536	10,7845
0,0125614	10,7974
0,0125686	10,8104
0,0125789	10,8235
0,0125894	10,8364
0,0125971	10,8493
0,0126048	10,8621
0,0126154	10,8751
0,0126228	10,8881
0,0126299	10,9013
0,0126374	10,9143
0,0126474	10,9274
0,0126549	10,9403
0,0126623	10,9534
0,0126723	10,9665
0,0126797	10,9796
0,012687	10,9926
0,0126973	11,0056
0,0127077	11,0186
0,0127123	11,0316
0,0127223	11,0448
0,0127296	11,0579
0,0127365	11,0711
0,0127434	11,0844
0,0127504	11,0976
0,012757	11,111
0,0127665	11,1244
0,012773	11,1378
0,0127794	11,1513
0,0127887	11,1648
0,0127955	11,1781
0,012802	11,1916
0,0128111	11,2052
0,0128174	11,2187
0,0128263	11,2324
0,0128324	11,246
0,0128417	11,2595
0,012845	11,2731
0,0128568	11,2868
0,0128627	11,3005
0,0128683	11,3144
0,0128766	11,3284
0,0128852	11,3422
0,0128906	11,3562
0,0128986	11,3703
0,0129066	11,3844
0,0129141	11,3988
0,0129214	11,4132
0,0129286	11,4277
0,0129356	11,4423
0,0129425	11,457
0,0129493	11,4716
0,0129563	11,4862
0,0129632	11,5009
0,0129703	11,5153
0,0129773	11,53
0,0129841	11,5447
0,0129934	11,5595
0,0130028	11,5744
0,0130096	11,5891
0,0130163	11,6038
0,013026	11,6185
0,0130354	11,6333
0,0130418	11,6482
0,0130482	11,663
0,0130546	11,6779
0,0130641	11,6927
0,0130712	11,7072
0,0130808	11,7219
0,0130873	11,7368
0,013094	11,7515
0,0131033	11,7664
0,0131099	11,7812
0,0131193	11,796
0,0131228	11,8109
0,0131319	11,8258
0,0131383	11,8407
0,0131474	11,8557
0,0131537	11,8706
0,0131601	11,8855
0,0131659	11,9007
0,0131747	11,9157
0,0131834	11,9309
0,0131895	11,9459
0,0131982	11,9611
0,0132068	11,9763
0,0132125	11,9915
0,0132211	12,0067
0,0132269	12,0219
0,0132355	12,0371
0,0132443	12,0522
0,0132502	12,0673
0,0132587	12,0826
0,0132668	12,098
0,0132756	12,1131
0,0132843	12,1283
0,01329	12,1435
0,0132986	12,1587
0,0133073	12,1739
0,0133159	12,189
0,0133247	12,2041
0,0133302	12,2194
0,013339	12,2346
0,0133479	12,2497
0,0133564	12,2649
0,013365	12,2801
0,0133738	12,2952
0,0133823	12,3105
0,0133937	12,3258
0,013402	12,3411
0,0134101	12,3565
0,0134154	12,372
0,0134234	12,3874
0,0134342	12,4029
0,0134422	12,4185
0,0134504	12,4339
0,0134554	12,4494
0,0134631	12,465
0,0134711	12,4805
0,0134792	12,496
0,0134876	12,5113
0,0134964	12,5264
0,013505	12,5416
0,013514	12,5566
0,013523	12,5716
0,0135318	12,5868
0,0135377	12,6018
0,013547	12,6167
0,0135559	12,6318
0,0135651	12,6467
0,013574	12,6618
0,0135827	12,677
0,0135886	12,692
0,0135973	12,7072
0,013606	12,7224
0,0136146	12,7376
0,0136235	12,7526
0,0136322	12,7678
0,0136411	12,7829
0,013647	12,798
0,0136558	12,8131
0,0136648	12,8281
0,0136738	12,8432
0,0136854	12,8583
0,0136915	12,8733
0,0137004	12,8884
0,0137062	12,9035
0,0137152	12,9185
0,0137242	12,9336
0,0137334	12,9485
0,0137425	12,9635
0,0137515	12,9785
0,01376	12,9937
0,0137687	13,0089
0,0137802	13,0241
0,0137889	13,0393
0,0137977	13,0544
0,0138061	13,0697
0,0138174	13,085
0,0138255	13,1004
0,0138338	13,1158
0,0138421	13,1311
0,0138512	13,1461
0,0138602	13,1611
0,0138691	13,1762
0,0138779	13,1912
0,0138868	13,2063
0,013896	13,2213
0,0139055	13,236
0,0139151	13,2508
0,013922	13,2655
0,0139288	13,2801
0,0139412	13,2949
0,0139508	13,3097
0,0139578	13,3242
0,0139678	13,3388
0,0139749	13,3533
0,0139847	13,3679
0,0139914	13,3827
0,0139981	13,3974
0,0140048	13,4121
0,0140144	13,4269
0,0140242	13,4416
0,0140309	13,4563
0,0140406	13,4709
0,0140475	13,4856
0,0140574	13,5002
0,0140646	13,5147
0,0140745	13,5293
0,0140842	13,5439
0,0140911	13,5586
0,0141009	13,5732
0,0141108	13,5878
0,0141213	13,6021
0,0141316	13,6165
0,0141393	13,6308
0,0141466	13,6452
0,0141569	13,6596
0,0141646	13,6739
0,0141728	13,6879
0,0141837	13,7021
0,0141915	13,7162
0,014199	13,7306
0,0142091	13,7451
0,0142163	13,7596
0,0142266	13,774
0,0142337	13,7885
0,0142436	13,8031
0,0142505	13,8178
0,0142595	13,8327
0,0142662	13,8475
0,0142755	13,8624
0,0142822	13,8771
0,0142888	13,8919
0,0142981	13,9068
0,014304	13,9218
0,0143103	13,9368
0,0143166	13,9517
0,0143256	13,9667
0,0143318	13,9817
0,0143407	13,9968
0,0143495	14,0119
0,0143554	14,027
0,0143612	14,0421
0,0143702	14,0572
0,0143792	14,0722
0,0143852	14,0872
0,014391	14,1024
0,0144	14,1174
0,0144088	14,1325
0,0144146	14,1477
0,0144235	14,1628
0,0144295	14,1778
0,0144387	14,1927
0,0144479	14,2077
0,014457	14,2226
0,0144663	14,2375
0,0144755	14,2524
0,0144819	14,2673
0,0144912	14,2822
0,0145009	14,2969
0,0145072	14,3118
0,0145165	14,3267
0,0145252	14,3418
0,0145338	14,357
0,0145426	14,3722
0,014551	14,3875
0,0145594	14,4027
0,0145679	14,418
0,0145765	14,4332
0,0145817	14,4486
0,0145927	14,4641
0,0146007	14,4796
0,0146086	14,4951
0,0146166	14,5106
0,0146244	14,5262
0,0146319	14,542
0,0146396	14,5575
0,0146469	14,5734
0,014654	14,5893
0,0146615	14,605
0,0146688	14,6209
0,0146765	14,6365
0,0146842	14,6521
0,0146944	14,6679
0,014699	14,6836
0,0147066	14,6994
0,0147141	14,7151
0,0147248	14,7307
0,0147327	14,7462
0,0147436	14,7617
0,0147517	14,7772
0,0147627	14,7926
0,0147707	14,8081
0,0147788	14,8236
0,0147872	14,8388
0,0147958	14,8541
0,0148045	14,8692
0,0148135	14,8842
0,0148191	14,8995
0,0148276	14,9148
0,0148361	14,93
0,0148445	14,9453
0,0148559	14,9605
0,0148647	14,9757
0,0148703	14,9909
0,0148789	15,0061
0,0148905	15,0213
0,0148961	15,0366
0,014908	15,0516
0,0149173	15,0664
0,0149268	15,0813
0,0149363	15,096
0,0149458	15,1108
0,0149523	15,1256
0,0149616	15,1405
0,0149713	15,1552
0,0149805	15,1701
0,0149896	15,1851
0,0149957	15,2001
0,0150044	15,2153
0,0150133	15,2303
0,0150191	15,2455
0,0150276	15,2607
0,0150362	15,276
0,0150448	15,2912
0,0150503	15,3065
0,0150591	15,3216
0,0150683	15,3365
0,015077	15,3517
0,0150889	15,3667
0,0150947	15,3818
0,0151035	15,3969
0,0151125	15,412
0,0151214	15,427
0,0151302	15,4422
0,0151364	15,4571
0,0151452	15,4723
0,0151509	15,4875
0,0151597	15,5025
0,0151683	15,5177
0,0151741	15,5329
0,0151828	15,5481
0,0151916	15,5632
0,0151976	15,5782
0,0152096	15,5932
0,0152157	15,6082
0,0152244	15,6234
0,0152305	15,6384
0,0152392	15,6536
0,0152483	15,6685
0,0152576	15,6834
0,0152665	15,6985
0,0152726	15,7135
0,0152813	15,7286
0,01529	15,7438
0,0152957	15,7591
0,0153045	15,7741
0,0153127	15,7895
0,015321	15,8049
0,0153288	15,8205
0,0153367	15,836
0,0153449	15,8514
0,015353	15,8669
0,0153614	15,8822
0,0153722	15,8977
0,0153801	15,9132
0,0153876	15,929
0,0153952	15,9446
0,0154059	15,9602
0,0154136	15,9759
0,0154211	15,9916
0,0154281	16,0076
0,015435	16,0236
0,0154415	16,0397
0,0154516	16,0556
0,0154589	16,0714
0,0154665	16,0872
0,0154769	16,1029
0,0154844	16,1186
0,0154948	16,1343
0,0155054	16,1499
0,015516	16,1656
0,0155232	16,1814
0,0155304	16,1974
0,015537	16,2135
0,0155434	16,2298
0,0155527	16,246
0,015559	16,2622
0,0155653	16,2786
0,0155716	16,295
0,0155777	16,3113
0,0155839	16,3277
0,0155935	16,3438
0,0156002	16,3599
0,0156069	16,376
0,0156163	16,3921
0,0156229	16,4084
0,0156293	16,4246
0,0156383	16,4409
0,0156475	16,4573
0,0156563	16,4738
0,0156652	16,4901
0,0156712	16,5066
0,0156798	16,5232
0,0156853	16,5399
0,0156912	16,5564
0,0156969	16,573
0,0157052	16,5896
0,0157137	16,6064
0,0157221	16,6231
0,0157279	16,6396
0,0157364	16,6562
0,0157449	16,6729
0,0157533	16,6895
0,0157615	16,7063
0,0157696	16,7231
0,0157775	16,74
0,0157854	16,757
0,015793	16,774
0,0157973	16,7913
0,015804	16,8087
0,0158106	16,8262
0,015817	16,8439
0,0158264	16,8615
0,0158328	16,8791
0,0158389	16,8969
0,0158477	16,9147
0,0158537	16,9325
0,0158628	16,9502
0,0158692	16,9679
0,0158786	16,9855
0,0158876	17,0032
0,0158935	17,0211
0,0159024	17,039
0,0159084	17,0568
0,0159147	17,0745
0,015924	17,0921
0,0159304	17,1096
0,0159393	17,1275
0,0159455	17,1453
0,0159515	17,163
0,0159606	17,1808
0,0159669	17,1985
0,0159759	17,2162
0,015985	17,2339
0,0159942	17,2516
0,0160001	17,2696
0,0160061	17,2874
0,0160151	17,3051
0,0160235	17,3232
0,0160315	17,3413
0,0160367	17,3596
0,0160474	17,378
0,0160551	17,3964
0,0160626	17,4148
0,0160724	17,4336
0,0160794	17,4523
0,0160864	17,471
0,0160958	17,49
0,0161027	17,5088
0,0161097	17,5275
0,0161194	17,5463
0,0161261	17,5652
0,0161357	17,584
0,0161422	17,6031
0,0161489	17,6219
0,0161558	17,6407
0,0161652	17,6596
0,0161717	17,6785
0,016181	17,6975
0,0161901	17,7166
0,0161994	17,7356
0,0162059	17,7547
0,0162122	17,7737
0,0162216	17,7926
0,0162278	17,8118
0,0162368	17,8308
0,0162432	17,8499
0,0162504	17,8686
0,0162603	17,8872
0,0162676	17,9058
0,016275	17,9243
0,0162856	17,9428
0,0162932	17,9612
0,0163042	17,9796
0,0163122	17,9983
0,016323	18,0169
0,016331	18,0356
0,0163385	18,0544
0,016346	18,0733
0,0163537	18,0919
0,0163641	18,1107
0,0163715	18,1297
0,0163791	18,1485
0,0163869	18,1671
0,0163953	18,1856
0,0164067	18,2039
0,0164149	18,2224
0,0164233	18,2409
0,0164318	18,2592
0,0164431	18,2775
0,0164519	18,2958
0,0164605	18,314
0,016472	18,3324
0,0164804	18,3507
0,0164913	18,3694
0,0164964	18,388
0,0165073	18,4065
0,0165183	18,4251
0,0165231	18,4439
0,0165308	18,4626
0,0165416	18,4812
0,0165491	18,5
0,0165572	18,5186
0,0165652	18,5373
0,0165736	18,5557
0,0165821	18,574
0,0165906	18,5923
0,0165993	18,6106
0,0166084	18,6287
0,0166176	18,6468
0,0166295	18,6648
0,016636	18,6826
0,0166451	18,7007
0,0166545	18,7187
0,016664	18,7366
0,0166728	18,7548
0,0166788	18,7729
0,0166875	18,7912
0,0166962	18,8095
0,0167046	18,8278
0,0167132	18,8461
0,0167216	18,8645
0,01673	18,883
0,0167355	18,9014
0,0167438	18,9197
0,0167526	18,938
0,0167615	18,9561
0,0167733	18,9743
0,0167819	18,9926
0,0167902	19,011
0,0167986	19,0294
0,0168095	19,048
0,0168176	19,0667
0,0168256	19,0852
0,0168335	19,1038
0,0168416	19,1223
0,0168526	19,1409
0,0168582	19,1593
0,0168667	19,1776
0,0168731	19,1957
0,0168849	19,2138
0,0168946	19,2316
0,0169041	19,2494
0,0169137	19,2672
0,0169235	19,2849
0,0169336	19,3025
0,0169433	19,3203
0,0169531	19,338
0,0169602	19,3556
0,0169671	19,3734
0,0169769	19,3911
0,0169868	19,4088
0,0169938	19,4264
0,0170009	19,4441
0,0170108	19,4618
0,0170175	19,4796
0,0170246	19,4972
0,0170345	19,5149
0,0170414	19,5326
0,0170514	19,5503
0,0170612	19,5679
0,0170652	19,5857
0,017075	19,6034
0,0170819	19,6211
0,0170886	19,6389
0,0170955	19,6566
0,0171024	19,6743
0,0171092	19,6922
0,017119	19,7099
0,0171257	19,7277
0,0171324	19,7455
0,0171422	19,7632
0,0171522	19,7809
0,0171593	19,7985
0,0171665	19,8161
0,0171764	19,8338
0,0171834	19,8515
0,0171935	19,869
0,0172038	19,8865
0,017211	19,9041
0,0172216	19,9214
0,0172288	19,939
0,0172362	19,9565
0,0172461	19,9742
0,0172559	19,9919
0,0172659	20,0096
0,0172757	20,0273
0,0172826	20,045
0,017292	20,0629
0,0172986	20,0807
0,0173047	20,0989
0,0173111	20,1169
0,0173201	20,1349
0,0173266	20,1529
0,0173362	20,1707
0,0173425	20,1886
0,0173518	20,2067
0,0173615	20,2244
0,0173687	20,242
0,0173763	20,2593
0,0173843	20,2765
0,0173922	20,2939
0,017403	20,3111
0,0174111	20,3282
0,017422	20,3454
0,0174303	20,3625
0,0174417	20,3794
0,0174499	20,3965
0,0174577	20,4137
0,0174656	20,4311
0,0174737	20,4482
0,0174821	20,4651
0,0174911	20,4818
0,0174996	20,4988
0,0175141	20,5157
0,0175231	20,5324
0,0175351	20,549
0,0175443	20,5656
0,0175541	20,5819
0,0175632	20,5987
0,0175694	20,6153
0,0175782	20,6321
0,0175868	20,649
0,0175989	20,6657
0,0176052	20,6822
0,0176141	20,699
0,0176259	20,7157
0,0176348	20,7325
0,0176436	20,7493
0,0176528	20,7659
0,0176594	20,7824
0,0176687	20,799
0,0176781	20,8155
0,0176874	20,8319
0,0176967	20,8485
0,0177032	20,865
0,0177101	20,8814
0,0177196	20,8979
0,0177293	20,9142
0,0177392	20,9306
0,0177463	20,9468
0,0177566	20,9628
0,0177672	20,9788
0,0177749	20,9947
0,017783	21,0104
0,0177914	21,026
0,0178022	21,0418
0,0178108	21,0574
0,0178193	21,073
0,0178248	21,0885
0,0178361	21,1042
0,0178443	21,1198
0,017853	21,1353
0,0178646	21,1507
0,0178705	21,1661
0,0178821	21,1815
0,0178909	21,1969
0,0178999	21,2122
0,0179115	21,2277
0,0179205	21,243
0,0179295	21,2583
0,0179384	21,2737
0,0179467	21,2893
0,0179552	21,3048
0,017961	21,3203
0,01797	21,3356
0,0179762	21,3509
0,0179882	21,3661
0,0179946	21,3813
0,0180038	21,3965
0,018016	21,4117
0,0180254	21,4267
0,0180352	21,4417
0,0180446	21,4568
0,0180513	21,4718
0,0180605	21,487
0,0180699	21,5021
0,0180795	21,5171
0,0180861	21,5322
0,018096	21,5471
0,0181058	21,562
0,0181157	21,5768
0,018123	21,5916
0,0181331	21,6064
0,0181432	21,6211
0,0181502	21,636
0,0181571	21,6509
0,0181664	21,666
0,018173	21,6811
0,0181796	21,6962
0,0181892	21,7112
0,0181957	21,7263
0,0182023	21,7414
0,0182089	21,7564
0,0182184	21,7715
0,0182252	21,7865
0,0182351	21,8014
0,0182423	21,8161
0,0182523	21,8309
0,0182595	21,8458
0,0182693	21,8606
0,0182766	21,8753
0,018284	21,89
0,018294	21,9048
0,0183013	21,9195
0,0183114	21,9343
0,0183215	21,9491
0,0183287	21,9639
0,0183359	21,9786
0,0183454	21,9937
0,0183519	22,0088
0,0183607	22,0242
0,0183663	22,0397
0,0183747	22,0553
0,0183831	22,071
0,018388	22,0868
0,0183956	22,1028
0,018403	22,1188
0,0184102	22,1351
0,0184175	22,1512
0,0184278	22,1672
0,0184349	22,1834
0,018442	22,1996
0,0184519	22,2159
0,0184588	22,2322
0,0184658	22,2485
0,0184727	22,2648
0,0184823	22,2813
0,0184889	22,2978
0,0184984	22,3141
0,0185047	22,3309
0,0185114	22,3472
0,0185208	22,3637
0,0185306	22,3801
0,0185373	22,3964
0,0185441	22,4128
0,0185509	22,4293
0,0185605	22,4456
0,0185673	22,462
0,0185769	22,4784
0,0185808	22,4948
0,0185904	22,5112
0,0185973	22,5275
0,018607	22,5439
0,0186137	22,5602
0,0186233	22,5767
0,0186299	22,5932
0,0186362	22,6098
0,0186458	22,6262
0,0186495	22,6426
0,018665	22,659
0,018672	22,6753
0,018679	22,6916
0,0186888	22,7079
0,018696	22,7241
0,0187061	22,7403
0,0187136	22,7563
0,0187245	22,772
0,0187325	22,7879
0,0187438	22,8035
0,0187522	22,8191
0,0187605	22,8347
0,0187716	22,8503
0,0187798	22,8661
0,0187878	22,8818
0,0187984	22,8978
0,0188064	22,9136
0,0188141	22,9296
0,0188246	22,9454
0,0188322	22,9615
0,0188399	22,9774
0,0188472	22,9935
0,0188578	23,0094
0,0188658	23,0253
0,0188742	23,0409
0,018886	23,0563
0,0188947	23,0717
0,0189037	23,087
0,0189159	23,1022
0,0189222	23,1174
0,0189313	23,1326
0,0189437	23,1476
0,0189502	23,1628
0,0189624	23,178
0,0189689	23,193
0,0189776	23,2085
0,0189867	23,2237
0,0189957	23,2391
0,0190046	23,2544
0,0190136	23,2697
0,0190201	23,2848
0,0190293	23,3
0,019036	23,3151
0,0190456	23,3301
0,0190522	23,3451
0,0190623	23,3599
0,0190696	23,3746
0,0190798	23,3893
0,0190902	23,404
0,0191006	23,4186
0,0191109	23,4333
0,0191185	23,4479
0,0191259	23,4625
0,0191364	23,4771
0,0191439	23,4918
0,0191546	23,5062
0,0191647	23,521
0,0191723	23,5356
0,0191824	23,5503
0,01919	23,5649
0,0192003	23,5796
0,0192077	23,5943
0,0192181	23,6089
0,0192254	23,6236
0,0192354	23,6384
0,0192426	23,6532
0,0192528	23,668
0,0192599	23,6827
0,0192701	23,6975
0,01928	23,7123
0,0192871	23,7272
0,0192972	23,7419
0,0193071	23,7568
0,0193141	23,7717
0,0193239	23,7866
0,0193307	23,8016
0,0193403	23,8166
0,0193472	23,8315
0,0193571	23,8464
0,0193643	23,8611
0,0193739	23,8762
0,0193808	23,891
0,0193877	23,906
0,0193978	23,9208
0,0194054	23,9354
0,0194127	23,9501
0,019423	23,9647
0,0194301	23,9795
0,0194342	23,9944
0,0194442	24,0092
0,0194519	24,0238
0,0194592	24,0384
0,0194695	24,0532
0,0194768	24,0679
0,0194868	24,0827
0,0194944	24,0973
0,0195019	24,1119
0,0195126	24,1264
0,0195206	24,1407
0,0195285	24,1552
0,0195391	24,1697
0,0195468	24,1843
0,0195548	24,1986
0,0195654	24,2132
0,0195731	24,2277
0,0195802	24,2425
0,0195871	24,2574
0,0195969	24,2723
0,0196039	24,2872
0,0196109	24,3021
0,0196176	24,3171
0,0196243	24,3321
0,0196337	24,3472
0,0196402	24,3624
0,0196499	24,3773
0,0196595	24,3923
0,0196692	24,4073
0,0196759	24,4223
0,0196826	24,4373
0,0196892	24,4524
0,0196986	24,4675
0,0197053	24,4825
0,0197146	24,4977
0,0197211	24,5127
0,0197304	24,5279
0,0197399	24,543
0,0197463	24,5581
0,019753	24,5732
0,0197622	24,5883
0,0197687	24,6034
0,0197781	24,6186
0,0197875	24,6337
0,0197971	24,6487
0,0198011	24,6636
0,0198107	24,6786
0,0198208	24,6934
0,0198284	24,7079
0,0198387	24,7226
0,019849	24,7373
0,0198566	24,7519
0,0198641	24,7665
0,0198746	24,7811
0,0198823	24,7956
0,0198897	24,8103
0,0199002	24,8249
0,0199078	24,8395
0,0199181	24,8541
0,0199227	24,8688
0,0199302	24,8834
0,0199405	24,8981
0,0199479	24,9128
0,0199551	24,9275
0,0199622	24,9423
0,0199696	24,957
0,0199769	24,9717
0,0199866	24,9867
0,0199965	25,0016
0,0200032	25,0165
0,0200131	25,0315
0,0200195	25,0466
0,0200287	25,0618
0,0200381	25,0769
0,0200475	25,092
0,020054	25,1072
0,0200632	25,1224
0,0200697	25,1374
0,0200791	25,1526
0,0200885	25,1677
0,0200979	25,1828
0,0201075	25,1977
0,020117	25,2128
0,0201266	25,2279
0,020133	25,243
0,0201422	25,2582
0,0201516	25,2734
0,0201609	25,2885
0,0201671	25,3038
0,020176	25,3191
0,0201817	25,3346
0,0201908	25,3499
0,0202	25,3651
0,0202063	25,3803
0,0202155	25,3955
0,0202247	25,4107
0,0202337	25,426
0,0202429	25,4412
0,0202491	25,4565
0,0202587	25,4715
0,0202654	25,4865
0,0202748	25,5016
0,0202809	25,5169
0,0202873	25,532
0,0202967	25,5472
0,0203063	25,5622
0,0203132	25,5771
0,0203198	25,5922
0,0203294	25,6072
0,0203392	25,6221
0,0203491	25,637
0,0203591	25,6518
0,0203665	25,6664
0,0203766	25,6812
0,0203837	25,696
0,0203909	25,7108
0,020401	25,7256
0,0204082	25,7403
0,0204158	25,755
0,0204258	25,7697
0,0204332	25,7844
0,0204436	25,799
0,020451	25,8137
0,0204584	25,8284
0,020469	25,8429
0,0204764	25,8576
0,0204839	25,8722
0,0204944	25,8868
0,0205019	25,9015
0,0205094	25,9161
0,0205199	25,9307
0,0205298	25,9455
0,0205341	25,9603
0,020544	25,9751
0,0205542	25,9899
0,0205615	26,0046
0,0205717	26,0193
0,0205789	26,0341
0,0205858	26,049
0,0205957	26,0639
0,0206028	26,0787
0,0206129	26,0935
0,0206232	26,1081
0,0206302	26,123
0,0206371	26,1379
0,020647	26,1528
0,0206539	26,1677
0,0206637	26,1826
0,0206709	26,1974
0,0206807	26,2123
0,0206878	26,2271
0,0206978	26,242
0,0207048	26,2568
0,0207151	26,2715
0,0207224	26,2862
0,0207325	26,301
0,0207399	26,3157
0,0207473	26,3303
0,0207548	26,345
0,0207653	26,3595
0,0207727	26,3742
0,02078	26,389
0,02079	26,4038
0,0207972	26,4186
0,0208043	26,4333
0,0208113	26,4482
0,0208209	26,4632
0,0208276	26,4783
0,020837	26,4933
0,0208435	26,5085
0,0208498	26,5237
0,0208591	26,5388
0,0208682	26,5541
0,0208769	26,5695
0,0208855	26,585
0,0208941	26,6005
0,0209029	26,6159
0,0209118	26,6313
0,0209178	26,6466
0,0209295	26,662
0,020938	26,6775
0,0209437	26,6931
0,0209524	26,7085
0,0209613	26,7239
0,0209673	26,7392
0,0209759	26,7547
0,0209847	26,7701
0,0209932	26,7857
0,0210013	26,8013
0,0210097	26,8169
0,021015	26,8327
0,0210234	26,8483
0,0210316	26,8639
0,021037	26,8796
0,0210449	26,8954
0,0210532	26,9111
0,0210611	26,9269
0,021069	26,9427
0,0210742	26,9585
0,0210823	26,9742
0,0210904	26,9899
0,0210985	27,0057
0,0211067	27,0214
0,0211118	27,0372
0,0211199	27,0529
0,0211278	27,0688
0,0211357	27,0846
0,0211435	27,1005
0,0211514	27,1163
0,0211587	27,1324
0,0211662	27,1485
0,0211764	27,1646
0,0211808	27,1807
0,0211881	27,1968
0,0211985	27,2128
0,0212055	27,2292
0,0212127	27,2453
0,0212199	27,2615
0,0212297	27,2778
0,0212371	27,2939
0,0212443	27,31
0,0212514	27,3262
0,0212581	27,3427
0,021265	27,3591
0,0212743	27,3755
0,0212812	27,3919
0,021291	27,4081
0,0213007	27,4246
0,0213075	27,441
0,0213141	27,4574
0,0213236	27,4739
0,0213302	27,4903
0,0213371	27,5066
0,0213467	27,5231
0,0213533	27,5396
0,0213627	27,5561
0,0213688	27,5728
0,0213782	27,5893
0,0213872	27,6059
0,0213993	27,6226
0,0214053	27,6393
0,0214143	27,6561
0,0214204	27,6728
0,0214297	27,6894
0,0214392	27,7057
0,0214487	27,7222
0,0214556	27,7386
0,0214626	27,7548
0,0214699	27,7709
0,0214775	27,7869
0,0214878	27,803
0,0214985	27,8189
0,021506	27,835
0,0215166	27,8509
0,0215243	27,8669
0,0215322	27,8826
0,02154	27,8986
0,0215506	27,9145
0,0215617	27,9301
0,0215695	27,9461
0,0215778	27,9617
0,0215888	27,9775
0,0215973	27,993
0,0216086	28,0086
0,0216168	28,0242
0,0216247	28,0401
0,0216333	28,0556
0,0216446	28,0712
0,0216526	28,087
0,0216611	28,1025
0,021672	28,1184
0,02168	28,1341
0,0216881	28,1499
0,0216959	28,1658
0,0217042	28,1814
0,0217158	28,1969
0,0217239	28,2125
0,0217323	28,2281
0,0217436	28,2438
0,0217549	28,2594
0,0217636	28,2748
0,0217727	28,2901
0,0217786	28,3055
0,0217878	28,3207
0,0218	28,3359
0,0218062	28,3511
0,0218186	28,3662
0,0218254	28,3812
0,0218348	28,3962
0,0218416	28,4112
0,0218512	28,4262
0,0218609	28,4412
0,0218707	28,4561
0,0218806	28,471
0,0218904	28,4859
0,0219002	28,5008
0,0219103	28,5156
0,0219171	28,5306
0,0219243	28,5453
0,0219348	28,5599
0,0219451	28,5746
0,0219529	28,589
0,0219607	28,6036
0,0219714	28,618
0,0219766	28,6323
0,0219879	28,6465
0,0219963	28,6608
0,022005	28,6748
0,0220138	28,6888
0,0220225	28,7028
0,0220345	28,7167
0,0220432	28,7307
0,022052	28,7447
0,0220609	28,7587
0,0220696	28,7727
0,0220785	28,7867
0,0220873	28,8006
0,0220963	28,8146
0,0221021	28,8287
0,0221108	28,8427
0,0221195	28,8567
0,0221285	28,8706
0,0221376	28,8845
0,0221465	28,8984
0,0221552	28,9125
0,0221639	28,9265
0,0221727	28,9405
0,0221815	28,9545
0,0221903	28,9685
0,0221963	28,9825
0,0222049	28,9965
0,0222137	29,0105
0,0222227	29,0245
0,0222317	29,0383
0,0222411	29,052
0,0222475	29,0658
0,0222563	29,0798
0,0222656	29,0936
0,0222776	29,1074
0,0222841	29,1211
0,0222966	29,1347
0,0223034	29,1482
0,0223129	29,1619
0,0223227	29,1755
0,0223325	29,189
0,0223398	29,2023
0,0223476	29,2154
0,0223581	29,2285
0,022366	29,2416
0,0223769	29,2546
0,0223847	29,2676
0,0223955	29,2807
0,0224036	29,2936
0,0224114	29,3066
0,0224193	29,3197
0,0224297	29,3329
0,0224374	29,346
0,0224451	29,3592
0,0224557	29,3723
0,0224633	29,3855
0,0224708	29,3987
0,0224784	29,4119
0,0224859	29,4251
0,0224936	29,4382
0,0225041	29,4514
0,0225119	29,4644
0,0225193	29,4777
0,0225269	29,4909
0,0225342	29,5042
0,0225443	29,5176
0,0225546	29,5309
0,0225592	29,5441
0,0225693	29,5574
0,0225765	29,5709
0,0225837	29,5842
0,0225937	29,5976
0,022601	29,6109
0,0226083	29,6243
0,0226186	29,6376
0,0226261	29,6508
0,0226365	29,6639
0,0226438	29,6772
0,0226515	29,6904
0,0226622	29,7035
0,0226727	29,7166
0,0226803	29,7298
0,022688	29,743
0,0226982	29,7563
0,0227061	29,7693
0,0227138	29,7825
0,0227242	29,7957
0,0227318	29,8088
0,0227422	29,822
0,0227497	29,8353
0,0227572	29,8485
0,0227649	29,8616
0,0227754	29,8748
0,0227832	29,8879
0,0227905	29,9012
0,0227977	29,9146
0,0228053	29,9277
0,0228124	29,9412
0,0228226	29,9545
0,0228299	29,9678
0,022837	29,9812
0,0228441	29,9946
0,0228543	30,0079
0,0228617	30,0212
0,0228689	30,0346
0,0228792	30,0479
0,0228836	30,0612
0,0228913	30,0743
0,0228988	30,0875
0,0229061	30,1008
0,0229163	30,1141
0,0229234	30,1276
0,0229305	30,141
0,0229373	30,1545
0,0229445	30,1679
0,0229543	30,1814
0,0229612	30,1949
0,0229679	30,2086
0,0229747	30,2221
0,0229844	30,2357
0,0229915	30,2491
0,0230014	30,2625
0,0230084	30,276
0,0230155	30,2894
0,0230252	30,303
0,0230326	30,3162
0,0230425	30,3298
0,0230526	30,3431
0,0230597	30,3565
0,0230668	30,3699
0,0230767	30,3834
0,0230841	30,3967
0,0230913	30,41
0,0230987	30,4233
0,0231087	30,4367
0,0231186	30,4501
0,0231255	30,4637
0,0231326	30,4771
0,0231455	30,4905
0,0231528	30,5038
0,0231604	30,517
0,0231703	30,5305
0,0231777	30,5437
0,0231848	30,5571
0,0231947	30,5706
0,0232048	30,584
0,0232121	30,5973
0,023222	30,6108
0,0232289	30,6243
0,0232354	30,638
0,0232447	30,6517
0,0232512	30,6655
0,0232573	30,6793
0,0232665	30,6932
0,0232729	30,7069
0,0232791	30,7208
0,0232882	30,7346
0,0232944	30,7484
0,0233039	30,7621
0,0233102	30,7759
0,0233164	30,7898
0,0233259	30,8035
0,0233352	30,8172
0,0233418	30,8309
0,0233512	30,8445
0,0233579	30,8582
0,0233645	30,8718
0,0233742	30,8854
0,0233807	30,8991
0,0233903	30,9127
0,0234002	30,9261
0,0234096	30,9398
0,0234193	30,9534
0,023426	30,967
0,0234357	30,9806
0,0234423	30,9943
0,0234517	31,0079
0,023461	31,0217
0,0234672	31,0355
0,0234768	31,0492
0,0234829	31,063
0,0234922	31,0768
0,0235016	31,0905
0,0235078	31,1044
0,0235169	31,1182
0,0235233	31,132
0,0235352	31,1459
0,0235443	31,1597
0,0235505	31,1736
0,023562	31,1877
0,0235708	31,2017
0,0235795	31,2158
0,0235879	31,2299
0,0235967	31,2439
0,0236022	31,2581
0,0236133	31,2724
0,0236216	31,2866
0,0236295	31,3011
0,0236376	31,3154
0,0236455	31,3298
0,0236534	31,3443
0,0236608	31,3589
0,0236682	31,3736
0,0236753	31,3884
0,0236827	31,4031
0,0236902	31,4177
0,0236975	31,4324
0,0237052	31,447
0,0237096	31,4617
0,02372	31,4763
0,0237246	31,491
0,0237354	31,5054
0,0237401	31,52
0,0237507	31,5345
0,0237553	31,5491
0,0237625	31,5639
0,0237727	31,5786
0,0237798	31,5934
0,0237872	31,6082
0,023794	31,6231
0,0238007	31,6381
0,0238071	31,6533
0,0238165	31,6683
0,023823	31,6835
0,0238325	31,6985
0,0238393	31,7134
0,023846	31,7285
0,0238524	31,7437
0,0238617	31,7589
0,0238682	31,7739
0,0238781	31,7888
0,0238851	31,8036
0,0238945	31,8187
0,0239042	31,8337
0,0239104	31,849
0,0239168	31,8641
0,0239258	31,8795
0,0239349	31,8947
0,0239411	31,91
0,0239529	31,9253
0,0239557	31,9408
0,0239644	31,9563
0,0239731	31,9717
0,0239789	31,9872
0,0239873	32,0027
0,0239953	32,0185
0,0240035	32,0342
0,0240118	32,0499
0,024017	32,0656
0,0240251	32,0814
0,024033	32,0971
0,0240439	32,113
0,0240488	32,1288
0,0240566	32,1447
0,0240647	32,1605
0,0240727	32,1762
0,0240807	32,192
0,0240888	32,2077
0,0240965	32,2237
0,0241046	32,2394
0,0241128	32,2551
0,024121	32,2708
0,024129	32,2866
0,0241371	32,3023
0,0241452	32,3181
0,0241535	32,3337
0,0241589	32,3493
0,0241669	32,3651
0,0241781	32,3808
0,0241831	32,3965
0,0241909	32,4125
0,0241985	32,4285
0,0242063	32,4444
0,0242139	32,4603
0,0242216	32,4763
0,0242291	32,4924
0,0242367	32,5082
0,0242444	32,5242
0,0242519	32,5402
0,0242623	32,5563
0,0242699	32,5722
0,0242775	32,5882
0,0242878	32,6043
0,0242953	32,6204
0,0243055	32,6365
0,024313	32,6525
0,0243232	32,6686
0,0243332	32,6849
0,0243406	32,701
0,024348	32,717
0,0243554	32,7331
0,0243658	32,7492
0,0243731	32,7652
0,0243833	32,7813
0,0243907	32,7974
0,0244012	32,8134
0,0244088	32,8294
0,0244164	32,8454
0,024424	32,8614
0,0244343	32,8775
0,0244419	32,8935
0,0244524	32,9094
0,0244632	32,9252
0,0244711	32,9411
0,0244791	32,9568
0,0244869	32,9727
0,024498	32,9885
0,0245059	33,0043
0,0245141	33,0201
0,0245222	33,0357
0,0245334	33,0513
0,0245419	33,067
0,0245505	33,0825
0,0245591	33,098
0,024565	33,1133
0,0245739	33,1287
0,0245855	33,1442
0,0245947	33,1594
0,024604	33,1745
0,0246101	33,1898
0,0246195	33,205
0,0246286	33,2202
0,0246349	33,2354
0,0246472	33,2505
0,0246537	33,2656
0,0246631	33,2807
0,0246729	33,2957
0,0246826	33,3106
0,0246921	33,3257
0,0247022	33,3404
0,0247093	33,3552
0,0247193	33,3701
0,0247265	33,3848
0,0247366	33,3997
0,0247434	33,4146
0,0247533	33,4294
0,0247633	33,4443
0,0247733	33,4591
0,0247803	33,4739
0,0247874	33,4888
0,0247971	33,5038
0,0248043	33,5186
0,0248143	33,5333
0,0248246	33,548
0,0248349	33,5627
0,0248426	33,5773
0,0248498	33,592
0,0248603	33,6066
0,0248709	33,6211
0,0248758	33,6356
0,0248865	33,6501
0,0248944	33,6646
0,024905	33,679
0,0249127	33,6935
0,0249208	33,7079
0,0249314	33,7224
0,0249397	33,7367
0,0249479	33,7509
0,0249559	33,7653
0,0249669	33,7797
0,0249752	33,7939
0,0249837	33,8081
0,0249925	33,822
0,0250014	33,836
0,0250102	33,85
0,0250191	33,864
0,0250307	33,878
0,0250367	33,892
0,025046	33,9057
0,0250551	33,9196
0,0250639	33,9335
0,0250726	33,9476
0,0250811	33,9617
0,0250869	33,9758
0,0250957	33,9897
0,0251046	34,0037
0,0251133	34,0178
0,0251218	34,0319
0,0251301	34,0461
0,0251384	34,0604
0,0251499	34,0745
0,0251581	34,0887
0,0251667	34,1028
0,0251748	34,1172
0,0251829	34,1315
0,025191	34,1459
0,025199	34,1602
0,0252071	34,1746
0,0252181	34,189
0,0252261	34,2033
0,0252341	34,2177
0,025242	34,2321
0,0252498	34,2466
0,0252607	34,261
0,0252684	34,2755
0,0252757	34,2903
0,0252862	34,3048
0,0252935	34,3196
0,0253013	34,334
0,0253061	34,3486
0,0253165	34,3632
0,0253244	34,3776
0,0253321	34,3922
0,0253398	34,4067
0,0253508	34,421
0,025359	34,4353
0,025364	34,4497
0,025375	34,4641
0,0253827	34,4786
0,0253903	34,4932
0,0254009	34,5077
0,0254057	34,5222
0,0254133	34,5369
0,0254211	34,5513
0,0254288	34,5658
0,0254396	34,5803
0,0254478	34,5945
0,025456	34,6088
0,0254611	34,6232
0,0254723	34,6375
0,0254778	34,6517
0,0254892	34,6658
0,0254977	34,6799
0,0255063	34,694
0,0255146	34,7083
0,0255229	34,7225
0,0255312	34,7367
0,0255394	34,751
0,0255478	34,7652
0,0255562	34,7794
0,0255641	34,7938
0,0255719	34,8083
0,0255799	34,8227
0,0255875	34,8373
0,0255956	34,8516
0,0256033	34,8661
0,0256111	34,8806
0,0256189	34,8951
0,0256265	34,9097
0,0256372	34,9242
0,0256452	34,9385
0,0256532	34,9529
0,0256639	34,9674
0,0256692	34,9818
0,0256769	34,9962
0,0256847	35,0107
0,0256952	35,0253
0,0257028	35,0399
0,0257134	35,0544
0,0257208	35,069
0,0257311	35,0837
0,0257357	35,0984
0,0257463	35,1129
0,0257537	35,1276
0,0257614	35,1421
0,0257691	35,1566
0,0257768	35,1712
0,0257876	35,1855
0,0257956	35,2
0,0258066	35,2143
0,0258149	35,2286
0,025823	35,2429
0,0258312	35,2572
0,0258397	35,2713
0,0258479	35,2856
0,0258565	35,2997
0,0258651	35,3138
0,0258736	35,3279
0,0258822	35,342
0,0258879	35,3561
0,0258964	35,3702
0,025905	35,3843
0,0259166	35,3984
0,0259252	35,4125
0,025934	35,4265
0,0259427	35,4406
0,0259514	35,4546
0,0259572	35,4686
0,0259659	35,4827
0,0259744	35,4968
0,0259856	35,511
0,0259942	35,5251
0,0260027	35,5393
0,0260111	35,5535
0,0260194	35,5677
0,0260273	35,5822
0,0260384	35,5965
0,0260464	35,6108
0,0260576	35,6251
0,0260665	35,639
0,0260756	35,6529
0,0260841	35,667
0,0260931	35,6809
0,0261018	35,6949
0,0261105	35,709
0,0261225	35,7229
0,0261288	35,7367
0,0261405	35,7507
0,0261493	35,7646
0,0261578	35,7788
0,0261664	35,7929
0,026172	35,807
0,0261807	35,8211
0,0261892	35,8352
0,0261979	35,8492
0,0262067	35,8633
0,0262154	35,8773
0,0262245	35,8912
0,0262336	35,905
0,0262426	35,9189
0,0262487	35,9328
0,026258	35,9466
0,0262669	35,9605
0,0262761	35,9744
0,0262855	35,988
0,0262919	36,0018
0,0263012	36,0156
0,0263105	36,0293
0,0263169	36,043
0,0263263	36,0568
0,0263328	36,0704
0,0263419	36,0843
0,0263487	36,0978
0,0263583	36,1115
0,026365	36,1251
0,0263777	36,1386
0,0263845	36,1522
0,0263914	36,1656
0,0264013	36,1792
0,0264112	36,1926
0,0264186	36,2059
0,0264262	36,2191
0,0264395	36,2323
0,0264469	36,2455
0,0264572	36,2588
0,026465	36,2719
0,0264753	36,2852
0,0264828	36,2984
0,0264931	36,3116
0,0265033	36,325
0,0265102	36,3385
0,0265175	36,3518
0,0265275	36,3652
0,026535	36,3785
0,0265453	36,3917
0,0265495	36,4052
0,026557	36,4184
0,0265672	36,4317
0,0265745	36,445
0,0265819	36,4583
0,0265893	36,4716
0,0265991	36,485
0,026609	36,4985
0,0266161	36,512
0,0266256	36,5256
0,0266326	36,5391
0,0266391	36,5528
0,0266485	36,5665
0,0266551	36,5801
0,0266645	36,5939
0,0266738	36,6076
0,0266804	36,6213
0,0266868	36,635
0,0266958	36,6489
0,0267049	36,6627
0,026711	36,6766
0,0267203	36,6904
0,0267268	36,7041
0,0267332	36,7179
0,0267423	36,7318
0,0267486	36,7455
0,026755	36,7593
0,0267642	36,7731
0,0267736	36,7867
0,0267805	36,8003
0,0267899	36,814
0,0267964	36,8277
0,0268057	36,8414
0,026812	36,8553
0,0268213	36,869
0,0268306	36,8828
0,0268366	36,8967
0,0268458	36,9105
0,0268548	36,9244
0,0268606	36,9385
0,0268693	36,9525
0,026878	36,9666
0,0268863	36,9808
0,0268918	36,995
0,0268999	37,0093
0,0269108	37,0237
0,0269159	37,0381
0,0269237	37,0526
0,0269312	37,0672
0,0269414	37,0819
0,0269458	37,0967
0,0269557	37,1115
0,0269598	37,1263
0,0269697	37,1412
0,0269791	37,1563
0,0269829	37,1714
0,0269924	37,1865
0,0269988	37,2016
0,0270054	37,2167
0,0270148	37,2318
0,0270243	37,2468
0,0270308	37,262
0,0270372	37,2771
0,0270465	37,2922
0,0270506	37,3071
0,0270602	37,3221
0,0270699	37,337
0,0270766	37,3521
0,027086	37,3672
0,0270927	37,3822
0,0271023	37,3972
0,0271087	37,4124
0,027118	37,4276
0,0271242	37,4428
0,027133	37,4582
0,0271391	37,4735
0,0271477	37,489
0,0271537	37,5043
0,0271624	37,5198
0,0271711	37,5353
0,0271765	37,5509
0,0271823	37,5663
0,0271879	37,5819
0,0271964	37,5974
0,027205	37,6129
0,0272133	37,6285
0,0272217	37,6442
0,0272273	37,6597
0,0272326	37,6754
0,0272409	37,691
0,0272496	37,7064
0,0272551	37,722
0,0272634	37,7377
0,0272719	37,7532
0,0272801	37,7689
0,0272859	37,7844
0,0272949	37,7997
0,0273032	37,8153
0,0273091	37,8307
0,0273175	37,8463
0,0273256	37,8621
0,0273342	37,8776
0,0273397	37,8932
0,0273506	37,9089
0,0273585	37,9247
0,0273667	37,9404
0,0273741	37,9565
0,0273822	37,9723
0,0273897	37,9883
0,0273973	38,0043
0,0274048	38,0203
0,0274121	38,0364
0,0274198	38,0524
0,0274273	38,0684
0,027438	38,0842
0,0274452	38,1005
0,0274559	38,1163
0,0274633	38,1324
0,0274708	38,1484
0,0274784	38,1644
0,0274859	38,1804
0,0274937	38,1963
0,0275045	38,2122
0,0275124	38,228
0,0275232	38,2439
0,0275312	38,2596
0,0275389	38,2755
0,0275465	38,2915
0,0275543	38,3074
0,0275619	38,3234
0,02757	38,3392
0,0275778	38,3551
0,0275858	38,3708
0,0275935	38,3867
0,0276011	38,4027
0,027606	38,4186
0,0276168	38,4344
0,0276249	38,4502
0,027633	38,4659
0,027641	38,4817
0,0276488	38,4976
0,0276565	38,5135
0,0276672	38,5294
0,0276748	38,5454
0,0276826	38,5613
0,02769	38,5774
0,0277003	38,5934
0,0277048	38,6095
0,027715	38,6257
0,0277226	38,6416
0,02773	38,6577
0,0277402	38,6738
0,0277444	38,6901
0,0277543	38,7063
0,0277614	38,7225
0,0277717	38,7386
0,0277786	38,7549
0,0277855	38,7712
0,0277954	38,7875
0,0278021	38,804
0,0278115	38,8204
0,0278179	38,837
0,0278269	38,8538
0,0278359	38,8705
0,027845	38,8871
0,0278511	38,9038
0,0278601	38,9205
0,0278663	38,9373
0,0278748	38,9541
0,0278806	38,9709
0,0278864	38,9878
0,027895	39,0048
0,0279038	39,0215
0,0279099	39,0382
0,0279188	39,0549
0,0279277	39,0718
0,0279334	39,0886
0,027939	39,1056
0,0279448	39,1224
0,0279536	39,1393
0,0279623	39,1561
0,0279682	39,173
0,0279766	39,1898
0,0279823	39,2068
0,0279905	39,2239
0,0279987	39,241
0,028007	39,2581
0,0280154	39,275
0,0280208	39,2921
0,0280319	39,3092
0,0280372	39,3263
0,0280454	39,3434
0,028054	39,3602
0,0280621	39,3774
0,0280673	39,3945
0,0280753	39,4117
0,0280803	39,429
0,028091	39,4463
0,028099	39,4635
0,0281037	39,4808
0,0281142	39,4983
0,0281218	39,5156
0,0281291	39,5332
0,0281393	39,5507
0,0281467	39,5681
0,0281537	39,5858
0,0281609	39,6034
0,0281682	39,621
0,0281747	39,6389
0,0281842	39,6567
0,028191	39,6744
0,0281974	39,6925
0,0282066	39,7104
0,028213	39,7284
0,0282194	39,7465
0,0282231	39,7643
0,0282324	39,7822
0,0282383	39,8004
0,0282478	39,8182
0,0282544	39,8362
0,0282635	39,8542
0,0282701	39,8721
0,0282767	39,89
0,0282862	39,9078
0,0282926	39,9258
0,0283019	39,9437
0,0283082	39,9618
0,0283177	39,9796
0,0283242	39,9976
0,0283304	40,0156
0,0283394	40,0337
0,0283486	40,0518
0,0283575	40,0699
0,0283636	40,088
0,0283724	40,1062
0,0283809	40,1245
0,0283866	40,1429
0,0283948	40,1614
0,0284033	40,1797
0,0284116	40,1982
0,0284202	40,2166
0,0284255	40,235
0,028434	40,2533
0,028445	40,2719
0,0284534	40,2903
0,0284618	40,3087
0,02847	40,3271
0,0284784	40,3456
0,0284865	40,3641
0,0284976	40,3827
0,0285056	40,4012
0,0285138	40,4197
0,0285247	40,4384
0,0285329	40,4568
0,0285408	40,4755
0,0285489	40,494
0,0285572	40,5125
0,0285655	40,5309
0,0285742	40,5492
0,0285828	40,5675
0,0285912	40,5858
0,0285994	40,6044
0,0286052	40,6227
0,0286139	40,6409
0,0286258	40,6589
0,028635	40,677
0,0286413	40,6951
0,0286507	40,7129
0,0286604	40,7307
0,0286674	40,7484
0,0286776	40,7659
0,0286883	40,7832
0,0286987	40,8007
0,0287092	40,818
0,0287169	40,8353
0,0287271	40,8529
0,0287378	40,8702
0,0287483	40,8876
0,028756	40,9049
0,0287637	40,9222
0,0287769	40,9397
0,0287846	40,957
0,0287925	40,9742
0,0288007	40,9915
0,0288088	41,0085
0,0288202	41,0255
0,0288315	41,0425
0,0288398	41,0596
0,028851	41,0767
0,0288594	41,0936
0,0288678	41,1106
0,0288795	41,1274
0,0288882	41,1443
0,0288968	41,1611
0,0289085	41,178
0,0289174	41,1947
0,0289234	41,2115
0,0289358	41,2279
0,0289449	41,2446
0,0289547	41,261
0,0289644	41,2773
0,0289743	41,2936
0,0289815	41,3098
0,0289918	41,3258
0,0290026	41,3417
0,0290105	41,3575
0,0290215	41,3732
0,0290329	41,3888
0,029044	41,4044
0,0290525	41,42
0,0290642	41,4354
0,0290729	41,4509
0,029082	41,4662
0,0290941	41,4814
0,029103	41,4967
0,0291125	41,5118
0,0291221	41,5268
0,029129	41,5417
0,0291423	41,5563
0,0291528	41,5709
0,0291632	41,5856
0,029174	41,6
0,029185	41,6143
0,0291931	41,6287
0,0292048	41,6426
0,0292136	41,6567
0,0292256	41,6705
0,029235	41,6842
0,0292478	41,6977
0,0292614	41,7108
0,029276	41,7234
0,0292889	41,7354
0,0293026	41,747
0,0293211	41,7578
0,0293391	41,7673
0,029397	41,7576
0,0325251	40,2654
0,0361567	38,531
0,0397882	36,7966
0,0434504	35,0388
