"Maximum force"	37,9703	"N"
"Gage length "	1,13946	"mm"
"Pre-load"	0,1	"N"
"Standard travel"	"Standard force"
"mm"	"N"
0	0,14768
-1,04308e-006	0,148173
-1,45659e-006	0,148371
-1,27684e-006	0,148286
-4,49829e-007	0,147895
9,21078e-007	0,147246
2,14297e-006	0,146666
3,797e-006	0,14588
5,10085e-006	0,145262
6,75488e-006	0,14448
8,12579e-006	0,143828
9,4818e-006	0,143187
1,07409e-005	0,142592
1,06608e-005	0,142628
1,01989e-005	0,142847
9,11113e-006	0,143362
8,61194e-006	0,143599
7,472e-006	0,144137
6,69342e-006	0,144507
5,8515e-006	0,144907
5,45289e-006	0,145096
5,51855e-006	0,145065
5,32111e-006	0,145159
5,78305e-006	0,144941
6,31204e-006	0,144691
7,12043e-006	0,144305
7,89901e-006	0,143937
8,78936e-006	0,143514
9,54932e-006	0,143153
1,00634e-005	0,142911
1,0313e-005	0,142793
1,01491e-005	0,142871
1,00327e-005	0,142926
9,32487e-006	0,143262
8,61334e-006	0,143599
7,42124e-006	0,144164
5,98328e-006	0,144843
4,9253e-006	0,145346
3,93437e-006	0,145816
3,17441e-006	0,146176
2,08663e-006	0,146691
1,18883e-006	0,147116
5,92787e-007	0,147399
5,75674e-007	0,147408
7,0787e-007	0,147345
8,23354e-007	0,14729
9,06241e-007	0,147251
5,93317e-007	0,1474
6,74342e-007	0,147361
5,75622e-007	0,147407
6,74342e-007	0,147361
3,11126e-007	0,147532
1,95642e-007	0,147588
2,28239e-007	0,147572
3,43723e-007	0,147518
4,42908e-007	0,147471
1,97039e-007	0,147588
2,89415e-006	0,147682
2,47505e-006	0,147885
5,20197e-006	0,147964
7,86927e-006	0,148081
1,05962e-005	0,148168
1,54838e-005	0,148597
2,00137e-005	0,1492
2,44543e-005	0,149852
3,45275e-005	0,15058
4,17992e-005	0,151275
5,17532e-005	0,152061
5,86077e-005	0,152961
7,13631e-005	0,153785
7,59229e-005	0,154395
8,64729e-005	0,154903
9,69037e-005	0,155459
0,000104593	0,155948
0,000114845	0,156589
0,000125752	0,156949
0,000133978	0,157169
0,000145303	0,157327
0,000153469	0,157592
0,000164436	0,157882
0,000172184	0,158338
0,000182973	0,158736
0,000190781	0,15919
0,000198023	0,159881
0,000205176	0,160625
0,000214891	0,161532
0,000221567	0,162505
0,000228123	0,16352
0,00023468	0,16455
0,000243799	0,16574
0,000249611	0,167106
0,000255482	0,168464
0,000264244	0,169829
0,000270562	0,170959
0,000279562	0,172202
0,000288503	0,173476
0,000294583	0,174727
0,000303583	0,175963
0,000309782	0,177169
0,000318782	0,178405
0,000325219	0,179496
0,000333922	0,180862
0,000342981	0,182075
0,000351863	0,183379
0,000357942	0,184646
0,000366943	0,185889
0,000375466	0,187354
0,000381426	0,188666
0,000390248	0,189979
0,000399606	0,191054
0,000408427	0,192382
0,000414626	0,193595
0,000423269	0,194999
0,000431792	0,196479
0,000440733	0,197738
0,000449376	0,199164
0,000458555	0,200324
0,000464128	0,201819
0,000472532	0,203322
0,000480281	0,205161
0,000488327	0,206878
0,000493692	0,208472
0,000502156	0,209945
0,000511275	0,211158
0,000516789	0,212668
0,00052859	0,213965
0,000534193	0,215438
0,000543432	0,216575
0,000555293	0,217818
0,000564294	0,219085
0,000573771	0,2201
0,00058295	0,221267
0,000589775	0,222159
0,000598834	0,223373
0,000608014	0,224525
0,000616597	0,225982
0,000625716	0,227149
0,000631468	0,228568
0,000640289	0,229896
0,00064923	0,231155
0,000654416	0,232848
0,000662164	0,234687
0,000669287	0,236808
0,00067644	0,238929
0,000684009	0,240859
0,000688957	0,242644
0,00069903	0,24475
0,000702964	0,247024
0,000710385	0,249007
0,000718014	0,250899
0,000726657	0,252326
0,00073822	0,253738
0,000746982	0,255096
0,000755326	0,256637
0,000763433	0,258308
0,000771956	0,25978
0,000780658	0,261161
0,000792937	0,262237
0,000801282	0,263785
0,000806765	0,265327
0,000818031	0,266875
0,000826852	0,268203
0,000835852	0,269446
0,000844912	0,270667
0,000853972	0,271873
0,000862555	0,273307
0,000871377	0,274642
0,000879662	0,276237
0,000888722	0,27745
0,000897185	0,278937
0,000902311	0,280654
0,000910298	0,282355
0,000918047	0,284202
0,000926451	0,285735
0,000934498	0,287421
0,000943081	0,288886
0,000951068	0,290595
0,00095989	0,291923
0,000968175	0,293517
0,000976698	0,294974
0,000985579	0,296279
0,000994281	0,297675
0,00100328	0,298896
0,00101216	0,300216
0,00102134	0,301368
0,00103016	0,302711
0,00103922	0,303901
0,0010481	0,305228
0,00105687	0,306586
0,00106605	0,307731
0,00107463	0,309157
0,00108345	0,310493
0,00108911	0,311957
0,00109817	0,313178
0,00110401	0,314544
0,00111278	0,315902
0,0011213	0,317359
0,00112958	0,318938
0,00113531	0,320373
0,00114335	0,322059
0,0011517	0,323623
0,00115962	0,325362
0,00116785	0,326972
0,00117268	0,328826
0,00118078	0,330489
0,00118883	0,332198
0,00119682	0,333915
0,00120534	0,335372
0,00121398	0,336806
0,00122304	0,338019
0,00123181	0,33937
0,00124051	0,340766
0,00124879	0,342345
0,00125702	0,343955
0,00126793	0,345656
0,00127591	0,347396
0,00128438	0,348884
0,00128929	0,350699
0,00129716	0,352485
0,00130449	0,354514
0,00131224	0,356338
0,00132041	0,358001
0,0013284	0,35971
0,00133662	0,36132
0,00134497	0,362868
0,00135391	0,36415
0,00136505	0,365745
0,00137364	0,367202
0,00138198	0,368751
0,00138773	0,370154
0,00139906	0,37168
0,0014071	0,373359
0,00141843	0,3749
0,00142355	0,376601
0,00143172	0,378242
0,00143911	0,38024
0,00144674	0,382148
0,00145374	0,38433
0,0014609	0,386436
0,00146814	0,388526
0,00147517	0,390708
0,00148259	0,392692
0,00149219	0,395026
0,00149925	0,397208
0,0015059	0,399558
0,00151591	0,401694
0,00152312	0,403785
0,00153081	0,405662
0,00154142	0,407508
0,00154625	0,409362
0,00155752	0,410903
0,00156568	0,412543
0,00157492	0,413665
0,00158428	0,414741
0,00159381	0,415732
0,00160603	0,416823
0,00161527	0,417968
0,00162743	0,419089
0,00163643	0,420348
0,00164543	0,421577
0,00165402	0,423026
0,00166015	0,424254
0,00166874	0,425689
0,00167696	0,427306
0,00168537	0,428824
0,00169359	0,430427
0,00170218	0,431892
0,00171046	0,433456
0,00171922	0,434829
0,00172465	0,436385
0,00173597	0,437896
0,00174384	0,439673
0,00175123	0,441703
0,00175883	0,443595
0,001763	0,445762
0,00177051	0,447707
0,00177767	0,449828
0,00178822	0,451713
0,00179245	0,453834
0,00180276	0,455833
0,00180997	0,457938
0,00181689	0,460166
0,00182463	0,462012
0,00183518	0,463897
0,00184335	0,46553
0,00185408	0,467322
0,00186475	0,469161
0,00187244	0,471023
0,00188024	0,472838
0,00188758	0,474868
0,00189467	0,477019
0,00190203	0,479034
0,00190874	0,481368
0,00191869	0,483535
0,0019256	0,485763
0,00193261	0,487975
0,00194256	0,490111
0,00194912	0,492538
0,00195567	0,494933
0,00196259	0,497176
0,0019704	0,498977
0,00198107	0,500815
0,00198947	0,502326
0,0019974	0,504081
0,00200521	0,505897
0,00201623	0,50756
0,00202458	0,509124
0,0020337	0,510314
0,00204657	0,511092
0,00205736	0,511499
0,00206833	0,511796
0,00207989	0,511829
0,00209056	0,51229
0,00210463	0,51251
0,00211565	0,5128
0,00212668	0,513059
0,00213711	0,51362
0,0021448	0,514131
0,0021532	0,514273
0,00216441	0,514468
0,00217246	0,514797
0,00217991	0,515392
0,00218772	0,515817
0,0021985	0,516216
0,00220613	0,516731
0,00221662	0,517265
0,00222491	0,517494
0,00223233	0,518104
0,00223847	0,519325
0,00224419	0,520751
0,00225009	0,522079
0,00225644	0,5232
0,00226323	0,52412
0,00227247	0,525249
0,00227945	0,526073
0,00228922	0,52695
0,00229629	0,52774
0,00230642	0,528438
0,00231336	0,529292
0,00232284	0,530299
0,00232859	0,531711
0,00233705	0,533191
0,00234221	0,534892
0,00235032	0,536548
0,00235529	0,538341
0,00236277	0,540294
0,00236707	0,5424
0,00237446	0,544399
0,00238209	0,546291
0,00238969	0,548213
0,00239803	0,549762
0,00240649	0,55125
0,00241579	0,552371
0,00242503	0,553478
0,00243451	0,5545
0,0024441	0,555461
0,00245376	0,556419
0,00246604	0,557464
0,00247313	0,55825
0,00248386	0,558667
0,00249393	0,559404
0,00250127	0,560067
0,00250788	0,561067
0,0025173	0,562105
0,00252666	0,563173
0,00253619	0,56418
0,00254281	0,565172
0,00255223	0,566224
0,00255843	0,567407
0,00256671	0,569001
0,00257565	0,57026
0,00258126	0,571748
0,00258725	0,57303
0,00259642	0,574182
0,00260537	0,575464
0,00261162	0,576646
0,00262021	0,578073
0,00262909	0,57937
0,00263713	0,581056
0,00264318	0,582353
0,00265141	0,58394
0,00265975	0,585489
0,00266768	0,587259
0,0026751	0,589258
0,00268309	0,590959
0,00268825	0,59266
0,0026943	0,593934
0,00270592	0,5953
0,00271218	0,596483
0,0027213	0,597665
0,00273334	0,598848
0,00274305	0,599752
0,00274952	0,600828
0,00275923	0,601713
0,00277127	0,602895
0,00278057	0,603994
0,00278662	0,605275
0,00279574	0,606458
0,00280528	0,60745
0,00281416	0,608754
0,00282358	0,609777
0,00282978	0,61099
0,00283997	0,611661
0,00284745	0,612268
0,00285901	0,612299
0,00287058	0,612307
0,00288291	0,611971
0,00289579	0,611376
0,00290562	0,610861
0,00291892	0,610068
0,00292899	0,609435
0,00293954	0,60855
0,00295235	0,608008
0,00296207	0,607529
0,00297089	0,607481
0,00297918	0,607676
0,00298409	0,608115
0,00299101	0,608966
0,00299819	0,609694
0,00300171	0,610785
0,0030082	0,61183
0,00301395	0,613242
0,00301738	0,614371
0,00302352	0,615592
0,00302951	0,616889
0,00303562	0,618125
0,00304414	0,619574
0,00305025	0,620825
0,00305884	0,622252
0,0030648	0,623587
0,00307055	0,624983
0,00307967	0,626158
0,00308572	0,62744
0,00309204	0,628577
0,00310449	0,629561
0,00311084	0,630683
0,0031205	0,631602
0,00312998	0,632617
0,00313981	0,63349
0,00314669	0,634352
0,00315623	0,635329
0,00316541	0,636496
0,00317113	0,637915
0,00317966	0,639388
0,00318475	0,641104
0,00319286	0,642768
0,00320055	0,644637
0,00320812	0,646567
0,00321557	0,648551
0,00322025	0,650458
0,00322811	0,652228
0,00323598	0,654021
0,00324391	0,655768
0,0032519	0,657508
0,00326012	0,659095
0,00326829	0,660735
0,00327675	0,662253
0,00328832	0,663649
0,00329383	0,665175
0,00330247	0,666579
0,00331344	0,668273
0,00331877	0,669882
0,003327	0,671492
0,00333814	0,673094
0,00334667	0,674552
0,00335555	0,675872
0,0033613	0,677283
0,00336935	0,678954
0,00337769	0,680533
0,00338526	0,68244
0,00339355	0,68402
0,00340147	0,68579
0,00340934	0,68756
0,00341697	0,689452
0,0034243	0,691497
0,00343137	0,693648
0,00344114	0,695891
0,00344835	0,697997
0,00345497	0,700377
0,00346171	0,702681
0,00346829	0,705077
0,00347512	0,70735
0,0034823	0,709456
0,00349225	0,711638
0,0034992	0,713851
0,00350581	0,716216
0,00351305	0,718291
0,00352295	0,720473
0,00353064	0,72235
0,00354101	0,724333
0,00354834	0,726363
0,00355579	0,728347
0,00356569	0,730544
0,00357296	0,732604
0,00357981	0,734877
0,00358717	0,736891
0,00359683	0,739211
0,00360377	0,741423
0,00361349	0,743697
0,00362308	0,746031
0,00363012	0,748213
0,0036367	0,750609
0,00364362	0,752852
0,0036531	0,755233
0,00366341	0,757216
0,00367095	0,759169
0,00368174	0,760947
0,00369294	0,762511
0,00370075	0,764327
0,0037119	0,765944
0,00371982	0,767699
0,00372793	0,76937
0,00373872	0,77114
0,00374688	0,77278
0,00375481	0,774512
0,00376274	0,776282
0,00377359	0,778029
0,00378122	0,779921
0,00378938	0,781569
0,00379713	0,783393
0,00380762	0,785315
0,00381504	0,787299
0,00382255	0,789252
0,00382988	0,791297
0,00383978	0,793479
0,00384717	0,795493
0,00385399	0,797766
0,0038579	0,80004
0,00386726	0,802497
0,00387697	0,80477
0,00388406	0,806937
0,00389145	0,808936
0,00389914	0,810797
0,00390695	0,812613
0,00391852	0,814025
0,0039265	0,815749
0,0039383	0,817053
0,00394641	0,818701
0,00395768	0,820243
0,00396584	0,821898
0,00397681	0,823569
0,00398199	0,825263
0,00398956	0,827185
0,00399707	0,829138
0,00400655	0,831534
0,00401349	0,833768
0,00401954	0,836408
0,00402316	0,838819
0,00403275	0,841138
0,00403946	0,843488
0,00404631	0,845746
0,00405305	0,848065
0,00406023	0,850171
0,0040703	0,852277
0,00407769	0,854276
0,00408789	0,856336
0,00409525	0,858365
0,00410285	0,86028
0,00410961	0,862569
0,0041201	0,864499
0,00412696	0,866742
0,00413733	0,868711
0,00414397	0,871076
0,00415068	0,87341
0,00415748	0,875714
0,00416433	0,877973
0,00417464	0,879941
0,00418483	0,882031
0,00419264	0,88384
0,00419953	0,886083
0,00420996	0,888021
0,00421979	0,890233
0,00422712	0,892293
0,00423457	0,894261
0,00424429	0,896535
0,00425412	0,898778
0,00426047	0,90128
0,00426706	0,903661
0,004276	0,906301
0,00428267	0,908666
0,00429162	0,91129
0,00429814	0,913732
0,0043078	0,916036
0,00431406	0,918569
0,00432413	0,92069
0,00433379	0,922994
0,00434124	0,924993
0,00435125	0,927129
0,00435888	0,928998
0,00436651	0,930905
0,00437712	0,932767
0,00438779	0,934598
0,00439494	0,936719
0,00440549	0,938596
0,00441246	0,940808
0,00442242	0,942975
0,00442891	0,945416
0,00443839	0,947812
0,0044448	0,950284
0,00445368	0,952954
0,00446018	0,955396
0,00446584	0,958219
0,00447526	0,960645
0,00448402	0,963376
0,00449064	0,965756
0,0044971	0,968183
0,0045067	0,970532
0,00451618	0,972928
0,00452583	0,975232
0,00453602	0,977277
0,00454282	0,979581
0,00455289	0,981702
0,00456225	0,984128
0,0045694	0,986264
0,00457924	0,988492
0,00458624	0,990689
0,00459608	0,992902
0,00460299	0,995145
0,00461312	0,997235
0,0046198	0,999585
0,00463017	1,00154
0,00463732	1,00367
0,00464757	1,00567
0,00465452	1,00792
0,00466388	1,01037
0,00467067	1,01266
0,00467714	1,0151
0,00468691	1,01736
0,00469597	1,01993
0,0047025	1,02237
0,0047081	1,02522
0,00471436	1,02777
0,00472622	1,03041
0,00473215	1,03311
0,00473883	1,03546
0,00474801	1,03799
0,00475754	1,04034
0,00476395	1,04283
0,00477355	1,04516
0,00478309	1,04753
0,00479322	1,04962
0,00480022	1,05182
0,00481012	1,054
0,00481775	1,0559
0,00482692	1,05843
0,00483688	1,0606
0,0048463	1,06304
0,00485294	1,0654
0,004862	1,06797
0,00487106	1,07058
0,00487959	1,07341
0,00488519	1,07628
0,00489127	1,07891
0,0048966	1,0819
0,00490864	1,08445
0,00491436	1,08725
0,00492354	1,08979
0,00493016	1,09215
0,00493976	1,09449
0,00494977	1,09664
0,0049596	1,09887
0,00496711	1,10082
0,00497683	1,10309
0,0049875	1,10492
0,00499793	1,10687
0,00500818	1,10891
0,00501542	1,11099
0,0050252	1,11322
0,00503533	1,11532
0,00504201	1,11767
0,00504943	1,11967
0,00505879	1,1221
0,00506886	1,12422
0,00507503	1,12681
0,00508132	1,12933
0,00508796	1,1317
0,00509714	1,13424
0,0051034	1,13679
0,00511216	1,13951
0,00511836	1,14209
0,00512694	1,14491
0,00513317	1,14746
0,00513898	1,15022
0,00514781	1,15291
0,00515415	1,15542
0,00516309	1,15808
0,00517275	1,16038
0,00518199	1,16288
0,00518896	1,1651
0,0051985	1,16746
0,00520571	1,16955
0,00521531	1,17189
0,00522514	1,17412
0,00523504	1,17633
0,00524457	1,17869
0,00525164	1,18084
0,00526076	1,18342
0,00526764	1,18567
0,00527658	1,18832
0,00528302	1,19078
0,0052919	1,19345
0,00529759	1,19626
0,00530641	1,19897
0,00531211	1,20178
0,00532105	1,20443
0,00532969	1,20721
0,00533589	1,20981
0,00534459	1,21254
0,00535335	1,2153
0,00536223	1,21797
0,00537177	1,22033
0,00537904	1,22239
0,00538888	1,22462
0,00539901	1,2267
0,00540884	1,22892
0,00541844	1,23126
0,00542527	1,23356
0,00543492	1,23587
0,00544488	1,23802
0,00545125	1,24052
0,00546025	1,24315
0,00546621	1,24583
0,00547521	1,24844
0,00548171	1,25088
0,00549071	1,25351
0,00550007	1,25596
0,00550907	1,25856
0,00551831	1,26106
0,00552439	1,26371
0,00553404	1,26602
0,00554328	1,26852
0,00554993	1,27089
0,00555953	1,27321
0,00556847	1,27588
0,00557511	1,27824
0,00558423	1,2808
0,00559109	1,28306
0,00560056	1,28544
0,0056076	1,28764
0,00561749	1,28982
0,00562467	1,29194
0,00563487	1,29399
0,00564482	1,29617
0,0056523	1,29812
0,00565948	1,30024
0,00567009	1,3021
0,00567724	1,30422
0,00568475	1,30617
0,00569525	1,30809
0,0057052	1,31025
0,00571185	1,31262
0,00571822	1,31511
0,00572445	1,31765
0,00573357	1,3202
0,00574025	1,32257
0,00574949	1,32509
0,00575896	1,32745
0,0057654	1,32992
0,00577464	1,33244
0,00578146	1,33471
0,00578882	1,33673
0,0057992	1,3387
0,00580975	1,3406
0,00581749	1,34243
0,00582486	1,34444
0,00583523	1,34643
0,00584253	1,34847
0,00585266	1,35056
0,00586285	1,3526
0,0058698	1,35483
0,00587951	1,35711
0,00588619	1,35946
0,00589292	1,36178
0,00589939	1,36422
0,00590893	1,36658
0,00591846	1,36895
0,00592529	1,37124
0,00593229	1,37342
0,00594177	1,3758
0,00594886	1,37796
0,0059587	1,38018
0,00596847	1,38244
0,0059753	1,38472
0,00598513	1,38695
0,00599509	1,38912
0,006002	1,39135
0,00600906	1,39351
0,00601872	1,39583
0,00602611	1,39783
0,00603606	1,4
0,0060462	1,40209
0,00605365	1,40407
0,00606378	1,40613
0,00607096	1,40825
0,00607788	1,4105
0,00608789	1,41262
0,00609504	1,41475
0,00610232	1,41681
0,00611191	1,41915
0,00611847	1,42156
0,00612812	1,42386
0,00613474	1,42624
0,00614475	1,42838
0,0061517	1,43061
0,00616159	1,43281
0,00616818	1,43519
0,00617783	1,43749
0,00618451	1,43985
0,0061944	1,44205
0,00620448	1,44414
0,00621124	1,44646
0,00622114	1,44864
0,00622796	1,45093
0,00623529	1,45296
0,0062456	1,45496
0,00625627	1,4568
0,00626352	1,45887
0,00627082	1,46092
0,00628119	1,46289
0,00629108	1,46509
0,00629868	1,46701
0,00630572	1,46917
0,00631561	1,47137
0,00632217	1,47378
0,00633164	1,47616
0,00633814	1,4786
0,00634732	1,48114
0,0063542	1,4834
0,00636326	1,48597
0,00637012	1,48825
0,00637647	1,49075
0,00638594	1,49313
0,00639554	1,49548
0,0063995	1,49774
0,00640934	1,49997
0,00641625	1,50219
0,0064296	1,50413
0,00643664	1,50631
0,00644412	1,50827
0,00645491	1,51005
0,00646552	1,51191
0,00647362	1,51356
0,00648465	1,51523
0,00649591	1,51678
0,00650402	1,51846
0,00651546	1,5199
0,00652351	1,52161
0,00653186	1,52317
0,00654002	1,52479
0,00655093	1,52652
0,0065591	1,52817
0,00656696	1,52993
0,00657489	1,53168
0,00658252	1,53357
0,00659069	1,53522
0,00659832	1,53714
0,0066063	1,53886
0,00661691	1,54072
0,00662135	1,54273
0,00663154	1,54477
0,00663873	1,5469
0,00664597	1,54897
0,0066533	1,551
0,00666078	1,55298
0,00667062	1,5552
0,00667526	1,55714
0,00668564	1,55911
0,00669327	1,56099
0,00670185	1,56245
0,00670954	1,56429
0,00671806	1,56577
0,00672891	1,56751
0,00673696	1,56921
0,00674751	1,5711
0,00675561	1,57277
0,00676309	1,57473
0,00677063	1,57668
0,0067782	1,5786
0,006785	1,58088
0,00679525	1,5829
0,00680219	1,58514
0,00681244	1,58717
0,0068168	1,58923
0,00682443	1,59114
0,00683498	1,59301
0,0068429	1,59476
0,00685101	1,59643
0,00685882	1,59824
0,00686704	1,59984
0,00687521	1,60149
0,00688635	1,6031
0,0068947	1,60464
0,00690322	1,60611
0,00691461	1,60761
0,00692277	1,60925
0,00693088	1,61093
0,00693887	1,61265
0,00694733	1,61414
0,00695579	1,61564
0,00696485	1,61685
0,00697672	1,61811
0,00698274	1,61941
0,00699454	1,6207
0,0070036	1,62192
0,0070129	1,62302
0,00702207	1,62417
0,00703107	1,62542
0,00703954	1,6269
0,00704836	1,62823
0,007057	1,62965
0,00706606	1,63087
0,00707512	1,6321
0,00708394	1,63342
0,00708996	1,63471
0,00709885	1,63599
0,00710814	1,63711
0,00711744	1,6382
0,0071271	1,63913
0,0071364	1,64023
0,00714534	1,64151
0,00715148	1,64274
0,00715988	1,64425
0,00716828	1,6458
0,00717621	1,64755
0,00718089	1,64946
0,0071887	1,65127
0,00719603	1,65331
0,00720351	1,65526
0,00721084	1,65731
0,00721841	1,65923
0,00722521	1,66152
0,00722944	1,66364
0,00723927	1,66585
0,0072433	1,6681
0,00725355	1,67011
0,00726028	1,67244
0,00726776	1,6744
0,00727444	1,67675
0,00728132	1,67901
0,00728785	1,68142
0,0072948	1,68363
0,00730457	1,68587
0,0073116	1,68807
0,0073218	1,69013
0,00732826	1,69257
0,00733527	1,69475
0,00734173	1,69719
0,00735181	1,69932
0,00735842	1,70168
0,0073682	1,70395
0,00737446	1,70649
0,00738376	1,70896
0,00739049	1,71128
0,00739925	1,71401
0,00740566	1,71648
0,00741383	1,71949
0,00741961	1,72228
0,00742813	1,72513
0,00743379	1,72796
0,00744244	1,73073
0,00744831	1,73346
0,00745695	1,73626
0,00746792	1,73932
0,00747379	1,74205
0,00748231	1,74489
0,00749137	1,74749
0,00749978	1,75039
0,0075083	1,75325
0,00751357	1,75626
0,00752126	1,7595
0,00752907	1,76268
0,00753646	1,76607
0,00754415	1,76932
0,00755113	1,77289
0,00755807	1,77649
0,00756492	1,78013
0,0075713	1,78399
0,0075775	1,78792
0,00758349	1,79198
0,00759255	1,79595
0,00759848	1,80004
0,00760507	1,80381
0,00761425	1,80771
0,00762101	1,81141
0,00762757	1,81518
0,00763663	1,81914
0,00764616	1,8229
0,00765236	1,82683
0,00765901	1,83059
0,00766813	1,83452
0,00767773	1,83825
0,00768062	1,84237
0,00768938	1,84649
0,00769814	1,85061
0,00770347	1,85497
0,00771212	1,85912
0,00771769	1,86339
0,00772604	1,86767
0,0077314	1,87203
0,00774284	1,87624
0,00775083	1,8807
0,0077587	1,88524
0,00776368	1,88979
0,00777074	1,8947
0,00777849	1,89928
0,00778585	1,90407
0,00779336	1,90877
0,00779795	1,91347
0,00780838	1,91817
0,00781258	1,92309
0,00782248	1,92803
0,0078299	1,93279
0,00783699	1,93767
0,0078448	1,94222
0,00785213	1,94704
0,0078625	1,95177
0,00786986	1,95653
0,0078771	1,96138
0,0078844	1,96618
0,00789183	1,97094
0,00789937	1,97564
0,00790682	1,98037
0,00791766	1,98485
0,00792517	1,98955
0,00793555	1,99425
0,00794309	1,99898
0,00795033	2,0038
0,00796034	2,00872
0,00797012	2,01369
0,00797694	2,01876
0,00798356	2,02385
0,00798996	2,0291
0,00799843	2,03475
0,00800427	2,04021
0,00800984	2,04586
0,00801831	2,05147
0,00802403	2,05703
0,00803285	2,06249
0,00804161	2,06798
0,00804716	2,07363
0,00805568	2,07921
0,008067	2,08489
0,00807261	2,09047
0,00808143	2,09594
0,00808721	2,10146
0,00809591	2,10698
0,00810445	2,11261
0,00810973	2,11834
0,00811497	2,12414
0,00812618	2,12982
0,00813142	2,13562
0,00813971	2,14132
0,00814811	2,147
0,00815598	2,15289
0,00816456	2,15848
0,00817314	2,16406
0,00818185	2,16955
0,00819079	2,17499
0,00819961	2,18045
0,00820849	2,18588
0,00821731	2,19131
0,00822673	2,1965
0,00823633	2,2016
0,00824279	2,20682
0,00825447	2,21228
0,0082602	2,21783
0,00827152	2,22348
0,00827724	2,22903
0,00828899	2,23449
0,00829799	2,23987
0,00830404	2,24527
0,00831238	2,25094
0,00832061	2,25668
0,00832931	2,2622
0,00833533	2,26764
0,00834695	2,27313
0,00835571	2,27862
0,00836436	2,28418
0,00836972	2,28991
0,00837795	2,29562
0,00838647	2,30124
0,00839231	2,30673
0,00840352	2,31244
0,00840891	2,31814
0,00841696	2,32397
0,00842798	2,32977
0,00843615	2,33554
0,00844134	2,34137
0,0084523	2,34717
0,00845749	2,35299
0,00846524	2,35895
0,00846989	2,36502
0,00847763	2,37097
0,00848795	2,37713
0,00849248	2,38324
0,00849999	2,38931
0,00850711	2,3956
0,00851754	2,40167
0,00852198	2,40783
0,00853223	2,41397
0,00853939	2,42022
0,0085491	2,42663
0,00855596	2,43304
0,00856004	2,43936
0,00856952	2,44589
0,00857899	2,45242
0,00858567	2,45889
0,0085919	2,4656
0,0086012	2,4722
0,00860745	2,47888
0,0086138	2,4855
0,00862039	2,49203
0,00862969	2,49865
0,00863875	2,50537
0,00864524	2,51193
0,00865436	2,51861
0,00866053	2,52536
0,00866965	2,53204
0,00867853	2,53885
0,00868419	2,5458
0,00869272	2,55279
0,00869521	2,55987
0,00870331	2,56704
0,00871142	2,57425
0,00871917	2,58157
0,00872715	2,58883
0,00873255	2,59591
0,0087403	2,60324
0,00874486	2,61072
0,00875267	2,61804
0,00876	2,62561
0,00876775	2,63296
0,00877847	2,64023
0,00878333	2,64758
0,00879412	2,65487
0,00880154	2,66238
0,00880863	2,67004
0,00881576	2,67767
0,00882619	2,68515
0,00883346	2,69272
0,00884115	2,7001
0,00884803	2,70782
0,00885495	2,71557
0,00886222	2,72317
0,00886955	2,73071
0,00887685	2,73825
0,0088871	2,74579
0,00889444	2,75335
0,00890439	2,76101
0,00891133	2,76874
0,00892105	2,77655
0,00892802	2,78427
0,00893503	2,79196
0,00894432	2,79995
0,00895058	2,80801
0,00896256	2,81607
0,00896858	2,82425
0,00897445	2,83249
0,00898292	2,84085
0,00899144	2,84921
0,00899663	2,85782
0,00900759	2,86636
0,00901251	2,87503
0,0090205	2,8837
0,00902855	2,89224
0,00903707	2,9006
0,00904273	2,90896
0,00905185	2,91702
0,00906139	2,92489
0,00907086	2,93277
0,00908088	2,94046
0,00909411	2,94797
0,00910418	2,95559
0,00911149	2,96316
0,00912162	2,97073
0,00913163	2,97839
0,00913861	2,98611
0,00914862	2,99377
0,00915833	3,00152
0,0091654	3,00921
0,00917222	3,017
0,009182	3,02475
0,00919213	3,03238
0,00919937	3,03995
0,00920605	3,04782
0,00921886	3,05551
0,00922584	3,06323
0,00923233	3,07116
0,00923922	3,07892
0,00924852	3,08691
0,00925495	3,09485
0,00926401	3,10296
0,00927015	3,11108
0,00927629	3,1192
0,00928601	3,12698
0,00929307	3,13467
0,0093032	3,14227
0,00931054	3,14981
0,00931784	3,15738
0,00932833	3,16476
0,00933882	3,17221
0,0093463	3,17969
0,00935655	3,18722
0,00936367	3,19488
0,00937351	3,2026
0,0093795	3,21078
0,00938522	3,21908
0,0093935	3,22751
0,00940155	3,23611
0,00940641	3,24484
0,0094113	3,25357
0,00941893	3,26236
0,00942653	3,27115
0,00943126	3,27994
0,00943877	3,28872
0,00944676	3,29733
0,00945487	3,30588
0,00946303	3,31442
0,00947156	3,32278
0,00948008	3,33114
0,00948848	3,33957
0,00949689	3,34799
0,00950523	3,35641
0,00951328	3,36502
0,00952121	3,37362
0,00952902	3,38235
0,00953647	3,3912
0,0095438	3,40011
0,00955071	3,40927
0,00955772	3,4183
0,00956451	3,42752
0,00957157	3,43655
0,00957819	3,44583
0,00958495	3,45498
0,00959154	3,46426
0,0096009	3,4736
0,00960787	3,48269
0,009615	3,49173
0,00962483	3,50082
0,00963461	3,50998
0,00964161	3,51907
0,00965138	3,52817
0,00965866	3,53714
0,0096695	3,5458
0,00968023	3,55447
0,00968822	3,56308
0,00969603	3,57174
0,00970354	3,58059
0,00971409	3,58938
0,00972196	3,59805
0,00973245	3,60684
0,00974014	3,61563
0,00974753	3,62454
0,00975724	3,63363
0,00976428	3,64273
0,00977113	3,65188
0,00977792	3,66104
0,00978448	3,67038
0,00979113	3,67959
0,00980025	3,68905
0,00980657	3,69845
0,00981279	3,70791
0,0098215	3,71756
0,00982752	3,72708
0,0098361	3,73678
0,00984167	3,74655
0,00984984	3,75644
0,00985526	3,76626
0,00986331	3,77621
0,00986876	3,78604
0,00987735	3,79574
0,00988575	3,80557
0,00989183	3,81509
0,00989743	3,8248
0,00990607	3,8345
0,00991466	3,84421
0,00992312	3,85397
0,00993218	3,86343
0,00994106	3,87301
0,00994982	3,8826
0,00995823	3,89242
0,00996669	3,90219
0,00997492	3,91208
0,00998034	3,9219
0,00998857	3,93179
0,00999661	3,94168
0,010005	3,95151
0,0100097	3,9617
0,0100202	3,97189
0,0100277	3,98208
0,0100323	3,99234
0,0100426	4,00259
0,0100471	4,01285
0,0100543	4,02322
0,0100643	4,0336
0,0100715	4,04397
0,0100754	4,05453
0,0100855	4,06491
0,0100953	4,07541
0,0101022	4,0859
0,010109	4,09646
0,0101162	4,10684
0,0101258	4,1174
0,0101358	4,12784
0,0101427	4,13833
0,0101524	4,14889
0,0101623	4,15939
0,0101691	4,16989
0,010176	4,18039
0,0101829	4,19089
0,0101926	4,20144
0,010202	4,21213
0,0102087	4,22275
0,0102154	4,2333
0,0102249	4,24399
0,0102317	4,25454
0,0102412	4,26516
0,0102503	4,27603
0,0102567	4,28677
0,0102662	4,29745
0,0102733	4,30783
0,0102833	4,31827
0,0102938	4,3284
0,010301	4,33877
0,0103115	4,34897
0,0103221	4,3591
0,0103297	4,36929
0,0103376	4,37924
0,0103457	4,38919
0,0103562	4,39938
0,0103635	4,4097
0,0103738	4,41995
0,0103808	4,43045
0,0103879	4,44082
0,0103951	4,4512
0,0104022	4,46158
0,0104125	4,47189
0,0104198	4,48221
0,0104301	4,49252
0,0104374	4,50277
0,0104449	4,51297
0,010452	4,5234
0,0104592	4,53378
0,0104663	4,54416
0,0104733	4,55465
0,010483	4,56521
0,0104898	4,57577
0,0104992	4,58639
0,0105058	4,59707
0,0105126	4,60763
0,0105219	4,61838
0,0105316	4,62893
0,0105383	4,63955
0,0105504	4,65036
0,0105564	4,66128
0,0105655	4,67215
0,0105717	4,68295
0,0105808	4,69375
0,0105871	4,70456
0,010596	4,71548
0,0106051	4,72635
0,010611	4,73733
0,0106199	4,74826
0,010629	4,75906
0,0106353	4,76986
0,0106416	4,78067
0,0106504	4,79165
0,0106591	4,80264
0,0106647	4,81381
0,0106736	4,82474
0,0106822	4,83578
0,0106885	4,84659
0,0106972	4,85763
0,0107061	4,86856
0,010712	4,87954
0,0107207	4,89059
0,0107295	4,90152
0,0107381	4,91256
0,0107469	4,92361
0,0107553	4,93478
0,0107637	4,94595
0,0107691	4,95712
0,0107775	4,96829
0,010786	4,97946
0,0107944	4,99063
0,010803	5,00168
0,0108119	5,0126
0,0108209	5,02347
0,01083	5,03433
0,010839	5,04519
0,0108481	5,05606
0,0108573	5,06686
0,0108663	5,07773
0,0108753	5,08865
0,0108815	5,09945
0,0108875	5,11044
0,0108962	5,12143
0,010902	5,13247
0,010908	5,1434
0,0109167	5,15445
0,0109257	5,16531
0,0109344	5,1763
0,0109434	5,18722
0,0109525	5,19809
0,0109588	5,20883
0,0109681	5,21963
0,0109777	5,23019
0,0109875	5,24069
0,0109943	5,25125
0,0110045	5,26156
0,0110144	5,272
0,0110246	5,28238
0,011032	5,29263
0,0110392	5,30301
0,0110495	5,31326
0,0110599	5,32345
0,0110671	5,33383
0,0110743	5,34421
0,0110843	5,35458
0,0110943	5,36502
0,0111011	5,37558
0,0111107	5,38614
0,0111202	5,39682
0,011127	5,40738
0,0111361	5,41824
0,0111451	5,42911
0,0111512	5,43997
0,0111603	5,45083
0,0111691	5,46176
0,0111783	5,47256
0,0111845	5,48343
0,0111936	5,49429
0,0112027	5,50509
0,0112116	5,51602
0,0112206	5,52688
0,0112296	5,53781
0,0112357	5,54867
0,0112443	5,55978
0,0112531	5,57077
0,0112585	5,58194
0,011267	5,59311
0,0112781	5,6044
0,0112859	5,61581
0,0112912	5,6271
0,0112992	5,63839
0,0113073	5,64975
0,0113152	5,6611
0,0113236	5,67233
0,0113288	5,68362
0,0113374	5,69473
0,0113459	5,70584
0,0113548	5,71676
0,0113639	5,72757
0,0113728	5,73849
0,0113821	5,7493
0,0113912	5,7601
0,0114005	5,77084
0,0114094	5,78177
0,0114187	5,79257
0,0114244	5,80362
0,0114331	5,81466
0,0114416	5,82577
0,011447	5,837
0,0114551	5,84823
0,0114632	5,85965
0,0114682	5,87106
0,0114757	5,8826
0,0114832	5,89419
0,0114905	5,90591
0,0114979	5,91757
0,0115026	5,92911
0,0115126	5,94089
0,01152	5,95254
0,0115271	5,96432
0,0115341	5,9761
0,0115411	5,98794
0,0115482	5,99978
0,0115552	6,01156
0,0115624	6,02334
0,0115696	6,03506
0,0115791	6,04709
0,0115863	6,05887
0,0115932	6,07071
0,011603	6,08261
0,0116125	6,09463
0,0116193	6,1066
0,0116259	6,11862
0,0116354	6,13058
0,011642	6,14261
0,0116483	6,15481
0,0116575	6,16702
0,0116665	6,17923
0,0116753	6,19156
0,0116814	6,20389
0,0116904	6,21609
0,0116962	6,22854
0,0117048	6,24099
0,0117133	6,25345
0,0117187	6,26608
0,0117244	6,27853
0,011735	6,29001
0,0117429	6,30148
0,0117566	6,31283
0,0117649	6,32406
0,0117789	6,33529
0,0117903	6,34646
0,0118019	6,35745
0,0118106	6,3685
0,0118223	6,37948
0,0118308	6,39059
0,0118376	6,40255
0,0118442	6,41458
0,0118539	6,42648
0,0118605	6,43857
0,0118672	6,45053
0,0118739	6,46249
0,0118805	6,47452
0,0118872	6,48648
0,0118939	6,49844
0,0119035	6,5104
0,0119072	6,52249
0,0119165	6,53457
0,0119231	6,5466
0,0119322	6,5588
0,0119386	6,57089
0,0119475	6,58322
0,0119567	6,59543
0,0119629	6,60763
0,0119692	6,61984
0,0119785	6,63193
0,0119877	6,64407
0,0119944	6,6561
0,0120037	6,66818
0,0120104	6,68014
0,0120196	6,69235
0,0120292	6,70431
0,0120383	6,71652
0,0120446	6,72873
0,0120537	6,74087
0,0120621	6,75345
0,0120681	6,76578
0,0120762	6,77847
0,0120871	6,79117
0,012092	6,80404
0,0121	6,81674
0,0121076	6,82968
0,0121153	6,84256
0,0121228	6,85557
0,0121302	6,86857
0,012138	6,88139
0,0121457	6,89433
0,0121563	6,90714
0,0121613	6,91996
0,012172	6,93272
0,0121797	6,94566
0,0121877	6,95841
0,0121985	6,97117
0,0122065	6,98392
0,0122142	6,9968
0,0122218	7,00974
0,0122324	7,02262
0,0122401	7,0355
0,0122476	7,04844
0,0122556	7,0612
0,0122661	7,07413
0,0122735	7,08714
0,0122813	7,10001
0,0122887	7,11301
0,0122963	7,12589
0,0123041	7,13877
0,0123114	7,15183
0,0123187	7,16489
0,0123262	7,17789
0,012333	7,1912
0,0123433	7,2042
0,0123505	7,21732
0,0123574	7,23057
0,012367	7,24393
0,0123739	7,25718
0,0123806	7,27055
0,0123879	7,28361
0,0123955	7,29655
0,0124023	7,30985
0,0124096	7,32291
0,0124165	7,33622
0,0124262	7,34946
0,0124361	7,36271
0,0124433	7,37583
0,0124532	7,38902
0,0124604	7,40214
0,0124672	7,41544
0,0124767	7,42881
0,0124836	7,44212
0,0124904	7,45542
0,0124974	7,46861
0,0125043	7,48191
0,0125144	7,49503
0,0125246	7,50809
0,0125322	7,52103
0,0125393	7,53422
0,0125493	7,54734
0,0125567	7,5604
0,0125671	7,57334
0,0125751	7,5861
0,012586	7,59879
0,0125941	7,61149
0,012602	7,62431
0,0126128	7,63706
0,0126206	7,64994
0,012629	7,66251
0,0126403	7,67503
0,0126489	7,68748
0,0126601	7,70011
0,0126681	7,71281
0,0126729	7,72569
0,0126838	7,73844
0,0126915	7,75132
0,0126993	7,76414
0,0127068	7,77708
0,012717	7,7902
0,0127212	7,80338
0,0127283	7,81651
0,0127383	7,82969
0,0127456	7,84275
0,0127557	7,85587
0,0127625	7,86918
0,0127696	7,88236
0,0127798	7,89536
0,0127871	7,90849
0,0127974	7,92155
0,0128048	7,93455
0,0128119	7,94767
0,0128194	7,96067
0,012827	7,97355
0,0128346	7,98649
0,0128428	7,99918
0,0128507	8,01194
0,0128584	8,02482
0,0128663	8,03757
0,0128741	8,05045
0,0128845	8,06339
0,0128951	8,07633
0,0129026	8,08927
0,0129095	8,10252
0,0129166	8,1157
0,0129264	8,12894
0,0129334	8,14219
0,0129404	8,15543
0,0129475	8,16856
0,0129573	8,1818
0,0129646	8,19486
0,0129718	8,20798
0,0129818	8,22117
0,012992	8,23423
0,0129995	8,24717
0,0130125	8,26029
0,0130199	8,27335
0,0130273	8,28642
0,0130375	8,29948
0,013048	8,31236
0,0130557	8,32523
0,0130659	8,33836
0,0130706	8,3513
0,0130809	8,3643
0,0130912	8,3773
0,013099	8,39011
0,0131066	8,40305
0,0131172	8,41593
0,0131245	8,42899
0,013132	8,44199
0,0131423	8,45499
0,013153	8,46781
0,0131581	8,48057
0,0131689	8,49332
0,0131769	8,50608
0,0131847	8,51896
0,0131957	8,53165
0,0132006	8,54447
0,0132088	8,55711
0,0132196	8,56992
0,0132308	8,5825
0,013239	8,59513
0,0132472	8,60777
0,0132557	8,62028
0,0132639	8,63291
0,0132721	8,64555
0,0132831	8,65824
0,0132918	8,67063
0,0133006	8,68296
0,0133097	8,69523
0,0133183	8,70768
0,013327	8,72007
0,0133359	8,7324
0,0133449	8,74467
0,0133543	8,75675
0,0133637	8,76878
0,0133734	8,78074
0,0133798	8,79288
0,0133888	8,80515
0,0133979	8,8173
0,0134046	8,82932
0,013414	8,84135
0,0134236	8,85331
0,0134302	8,86539
0,013437	8,87736
0,0134467	8,88926
0,0134535	8,90122
0,0134634	8,913
0,0134706	8,92478
0,0134807	8,9365
0,0134877	8,94834
0,013498	8,96
0,0135082	8,97166
0,0135155	8,98338
0,013523	8,99497
0,0135332	9,00663
0,0135406	9,01835
0,0135509	9,02995
0,0135584	9,04154
0,0135658	9,0532
0,0135764	9,06467
0,0135867	9,07633
0,0135943	9,08793
0,0136018	9,09946
0,0136093	9,11112
0,0136199	9,1226
0,0136281	9,13383
0,0136388	9,1453
0,0136469	9,15665
0,0136548	9,16807
0,0136654	9,1796
0,0136733	9,1909
0,0136849	9,202
0,0136937	9,21299
0,0137024	9,22398
0,0137145	9,23478
0,0137236	9,24564
0,0137328	9,25645
0,0137421	9,26719
0,0137547	9,27769
0,0137645	9,28825
0,0137743	9,29874
0,0137836	9,30949
0,0137897	9,32041
0,0137988	9,33121
0,0138074	9,34232
0,0138129	9,35343
0,0138216	9,36448
0,0138299	9,37571
0,0138383	9,38688
0,0138466	9,39811
0,0138517	9,40946
0,0138597	9,42081
0,013865	9,43204
0,0138758	9,44346
0,0138812	9,45469
0,0138892	9,46604
0,0138972	9,47739
0,0139053	9,48869
0,0139162	9,50004
0,0139214	9,51139
0,0139297	9,52256
0,0139351	9,53379
0,0139462	9,54514
0,0139518	9,55625
0,01396	9,56742
0,0139685	9,57859
0,013977	9,58976
0,0139853	9,60093
0,0139965	9,61216
0,0140046	9,62345
0,0140126	9,6348
0,0140205	9,64628
0,0140284	9,65769
0,0140358	9,66929
0,0140433	9,68089
0,0140477	9,6926
0,0140548	9,70438
0,014062	9,7161
0,014072	9,72788
0,0140789	9,73978
0,0140858	9,75169
0,0140955	9,76359
0,0141022	9,77555
0,0141091	9,78745
0,0141187	9,79942
0,0141251	9,81156
0,0141315	9,82365
0,0141403	9,83604
0,014146	9,84849
0,014155	9,86069
0,0141606	9,87321
0,0141692	9,88566
0,0141775	9,89823
0,0141828	9,91093
0,0141907	9,92368
0,0141992	9,9362
0,0142045	9,94889
0,014213	9,96134
0,0142218	9,97367
0,01423	9,98631
0,0142386	9,99882
0,0142471	10,0113
0,0142527	10,0238
0,0142614	10,0362
0,0142701	10,0486
0,0142787	10,0611
0,0142845	10,0735
0,0142931	10,0859
0,0142984	10,0985
0,0143099	10,111
0,0143155	10,1235
0,0143239	10,1361
0,0143324	10,1486
0,014341	10,161
0,0143464	10,1736
0,014355	10,186
0,0143638	10,1984
0,0143722	10,211
0,0143809	10,2234
0,0143866	10,2358
0,0143925	10,2481
0,0144012	10,2605
0,0144101	10,2729
0,0144186	10,2854
0,0144273	10,2978
0,0144357	10,3103
0,0144439	10,323
0,0144521	10,3356
0,0144603	10,3482
0,0144682	10,3611
0,0144763	10,3737
0,0144842	10,3865
0,0144918	10,3995
0,0144996	10,4123
0,0145073	10,4251
0,014515	10,438
0,0145227	10,4509
0,0145305	10,4638
0,0145382	10,4767
0,0145457	10,4896
0,0145531	10,5027
0,0145606	10,5157
0,0145681	10,5286
0,0145755	10,5416
0,0145857	10,5547
0,0145959	10,5677
0,0146003	10,5808
0,01461	10,5941
0,0146167	10,6075
0,0146235	10,6208
0,0146331	10,6342
0,0146396	10,6476
0,0146457	10,6612
0,014655	10,6747
0,0146612	10,6883
0,0146674	10,7019
0,0146765	10,7155
0,0146858	10,729
0,0146924	10,7424
0,0147021	10,7557
0,0147087	10,7691
0,0147182	10,7825
0,014728	10,7958
0,014735	10,809
0,014745	10,8222
0,0147518	10,8355
0,0147585	10,8489
0,0147681	10,8622
0,014775	10,8755
0,0147848	10,8887
0,0147918	10,902
0,014799	10,915
0,0148058	10,9283
0,0148156	10,9416
0,0148224	10,9549
0,0148324	10,9681
0,0148394	10,9813
0,0148493	10,9945
0,014856	11,0079
0,0148656	11,0212
0,0148722	11,0346
0,0148813	11,0482
0,0148877	11,0617
0,0148968	11,0753
0,014903	11,0889
0,0149118	11,1026
0,0149208	11,1162
0,0149267	11,13
0,0149357	11,1437
0,0149443	11,1574
0,0149526	11,1714
0,0149611	11,1853
0,0149665	11,1993
0,0149747	11,2133
0,0149829	11,2273
0,0149909	11,2414
0,0149987	11,2557
0,0150064	11,2699
0,0150138	11,2843
0,0150237	11,2989
0,0150309	11,3134
0,0150373	11,3283
0,0150438	11,3431
0,0150502	11,3579
0,0150596	11,3728
0,0150659	11,3877
0,0150721	11,4027
0,0150779	11,4178
0,0150867	11,433
0,0150927	11,448
0,0151016	11,4631
0,0151109	11,4779
0,01512	11,4929
0,0151262	11,5079
0,0151321	11,523
0,0151409	11,5381
0,0151467	11,5533
0,0151556	11,5683
0,0151646	11,5834
0,0151706	11,5984
0,0151794	11,6135
0,0151853	11,6286
0,0151939	11,6438
0,0151996	11,659
0,015208	11,6744
0,0152136	11,6896
0,0152219	11,7049
0,0152272	11,7203
0,0152353	11,7358
0,0152436	11,7511
0,0152517	11,7666
0,0152568	11,7821
0,0152648	11,7976
0,0152724	11,8132
0,0152834	11,8287
0,0152912	11,8443
0,0152991	11,8598
0,0153068	11,8755
0,0153174	11,8911
0,0153249	11,9068
0,0153323	11,9226
0,0153398	11,9383
0,0153472	11,9541
0,0153547	11,9698
0,0153618	11,9857
0,0153688	12,0017
0,0153787	12,0177
0,0153858	12,0335
0,0153927	12,0495
0,0153995	12,0657
0,0154092	12,0818
0,0154127	12,098
0,0154221	12,1141
0,0154284	12,1305
0,0154347	12,1468
0,0154438	12,1631
0,0154526	12,1797
0,0154583	12,1961
0,0154672	12,2126
0,0154729	12,2292
0,0154786	12,2458
0,0154873	12,2623
0,0154959	12,2789
0,0155046	12,2955
0,0155105	12,312
0,0155193	12,3285
0,0155281	12,3449
0,0155342	12,3613
0,0155428	12,3779
0,0155487	12,3944
0,0155577	12,4107
0,0155636	12,4272
0,0155726	12,4437
0,0155816	12,4601
0,0155877	12,4764
0,0155967	12,4929
0,0156057	12,5093
0,015612	12,5256
0,0156207	12,5421
0,0156296	12,5586
0,0156378	12,5753
0,0156463	12,5919
0,0156545	12,6087
0,0156599	12,6255
0,015668	12,6422
0,0156763	12,659
0,0156842	12,6759
0,0156921	12,6928
0,0157002	12,7097
0,015708	12,7267
0,0157189	12,7435
0,0157269	12,7604
0,0157347	12,7773
0,0157424	12,7943
0,01575	12,8114
0,0157603	12,8285
0,0157705	12,8458
0,0157779	12,8629
0,0157851	12,8801
0,0157923	12,8974
0,0157995	12,9146
0,0158063	12,9321
0,0158163	12,9493
0,0158233	12,9668
0,0158301	12,9842
0,0158369	13,0016
0,0158471	13,0188
0,0158541	13,0361
0,0158642	13,0534
0,0158714	13,0707
0,0158814	13,088
0,0158891	13,105
0,0158965	13,1222
0,015904	13,1393
0,0159116	13,1563
0,0159189	13,1734
0,0159264	13,1905
0,0159338	13,2077
0,0159444	13,2247
0,0159519	13,2418
0,0159626	13,2588
0,0159702	13,276
0,0159776	13,2931
0,0159852	13,3102
0,0159926	13,3272
0,0160002	13,3443
0,0160106	13,3614
0,016018	13,3785
0,016025	13,396
0,0160321	13,4132
0,0160421	13,4305
0,0160491	13,4479
0,0160593	13,4651
0,0160663	13,4824
0,0160733	13,4997
0,0160832	13,5171
0,0160903	13,5344
0,0161003	13,5517
0,0161107	13,5688
0,0161181	13,5859
0,0161254	13,6031
0,01613	13,6203
0,01614	13,6376
0,0161502	13,6548
0,0161579	13,6719
0,0161685	13,6888
0,0161762	13,7058
0,0161868	13,7229
0,0161947	13,7397
0,0162054	13,7567
0,0162136	13,7735
0,016222	13,7901
0,0162307	13,8067
0,0162426	13,8231
0,0162518	13,8395
0,0162608	13,8558
0,0162732	13,8721
0,0162797	13,8882
0,016289	13,9044
0,0162988	13,9205
0,0163085	13,9365
0,0163181	13,9526
0,0163276	13,9687
0,0163344	13,9848
0,0163438	14,0011
0,0163507	14,0171
0,0163605	14,0331
0,0163705	14,0491
0,0163776	14,0649
0,0163877	14,0808
0,0163975	14,0968
0,0164044	14,1128
0,0164146	14,1286
0,0164245	14,1446
0,0164345	14,1605
0,0164417	14,1764
0,0164513	14,1925
0,0164608	14,2086
0,0164705	14,2247
0,01648	14,2409
0,0164869	14,2569
0,0164965	14,2731
0,0165059	14,2893
0,0165153	14,3054
0,0165219	14,3216
0,0165313	14,3379
0,0165409	14,3539
0,0165475	14,3701
0,01656	14,3862
0,0165663	14,4024
0,016575	14,419
0,0165842	14,4353
0,0165934	14,4516
0,0166029	14,4678
0,0166093	14,484
0,0166187	14,5002
0,0166253	14,5165
0,0166344	14,5327
0,0166409	14,5489
0,0166505	14,565
0,0166603	14,581
0,0166668	14,5973
0,0166734	14,6134
0,0166824	14,6299
0,0166889	14,6461
0,0166979	14,6625
0,0167041	14,6788
0,0167104	14,695
0,0167163	14,7115
0,0167282	14,7279
0,0167374	14,7442
0,0167435	14,7606
0,0167526	14,777
0,016759	14,7932
0,0167679	14,8097
0,0167744	14,8259
0,0167805	14,8423
0,0167899	14,8585
0,0167994	14,8746
0,0168087	14,8908
0,0168149	14,9072
0,0168246	14,9233
0,0168309	14,9396
0,0168404	14,9558
0,016847	14,9719
0,0168562	14,9883
0,0168659	15,0043
0,0168724	15,0205
0,016882	15,0366
0,0168919	15,0526
0,0169018	15,0686
0,0169114	15,0847
0,0169184	15,1006
0,0169254	15,1166
0,0169354	15,1325
0,0169454	15,1484
0,0169551	15,1645
0,0169617	15,1806
0,0169711	15,1969
0,0169805	15,2131
0,0169898	15,2294
0,016996	15,2457
0,0170052	15,2619
0,0170109	15,2785
0,0170197	15,295
0,0170285	15,3115
0,0170372	15,328
0,0170459	15,3446
0,0170521	15,3609
0,0170578	15,3775
0,0170668	15,3939
0,0170726	15,4105
0,0170813	15,427
0,0170902	15,4435
0,0170961	15,4599
0,0171019	15,4765
0,017111	15,4928
0,0171201	15,5091
0,0171289	15,5256
0,0171351	15,542
0,0171447	15,5581
0,0171546	15,5741
0,0171648	15,5899
0,0171754	15,6056
0,0171861	15,6211
0,0171971	15,6366
0,0172081	15,6521
0,017216	15,6676
0,0172271	15,683
0,0172385	15,6982
0,0172465	15,7138
0,017257	15,7294
0,0172675	15,745
0,0172778	15,7609
0,0172882	15,7767
0,0172984	15,7924
0,0173058	15,8081
0,0173134	15,8239
0,0173209	15,8396
0,0173312	15,8554
0,0173389	15,871
0,0173501	15,8865
0,0173608	15,902
0,0173661	15,9174
0,0173769	15,9329
0,017385	15,9484
0,0173934	15,9637
0,0174018	15,979
0,0174137	15,994
0,0174257	16,009
0,0174317	16,024
0,0174408	16,039
0,0174498	16,0541
0,0174562	16,0689
0,0174684	16,0838
0,0174782	16,0984
0,0174877	16,1132
0,0174946	16,1278
0,0175042	16,1426
0,0175141	16,1572
0,0175238	16,1718
0,0175309	16,1864
0,0175384	16,2007
0,0175487	16,2151
0,0175592	16,2294
0,0175693	16,2439
0,0175768	16,2583
0,0175843	16,2727
0,0175922	16,2868
0,0176031	16,3009
0,0176112	16,315
0,0176222	16,3291
0,0176305	16,3431
0,0176386	16,3571
0,0176502	16,3709
0,0176593	16,3845
0,017668	16,3983
0,0176797	16,412
0,0176885	16,4258
0,0176972	16,4396
0,0177061	16,4532
0,017715	16,4669
0,0177238	16,4807
0,0177327	16,4943
0,0177415	16,508
0,0177503	16,5218
0,0177593	16,5354
0,0177681	16,5492
0,0177738	16,563
0,0177826	16,5768
0,0177941	16,5906
0,0178026	16,6044
0,0178114	16,6182
0,0178199	16,6321
0,0178281	16,6461
0,0178363	16,6601
0,0178441	16,6744
0,0178523	16,6883
0,0178604	16,7024
0,0178687	16,7163
0,0178743	16,7303
0,0178857	16,7442
0,0178941	16,7581
0,017903	16,7718
0,017912	16,7854
0,0179211	16,799
0,0179276	16,8124
0,01794	16,8258
0,0179468	16,8392
0,0179565	16,8525
0,017966	16,8658
0,0179754	16,8793
0,0179818	16,8928
0,0179909	16,9064
0,018	16,92
0,0180094	16,9334
0,0180189	16,9468
0,0180282	16,9604
0,0180344	16,9739
0,0180435	16,9875
0,0180498	17,0011
0,0180593	17,0145
0,0180657	17,028
0,018075	17,0415
0,0180843	17,055
0,0180904	17,0686
0,0180994	17,0823
0,0181083	17,0959
0,0181171	17,1097
0,018126	17,1234
0,0181321	17,137
0,018141	17,1507
0,0181503	17,1642
0,0181567	17,1777
0,0181687	17,1913
0,018178	17,2048
0,0181873	17,2182
0,0181936	17,2319
0,0182059	17,2453
0,0182151	17,2588
0,0182243	17,2724
0,0182334	17,2859
0,0182426	17,2995
0,0182514	17,3133
0,0182609	17,3266
0,0182673	17,3402
0,0182768	17,3536
0,0182806	17,3669
0,0182925	17,3805
0,0183016	17,3941
0,0183081	17,4076
0,0183174	17,4211
0,0183242	17,4344
0,018334	17,4476
0,0183436	17,461
0,0183536	17,4742
0,0183605	17,4874
0,0183703	17,5007
0,0183806	17,5138
0,0183881	17,5267
0,018398	17,54
0,018405	17,5531
0,0184119	17,5664
0,0184218	17,5796
0,0184288	17,5928
0,0184385	17,6061
0,0184453	17,6194
0,0184523	17,6326
0,0184623	17,6458
0,0184697	17,6589
0,0184807	17,6715
0,0184888	17,6842
0,0184969	17,6969
0,018505	17,7096
0,0185163	17,7221
0,0185249	17,7346
0,0185307	17,747
0,0185425	17,7593
0,0185512	17,7717
0,0185572	17,784
0,0185657	17,7965
0,0185775	17,8088
0,0185835	17,8211
0,0185925	17,8334
0,0186013	17,8458
0,0186103	17,8581
0,0186192	17,8703
0,018628	17,8827
0,018634	17,895
0,0186427	17,9074
0,0186541	17,9199
0,0186596	17,9325
0,0186707	17,9451
0,0186789	17,9577
0,0186846	17,9704
0,0186929	17,9832
0,018701	17,9961
0,0187064	18,009
0,0187176	18,0218
0,0187229	18,0346
0,0187343	18,0474
0,0187427	18,0602
0,018751	18,073
0,0187591	18,086
0,0187675	18,0987
0,018779	18,1114
0,0187881	18,1239
0,0187972	18,1363
0,0188064	18,1488
0,0188125	18,1612
0,0188246	18,1736
0,018834	18,1859
0,0188439	18,198
0,0188508	18,2101
0,0188607	18,2221
0,0188706	18,2342
0,0188775	18,2464
0,0188871	18,2586
0,0188941	18,2706
0,0189009	18,2828
0,0189109	18,2948
0,0189209	18,3068
0,0189309	18,3188
0,0189382	18,3307
0,0189484	18,3426
0,018959	18,3543
0,0189668	18,366
0,0189776	18,3777
0,0189856	18,3893
0,0189941	18,4006
0,0190055	18,4119
0,0190113	18,4231
0,019023	18,4343
0,0190319	18,4455
0,0190411	18,4565
0,01905	18,4676
0,0190621	18,4786
0,0190714	18,4896
0,0190805	18,5007
0,0190894	18,5118
0,0190986	18,5227
0,0191076	18,5339
0,0191166	18,545
0,0191257	18,5559
0,0191349	18,567
0,019144	18,578
0,0191502	18,5891
0,0191621	18,6002
0,0191684	18,6112
0,0191778	18,6221
0,0191872	18,633
0,0191966	18,6439
0,0192033	18,6547
0,0192129	18,6654
0,0192225	18,6762
0,0192326	18,6868
0,0192424	18,6975
0,0192524	18,7081
0,0192598	18,7186
0,0192669	18,7292
0,0192771	18,7397
0,0192876	18,7501
0,0192978	18,7606
0,0193079	18,7712
0,0193152	18,7817
0,019322	18,7925
0,019332	18,8031
0,0193419	18,8137
0,0193485	18,8246
0,0193578	18,8355
0,0193643	18,8464
0,0193736	18,8574
0,0193799	18,8683
0,0193895	18,8792
0,0193958	18,8901
0,0194052	18,901
0,0194118	18,9119
0,0194182	18,9228
0,019428	18,9336
0,0194377	18,9443
0,0194449	18,9549
0,019455	18,9654
0,0194621	18,9761
0,0194719	18,9867
0,0194793	18,9972
0,0194865	19,0077
0,0194967	19,0183
0,0195041	19,0288
0,0195144	19,0392
0,0195219	19,0496
0,0195293	19,0601
0,0195364	19,0707
0,0195436	19,0813
0,0195509	19,0918
0,019558	19,1024
0,0195685	19,1128
0,0195758	19,1232
0,0195863	19,1336
0,0195935	19,1442
0,0196007	19,1548
0,0196103	19,1655
0,0196206	19,176
0,0196279	19,1866
0,0196353	19,197
0,019643	19,2073
0,0196532	19,2178
0,0196608	19,2282
0,0196718	19,2383
0,0196798	19,2485
0,0196911	19,2585
0,0196996	19,2684
0,0197078	19,2785
0,0197188	19,2886
0,0197268	19,2987
0,0197349	19,3089
0,019743	19,319
0,0197541	19,3291
0,0197616	19,3395
0,0197693	19,3498
0,0197769	19,3602
0,0197871	19,3707
0,0197946	19,3811
0,0198021	19,3915
0,0198095	19,402
0,0198167	19,4126
0,0198239	19,4231
0,0198307	19,4339
0,0198378	19,4445
0,0198477	19,4551
0,0198545	19,4659
0,0198642	19,4766
0,0198712	19,4873
0,0198782	19,498
0,0198882	19,5086
0,019898	19,5193
0,019905	19,5299
0,0199119	19,5406
0,0199186	19,5514
0,0199282	19,5622
0,019935	19,573
0,0199447	19,5837
0,0199515	19,5945
0,0199582	19,6053
0,0199649	19,6161
0,0199746	19,6269
0,0199842	19,6377
0,0199912	19,6484
0,0199979	19,6591
0,0200048	19,6698
0,0200146	19,6805
0,0200214	19,6913
0,0200308	19,7021
0,0200377	19,7129
0,020044	19,7239
0,0200506	19,7347
0,0200599	19,7456
0,0200663	19,7566
0,0200756	19,7676
0,0200819	19,7785
0,0200909	19,7897
0,0201	19,8007
0,0201061	19,8118
0,0201121	19,823
0,0201211	19,834
0,0201297	19,8453
0,0201382	19,8566
0,020143	19,8683
0,0201512	19,8798
0,0201588	19,8916
0,0201669	19,9031
0,0201748	19,9148
0,0201823	19,9266
0,0201896	19,9385
0,0201967	19,9505
0,0202007	19,9626
0,0202106	19,9746
0,0202149	19,9866
0,0202244	19,9989
0,0202313	20,011
0,0202375	20,0235
0,0202465	20,0359
0,0202528	20,0484
0,0202583	20,0611
0,0202668	20,0738
0,020275	20,0868
0,0202829	20,0997
0,0202911	20,1126
0,0202962	20,1257
0,0203039	20,1388
0,0203115	20,152
0,0203187	20,1653
0,020326	20,1786
0,0203333	20,1919
0,0203407	20,2052
0,0203509	20,2185
0,0203582	20,2319
0,0203652	20,2453
0,0203719	20,2589
0,0203791	20,2723
0,0203859	20,2859
0,0203959	20,2992
0,0204026	20,3129
0,0204092	20,3265
0,0204156	20,3403
0,0204224	20,3539
0,020432	20,3675
0,0204392	20,3808
0,0204463	20,3943
0,0204533	20,4078
0,0204634	20,421
0,0204708	20,4344
0,0204811	20,4476
0,0204893	20,4605
0,0205002	20,4735
0,0205081	20,4865
0,0205161	20,4994
0,0205238	20,5126
0,0205347	20,5256
0,0205398	20,5386
0,0205503	20,5517
0,0205579	20,5649
0,0205656	20,578
0,0205732	20,5912
0,0205807	20,6044
0,0205912	20,6176
0,0206014	20,631
0,0206085	20,6443
0,0206159	20,6576
0,0206231	20,671
0,0206307	20,6842
0,0206384	20,6973
0,0206487	20,7106
0,0206563	20,7237
0,020664	20,7369
0,0206743	20,7501
0,0206821	20,7632
0,0206927	20,7763
0,0207003	20,7895
0,0207078	20,8027
0,0207181	20,816
0,0207256	20,8293
0,0207334	20,8423
0,0207412	20,8554
0,020752	20,8684
0,0207627	20,8815
0,0207706	20,8945
0,0207787	20,9075
0,0207897	20,9203
0,020798	20,9332
0,0208064	20,946
0,0208145	20,9589
0,0208226	20,9718
0,0208307	20,9848
0,0208418	20,9977
0,0208503	21,0104
0,0208591	21,023
0,0208678	21,0356
0,0208766	21,0483
0,0208856	21,0608
0,020895	21,0731
0,0209044	21,0854
0,020914	21,0976
0,0209237	21,1097
0,0209336	21,1217
0,0209439	21,1336
0,020954	21,1456
0,0209614	21,1575
0,020972	21,1692
0,0209796	21,181
0,0209901	21,1928
0,0210011	21,2043
0,0210088	21,216
0,0210168	21,2276
0,0210277	21,2392
0,0210355	21,2508
0,021046	21,2626
0,021054	21,2742
0,021062	21,2858
0,0210702	21,2972
0,0210815	21,3086
0,0210869	21,32
0,0210984	21,3313
0,0211101	21,3426
0,0211186	21,3539
0,0211275	21,365
0,0211365	21,3761
0,0211482	21,3873
0,021157	21,3985
0,0211661	21,4095
0,0211748	21,4208
0,0211837	21,4319
0,0211953	21,4432
0,021201	21,4544
0,0212098	21,4656
0,0212186	21,4768
0,0212274	21,488
0,0212391	21,4992
0,0212452	21,5103
0,021257	21,5214
0,0212662	21,5324
0,0212752	21,5436
0,0212843	21,5545
0,0212933	21,5657
0,0212999	21,5765
0,0213092	21,5874
0,0213189	21,5982
0,0213288	21,6089
0,0213384	21,6197
0,0213482	21,6304
0,0213581	21,641
0,0213679	21,6517
0,0213778	21,6624
0,021385	21,673
0,0213949	21,6836
0,0214022	21,6941
0,0214123	21,7047
0,0214196	21,7153
0,0214269	21,7257
0,0214343	21,7362
0,0214443	21,7467
0,0214547	21,7572
0,0214622	21,7676
0,0214697	21,7781
0,021477	21,7886
0,0214873	21,799
0,0214916	21,8096
0,0215016	21,8202
0,0215121	21,8305
0,0215193	21,8411
0,0215268	21,8515
0,0215371	21,862
0,0215445	21,8725
0,0215521	21,8828
0,0215624	21,8933
0,0215694	21,904
0,0215796	21,9145
0,0215869	21,925
0,0215968	21,9356
0,0216041	21,9461
0,0216139	21,9568
0,021618	21,9675
0,021625	21,9782
0,0216346	21,9889
0,0216416	21,9996
0,0216517	22,0102
0,0216584	22,021
0,021668	22,0318
0,0216774	22,0426
0,0216841	22,0534
0,0216906	22,0644
0,0217005	22,0751
0,0217069	22,086
0,0217164	22,0968
0,0217229	22,1077
0,0217294	22,1186
0,0217361	22,1294
0,0217485	22,1403
0,0217549	22,1512
0,021764	22,1623
0,0217702	22,1733
0,0217761	22,1846
0,0217849	22,1957
0,0217938	22,2068
0,0218028	22,2179
0,0218085	22,2292
0,0218171	22,2405
0,0218226	22,2519
0,0218313	22,2631
0,02184	22,2743
0,0218488	22,2856
0,0218546	22,2968
0,0218628	22,3082
0,0218711	22,3197
0,0218791	22,3313
0,0218872	22,3428
0,0218954	22,3543
0,0219036	22,3658
0,0219116	22,3774
0,0219166	22,389
0,0219242	22,4007
0,0219289	22,4125
0,0219396	22,4242
0,0219473	22,4359
0,021955	22,4476
0,021963	22,4592
0,0219733	22,4711
0,021981	22,4828
0,0219885	22,4946
0,0219959	22,5065
0,0220036	22,5182
0,0220112	22,5299
0,0220161	22,5416
0,0220268	22,5533
0,0220317	22,565
0,0220422	22,5767
0,0220501	22,5884
0,0220582	22,5999
0,0220659	22,6116
0,0220742	22,623
0,022085	22,6347
0,0220901	22,6463
0,0221008	22,6579
0,0221087	22,6695
0,0221164	22,6813
0,0221244	22,6929
0,022132	22,7046
0,0221426	22,7164
0,0221474	22,7281
0,0221578	22,7399
0,0221655	22,7516
0,022173	22,7634
0,0221805	22,7752
0,022188	22,7871
0,0221983	22,7989
0,0222056	22,8108
0,0222127	22,8229
0,0222228	22,8348
0,0222328	22,8468
0,0222395	22,8591
0,0222491	22,8713
0,0222554	22,8836
0,0222648	22,8959
0,022271	22,9084
0,0222799	22,9209
0,0222858	22,9335
0,0222946	22,9461
0,0223026	22,9591
0,0223053	22,9718
0,0223137	22,9846
0,022322	22,9974
0,0223305	23,0102
0,0223385	23,0232
0,0223465	23,0362
0,0223518	23,0491
0,0223596	23,0621
0,0223676	23,0751
0,0223763	23,0877
0,0223844	23,1007
0,0223925	23,1136
0,0224008	23,1264
0,0224088	23,1394
0,022417	23,1523
0,0224253	23,1651
0,0224331	23,1782
0,0224414	23,1911
0,0224494	23,204
0,0224572	23,2171
0,0224653	23,2301
0,0224704	23,243
0,0224809	23,2562
0,0224887	23,2693
0,0224967	23,2823
0,0225014	23,2954
0,0225093	23,3085
0,0225172	23,3215
0,0225274	23,3348
0,022535	23,348
0,0225427	23,3611
0,02255	23,3744
0,0225607	23,3875
0,0225684	23,4006
0,0225759	23,4139
0,0225839	23,4268
0,0225919	23,4398
0,0225997	23,4529
0,0226078	23,4658
0,022613	23,4787
0,0226207	23,4919
0,0226317	23,5048
0,0226398	23,5177
0,0226477	23,5307
0,0226558	23,5437
0,0226665	23,5568
0,022671	23,57
0,0226815	23,5832
0,0226891	23,5964
0,0226964	23,6097
0,0227065	23,6231
0,0227138	23,6364
0,0227206	23,6499
0,0227275	23,6634
0,0227374	23,6769
0,0227442	23,6905
0,0227484	23,7039
0,0227586	23,7172
0,0227683	23,7308
0,0227755	23,7441
0,0227856	23,7575
0,0227955	23,771
0,0228025	23,7844
0,0228096	23,7979
0,0228193	23,8114
0,0228263	23,8249
0,022836	23,8385
0,0228426	23,8521
0,0228522	23,8657
0,0228589	23,8793
0,0228656	23,8929
0,0228752	23,9065
0,0228851	23,92
0,0228921	23,9335
0,0228991	23,9469
0,0229061	23,9604
0,0229161	23,9738
0,0229232	23,9872
0,0229304	24,0006
0,0229375	24,014
0,0229479	24,0273
0,0229579	24,0406
0,022965	24,0541
0,0229751	24,0674
0,0229825	24,0807
0,022993	24,0939
0,0230035	24,107
0,023014	24,1202
0,0230218	24,1333
0,0230294	24,1465
0,0230367	24,1598
0,0230442	24,173
0,0230548	24,1861
0,0230596	24,1993
0,0230727	24,2126
0,0230798	24,226
0,0230867	24,2395
0,0230935	24,2531
0,0231028	24,2668
0,0231092	24,2806
0,0231184	24,2944
0,0231274	24,3083
0,0231333	24,3223
0,0231417	24,3365
0,02315	24,3507
0,0231581	24,365
0,0231633	24,3794
0,0231712	24,3938
0,0231826	24,408
0,0231881	24,4222
0,0231938	24,4363
0,0232028	24,4502
0,0232085	24,4642
0,0232202	24,4783
0,0232262	24,4922
0,0232352	24,5061
0,0232443	24,5199
0,023254	24,5336
0,023263	24,5474
0,023269	24,5614
0,0232804	24,5755
0,0232861	24,5896
0,0232947	24,6037
0,0233036	24,6177
0,0233122	24,6317
0,0233207	24,6459
0,0233263	24,66
0,0233344	24,6743
0,0233429	24,6885
0,0233485	24,7026
0,0233571	24,7167
0,0233657	24,7308
0,0233745	24,7448
0,0233831	24,7589
0,0233891	24,7728
0,023398	24,7868
0,023407	24,8007
0,0234158	24,8147
0,0234245	24,8287
0,0234304	24,8428
0,0234389	24,8569
0,0234476	24,8709
0,0234558	24,8852
0,0234641	24,8995
0,0234723	24,9137
0,0234773	24,9281
0,0234855	24,9424
0,0234906	24,9568
0,0235015	24,9712
0,0235094	24,9856
0,0235174	25
0,0235251	25,0146
0,0235333	25,0289
0,0235384	25,0432
0,0235464	25,0576
0,0235546	25,0719
0,0235626	25,0863
0,0235709	25,1005
0,0235823	25,1147
0,0235905	25,1289
0,0235989	25,1431
0,0236041	25,1575
0,0236149	25,1719
0,0236231	25,1862
0,0236313	25,2005
0,0236391	25,2149
0,0236469	25,2294
0,0236547	25,2439
0,023662	25,2586
0,0236698	25,2731
0,02368	25,2878
0,0236878	25,3023
0,0236955	25,3169
0,023703	25,3315
0,0237103	25,3462
0,0237182	25,3606
0,0237286	25,3753
0,0237365	25,3897
0,0237446	25,404
0,023755	25,4186
0,0237602	25,433
0,0237709	25,4475
0,023776	25,4619
0,0237868	25,4763
0,0237951	25,4905
0,0238002	25,5049
0,0238114	25,5191
0,0238197	25,5334
0,0238249	25,5477
0,0238366	25,5617
0,0238424	25,5758
0,023854	25,5898
0,0238629	25,6037
0,0238719	25,6177
0,0238778	25,6316
0,0238896	25,6456
0,0238984	25,6596
0,0239071	25,6736
0,0239161	25,6875
0,023925	25,7015
0,0239337	25,7156
0,0239423	25,7297
0,0239508	25,7438
0,023962	25,758
0,0239704	25,7722
0,0239788	25,7864
0,0239871	25,8006
0,0239983	25,8149
0,0240041	25,829
0,0240156	25,8431
0,0240215	25,857
0,0240331	25,8711
0,0240391	25,885
0,024048	25,899
0,0240603	25,9126
0,0240697	25,9264
0,0240794	25,9399
0,0240892	25,9534
0,024096	25,967
0,0241087	25,9805
0,0241188	25,9939
0,0241262	26,0072
0,0241363	26,0205
0,0241499	26,0336
0,0241572	26,047
0,024165	26,06
0,0241757	26,0731
0,0241833	26,0863
0,024191	26,0994
0,0242017	26,1125
0,0242096	26,1255
0,0242205	26,1385
0,0242289	26,1513
0,024237	26,1642
0,0242485	26,1769
0,0242568	26,1897
0,0242655	26,2024
0,0242745	26,2148
0,0242837	26,2273
0,0242928	26,2397
0,024302	26,2522
0,0243115	26,2643
0,0243212	26,2765
0,0243312	26,2886
0,0243412	26,3006
0,0243512	26,3126
0,0243613	26,3246
0,0243715	26,3365
0,0243818	26,3484
0,0243895	26,3601
0,0244001	26,3718
0,0244106	26,3835
0,0244183	26,3953
0,0244235	26,4068
0,0244342	26,4184
0,0244427	26,4298
0,0244509	26,4413
0,0244593	26,4527
0,0244709	26,4639
0,0244797	26,4751
0,0244888	26,4862
0,0244981	26,4971
0,0245075	26,508
0,0245167	26,519
0,0245264	26,5298
0,0245362	26,5404
0,0245464	26,551
0,0245567	26,5614
0,0245672	26,5718
0,0245778	26,5821
0,0245882	26,5926
0,0245989	26,6028
0,0246067	26,6131
0,0246177	26,6232
0,0246258	26,6333
0,0246364	26,6437
0,0246474	26,6538
0,0246555	26,6639
0,0246634	26,6742
0,0246711	26,6844
0,0246821	26,6946
0,0246898	26,7049
0,0247006	26,7152
0,0247083	26,7255
0,0247159	26,7358
0,0247235	26,7462
0,0247342	26,7565
0,0247415	26,767
0,0247517	26,7775
0,0247591	26,788
0,0247663	26,7985
0,0247769	26,8088
0,0247817	26,8192
0,0247923	26,8295
0,0248001	26,8397
0,024808	26,8499
0,0248185	26,8603
0,0248295	26,8704
0,0248379	26,8804
0,024846	26,8905
0,0248543	26,9006
0,0248624	26,9107
0,0248703	26,9209
0,0248784	26,931
0,0248865	26,9412
0,0248945	26,9514
0,0249027	26,9614
0,0249109	26,9715
0,0249189	26,9816
0,0249271	26,9918
0,024935	27,002
0,0249428	27,0122
0,0249505	27,0225
0,0249559	27,0325
0,0249638	27,0428
0,024975	27,0528
0,0249832	27,0629
0,0249886	27,0729
0,0249999	27,0829
0,0250083	27,0929
0,0250172	27,1026
0,0250231	27,1124
0,0250348	27,1222
0,0250433	27,1322
0,0250518	27,142
0,02506	27,1521
0,0250682	27,1622
0,0250761	27,1724
0,0250837	27,1828
0,0250914	27,1931
0,025099	27,2034
0,0251065	27,2139
0,0251141	27,2243
0,0251246	27,2346
0,0251292	27,2451
0,0251399	27,2553
0,0251476	27,2656
0,0251554	27,2759
0,025166	27,2862
0,0251708	27,2966
0,0251809	27,3071
0,0251883	27,3176
0,0251953	27,3282
0,0252052	27,3389
0,0252127	27,3493
0,0252227	27,3599
0,0252301	27,3704
0,0252375	27,3809
0,0252449	27,3913
0,0252525	27,4017
0,0252632	27,4119
0,025271	27,4222
0,0252819	27,4323
0,0252901	27,4425
0,0252977	27,4528
0,0253053	27,4632
0,025316	27,4735
0,0253236	27,4838
0,0253312	27,4942
0,0253421	27,5043
0,0253497	27,5147
0,0253576	27,5249
0,0253656	27,5351
0,0253736	27,5453
0,0253819	27,5554
0,0253905	27,5652
0,0253988	27,5753
0,0254073	27,5852
0,0254186	27,5951
0,0254272	27,6051
0,0254361	27,6148
0,0254451	27,6245
0,0254538	27,6343
0,02546	27,6439
0,0254692	27,6535
0,025478	27,6633
0,0254869	27,673
0,025496	27,6827
0,025505	27,6924
0,0255139	27,7021
0,0255224	27,712
0,0255281	27,7219
0,0255368	27,7318
0,0255457	27,7415
0,0255543	27,7514
0,0255631	27,7612
0,025572	27,7709
0,0255811	27,7806
0,0255872	27,7902
0,0255963	27,7999
0,0256054	27,8095
0,0256147	27,819
0,025624	27,8286
0,0256332	27,8382
0,0256425	27,8478
0,0256488	27,8573
0,0256578	27,867
0,0256665	27,8768
0,0256757	27,8865
0,0256818	27,8961
0,0256912	27,9056
0,0257005	27,9152
0,0257096	27,9248
0,0257158	27,9345
0,0257251	27,944
0,0257346	27,9535
0,0257446	27,9627
0,0257544	27,972
0,0257613	27,9813
0,025771	27,9906
0,0257806	28
0,0257901	28,0095
0,0257969	28,0188
0,0258065	28,0282
0,0258161	28,0377
0,025825	28,0474
0,025831	28,0571
0,0258404	28,0666
0,0258471	28,076
0,0258568	28,0853
0,0258663	28,0948
0,0258733	28,104
0,0258832	28,1133
0,0258933	28,1224
0,0259033	28,1317
0,0259108	28,1407
0,0259183	28,1497
0,0259286	28,1588
0,0259359	28,1679
0,0259456	28,1772
0,025953	28,1863
0,0259597	28,1957
0,0259665	28,205
0,0259761	28,2144
0,0259831	28,2237
0,02599	28,233
0,0259997	28,2423
0,0260064	28,2517
0,0260158	28,2612
0,0260229	28,2705
0,0260325	28,2798
0,0260396	28,289
0,0260496	28,2982
0,0260567	28,3074
0,0260666	28,3167
0,0260738	28,3258
0,0260812	28,3349
0,0260915	28,3439
0,0260991	28,353
0,0261065	28,3619
0,0261168	28,371
0,0261242	28,3801
0,0261344	28,3892
0,0261417	28,3983
0,026152	28,4074
0,0261594	28,4165
0,0261667	28,4255
0,0261766	28,4348
0,0261865	28,444
0,0261933	28,4534
0,0262035	28,4625
0,0262109	28,4716
0,0262182	28,4807
0,0262286	28,4897
0,0262387	28,4988
0,0262461	28,5079
0,0262533	28,5171
0,0262639	28,526
0,0262716	28,5349
0,0262794	28,5438
0,0262902	28,5526
0,0262979	28,5615
0,0263088	28,5703
0,0263166	28,5792
0,0263245	28,588
0,0263321	28,5969
0,0263427	28,6058
0,0263504	28,6148
0,026361	28,6237
0,0263716	28,6326
0,0263821	28,6416
0,0263894	28,6506
0,0263964	28,6599
0,0264066	28,669
0,0264168	28,6781
0,0264243	28,6871
0,0264317	28,6962
0,026442	28,7053
0,0264486	28,7147
0,0264559	28,7238
0,0264659	28,733
0,0264763	28,742
0,0264841	28,7509
0,0264915	28,76
0,0265016	28,7691
0,0265092	28,7781
0,0265199	28,7869
0,0265306	28,7958
0,0265391	28,8043
0,0265468	28,8132
0,0265548	28,822
0,0265627	28,8308
0,0265734	28,8397
0,0265814	28,8485
0,0265896	28,8571
0,0265974	28,866
0,026605	28,875
0,0266129	28,8838
0,0266205	28,8928
0,0266285	28,9016
0,0266394	28,9103
0,0266471	28,9192
0,0266546	28,9282
0,0266623	28,9371
0,0266703	28,9459
0,0266814	28,9546
0,0266871	28,9631
0,0266983	28,9717
0,026704	28,9802
0,0267128	28,9885
0,0267214	28,9971
0,0267302	29,0054
0,0267397	29,0135
0,0267516	29,0217
0,0267576	29,0301
0,0267696	29,0383
0,0267753	29,0468
0,026787	29,0552
0,0267929	29,0635
0,0268044	29,072
0,0268103	29,0805
0,026819	29,0889
0,0268276	29,0973
0,0268363	29,1058
0,0268452	29,1141
0,0268538	29,1226
0,0268629	29,1308
0,0268719	29,1391
0,0268781	29,1473
0,0268872	29,1556
0,0268966	29,1636
0,0269058	29,1719
0,0269156	29,1798
0,0269251	29,1878
0,0269347	29,1958
0,0269415	29,2037
0,0269513	29,2117
0,026961	29,2196
0,026971	29,2274
0,0269809	29,2352
0,0269882	29,243
0,0269982	29,2508
0,0270051	29,2586
0,027012	29,2666
0,0270218	29,2745
0,0270315	29,2824
0,0270412	29,2903
0,0270482	29,2982
0,0270578	29,3062
0,0270645	29,3142
0,0270737	29,3224
0,0270834	29,3303
0,0270898	29,3384
0,0270996	29,3464
0,0271063	29,3543
0,0271161	29,3622
0,0271228	29,3702
0,0271324	29,3782
0,0271421	29,3862
0,0271492	29,394
0,027159	29,4019
0,0271685	29,41
0,0271784	29,4178
0,0271852	29,4258
0,0271949	29,4336
0,0272021	29,4414
0,027212	29,4493
0,0272163	29,457
0,0272264	29,4648
0,0272333	29,4727
0,0272432	29,4805
0,0272507	29,4882
0,0272579	29,4959
0,0272681	29,5036
0,0272781	29,5114
0,027285	29,5193
0,0272951	29,5271
0,0273022	29,5349
0,0273094	29,5426
0,0273195	29,5504
0,027327	29,558
0,0273346	29,5656
0,0273452	29,5731
0,0273528	29,5806
0,0273636	29,588
0,0273719	29,5953
0,0273802	29,6025
0,0273887	29,6096
0,0273972	29,6167
0,0274058	29,6238
0,0274174	29,6308
0,027426	29,6379
0,0274347	29,6449
0,0274462	29,652
0,027455	29,659
0,0274637	29,666
0,0274724	29,6731
0,0274811	29,6801
0,0274898	29,6871
0,0274987	29,694
0,0275074	29,7011
0,027516	29,7081
0,027525	29,715
0,0275339	29,7219
0,0275428	29,7289
0,0275487	29,7358
0,0275573	29,7429
0,0275658	29,75
0,0275776	29,757
0,0275833	29,764
0,027589	29,7711
0,0275978	29,7781
0,0276092	29,7852
0,0276181	29,7922
0,0276268	29,7992
0,0276358	29,8061
0,0276445	29,8131
0,0276534	29,82
0,0276619	29,8272
0,0276705	29,8343
0,0276791	29,8413
0,0276905	29,8485
0,027696	29,8556
0,0277042	29,8629
0,0277125	29,8701
0,027721	29,8772
0,0277295	29,8843
0,0277376	29,8916
0,0277461	29,8988
0,0277546	29,9059
0,0277631	29,9131
0,0277718	29,9201
0,0277802	29,9272
0,0277889	29,9342
0,0277974	29,9414
0,0278058	29,9486
0,0278115	29,9556
0,0278203	29,9626
0,0278287	29,9698
0,0278374	29,9768
0,0278457	29,984
0,027854	29,9913
0,0278628	29,9982
0,0278713	30,0054
0,0278795	30,0126
0,0278881	30,0197
0,0278964	30,027
0,0279045	30,0342
0,0279132	30,0413
0,0279213	30,0486
0,0279297	30,0558
0,0279381	30,0629
0,0279462	30,0703
0,0279514	30,0776
0,0279598	30,0847
0,0279677	30,0921
0,0279758	30,0995
0,0279839	30,1068
0,0279919	30,1141
0,028	30,1215
0,0280083	30,1287
0,0280162	30,1361
0,0280243	30,1434
0,0280325	30,1507
0,0280408	30,1579
0,0280492	30,1651
0,0280578	30,1722
0,0280662	30,1793
0,0280747	30,1865
0,0280803	30,1936
0,0280886	30,2008
0,028097	30,208
0,0281084	30,2151
0,0281164	30,2225
0,0281216	30,2297
0,0281326	30,2371
0,0281375	30,2446
0,0281452	30,2521
0,028153	30,2595
0,0281606	30,2671
0,0281683	30,2746
0,0281791	30,282
0,0281839	30,2896
0,0281917	30,297
0,0281994	30,3045
0,028207	30,312
0,0282147	30,3195
0,0282254	30,327
0,028236	30,3346
0,0282437	30,3421
0,0282513	30,3496
0,0282588	30,3572
0,0282692	30,3648
0,0282768	30,3724
0,028284	30,3801
0,0282912	30,3879
0,0282986	30,3955
0,028306	30,4032
0,0283162	30,4109
0,0283237	30,4185
0,0283313	30,4261
0,0283382	30,434
0,0283455	30,4417
0,0283555	30,4495
0,0283628	30,4572
0,0283735	30,4646
0,0283807	30,4724
0,0283909	30,4801
0,0283982	30,4878
0,0284058	30,4954
0,0284134	30,5029
0,0284244	30,5102
0,0284324	30,5176
0,0284438	30,5247
0,0284524	30,5318
0,0284612	30,5388
0,02847	30,5458
0,028482	30,5526
0,0284911	30,5595
0,0284999	30,5664
0,0285088	30,5734
0,0285149	30,5803
0,0285238	30,5872
0,0285356	30,5941
0,0285442	30,6012
0,0285527	30,6083
0,0285615	30,6153
0,0285703	30,6223
0,0285792	30,6292
0,0285882	30,6361
0,028597	30,643
0,0286058	30,65
0,0286089	30,657
0,0286179	30,6638
0,0286302	30,6705
0,0286367	30,6772
0,0286461	30,6839
0,0286558	30,6904
0,0286656	30,6969
0,0286755	30,7034
0,0286858	30,7096
0,0286933	30,7159
0,028704	30,7219
0,0287118	30,728
0,0287224	30,7341
0,0287331	30,7401
0,0287384	30,746
0,0287492	30,752
0,0287573	30,7579
0,0287682	30,7639
0,0287762	30,7699
0,0287872	30,7758
0,0287949	30,7819
0,0288033	30,7876
0,0288146	30,7934
0,0288257	30,7993
0,028834	30,8051
0,0288424	30,8109
0,0288536	30,8167
0,0288593	30,8224
0,0288711	30,8279
0,0288802	30,8333
0,0288898	30,8385
0,028899	30,8439
0,0289087	30,849
0,0289187	30,854
0,0289285	30,8591
0,0289385	30,8641
0,0289488	30,869
0,0289564	30,8737
0,0289667	30,8786
0,0289771	30,8834
0,0289844	30,8883
0,0289945	30,8932
0,0290047	30,8981
0,0290118	30,9031
0,029022	30,908
0,0290294	30,9129
0,0290395	30,9178
0,0290467	30,9228
0,0290569	30,9276
0,0290641	30,9326
0,0290713	30,9375
0,0290816	30,9424
0,0290885	30,9475
0,0290987	30,9524
0,0291088	30,9574
0,0291159	30,9623
0,0291261	30,9672
0,029133	30,9723
0,029143	30,9773
0,0291499	30,9824
0,0291598	30,9874
0,0291694	30,9926
0,0291765	30,9976
0,0291834	31,0027
0,0291931	31,0079
0,0291999	31,013
0,0292092	31,0183
0,0292157	31,0236
0,0292252	31,0289
0,0292345	31,0342
0,0292406	31,0397
0,0292499	31,045
0,0292586	31,0506
0,0292645	31,0562
0,0292704	31,0618
0,029279	31,0674
0,029288	31,0729
0,0292939	31,0785
0,0293023	31,0842
0,0293112	31,0898
0,0293198	31,0954
0,0293284	31,1011
0,0293344	31,1067
0,0293428	31,1124
0,0293515	31,1181
0,0293572	31,1237
0,0293655	31,1295
0,0293739	31,1353
0,0293824	31,141
0,0293907	31,1468
0,0293961	31,1526
0,0294073	31,1585
0,0294126	31,1644
0,0294208	31,1702
0,0294291	31,176
0,0294372	31,1819
0,0294451	31,1879
0,0294502	31,1939
0,0294608	31,2
0,0294685	31,2061
0,0294761	31,2123
0,0294834	31,2186
0,0294907	31,2249
0,0294981	31,2311
0,029505	31,2376
0,0295123	31,2439
0,0295198	31,2501
0,0295271	31,2564
0,0295344	31,2627
0,0295447	31,2689
0,0295522	31,2752
0,0295597	31,2814
0,0295706	31,2873
0,029575	31,2937
0,0295857	31,2997
0,0295932	31,3059
0,0296003	31,3123
0,0296076	31,3186
0,0296149	31,3249
0,029625	31,3313
0,0296324	31,3375
0,0296396	31,3439
0,0296463	31,3504
0,0296533	31,3569
0,0296632	31,3634
0,0296699	31,37
0,0296769	31,3764
0,0296867	31,3829
0,0296936	31,3893
0,0297002	31,396
0,0297099	31,4025
0,0297165	31,4092
0,0297262	31,4157
0,0297359	31,4223
0,0297426	31,4289
0,0297493	31,4354
0,029756	31,442
0,0297656	31,4486
0,0297723	31,4552
0,0297823	31,4616
0,0297892	31,4681
0,0297991	31,4746
0,0298061	31,481
0,029813	31,4875
0,0298231	31,4938
0,0298332	31,5002
0,0298404	31,5066
0,0298474	31,513
0,0298573	31,5194
0,0298668	31,5261
0,0298733	31,5328
0,0298829	31,5394
0,0298893	31,5461
0,0298991	31,5526
0,0299028	31,5593
0,0299123	31,5659
0,0299216	31,5726
0,0299281	31,5793
0,0299347	31,5859
0,0299445	31,5924
0,0299546	31,5988
0,0299643	31,6053
0,0299713	31,6118
0,0299808	31,6184
0,0299876	31,625
0,0299973	31,6315
0,0300044	31,6379
0,0300143	31,6443
0,0300213	31,6508
0,0300311	31,6573
0,0300379	31,6638
0,0300479	31,6702
0,0300548	31,6767
0,0300647	31,6832
0,0300713	31,6898
0,030081	31,6963
0,0300874	31,7031
0,030097	31,7096
0,0301066	31,7163
0,0301133	31,7229
0,0301229	31,7295
0,030132	31,7363
0,0301388	31,7428
0,0301482	31,7495
0,0301551	31,756
0,0301648	31,7626
0,0301714	31,7692
0,0301812	31,7757
0,0301908	31,7822
0,0302007	31,7887
0,0302073	31,7953
0,0302172	31,8018
0,0302269	31,8084
0,030234	31,8148
0,0302408	31,8213
0,0302476	31,8278
0,0302578	31,8342
0,0302674	31,8407
0,0302743	31,8472
0,0302812	31,8538
0,0302909	31,8602
0,0303008	31,8667
0,0303077	31,8732
0,0303142	31,8799
0,0303237	31,8866
0,0303305	31,8931
0,030337	31,8998
0,0303465	31,9064
0,0303561	31,913
0,0303627	31,9196
0,0303696	31,9261
0,0303794	31,9326
0,0303893	31,939
0,0303964	31,9455
0,0304068	31,9517
0,030414	31,958
0,0304241	31,9644
0,0304315	31,9706
0,0304386	31,977
0,0304486	31,9834
0,0304586	31,9898
0,0304656	31,9963
0,0304752	32,0028
0,0304821	32,0094
0,0304916	32,016
0,0304983	32,0226
0,0305076	32,0294
0,030514	32,0361
0,0305204	32,0428
0,0305298	32,0495
0,0305393	32,0561
0,0305458	32,0628
0,0305553	32,0695
0,0305618	32,0762
0,0305682	32,0829
0,0305778	32,0894
0,0305847	32,096
0,0305947	32,1024
0,0306046	32,1088
0,0306116	32,1153
0,0306215	32,1217
0,0306313	32,1282
0,0306383	32,1347
0,0306483	32,1411
0,030655	32,1476
0,0306645	32,1543
0,030671	32,1609
0,0306799	32,1679
0,030689	32,1747
0,0306979	32,1817
0,0307037	32,1887
0,0307126	32,1956
0,0307214	32,2026
0,0307297	32,2098
0,0307385	32,2168
0,0307442	32,2239
0,0307502	32,2308
0,0307593	32,2376
0,0307683	32,2445
0,0307773	32,2513
0,0307836	32,2582
0,0307895	32,2651
0,0307987	32,2719
0,0308079	32,2787
0,0308168	32,2856
0,0308258	32,2925
0,0308351	32,2993
0,030844	32,3062
0,030853	32,3131
0,030862	32,32
0,0308682	32,3268
0,0308742	32,3337
0,0308833	32,3406
0,0308923	32,3475
0,0309013	32,3543
0,0309106	32,361
0,0309165	32,3681
0,0309252	32,3751
0,030934	32,382
0,0309396	32,3892
0,0309482	32,3962
0,030957	32,4032
0,0309655	32,4104
0,0309742	32,4174
0,0309832	32,4243
0,0309917	32,4314
0,0310005	32,4383
0,0310065	32,4453
0,0310153	32,4522
0,0310243	32,4591
0,0310332	32,4661
0,0310392	32,473
0,0310479	32,4801
0,0310568	32,487
0,031065	32,4943
0,0310735	32,5013
0,0310795	32,5083
0,031088	32,5154
0,0310967	32,5225
0,0311025	32,5294
0,031111	32,5366
0,0311197	32,5436
0,0311284	32,5507
0,0311368	32,5578
0,0311455	32,5648
0,0311539	32,572
0,0311589	32,5794
0,0311672	32,5867
0,0311754	32,5939
0,0311835	32,6012
0,0311919	32,6084
0,0312	32,6157
0,031208	32,6231
0,031213	32,6305
0,0312212	32,6377
0,0312294	32,645
0,0312377	32,6523
0,0312458	32,6596
0,0312567	32,667
0,0312648	32,6742
0,0312729	32,6816
0,0312811	32,6889
0,0312894	32,6961
0,0312977	32,7033
0,0313057	32,7106
0,0313141	32,7178
0,0313223	32,7251
0,0313305	32,7323
0,0313389	32,7395
0,0313499	32,7468
0,031355	32,7542
0,031363	32,7616
0,0313712	32,7689
0,0313792	32,7762
0,0313903	32,7834
0,0313983	32,7909
0,0314061	32,7983
0,0314113	32,8056
0,0314218	32,8132
0,0314268	32,8206
0,0314374	32,8281
0,031445	32,8357
0,0314525	32,8433
0,0314602	32,8508
0,0314678	32,8583
0,0314755	32,8659
0,0314831	32,8734
0,0314904	32,8811
0,0314979	32,8887
0,0315054	32,8963
0,0315158	32,9039
0,0315235	32,9115
0,0315337	32,9192
0,031541	32,9268
0,0315479	32,9347
0,0315548	32,9426
0,0315618	32,9505
0,0315687	32,9584
0,0315783	32,9664
0,0315878	32,9744
0,0315943	32,9825
0,0316006	32,9907
0,0316069	32,9989
0,0316159	33,0072
0,031625	33,0154
0,0316314	33,0236
0,0316403	33,0319
0,0316491	33,0402
0,0316553	33,0485
0,0316612	33,0569
0,0316727	33,0653
0,0316785	33,0738
0,0316843	33,0822
0,031693	33,0907
0,0317018	33,099
0,0317076	33,1075
0,031716	33,1161
0,0317245	33,1245
0,0317299	33,1332
0,0317381	33,1419
0,0317436	33,1504
0,0317518	33,1591
0,0317597	33,1679
0,0317646	33,1768
0,0317723	33,1857
0,0317771	33,1947
0,0317849	33,2035
0,0317924	33,2125
0,0318002	33,2213
0,0318076	33,2304
0,0318152	33,2394
0,0318225	33,2485
0,0318298	33,2576
0,0318396	33,2669
0,0318468	33,2761
0,0318535	33,2854
0,0318602	33,2949
0,0318698	33,3042
0,0318761	33,3139
0,0318826	33,3233
0,0318916	33,333
0,0318976	33,3428
0,0319062	33,3526
0,031915	33,3624
0,0319206	33,3723
0,0319291	33,3823
0,0319342	33,3925
0,0319422	33,4026
0,0319501	33,4129
0,0319547	33,4232
0,0319623	33,4337
0,0319698	33,4441
0,0319775	33,4544
0,031985	33,4647
0,0319924	33,4752
0,0319995	33,4859
0,0320059	33,4968
0,0320126	33,5076
0,032022	33,5185
0,0320289	33,5292
0,0320384	33,54
0,0320451	33,5509
0,0320513	33,5619
0,0320576	33,5729
0,0320667	33,5839
0,0320731	33,5949
0,0320829	33,6056
0,0320892	33,6166
0,0320981	33,6277
0,0321071	33,6388
0,0321128	33,65
0,0321187	33,6613
0,0321307	33,6723
0,0321338	33,6835
0,0321425	33,6947
0,0321513	33,7059
0,0321571	33,7171
0,0321692	33,7281
0,0321757	33,739
0,0321848	33,75
0,0321911	33,7611
0,0322003	33,7721
0,0322063	33,7832
0,0322155	33,7942
0,0322251	33,805
0,0322314	33,816
0,0322409	33,8269
0,0322474	33,8377
0,0322568	33,8487
0,0322662	33,8596
0,0322728	33,8704
0,032282	33,8814
0,0322913	33,8923
0,0322976	33,9033
0,0323064	33,9145
0,0323152	33,9257
0,0323211	33,9369
0,0323324	33,9483
0,0323383	33,9595
0,0323471	33,9707
0,0323561	33,9818
0,0323623	33,9928
0,0323687	34,0037
0,0323779	34,0147
0,0323875	34,0255
0,0323947	34,0361
0,0324047	34,0467
0,0324148	34,0573
0,0324221	34,0678
0,0324322	34,0783
0,0324423	34,0889
0,0324494	34,0995
0,0324569	34,1099
0,0324671	34,1204
0,0324744	34,1309
0,0324844	34,1416
0,0324915	34,1522
0,0325019	34,1626
0,0325121	34,1731
0,0325194	34,1836
0,0325265	34,1942
0,0325336	34,2048
0,0325403	34,2157
0,0325501	34,2263
0,0325599	34,237
0,0325669	34,2477
0,0325741	34,2583
0,0325836	34,2691
0,0325934	34,2798
0,0326005	34,2904
0,0326077	34,301
0,032618	34,3114
0,0326253	34,322
0,0326326	34,3325
0,0326425	34,3431
0,0326499	34,3536
0,0326598	34,3642
0,0326675	34,3746
0,0326772	34,3853
0,0326872	34,3959
0,032694	34,4067
0,032704	34,4173
0,0327113	34,4278
0,0327187	34,4383
0,0327288	34,4488
0,0327391	34,4593
0,0327461	34,4699
0,0327534	34,4804
0,032761	34,4908
0,0327689	34,5011
0,0327796	34,5113
0,0327874	34,5216
0,0327982	34,5318
0,032806	34,5421
0,0328139	34,5523
0,0328219	34,5625
0,0328331	34,5725
0,0328411	34,5827
0,0328491	34,5929
0,0328574	34,6029
0,032869	34,6128
0,0328776	34,6226
0,0328862	34,6325
0,032895	34,6423
0,0329036	34,6522
0,0329124	34,6619
0,0329212	34,6718
0,0329299	34,6815
0,032939	34,6912
0,0329446	34,7012
0,032953	34,7111
0,0329645	34,721
0,0329729	34,731
0,0329784	34,741
0,0329899	34,7509
0,0329984	34,7608
0,0330071	34,7706
0,033016	34,7804
0,0330248	34,7901
0,0330337	34,7999
0,0330428	34,8095
0,0330518	34,8192
0,0330608	34,829
0,033067	34,8385
0,0330761	34,8482
0,0330851	34,8579
0,0330969	34,8676
0,0331028	34,8774
0,0331115	34,8872
0,0331203	34,897
0,0331289	34,9069
0,0331349	34,9167
0,0331436	34,9265
0,033152	34,9364
0,0331604	34,9464
0,0331718	34,9563
0,0331802	34,9663
0,033186	34,9762
0,0331945	34,9861
0,0332029	34,9961
0,0332113	35,0061
0,0332194	35,0161
0,0332277	35,0262
0,033236	35,0362
0,0332444	35,0462
0,0332554	35,0563
0,0332607	35,0664
0,0332687	35,0766
0,0332797	35,0867
0,0332879	35,0968
0,0332931	35,1069
0,0333043	35,117
0,0333096	35,127
0,0333177	35,1371
0,0333261	35,1471
0,0333344	35,1571
0,0333425	35,1673
0,0333508	35,1773
0,0333589	35,1874
0,0333668	35,1977
0,033375	35,2077
0,0333829	35,2179
0,0333913	35,2279
0,0333966	35,238
0,0334077	35,2481
0,0334129	35,2582
0,0334213	35,2682
0,0334266	35,2783
0,033435	35,2882
0,0334435	35,2982
0,0334516	35,3083
0,033457	35,3183
0,0334682	35,3283
0,0334763	35,3385
0,0334845	35,3485
0,0334927	35,3587
0,0335007	35,3688
0,0335086	35,379
0,0335169	35,389
0,0335249	35,3992
0,0335332	35,4092
0,0335412	35,4194
0,0335488	35,4298
0,0335566	35,44
0,0335644	35,4504
0,033572	35,4607
0,0335796	35,471
0,0335872	35,4814
0,0335943	35,492
0,0336017	35,5025
0,0336088	35,5131
0,033616	35,5237
0,0336232	35,5342
0,0336304	35,5448
0,0336374	35,5555
0,0336475	35,566
0,0336547	35,5766
0,0336647	35,5871
0,033672	35,5977
0,0336792	35,6082
0,0336862	35,6189
0,0336933	35,6295
0,0337035	35,64
0,0337109	35,6505
0,0337182	35,661
0,0337282	35,6716
0,0337379	35,6823
0,0337451	35,6929
0,0337522	35,7035
0,0337619	35,7143
0,0337684	35,7251
0,0337751	35,7359
0,0337813	35,747
0,0337933	35,758
0,0337995	35,7691
0,0338056	35,7802
0,0338149	35,7912
0,0338239	35,8023
0,0338297	35,8135
0,0338356	35,8247
0,0338446	35,8358
0,0338536	35,8468
0,0338597	35,8579
0,0338658	35,869
0,0338744	35,8803
0,0338808	35,8913
0,0338923	35,9026
0,0338981	35,9138
0,0339071	35,9249
0,0339129	35,9361
0,0339218	35,9472
0,0339303	35,9586
0,0339362	35,9698
0,0339446	35,9812
0,0339535	35,9923
0,033962	36,0036
0,0339679	36,0148
0,0339764	36,0261
0,0339821	36,0374
0,033991	36,0486
0,0339998	36,0598
0,0340085	36,071
0,0340171	36,0823
0,0340257	36,0936
0,0340315	36,1048
0,03404	36,1161
0,0340517	36,1274
0,0340574	36,1386
0,0340687	36,15
0,0340742	36,1614
0,0340827	36,1727
0,0340912	36,1841
0,0340998	36,1953
0,0341084	36,2066
0,0341167	36,2181
0,0341251	36,2295
0,0341336	36,2408
0,0341422	36,252
0,034151	36,2633
0,0341597	36,2745
0,0341685	36,2857
0,0341772	36,297
0,0341857	36,3083
0,0341915	36,3195
0,0342032	36,3307
0,0342122	36,3418
0,0342237	36,3531
0,0342324	36,3643
0,0342411	36,3755
0,0342526	36,3868
0,0342613	36,398
0,0342675	36,4092
0,0342765	36,4202
0,0342856	36,4313
0,0342977	36,4423
0,0343069	36,4533
0,0343163	36,4642
0,0343258	36,475
0,0343325	36,4858
0,0343453	36,4965
0,0343523	36,5071
0,0343623	36,5177
0,0343725	36,5282
0,0343828	36,5387
0,0343931	36,5492
0,0344005	36,5597
0,034411	36,57
0,0344215	36,5804
0,0344294	36,5906
0,0344375	36,6007
0,0344457	36,6108
0,0344567	36,6209
0,0344651	36,631
0,0344734	36,641
0,034485	36,6508
0,0344938	36,6606
0,0345028	36,6703
0,0345118	36,68
0,0345209	36,6895
0,0345302	36,6991
0,0345367	36,7087
0,0345463	36,7181
0,034556	36,7274
0,0345659	36,7366
0,0345756	36,746
0,0345884	36,7553
0,0345954	36,7646
0,0346054	36,7737
0,034615	36,7831
0,0346244	36,7926
0,0346342	36,8019
0,0346438	36,8114
0,0346505	36,8207
0,0346599	36,8302
0,0346696	36,8396
0,0346791	36,849
0,0346858	36,8584
0,0346955	36,8677
0,0347025	36,877
0,0347129	36,886
0,0347231	36,8951
0,0347305	36,9041
0,0347379	36,9132
0,0347485	36,9222
0,0347561	36,9311
0,0347668	36,94
0,0347776	36,9488
0,0347853	36,9577
0,0347934	36,9665
0,0348011	36,9754
0,0348118	36,9842
0,0348199	36,993
0,0348309	37,0017
0,0348418	37,0104
0,03485	37,0191
0,034861	37,0279
0,0348691	37,0365
0,0348774	37,0452
0,0348882	37,054
0,0348964	37,0627
0,0349046	37,0713
0,034913	37,0799
0,0349214	37,0885
0,03493	37,097
0,0349383	37,1056
0,0349496	37,1142
0,0349555	37,1226
0,0349672	37,131
0,0349763	37,1393
0,0349853	37,1475
0,0349946	37,1556
0,0350034	37,164
0,0350124	37,1723
0,0350215	37,1805
0,0350306	37,1888
0,0350399	37,1969
0,0350463	37,2051
0,0350584	37,2132
0,0350648	37,2213
0,0350772	37,2295
0,0350838	37,2375
0,0350932	37,2456
0,035103	37,2535
0,0351127	37,2614
0,0351226	37,2693
0,0351296	37,2771
0,0351395	37,2849
0,0351493	37,2928
0,0351568	37,3005
0,0351667	37,3083
0,0351769	37,316
0,0351844	37,3237
0,0351917	37,3314
0,0352019	37,339
0,0352126	37,3465
0,03522	37,3542
0,0352281	37,3615
0,0352392	37,3688
0,0352473	37,3761
0,0352587	37,3832
0,0352641	37,3904
0,0352725	37,3976
0,035284	37,4047
0,0352925	37,4118
0,0353016	37,4186
0,0353107	37,4255
0,0353197	37,4323
0,0353288	37,4392
0,0353379	37,446
0,0353471	37,4528
0,0353594	37,4595
0,0353662	37,4661
0,0353756	37,4727
0,0353856	37,4792
0,0353951	37,4858
0,035405	37,4923
0,0354147	37,4988
0,0354247	37,5052
0,0354345	37,5117
0,0354416	37,518
0,0354513	37,5246
0,0354585	37,5309
0,0354686	37,5373
0,0354787	37,5436
0,0354887	37,55
0,0354989	37,5564
0,035506	37,5627
0,035516	37,5692
0,0355234	37,5754
0,0355336	37,5817
0,0355443	37,5878
0,0355543	37,5942
0,0355616	37,6005
0,0355718	37,6068
0,0355793	37,6129
0,03559	37,6191
0,0355978	37,6251
0,0356056	37,6312
0,035616	37,6374
0,0356237	37,6435
0,0356314	37,6495
0,0356423	37,6555
0,0356504	37,6615
0,0356615	37,6674
0,0356694	37,6733
0,0356775	37,6792
0,0356857	37,6851
0,0356968	37,691
0,0357053	37,6967
0,0357135	37,7026
0,0357249	37,7083
0,0357335	37,714
0,0357421	37,7196
0,0357507	37,7253
0,0357596	37,7308
0,0357681	37,7365
0,0357767	37,7422
0,0357853	37,7479
0,0357939	37,7536
0,0358025	37,7593
0,0358111	37,7649
0,0358195	37,7707
0,0358279	37,7765
0,0358361	37,7823
0,0358443	37,7882
0,0358526	37,794
0,0358611	37,7997
0,0358696	37,8055
0,0358783	37,8111
0,0358841	37,8167
0,0358928	37,8223
0,0359016	37,8279
0,0359112	37,8331
0,0359204	37,8385
0,0359268	37,8438
0,0359389	37,8492
0,0359453	37,8545
0,0359548	37,8598
0,0359643	37,865
0,035971	37,8702
0,0359805	37,8754
0,0359901	37,8806
0,0359997	37,8858
0,0360093	37,891
0,0360163	37,896
0,0360263	37,901
0,0360364	37,906
0,0360466	37,9109
0,0360541	37,9157
0,0360649	37,9203
0,0360758	37,9248
0,0360872	37,9291
0,0360958	37,9334
0,0361051	37,9374
0,0361176	37,9412
0,0361309	37,9445
0,0361415	37,9478
0,0361527	37,9509
0,0361639	37,9538
0,0361756	37,9566
0,0361881	37,959
0,036201	37,9612
0,0362115	37,9632
0,0362254	37,9649
0,0362368	37,9664
0,0362514	37,9678
0,0362638	37,9688
0,0362768	37,9696
0,0362901	37,9701
0,0363042	37,9703
0,0363187	37,9703
0,036331	37,97
0,0363444	37,9692
0,036361	37,9682
0,0363758	37,9666
0,0363887	37,9646
0,0364058	37,962
0,0366127	37,8678
0,0403969	36,0475
