"Maximum force"	22,4499	"N"
"Gage length "	0,88555	"mm"
"Pre-load"	0,1	"N"
"Standard travel"	"Standard force"
"mm"	"N"
0	0,188734
-1,18464e-006	0,189299
-2,08244e-006	0,189722
-3,42354e-006	0,190355
-4,28036e-006	0,190764
-5,17443e-006	0,191187
-5,83753e-006	0,1915
-6,54534e-006	0,191837
-6,86198e-006	0,191987
-7,55489e-006	0,192315
-1,10865e-005	0,192613
-1,12727e-005	0,1927
-1,19843e-005	0,193036
-1,21491e-005	0,193115
-1,24471e-005	0,193257
-1,28103e-005	0,193428
-1,34697e-005	0,193741
-1,40509e-005	0,194016
-1,51685e-005	0,194546
-1,60662e-005	0,194971
-1,68448e-005	0,195339
-1,79848e-005	0,195881
-1,84653e-005	0,196108
-1,91396e-005	0,196428
-1,98511e-005	0,196766
-2,04137e-005	0,197033
-2,09091e-005	0,197268
-2,16877e-005	0,197636
-2,22167e-005	0,197886
-2,27308e-005	0,19813
-2,33566e-005	0,198427
-2,34251e-005	0,198459
-2,40696e-005	0,198764
-2,45986e-005	0,199014
-2,53399e-005	0,199367
-2,63159e-005	0,199829
-2,73366e-005	0,200315
-2,80519e-005	0,200653
-2,8484e-005	0,200857
-2,61297e-005	0,201114
-2,6206e-005	0,201154
-2,66344e-005	0,201358
-2,66526e-005	0,201366
-2,67681e-005	0,201421
-2,69171e-005	0,201491
-2,6769e-005	0,201421
-2,67355e-005	0,201405
-2,62903e-005	0,201195
-2,63713e-005	0,201233
-2,60584e-005	0,201085
-2,62884e-005	0,201194
-2,67504e-005	0,201413
-2,73613e-005	0,201703
-2,79574e-005	0,201983
-2,85534e-005	0,202266
-2,92799e-005	0,202611
-2,96114e-005	0,202768
-3,06843e-005	0,203275
-3,10494e-005	0,20345
-2,90824e-005	0,203889
-2,69217e-005	0,20424
-2,45525e-005	0,204499
-2,25855e-005	0,204945
-1,76085e-005	0,205338
-1,26911e-005	0,20576
-4,76371e-006	0,20613
2,56766e-006	0,206794
1,32369e-005	0,207242
2,05087e-005	0,207928
2,78102e-005	0,208604
3,52012e-005	0,209229
4,49764e-005	0,210114
5,24269e-005	0,210713
5,96391e-005	0,211434
7,01295e-005	0,211964
7,72225e-005	0,212731
8,77129e-005	0,213273
9,48356e-005	0,214024
0,000101571	0,214967
0,000111465	0,215771
0,000120823	0,216862
0,000124876	0,217694
0,000134175	0,218777
0,00014395	0,219682
0,000150268	0,220818
0,00016052	0,221471
0,000168149	0,221978
0,000178521	0,222581
0,000189667	0,222794
0,000197773	0,223084
0,000206237	0,223218
0,000217442	0,223406
0,000225966	0,2235
0,000237052	0,22375
0,000245218	0,224032
0,000252609	0,22465
0,000258957	0,225779
0,000265752	0,226687
0,000271951	0,227893
0,000280832	0,229182
0,00028709	0,230349
0,0002932	0,231593
0,000302021	0,232905
0,000308071	0,234187
0,00031436	0,235339
0,000323181	0,236666
0,000329529	0,237788
0,000335698	0,238993
0,000344818	0,240184
0,000354056	0,241313
0,000359927	0,242663
0,000368451	0,24412
0,000373815	0,24573
0,000381743	0,24747
0,000389014	0,249545
0,000396584	0,251467
0,000401323	0,253352
0,000408893	0,255275
0,000416343	0,257243
0,000420724	0,259303
0,000427817	0,261454
0,000434821	0,263636
0,000442033	0,265742
0,000451808	0,26797
0,000459854	0,269671
0,000464802	0,271479
0,000475054	0,273494
0,000482534	0,275477
0,000492667	0,277552
0,000499968	0,279597
0,000507181	0,281688
0,000514482	0,283732
0,000521605	0,285884
0,000531976	0,287829
0,000538771	0,290133
0,000548546	0,292376
0,000556056	0,294345
0,000563239	0,29645
0,000570689	0,298434
0,000581061	0,30038
0,000588809	0,302226
0,000599359	0,304126
0,000607108	0,305957
0,000614618	0,30791
0,00062487	0,309939
0,000631903	0,312121
0,000641082	0,314639
0,00064746	0,317141
0,000653301	0,319888
0,000658815	0,322787
0,000664209	0,325732
0,000672613	0,328631
0,000677948	0,331607
0,000686114	0,334628
0,000691299	0,33768
0,000699227	0,340792
0,000707393	0,343829
0,000712131	0,347094
0,000720357	0,350085
0,00072894	0,352908
0,000737165	0,355883
0,00074253	0,358859
0,000753378	0,361972
0,000761543	0,364993
0,000767087	0,367892
0,00077859	0,3707
0,000787531	0,373324
0,000797127	0,375689
0,000806545	0,3781
0,000815605	0,380694
0,000824665	0,383288
0,000833367	0,386035
0,000842188	0,388766
0,000850891	0,391513
0,000859405	0,394394
0,000867571	0,3974
0,000872608	0,400528
0,000880297	0,403747
0,000887509	0,407226
0,00089481	0,410644
0,000902261	0,414016
0,000906791	0,417389
0,000917281	0,420654
0,000924821	0,42398
0,00093251	0,4272
0,000940676	0,430221
0,000948723	0,433319
0,000959273	0,436584
0,000963982	0,43985
0,000974293	0,443222
0,000981595	0,446655
0,000989105	0,449981
0,000999655	0,453247
0,00100705	0,456634
0,0010145	0,459991
0,00102165	0,463485
0,00102895	0,466919
0,00103649	0,47023
0,00104412	0,473495
0,00105503	0,476577
0,00106337	0,479538
0,00107184	0,482391
0,00108036	0,485244
0,001089	0,488052
0,00109776	0,490783
0,00110927	0,493591
0,00111797	0,496338
0,00112643	0,499222
0,0011349	0,50209
0,00114342	0,504944
0,00115194	0,507797
0,00116011	0,510803
0,00116834	0,513794
0,00117668	0,516754
0,00118443	0,519958
0,00118956	0,523025
0,00119724	0,526275
0,00120535	0,529327
0,00121352	0,532318
0,0012215	0,535446
0,00123259	0,538452
0,00123861	0,541107
0,00125059	0,54367
0,00125923	0,546478
0,001268	0,549225
0,0012736	0,552078
0,0012851	0,55487
0,00129392	0,557586
0,00130251	0,560394
0,00131419	0,563141
0,00132259	0,56604
0,0013276	0,569183
0,00133508	0,57254
0,00134027	0,575576
0,00134813	0,578735
0,00135588	0,581955
0,00136649	0,585174
0,00137385	0,588592
0,00138115	0,59201
0,00138846	0,595443
0,00139573	0,598877
0,00139954	0,602585
0,0014064	0,606231
0,00141587	0,609985
0,00142261	0,613678
0,00143292	0,61705
0,00144007	0,620559
0,0014477	0,62384
0,00145825	0,627105
0,0014657	0,630462
0,00147312	0,633835
0,00148409	0,636886
0,00149202	0,639999
0,00149983	0,643203
0,0015105	0,646408
0,00152063	0,649872
0,00152808	0,653244
0,00153526	0,656723
0,00154239	0,660232
0,00155228	0,663803
0,00155931	0,667358
0,00156909	0,67099
0,00157293	0,674667
0,00158301	0,678177
0,00159308	0,681656
0,00159704	0,685302
0,00160664	0,688995
0,00161612	0,692779
0,00162264	0,696579
0,00162932	0,700302
0,00163608	0,703979
0,00164267	0,707748
0,00165233	0,711441
0,00166168	0,71524
0,00166821	0,719055
0,00167787	0,722732
0,00168481	0,726333
0,00169459	0,729965
0,0017015	0,733581
0,00170847	0,737167
0,00171777	0,741012
0,00172737	0,744735
0,00173685	0,74852
0,0017434	0,752304
0,00175318	0,75592
0,0017611	0,759033
0,00177255	0,761902
0,00178411	0,764663
0,00179585	0,767379
0,00180414	0,77034
0,00181284	0,773086
0,00182434	0,775894
0,00183275	0,778824
0,00184413	0,781677
0,00184965	0,784591
0,00186014	0,787872
0,00186708	0,791488
0,00187423	0,794967
0,00188115	0,798584
0,00188878	0,801849
0,00189629	0,805191
0,00190371	0,808548
0,00191119	0,811905
0,00192162	0,815201
0,00192603	0,818634
0,00193598	0,822174
0,00194636	0,825531
0,00195309	0,829223
0,0019603	0,832687
0,00196707	0,83638
0,00197458	0,839706
0,00199031	0,840488
0,00200688	0,840919
0,00201773	0,841304
0,00203418	0,841736
0,00204807	0,842064
0,00206166	0,842518
0,00207549	0,84284
0,00208914	0,843263
0,00209999	0,843631
0,00211036	0,844227
0,00211545	0,847309
0,00211742	0,850528
0,00212222	0,853748
0,00212422	0,856937
0,00212901	0,860187
0,00213381	0,863407
0,00213864	0,866642
0,00214669	0,869709
0,00215202	0,872699
0,00216049	0,875568
0,00216627	0,878345
0,00217449	0,881321
0,00218272	0,884296
0,0021882	0,887226
0,00219655	0,890155
0,00220519	0,892933
0,00221395	0,895694
0,00222331	0,898136
0,00222986	0,900531
0,00223934	0,902912
0,00224864	0,905414
0,00225836	0,907673
0,00226551	0,909809
0,00227582	0,911808
0,00228953	0,91357
0,0022974	0,915371
0,0023086	0,916927
0,00231945	0,918682
0,0023272	0,920513
0,00233757	0,922496
0,00234538	0,924312
0,00235569	0,926311
0,00236269	0,928508
0,00236967	0,930706
0,00237631	0,933056
0,00238287	0,935466
0,00238895	0,938091
0,00239759	0,940868
0,00240328	0,943691
0,00240901	0,946499
0,00241729	0,949459
0,00242272	0,952388
0,00243142	0,955135
0,00243982	0,958049
0,00244513	0,961055
0,00245311	0,964153
0,00245821	0,967251
0,00246569	0,970592
0,00247606	0,973934
0,00248044	0,977367
0,00249046	0,980877
0,00249484	0,984325
0,00250163	0,987987
0,00250843	0,991665
0,00251525	0,995311
0,00252193	0,999035
0,00252872	1,00271
0,00253582	1,00622
0,00254583	1,00973
0,00255283	1,01332
0,00256022	1,0167
0,00257018	1,02024
0,00257736	1,02372
0,00258463	1,02717
0,0025947	1,03064
0,00260192	1,03413
0,00261181	1,0377
0,00261879	1,04129
0,00262808	1,04513
0,00263515	1,04869
0,00264144	1,05259
0,00265073	1,05644
0,00265979	1,06041
0,00266566	1,06453
0,00267136	1,06871
0,00268	1,07286
0,00268864	1,07704
0,00269421	1,08131
0,00270316	1,08534
0,0027121	1,08937
0,00271892	1,093
0,00272917	1,0964
0,00273677	1,0997
0,00274738	1,10293
0,00275817	1,10608
0,00276908	1,10916
0,00277999	1,11225
0,00279155	1,11505
0,00279966	1,1181
0,00281021	1,12138
0,00281721	1,12493
0,00282368	1,12875
0,00283023	1,13253
0,00284043	1,13597
0,00284776	1,13938
0,00285783	1,14286
0,00286522	1,14625
0,00287225	1,14981
0,0028828	1,15309
0,00289329	1,15635
0,0029011	1,15954
0,00290897	1,16272
0,00291958	1,16595
0,00292676	1,16943
0,00293377	1,173
0,00294402	1,17639
0,00295144	1,17979
0,00295889	1,18313
0,00296956	1,18635
0,00297731	1,18956
0,00298523	1,19268
0,00299626	1,19572
0,00300473	1,1986
0,00301593	1,20155
0,00302439	1,20442
0,00303256	1,20744
0,00304037	1,21063
0,00305116	1,21379
0,00305891	1,21701
0,00306654	1,22027
0,00307697	1,2236
0,00308162	1,22689
0,00308898	1,23031
0,00309652	1,23362
0,00310444	1,23672
0,00311207	1,24
0,00312328	1,24295
0,00313127	1,24606
0,00313887	1,24936
0,00314655	1,25259
0,00315454	1,25569
0,00316214	1,25898
0,00316977	1,26226
0,00317695	1,26574
0,00318375	1,26941
0,00319406	1,27278
0,00320109	1,27635
0,00320807	1,27992
0,00321522	1,28343
0,00322243	1,28689
0,00323203	1,2906
0,00323882	1,29428
0,00324547	1,29802
0,00325483	1,30185
0,00326401	1,30575
0,00327014	1,30972
0,00327614	1,31378
0,00328514	1,31778
0,00329086	1,32196
0,00329613	1,32632
0,00330454	1,33059
0,00330996	1,33493
0,00331819	1,33929
0,00332671	1,3435
0,00333499	1,34787
0,00334322	1,3522
0,00334835	1,35669
0,00335621	1,3612
0,00336408	1,36575
0,00337231	1,37011
0,00338017	1,37466
0,0033881	1,37918
0,00339603	1,38366
0,00340372	1,38827
0,00341194	1,39267
0,00341951	1,39733
0,0034275	1,40182
0,00343543	1,40631
0,00344336	1,41082
0,00345099	1,41546
0,00345879	1,42004
0,00346654	1,42462
0,00347435	1,42916
0,00348514	1,43374
0,00349259	1,43847
0,00350302	1,44317
0,00351065	1,44781
0,00351795	1,4526
0,0035257	1,45718
0,00353351	1,46176
0,00354114	1,46643
0,00354889	1,471
0,00355646	1,47567
0,00356677	1,48043
0,0035713	1,48516
0,00357884	1,48986
0,00358587	1,49481
0,0035963	1,49951
0,0036036	1,5043
0,0036138	1,50912
0,00362148	1,51373
0,00362923	1,51834
0,00363823	1,5223
0,00364807	1,52594
0,0036582	1,52938
0,00366863	1,53271
0,0036824	1,53582
0,00369319	1,53898
0,00370398	1,54213
0,00371787	1,54521
0,00372579	1,54832
0,00373676	1,55139
0,00374373	1,55497
0,00375315	1,55879
0,00375908	1,56285
0,00376498	1,56694
0,00377374	1,57103
0,00377938	1,57527
0,00378802	1,57945
0,00379368	1,58366
0,00380179	1,58805
0,00380712	1,59242
0,00381481	1,59703
0,00382241	1,6017
0,00382745	1,60621
0,00383538	1,6107
0,00384295	1,6154
0,00385043	1,6201
0,00385752	1,62501
0,00386479	1,62983
0,00387492	1,63469
0,00388202	1,63957
0,00388887	1,6446
0,00389605	1,64946
0,00390577	1,65449
0,00391233	1,65965
0,00391915	1,66468
0,00392592	1,66975
0,00393274	1,67475
0,00393948	1,67985
0,00394609	1,68498
0,00395593	1,68992
0,0039663	1,69468
0,00397363	1,69947
0,00398084	1,70433
0,00399115	1,70906
0,00400135	1,71385
0,00400865	1,7187
0,00401604	1,72343
0,00402623	1,72825
0,00403356	1,73304
0,00404328	1,73808
0,00405004	1,74314
0,00405928	1,74839
0,00406628	1,75334
0,00407275	1,75856
0,00408199	1,76381
0,00408852	1,76899
0,00409793	1,77415
0,00410717	1,77943
0,00411403	1,78444
0,0041235	1,78959
0,00412991	1,79481
0,00413644	1,8
0,00414538	1,80537
0,00415456	1,81068
0,0041641	1,81581
0,00417047	1,82106
0,00417688	1,82627
0,0041866	1,83131
0,00419619	1,83641
0,00420281	1,84153
0,00420966	1,84654
0,00421652	1,85157
0,00422635	1,85655
0,0042366	1,86134
0,00424358	1,86628
0,00425353	1,8712
0,00426301	1,87635
0,00426957	1,88154
0,00427597	1,88676
0,00428283	1,89177
0,00429564	1,89671
0,00430277	1,90159
0,00431031	1,90629
0,00432086	1,91093
0,00433141	1,91557
0,00434207	1,92018
0,00434723	1,9246
0,00435778	1,92924
0,00436827	1,93391
0,00437608	1,93849
0,00438353	1,94322
0,00439402	1,94789
0,00440156	1,95259
0,00440865	1,9575
0,00441885	1,96229
0,00442618	1,96708
0,00443321	1,97203
0,00444358	1,97676
0,00445118	1,9814
0,00446143	1,98619
0,00446888	1,99092
0,00447622	1,99571
0,00448623	2,00062
0,00449335	2,0055
0,00450056	2,01036
0,00450778	2,01521
0,00451809	2,01994
0,00452557	2,02467
0,00453552	2,02958
0,00454005	2,03434
0,00455018	2,03917
0,00456032	2,04399
0,00456759	2,04884
0,0045779	2,05357
0,00458529	2,05833
0,00459566	2,06309
0,00460341	2,06764
0,0046139	2,07234
0,00462165	2,07692
0,00463196	2,08168
0,00463953	2,08638
0,00464689	2,09114
0,00465437	2,09584
0,00466185	2,10057
0,00467246	2,10521
0,00468033	2,10972
0,00469112	2,11424
0,0046994	2,1186
0,00470763	2,12294
0,00471597	2,12724
0,00472718	2,1316
0,00473833	2,13597
0,00474685	2,14018
0,00475514	2,14451
0,00476348	2,14881
0,00477469	2,15315
0,00478243	2,15776
0,00478744	2,16227
0,00479531	2,16679
0,00480359	2,17115
0,00481224	2,1753
0,00482112	2,17936
0,00483018	2,18333
0,00483954	2,18718
0,00485152	2,19114
0,00485763	2,19511
0,00486674	2,19905
0,00487592	2,20295
0,00488498	2,20695
0,00489398	2,21095
0,00490287	2,21501
0,00491163	2,21913
0,00492009	2,22334
0,00492861	2,22758
0,00493401	2,23191
0,00494235	2,23622
0,00495064	2,24055
0,00495597	2,24491
0,00496426	2,24925
0,00497528	2,25367
0,00498029	2,25819
0,00498846	2,26258
0,00499624	2,26719
0,00500387	2,27183
0,00501204	2,27619
0,0050174	2,28056
0,00502902	2,28468
0,00503808	2,28864
0,00504786	2,29231
0,00505775	2,29588
0,0050686	2,29899
0,00508028	2,30172
0,00509268	2,30412
0,00510562	2,30625
0,00511831	2,3085
0,00513095	2,31077
0,00514108	2,31286
0,00515086	2,3151
0,00516361	2,31733
0,00517091	2,31938
0,00518063	2,32165
0,00518969	2,32426
0,00519559	2,32697
0,00520417	2,3298
0,00521317	2,33242
0,00522229	2,33499
0,00522855	2,33753
0,00523731	2,34025
0,00524607	2,34297
0,0052543	2,34599
0,00525913	2,34919
0,00526694	2,35238
0,00527492	2,35549
0,00527972	2,35873
0,00528729	2,36202
0,0052948	2,36535
0,0053016	2,36903
0,00530854	2,37261
0,00531516	2,37637
0,00532141	2,38027
0,00532818	2,38398
0,00533512	2,38757
0,00534508	2,39109
0,00535214	2,39465
0,00535905	2,39826
0,00536567	2,40202
0,00537211	2,40585
0,0053817	2,40957
0,00538805	2,41345
0,00540081	2,41705
0,0054071	2,42095
0,00541297	2,42504
0,00542101	2,4295
0,00542623	2,43389
0,00543416	2,43841
0,00543913	2,44296
0,00544712	2,44741
0,00545433	2,45226
0,00545877	2,45706
0,00546563	2,46206
0,00546962	2,46707
0,00547636	2,47213
0,00548291	2,47729
0,00548917	2,4826
0,00549793	2,48806
0,00550112	2,49346
0,00550976	2,49902
0,00551602	2,5043
0,00552178	2,50985
0,00553048	2,51534
0,0055359	2,52105
0,00554401	2,52685
0,00555211	2,53265
0,00555736	2,53842
0,00556547	2,54421
0,00557321	2,5502
0,00558096	2,55615
0,00558838	2,56228
0,00559303	2,56835
0,00560358	2,57437
0,00561109	2,58047
0,00561845	2,5866
0,00562281	2,59283
0,00563288	2,59905
0,00563696	2,6054
0,00564692	2,61169
0,00565398	2,61798
0,00566071	2,62444
0,00566733	2,63095
0,00567374	2,63754
0,00568304	2,64416
0,00568944	2,65078
0,005696	2,65731
0,0057053	2,6639
0,00570899	2,67043
0,00571823	2,67709
0,0057244	2,6838
0,00573352	2,69049
0,00573996	2,69708
0,00574878	2,70388
0,00575802	2,71054
0,00576452	2,71713
0,00577042	2,72396
0,00577948	2,73068
0,00578836	2,73751
0,00579724	2,74429
0,00580323	2,75112
0,00581211	2,75793
0,00582045	2,76498
0,00582939	2,77175
0,0058381	2,77865
0,00584352	2,78573
0,00585222	2,7926
0,00586033	2,7998
0,00586838	2,807
0,00587654	2,81417
0,00588471	2,82128
0,00589001	2,82845
0,00590116	2,83554
0,00590652	2,84265
0,00591451	2,84988
0,0059256	2,85702
0,0059337	2,86419
0,00593916	2,87127
0,00594738	2,87838
0,00595549	2,88555
0,00596365	2,89269
0,00596908	2,89977
0,00597736	2,90685
0,00598535	2,91409
0,00599358	2,92123
0,00600162	2,92843
0,00600973	2,9356
0,00601807	2,94268
0,00602642	2,94973
0,00603476	2,95681
0,00604013	2,96389
0,00605109	2,97112
0,00605908	2,97833
0,00606731	2,98547
0,00607559	2,99255
0,00608668	2,99969
0,00609461	3,00695
0,00610247	3,01425
0,00611046	3,02148
0,0061158	3,02859
0,00612414	3,03564
0,00613278	3,04257
0,00614125	3,04959
0,00614965	3,05663
0,00615788	3,06375
0,00616634	3,07073
0,00617492	3,07772
0,00618625	3,08474
0,00619441	3,09188
0,0062024	3,09912
0,00621033	3,10638
0,00621769	3,11392
0,00622568	3,12112
0,00623313	3,12863
0,00624356	3,13607
0,0062511	3,14352
0,0062587	3,15096
0,00626624	3,15841
0,00627372	3,16589
0,00628114	3,17336
0,00628853	3,1809
0,00629607	3,18835
0,00630626	3,19592
0,00631386	3,2033
0,00632453	3,21066
0,00633258	3,21786
0,0063405	3,22512
0,00634867	3,23226
0,00635988	3,23934
0,00636786	3,24658
0,00637889	3,25378
0,00638688	3,26101
0,00639773	3,26824
0,00640312	3,27535
0,00641391	3,28262
0,0064216	3,29
0,00642914	3,29745
0,00643665	3,30493
0,00644401	3,31243
0,00645468	3,31976
0,00646255	3,32705
0,00647071	3,33422
0,006479	3,3413
0,00648698	3,34854
0,00649485	3,35583
0,0065029	3,36306
0,00651369	3,37033
0,00651851	3,37768
0,0065265	3,38491
0,00653717	3,39227
0,00654459	3,39977
0,00655222	3,40716
0,00655946	3,41476
0,00656688	3,42224
0,00657451	3,42965
0,00658488	3,43713
0,00659236	3,4446
0,00660005	3,45196
0,00660768	3,45941
0,00661829	3,46676
0,00662628	3,47396
0,00663695	3,48135
0,00664488	3,48858
0,00665286	3,49581
0,00666097	3,50299
0,00666908	3,51019
0,00668064	3,51708
0,00668922	3,52404
0,00669769	3,53103
0,00670639	3,53793
0,00671479	3,54498
0,00672349	3,55187
0,00673238	3,55868
0,0067409	3,56567
0,00674906	3,57281
0,00675765	3,57977
0,00676587	3,58691
0,00677428	3,59393
0,0067831	3,60076
0,0067918	3,60766
0,0068011	3,61428
0,0068073	3,621
0,00681695	3,62744
0,00682691	3,63372
0,00683758	3,6397
0,00684825	3,64565
0,006856	3,65161
0,00686702	3,6574
0,00687477	3,66339
0,00688556	3,66928
0,00689629	3,67523
0,00690416	3,68112
0,00691167	3,68722
0,0069218	3,69345
0,0069291	3,69961
0,00693631	3,70584
0,00694668	3,71194
0,00695399	3,71813
0,0069643	3,72427
0,00697181	3,73034
0,0069823	3,73638
0,00698993	3,7424
0,00699774	3,74838
0,00700876	3,75414
0,00701675	3,76
0,00702486	3,7658
0,00703278	3,77169
0,00704071	3,77758
0,00705168	3,78341
0,00705984	3,78918
0,00706807	3,79492
0,00707629	3,80065
0,00708726	3,80648
0,00709519	3,81237
0,00710306	3,81826
0,0071111	3,82409
0,00712189	3,83001
0,00713	3,83581
0,0071381	3,84161
0,00714591	3,84756
0,0071539	3,85342
0,00716207	3,85919
0,00717273	3,86514
0,00718096	3,87087
0,0071893	3,87658
0,00719747	3,88235
0,00720587	3,88803
0,0072141	3,89373
0,00722256	3,89941
0,00723395	3,90499
0,00724265	3,91052
0,00725088	3,91628
0,00725958	3,92178
0,00726804	3,92739
0,00727657	3,93301
0,00728503	3,93865
0,00729361	3,94421
0,00730214	3,94982
0,00731078	3,95538
0,00731936	3,96093
0,00732753	3,9667
0,00733617	3,97225
0,00734475	3,97784
0,00735632	3,98339
0,00736207	3,98892
0,00737345	3,99453
0,007379	4,00018
0,00739026	4,00585
0,00739575	4,01153
0,00740397	4,01727
0,00741243	4,02288
0,00741804	4,0285
0,00742948	4,03408
0,007438	4,0397
0,00744659	4,04528
0,00745246	4,05078
0,00746426	4,05618
0,0074704	4,06155
0,00748208	4,06701
0,0074884	4,07229
0,00749746	4,07763
0,0075067	4,08288
0,00751594	4,08816
0,00752524	4,09341
0,00753477	4,09851
0,00754395	4,10382
0,00755024	4,10913
0,00755972	4,11425
0,00756908	4,11944
0,00757873	4,12454
0,00758833	4,12963
0,00759751	4,13491
0,00760663	4,14022
0,00761303	4,14547
0,00762186	4,1509
0,00763121	4,15612
0,00763756	4,1614
0,00764942	4,16677
0,00765583	4,17202
0,00766477	4,17739
0,007671	4,18273
0,00768012	4,18804
0,00768674	4,19317
0,00769597	4,19842
0,00770289	4,20342
0,0077126	4,20846
0,00771928	4,21356
0,00772923	4,21847
0,00773907	4,22347
0,00774592	4,22851
0,00775594	4,23339
0,00776613	4,23818
0,0077731	4,24316
0,0077802	4,24807
0,00778979	4,25314
0,00779933	4,2583
0,00780639	4,26321
0,00781575	4,2684
0,00782234	4,27355
0,00783169	4,27874
0,00783813	4,28396
0,00784707	4,28936
0,0078533	4,29467
0,00786236	4,30001
0,00786856	4,30535
0,00787756	4,31072
0,00788632	4,31622
0,00789216	4,32171
0,00790385	4,3272
0,00790969	4,3327
0,00791833	4,33822
0,00792703	4,34374
0,00793302	4,34918
0,00794154	4,35479
0,00795055	4,36016
0,00795919	4,36572
0,00796801	4,37118
0,00797406	4,37658
0,0079833	4,38183
0,00798953	4,38714
0,00799894	4,3923
0,00800866	4,39733
0,00801531	4,40246
0,00802812	4,4074
0,00803766	4,41253
0,00804749	4,41751
0,00805727	4,42254
0,00806409	4,42758
0,00807345	4,43276
0,00808323	4,43777
0,00808984	4,44293
0,00809619	4,44818
0,00810555	4,45336
0,00811455	4,45873
0,00812084	4,46401
0,00813007	4,46926
0,00813919	4,4746
0,00814542	4,47994
0,00815448	4,48525
0,00816032	4,49078
0,00816891	4,49633
0,0081752	4,50164
0,00818384	4,50717
0,00819272	4,5126
0,00820154	4,51806
0,00821036	4,52352
0,00821629	4,52899
0,00822535	4,53433
0,00823417	4,53979
0,00824034	4,54513
0,0082491	4,55062
0,00825775	4,55618
0,00826356	4,56167
0,00827226	4,56719
0,00828073	4,57284
0,00828648	4,57836
0,00829506	4,58395
0,00830346	4,58959
0,00830895	4,59527
0,00832027	4,60092
0,00832874	4,60656
0,00833666	4,61242
0,00834215	4,6181
0,00835025	4,6239
0,00835872	4,62951
0,00836724	4,63513
0,00837588	4,64068
0,00838152	4,6463
0,00839284	4,65191
0,00839874	4,6574
0,00840721	4,66302
0,00841627	4,66836
0,0084255	4,67364
0,00843474	4,67889
0,0084441	4,68411
0,00845322	4,68942
0,00846198	4,69491
0,00846812	4,70028
0,00847748	4,70547
0,00848329	4,71099
0,00849533	4,7163
0,00850123	4,72177
0,00850952	4,72747
0,0085181	4,73306
0,00852352	4,73876
0,00853193	4,74441
0,00854027	4,75012
0,00854868	4,75576
0,00855678	4,76156
0,00856817	4,76718
0,00857392	4,77273
0,00857964	4,77828
0,00859121	4,78381
0,00859702	4,78933
0,00860834	4,79498
0,00861377	4,80065
0,00862253	4,80615
0,00863087	4,81182
0,00863952	4,81738
0,00864798	4,82302
0,00865615	4,82879
0,00866461	4,83444
0,00866994	4,84014
0,00868145	4,8457
0,00869092	4,85085
0,00870082	4,85583
0,00870773	4,8608
0,00872085	4,86563
0,00873104	4,87045
0,00874153	4,87512
0,00874913	4,87976
0,00875974	4,88439
0,00877047	4,88891
0,00877804	4,89361
0,00878805	4,89852
0,00879482	4,90359
0,00880447	4,90862
0,00881088	4,91387
0,0088203	4,91906
0,00882942	4,92434
0,00883561	4,92968
0,0088416	4,93511
0,00885061	4,94049
0,00885931	4,94601
0,00886521	4,95147
0,00887671	4,95706
0,00888231	4,96267
0,00889078	4,96829
0,00889617	4,97399
0,0089044	4,97973
0,00891292	4,98535
0,00892097	4,99117
0,00892624	4,99694
0,00893435	5,00274
0,0089421	5,00869
0,00894979	5,01467
0,00895748	5,02069
0,00896522	5,02667
0,00897315	5,03256
0,0089815	5,03823
0,00898984	5,04391
0,00899854	5,04946
0,00900725	5,05496
0,00901583	5,06054
0,00902477	5,06594
0,00903639	5,07144
0,00904238	5,07687
0,00905132	5,08227
0,00906015	5,08773
0,00906807	5,09362
0,00907636	5,09936
0,00908133	5,10525
0,00908914	5,11117
0,00909767	5,11679
0,00910589	5,12252
0,0091143	5,12817
0,0091227	5,13384
0,0091316	5,1393
0,00914024	5,14483
0,00914954	5,15005
0,0091583	5,15554
0,0091673	5,16091
0,00917624	5,16634
0,00918193	5,1719
0,00919034	5,17754
0,00920196	5,18307
0,00920744	5,18874
0,00921525	5,19466
0,00922342	5,20043
0,00923128	5,20635
0,00923593	5,21242
0,0092438	5,21831
0,00925119	5,22448
0,0092587	5,23055
0,00926618	5,23665
0,00927342	5,24285
0,00928061	5,24911
0,00928794	5,25527
0,00929503	5,26156
0,0093018	5,268
0,00930883	5,27428
0,00931849	5,28072
0,00932528	5,28716
0,00933488	5,29363
0,00933857	5,30013
0,00934787	5,30675
0,00935464	5,31319
0,0093611	5,31978
0,0093701	5,3265
0,00937678	5,333
0,0093859	5,33968
0,00939225	5,34633
0,00940166	5,3529
0,00940789	5,35958
0,00941695	5,36629
0,00942312	5,37301
0,00943224	5,37972
0,00944094	5,38659
0,00944738	5,39321
0,00945325	5,40008
0,00946201	5,40691
0,00947078	5,41381
0,00947635	5,4208
0,00948499	5,42772
0,00949387	5,43453
0,00950263	5,4414
0,0095111	5,44842
0,0095201	5,45513
0,00952868	5,46209
0,00953479	5,46886
0,00954403	5,47548
0,00955315	5,4822
0,00956215	5,48894
0,00957103	5,49575
0,00957699	5,50258
0,00958873	5,50939
0,00959791	5,51607
0,00960679	5,52288
0,00961562	5,52975
0,00962456	5,53652
0,0096332	5,54342
0,00964202	5,55028
0,00965424	5,55688
0,00966348	5,5635
0,00967278	5,57012
0,00968231	5,57662
0,00968896	5,58312
0,00969855	5,58959
0,00970851	5,59588
0,00971846	5,60219
0,00972576	5,60836
0,00973602	5,61455
0,00974609	5,62078
0,00975628	5,62697
0,00976373	5,63308
0,00977428	5,63912
0,00978155	5,64528
0,00979187	5,65142
0,00979935	5,65752
0,00980948	5,66372
0,00981702	5,66982
0,00982489	5,67571
0,00983264	5,68169
0,00984342	5,68758
0,00985135	5,69347
0,0098619	5,69948
0,00987007	5,70528
0,00988109	5,71108
0,0098892	5,71688
0,00990023	5,72268
0,00990851	5,72835
0,00991692	5,73403
0,00992621	5,73925
0,00993581	5,74438
0,00994523	5,74953
0,00995542	5,75435
0,00996561	5,75918
0,00997616	5,76381
0,00998999	5,76827
0,0100012	5,7726
0,0100125	5,77688
0,0100209	5,78118
0,0100318	5,78563
0,0100427	5,79012
0,0100511	5,79442
0,0100588	5,799
0,0100696	5,80352
0,0100777	5,80797
0,0100884	5,81252
0,0100932	5,81716
0,0101037	5,8218
0,0101113	5,8265
0,0101188	5,83123
0,0101264	5,83587
0,0101338	5,84063
0,0101415	5,84524
0,0101491	5,84991
0,0101594	5,85467
0,0101669	5,85937
0,0101774	5,864
0,0101849	5,86876
0,0101951	5,87356
0,0102053	5,87838
0,0102123	5,88332
0,0102196	5,88811
0,010227	5,89287
0,0102372	5,89767
0,0102448	5,90236
0,0102523	5,90706
0,010263	5,91164
0,0102707	5,91622
0,0102788	5,92064
0,0102869	5,9251
0,0102985	5,92925
0,0103069	5,93352
0,0103153	5,9378
0,010324	5,94192
0,0103357	5,946
0,0103443	5,95022
0,0103529	5,9544
0,0103614	5,95864
0,01037	5,96285
0,0103788	5,96694
0,0103872	5,97118
0,0103931	5,97533
0,0104016	5,97954
0,0104127	5,98394
0,010421	5,98827
0,0104293	5,99257
0,0104376	5,99694
0,0104461	6,00118
0,0104544	6,00545
0,0104595	6,00997
0,0104677	6,0143
0,0104755	6,01891
0,0104831	6,02358
0,010494	6,02804
0,0105015	6,03274
0,0105093	6,03731
0,0105169	6,04195
0,0105246	6,04656
0,0105321	6,05132
0,0105427	6,05593
0,0105503	6,06057
0,0105578	6,06533
0,0105687	6,06978
0,0105763	6,07445
0,010584	6,07906
0,0105916	6,08367
0,0105993	6,08834
0,0106069	6,09298
0,0106144	6,09768
0,010622	6,10238
0,0106289	6,10735
0,0106364	6,11208
0,0106463	6,11699
0,0106533	6,12197
0,0106633	6,12685
0,0106702	6,13189
0,010677	6,13692
0,0106839	6,1419
0,0106935	6,14696
0,0107002	6,15209
0,0107072	6,157
0,010714	6,16204
0,0107235	6,1672
0,0107306	6,17211
0,0107401	6,17724
0,010747	6,18224
0,0107564	6,18743
0,0107628	6,19268
0,0107692	6,19787
0,0107786	6,20308
0,0107851	6,20827
0,0107942	6,21358
0,0108008	6,21871
0,0108098	6,22408
0,0108159	6,22945
0,0108252	6,23473
0,0108316	6,23995
0,0108407	6,24526
0,010847	6,25054
0,0108559	6,25597
0,010862	6,26134
0,0108712	6,26662
0,0108801	6,27202
0,0108863	6,2774
0,0108956	6,28261
0,0109045	6,28805
0,0109137	6,29329
0,01092	6,2986
0,0109293	6,30385
0,0109387	6,30904
0,010948	6,31423
0,0109544	6,31948
0,0109638	6,32467
0,0109733	6,32982
0,0109796	6,3351
0,0109888	6,34038
0,0109981	6,3456
0,0110045	6,35082
0,0110138	6,35607
0,0110232	6,36126
0,0110295	6,36654
0,0110391	6,37163
0,011046	6,37664
0,0110558	6,38158
0,0110661	6,3864
0,0110763	6,3912
0,0110839	6,39586
0,0110946	6,40041
0,0111053	6,40499
0,0111136	6,40932
0,0111216	6,41384
0,0111325	6,41829
0,0111404	6,42278
0,0111513	6,42727
0,0111621	6,43178
0,0111673	6,43621
0,0111776	6,44097
0,011185	6,44573
0,0111922	6,45061
0,011199	6,45562
0,011209	6,46053
0,011216	6,46548
0,0112227	6,47057
0,0112292	6,47573
0,0112388	6,48086
0,0112482	6,48601
0,0112547	6,49123
0,0112616	6,49624
0,011271	6,50136
0,011278	6,50637
0,011288	6,51125
0,0112977	6,51629
0,0113077	6,5212
0,011315	6,52599
0,0113221	6,5309
0,011332	6,53585
0,0113422	6,54064
0,0113489	6,54574
0,0113588	6,55065
0,0113686	6,55572
0,0113752	6,56084
0,0113849	6,56588
0,0113916	6,57094
0,011401	6,57613
0,0114078	6,5812
0,0114145	6,58629
0,0114238	6,59148
0,0114337	6,59646
0,0114405	6,60149
0,0114476	6,60641
0,0114578	6,61123
0,0114679	6,61608
0,0114753	6,62081
0,0114859	6,62545
0,0114939	6,6299
0,0115048	6,63442
0,0115133	6,6386
0,0115247	6,64287
0,0115333	6,64705
0,0115446	6,65133
0,011553	6,65566
0,0115616	6,65984
0,01157	6,66411
0,0115785	6,66829
0,0115871	6,67254
0,0115957	6,67669
0,0116042	6,68096
0,0116131	6,68499
0,011622	6,68905
0,0116314	6,69285
0,0116412	6,69649
0,0116508	6,70017
0,0116607	6,70374
0,0116708	6,70724
0,0116808	6,71078
0,011691	6,71419
0,0117014	6,71755
0,0117115	6,72101
0,0117187	6,72449
0,0117288	6,72799
0,0117358	6,73154
0,0117459	6,73501
0,0117529	6,73859
0,0117596	6,74232
0,011769	6,74611
0,0117754	6,74994
0,0117843	6,75397
0,0117904	6,758
0,0117994	6,762
0,0118052	6,76615
0,0118113	6,77015
0,0118204	6,77408
0,01183	6,77781
0,011837	6,78138
0,0118472	6,78481
0,0118573	6,78831
0,0118677	6,79162
0,0118784	6,79484
0,011886	6,79807
0,0118967	6,80128
0,011904	6,80471
0,0119137	6,80837
0,01192	6,81228
0,0119258	6,81643
0,0119312	6,82076
0,0119392	6,82525
0,0119442	6,8297
0,0119484	6,83462
0,0119559	6,83935
0,0119635	6,84398
0,0119714	6,84853
0,0119798	6,8528
0,0119884	6,85702
0,0119971	6,8611
0,0120063	6,86507
0,0120126	6,86895
0,0120216	6,87295
0,0120308	6,87685
0,0120396	6,88094
0,0120475	6,88546
0,0120552	6,8901
0,0120618	6,89522
0,0120681	6,9005
0,0120741	6,90594
0,0120796	6,91161
0,0120848	6,91738
0,0120903	6,92303
0,0120959	6,92867
0,0121018	6,9341
0,012111	6,93938
0,0121178	6,94445
0,0121279	6,94927
0,0121386	6,95385
0,0121467	6,95827
0,012155	6,96261
0,0121664	6,96685
0,012177	6,97149
0,012184	6,97643
0,0121903	6,98171
0,0121958	6,98739
0,0122033	6,99346
0,0122104	6,99975
0,0122137	7,00643
0,0122167	7,01327
0,0122197	7,0201
0,0122256	7,02694
0,0122322	7,03347
0,0122366	7,03966
0,0122469	7,04577
0,0122556	7,05129
0,0122647	7,05666
0,0122774	7,06164
0,0122875	7,06649
0,0122982	7,07107
0,0123084	7,07586
0,0123186	7,08065
0,0123315	7,08556
0,012338	7,09075
0,0123502	7,09603
0,0123556	7,10168
0,0123636	7,10753
0,0123712	7,11361
0,0123787	7,11971
0,0123828	7,12603
0,01239	7,13225
0,0123947	7,13827
0,0124025	7,14422
0,0124108	7,14992
0,0124197	7,15539
0,0124294	7,16036
0,0124429	7,165
0,0124514	7,16927
0,0124664	7,17318
0,0124788	7,17692
0,0124893	7,18023
0,0125024	7,18361
0,0125156	7,18705
0,0125288	7,19044
0,012542	7,19381
0,0125519	7,19741
0,0125587	7,20103
0,012568	7,2049
0,012577	7,2089
0,0125862	7,2128
0,0125924	7,21674
0,0126018	7,22059
0,0126118	7,2241
0,0126224	7,22735
0,0126333	7,23043
0,0126445	7,23337
0,0126562	7,2361
0,0126651	7,23879
0,012674	7,24143
0,0126859	7,24405
0,0126948	7,24677
0,0127066	7,2494
0,0127187	7,25193
0,0127254	7,25429
0,0127354	7,25641
0,0127464	7,25808
0,0127575	7,25971
0,012769	7,26117
0,0127806	7,26255
0,0127887	7,26422
0,0127994	7,26602
0,0128064	7,26825
0,0128156	7,27073
0,012821	7,27374
0,0128278	7,27736
0,0128305	7,28163
0,012832	7,28639
0,0128359	7,29143
0,0128366	7,29661
0,0128376	7,30168
0,0128417	7,30659
0,0128499	7,31096
0,0128559	7,31502
0,012866	7,31849
0,0128776	7,32126
0,0128903	7,32355
0,0129033	7,32562
0,0129167	7,32754
0,0129293	7,32981
0,0129414	7,33236
0,0129496	7,33536
0,0129563	7,33907
0,0129622	7,34313
0,0129641	7,3478
0,0129679	7,35287
0,0129708	7,35836
0,0129744	7,36355
0,0129774	7,36904
0,0129844	7,37398
0,0129919	7,37868
0,0130001	7,38308
0,0130089	7,38714
0,0130185	7,39087
0,0130282	7,39452
0,0130381	7,39809
0,0130483	7,40154
0,0130575	7,40545
0,0130667	7,40932
0,0130749	7,41372
0,0130827	7,41826
0,0130899	7,42315
0,0130931	7,42849
0,013098	7,43447
0,0130996	7,44057
0,0131038	7,44683
0,0131076	7,45333
0,0131152	7,45934
0,01312	7,46532
0,0131289	7,47075
0,0131386	7,47582
0,0131495	7,48028
0,0131583	7,48437
0,0131713	7,48786
0,0131848	7,49111
0,0131982	7,49439
0,0132118	7,49758
0,0132217	7,50117
0,0132308	7,50513
0,0132418	7,50953
0,0132492	7,51429
0,0132559	7,51938
0,0132629	7,52436
0,0132698	7,52933
0,0132774	7,534
0,0132858	7,53824
0,0132958	7,54181
0,0133094	7,54502
0,0133217	7,54745
0,0133351	7,54936
0,0133489	7,55108
0,0133659	7,5526
0,01338	7,55426
0,0133904	7,55621
0,0134028	7,55857
0,0134108	7,56168
0,013417	7,56562
0,0134198	7,56983
0,0134242	7,57462
0,0134251	7,57969
0,013429	7,58476
0,0134303	7,58964
0,0134381	7,59419
0,0134441	7,59821
0,0134539	7,60185
0,013465	7,60487
0,0134768	7,60752
0,0134896	7,60977
0,0135024	7,61193
0,0135161	7,61372
0,0135265	7,61567
0,0135395	7,61778
0,0135492	7,62005
0,0135573	7,62309
0,0135621	7,62635
0,0135687	7,63011
0,0135749	7,63401
0,0135806	7,63822
0,0135867	7,64222
0,0135925	7,64637
0,0135993	7,65006
0,0136064	7,65356
0,0136137	7,65699
0,0136219	7,66001
0,0136332	7,6629
0,0136452	7,66546
0,0136545	7,66796
0,013667	7,6703
0,0136765	7,67268
0,0136859	7,67512
0,0136978	7,67773
0,0137037	7,68044
0,0137122	7,6833
0,0137207	7,68615
0,0137287	7,68926
0,0137365	7,69247
0,0137444	7,69557
0,0137521	7,69885
0,0137596	7,70217
0,0137668	7,70567
0,0137734	7,70939
0,0137799	7,71319
0,0137837	7,71691
0,0137931	7,7207
0,0138002	7,72428
0,0138071	7,72788
0,0138169	7,7315
0,0138209	7,73512
0,0138306	7,73873
0,0138377	7,74227
0,0138476	7,74587
0,0138545	7,74951
0,0138645	7,75297
0,0138713	7,75668
0,0138782	7,76031
0,0138882	7,7638
0,0138948	7,76757
0,0139018	7,77116
0,0139116	7,77477
0,0139211	7,77851
0,0139283	7,78202
0,0139382	7,78558
0,0139449	7,78932
0,0139546	7,79295
0,0139613	7,79665
0,0139674	7,80065
0,0139762	7,80474
0,0139817	7,80904
0,0139897	7,81353
0,0139946	7,81805
0,0140025	7,82256
0,0140074	7,82714
0,0140125	7,83163
0,0140238	7,8359
0,0140294	7,84011
0,0140387	7,84397
0,0140489	7,84745
0,0140589	7,85093
0,0140699	7,85401
0,0140815	7,85677
0,0140933	7,85943
0,0141054	7,86196
0,0141177	7,8644
0,0141268	7,867
0,0141386	7,86967
0,0141476	7,87231
0,0141589	7,87518
0,0141652	7,87772
0,0141742	7,8803
0,0141835	7,88284
0,0141955	7,8854
0,0142047	7,8879
0,0142142	7,89028
0,0142208	7,89268
0,0142332	7,89507
0,0142396	7,89756
0,014252	7,89996
0,0142583	7,90249
0,0142672	7,90514
0,0142758	7,90797
0,0142811	7,91093
0,0142891	7,91404
0,0142938	7,91731
0,0143014	7,92059
0,014309	7,92387
0,0143167	7,92715
0,0143243	7,93043
0,0143322	7,93356
0,0143401	7,93672
0,0143479	7,93986
0,0143563	7,94276
0,0143648	7,94566
0,0143764	7,94842
0,014385	7,95121
0,0143935	7,95411
0,0144019	7,95696
0,0144101	7,96
0,0144148	7,96327
0,0144226	7,96644
0,0144304	7,96966
0,0144379	7,973
0,0144455	7,9763
0,0144528	7,97973
0,0144601	7,98313
0,0144675	7,98652
0,0144748	7,98994
0,0144852	7,99328
0,0144899	7,99656
0,0145004	7,99984
0,0145079	8,0032
0,0145154	8,00651
0,0145256	8,00993
0,0145329	8,01341
0,01454	8,01687
0,0145501	8,02035
0,0145569	8,02403
0,0145635	8,02776
0,01457	8,03162
0,0145759	8,03571
0,0145848	8,03971
0,0145933	8,04395
0,0145992	8,04807
0,0146048	8,05232
0,0146135	8,05647
0,0146222	8,06056
0,0146284	8,06455
0,0146375	8,06846
0,0146438	8,07237
0,0146533	8,07612
0,0146628	8,07987
0,014672	8,08378
0,0146814	8,08759
0,0146906	8,0915
0,0146993	8,09565
0,0147077	8,09992
0,0147129	8,10438
0,0147177	8,10899
0,0147256	8,1135
0,0147334	8,11808
0,0147411	8,12266
0,0147462	8,12714
0,0147515	8,13157
0,0147597	8,1359
0,0147683	8,14008
0,0147771	8,14417
0,0147858	8,14832
0,014795	8,15223
0,0148036	8,15641
0,0148118	8,16078
0,0148198	8,16529
0,0148275	8,1699
0,0148345	8,17487
0,0148415	8,17979
0,0148482	8,18485
0,0148542	8,19032
0,0148605	8,1956
0,0148661	8,20118
0,0148721	8,20661
0,0148784	8,21192
0,0148874	8,21723
0,0148964	8,22263
0,0149025	8,22801
0,0149085	8,23344
0,0149172	8,23893
0,0149268	8,24406
0,0149328	8,24946
0,0149421	8,25471
0,0149509	8,2602
0,0149567	8,26569
0,0149654	8,27119
0,0149744	8,27656
0,0149833	8,28199
0,0149922	8,28742
0,0149984	8,29276
0,0150072	8,29823
0,0150164	8,30351
0,0150228	8,30875
0,0150294	8,31388
0,0150389	8,31901
0,0150483	8,3242
0,0150547	8,32945
0,0150641	8,3346
0,0150733	8,33991
0,0150826	8,34513
0,0150919	8,35038
0,0151009	8,35575
0,0151096	8,36125
0,0151156	8,36668
0,0151272	8,3722
0,0151332	8,37763
0,015142	8,38313
0,0151504	8,38874
0,015156	8,39436
0,0151669	8,40022
0,0151723	8,40592
0,0151807	8,4116
0,0151893	8,41715
0,015195	8,42274
0,0152068	8,42817
0,0152154	8,43372
0,0152242	8,43919
0,0152334	8,44444
0,0152428	8,44965
0,0152526	8,45466
0,0152623	8,45969
0,0152721	8,4647
0,0152786	8,46989
0,0152881	8,47498
0,0152946	8,4802
0,0153011	8,48536
0,0153107	8,49046
0,01532	8,49571
0,0153268	8,50074
0,0153333	8,50593
0,0153429	8,51099
0,0153525	8,51612
0,0153626	8,52094
0,0153725	8,52589
0,0153798	8,53071
0,0153903	8,53541
0,0154006	8,54014
0,0154082	8,54481
0,0154156	8,5496
0,015426	8,55427
0,0154364	8,559
0,0154439	8,5637
0,0154513	8,56849
0,015459	8,57307
0,0154698	8,57758
0,0154778	8,58207
0,0154891	8,58634
0,0154977	8,59055
0,0155066	8,59458
0,0155186	8,59855
0,0155276	8,60252
0,01554	8,60633
0,0155494	8,61012
0,0155592	8,61378
0,0155688	8,61747
0,0155786	8,62107
0,0155884	8,62475
0,0155954	8,62829
0,0156055	8,63174
0,015613	8,63511
0,0156235	8,63839
0,0156338	8,64173
0,0156415	8,64498
0,0156493	8,64819
0,0156601	8,65136
0,0156709	8,6545
0,0156787	8,65766
0,0156865	8,66085
0,0156972	8,66406
0,0157054	8,66709
0,0157135	8,67011
0,0157252	8,67286
0,0157367	8,67564
0,0157455	8,67835
0,0157545	8,68099
0,0157636	8,68356
0,0157729	8,68603
0,0157854	8,68841
0,0157947	8,69083
0,015804	8,69337
0,0158104	8,69582
0,0158226	8,69828
0,0158289	8,7008
0,015838	8,70336
0,015847	8,706
0,0158531	8,70864
0,0158591	8,7113
0,0158713	8,71378
0,0158774	8,71641
0,0158866	8,71891
0,0158957	8,72147
0,0159014	8,7243
0,0159134	8,72689
0,015919	8,72973
0,0159275	8,7326
0,0159359	8,73553
0,0159438	8,73866
0,0159515	8,74188
0,0159595	8,74499
0,0159643	8,74821
0,015972	8,75146
0,0159796	8,75475
0,015987	8,75814
0,0159912	8,76164
0,0159985	8,76508
0,0160056	8,76861
0,0160096	8,77223
0,0160194	8,77584
0,0160259	8,77964
0,0160321	8,78355
0,0160383	8,78751
0,0160443	8,79157
0,0160531	8,79566
0,0160619	8,79975
0,0160678	8,80384
0,0160733	8,80811
0,0160822	8,81217
0,0160909	8,81632
0,0160966	8,8205
0,0161054	8,82459
0,016114	8,82877
0,0161197	8,83299
0,0161282	8,8372
0,0161367	8,84141
0,016145	8,84577
0,0161506	8,85001
0,0161589	8,85432
0,0161669	8,85883
0,0161749	8,86326
0,01618	8,86775
0,0161908	8,87226
0,0161959	8,87672
0,0162068	8,88123
0,0162145	8,88581
0,0162225	8,89033
0,0162302	8,89491
0,0162376	8,8997
0,0162482	8,90431
0,0162554	8,90916
0,0162626	8,91398
0,0162699	8,9188
0,0162773	8,92356
0,0162847	8,92835
0,0162953	8,93293
0,0163029	8,9376
0,0163106	8,94221
0,0163184	8,94679
0,0163258	8,95155
0,0163362	8,95628
0,0163434	8,96113
0,0163502	8,96616
0,0163566	8,97141
0,0163625	8,97685
0,0163676	8,98274
0,0163754	8,98863
0,0163831	8,99461
0,0163878	9,00068
0,0163923	9,00678
0,0163998	9,01289
0,0164072	9,01902
0,0164121	9,02497
0,0164199	9,03089
0,0164283	9,03657
0,0164373	9,04197
0,0164464	9,04728
0,0164556	9,05253
0,016465	9,05775
0,0164744	9,06294
0,0164838	9,06812
0,0164958	9,07346
0,0165015	9,07905
0,01651	9,08463
0,0165182	9,09043
0,0165263	9,09617
0,0165312	9,10215
0,0165389	9,10813
0,0165469	9,11399
0,0165551	9,11973
0,0165636	9,12534
0,0165722	9,13093
0,0165815	9,13612
0,0165908	9,1414
0,0166001	9,14658
0,0166095	9,1518
0,0166159	9,15702
0,0166283	9,16215
0,0166374	9,16749
0,0166435	9,17289
0,0166522	9,17838
0,0166581	9,18388
0,0166668	9,18937
0,0166758	9,19477
0,0166851	9,20002
0,0166911	9,20542
0,0167005	9,21061
0,0167102	9,21568
0,0167196	9,22083
0,0167294	9,22581
0,0167391	9,2309
0,0167459	9,23591
0,0167557	9,24091
0,0167621	9,24613
0,0167745	9,25129
0,0167812	9,25639
0,0167904	9,26167
0,0167967	9,26695
0,0168028	9,27232
0,0168117	9,27775
0,0168207	9,28312
0,0168266	9,28858
0,0168324	9,29411
0,0168415	9,29942
0,0168502	9,30497
0,0168622	9,31028
0,0168687	9,3155
0,0168777	9,32084
0,0168873	9,32594
0,0168937	9,33115
0,0169034	9,33622
0,0169127	9,34141
0,0169193	9,3466
0,0169285	9,35185
0,0169376	9,35719
0,0169433	9,36277
0,0169518	9,36836
0,0169602	9,37403
0,0169687	9,37962
0,0169769	9,38542
0,0169823	9,39112
0,0169878	9,39677
0,0169993	9,40232
0,017005	9,40788
0,017017	9,41322
0,0170263	9,41847
0,0170356	9,42365
0,0170451	9,42884
0,0170543	9,43412
0,017064	9,43916
0,0170733	9,44441
0,0170825	9,44965
0,0170917	9,455
0,0170978	9,46031
0,0171064	9,46586
0,0171148	9,47157
0,0171232	9,47718
0,0171286	9,48295
0,0171371	9,48853
0,0171457	9,49412
0,0171512	9,49979
0,01716	9,5052
0,0171688	9,51069
0,0171779	9,51606
0,0171871	9,52131
0,0171968	9,52638
0,0172032	9,53159
0,0172157	9,53666
0,017225	9,54194
0,0172282	9,54728
0,0172403	9,55259
0,0172463	9,55799
0,0172582	9,56336
0,0172643	9,56876
0,0172733	9,57417
0,0172761	9,57969
0,0172851	9,58506
0,017294	9,59046
0,0173029	9,59593
0,0173121	9,6012
0,0173184	9,60645
0,0173307	9,61167
0,017337	9,61698
0,0173463	9,6222
0,0173553	9,62754
0,0173647	9,63273
0,0173737	9,6381
0,0173798	9,64347
0,0173917	9,64884
0,0173976	9,65434
0,0174063	9,65989
0,0174147	9,66551
0,0174234	9,67103
0,0174289	9,67671
0,0174375	9,68226
0,0174431	9,68787
0,0174517	9,69343
0,0174605	9,69892
0,0174694	9,70432
0,0174756	9,70966
0,017485	9,71482
0,0174947	9,71992
0,0175042	9,72505
0,017514	9,73002
0,0175237	9,73506
0,0175306	9,7401
0,0175405	9,74501
0,0175469	9,75023
0,0175561	9,75551
0,0175619	9,76103
0,0175699	9,76686
0,0175775	9,77296
0,0175848	9,77913
0,0175912	9,78572
0,0175945	9,79243
0,0176002	9,79939
0,0176025	9,80656
0,0176108	9,81364
0,017616	9,82081
0,017621	9,82811
0,0176258	9,83543
0,0176308	9,8427
0,0176386	9,85005
0,0176431	9,85753
0,0176512	9,86473
0,0176567	9,87175
0,0176628	9,87852
0,0176718	9,8853
0,017681	9,89192
0,0176899	9,89873
0,0176988	9,90553
0,0177073	9,91249
0,0177158	9,91951
0,0177249	9,92619
0,0177337	9,93306
0,0177428	9,93977
0,0177487	9,94664
0,017758	9,95323
0,0177644	9,95982
0,0177741	9,96626
0,0177839	9,97261
0,0177943	9,97874
0,0178052	9,98457
0,0178135	9,99031
0,0178253	9,99571
0,0178369	10,0012
0,0178491	10,0065
0,0178578	10,012
0,0178694	10,0175
0,0178782	10,023
0,0178896	10,0286
0,017898	10,0343
0,0179088	10,0402
0,0179163	10,0462
0,0179237	10,0524
0,0179281	10,0586
0,0179382	10,0648
0,0179427	10,0709
0,0179532	10,077
0,0179611	10,0828
0,0179695	10,0885
0,017978	10,0941
0,0179899	10,0995
0,0179991	10,1048
0,0180085	10,11
0,0180206	10,1153
0,0180299	10,1205
0,0180392	10,1258
0,0180481	10,1311
0,01806	10,1365
0,018066	10,142
0,0180747	10,1475
0,0180834	10,153
0,0180948	10,1586
0,0181001	10,1644
0,0181085	10,17
0,0181139	10,1758
0,0181224	10,1813
0,0181313	10,1868
0,0181402	10,1922
0,0181467	10,1974
0,0181587	10,2027
0,0181681	10,2079
0,018175	10,2129
0,0181874	10,218
0,0181943	10,223
0,0182038	10,2282
0,0182103	10,2334
0,0182223	10,2387
0,0182286	10,244
0,0182375	10,2494
0,0182466	10,2547
0,0182556	10,2601
0,0182615	10,2656
0,0182701	10,2711
0,0182761	10,2765
0,0182849	10,282
0,0182943	10,2872
0,0183039	10,2923
0,0183106	10,2974
0,0183206	10,3023
0,0183308	10,3071
0,0183377	10,3121
0,0183478	10,317
0,0183577	10,3219
0,0183671	10,3271
0,0183738	10,3322
0,0183801	10,3375
0,0183862	10,3428
0,0183951	10,3482
0,0184039	10,3537
0,0184094	10,3594
0,0184181	10,3649
0,018424	10,3704
0,0184329	10,3758
0,0184393	10,381
0,0184486	10,3862
0,0184575	10,3917
0,0184638	10,397
0,0184727	10,4024
0,0184785	10,4079
0,0184875	10,4133
0,0184962	10,4188
0,0185044	10,4246
0,0185126	10,4303
0,0185204	10,4363
0,0185251	10,4423
0,0185328	10,4483
0,0185407	10,4542
0,0185483	10,4602
0,0185561	10,4661
0,0185637	10,4722
0,0185715	10,4782
0,0185794	10,4841
0,0185875	10,4899
0,0185952	10,4958
0,018603	10,5018
0,0186107	10,5078
0,018618	10,514
0,0186284	10,5201
0,0186328	10,5263
0,018643	10,5324
0,0186475	10,5386
0,0186575	10,5448
0,0186673	10,5512
0,0186742	10,5576
0,018681	10,564
0,0186878	10,5704
0,0186948	10,5768
0,0187045	10,5832
0,0187114	10,5896
0,0187181	10,596
0,0187276	10,6025
0,0187369	10,6091
0,0187434	10,6157
0,0187497	10,6224
0,0187559	10,6291
0,018765	10,6358
0,0187708	10,6427
0,0187795	10,6495
0,0187882	10,6564
0,0187942	10,6633
0,0187998	10,6702
0,0188091	10,6769
0,0188176	10,6838
0,0188237	10,6906
0,0188354	10,6975
0,0188412	10,7044
0,01885	10,7112
0,0188563	10,7178
0,0188651	10,7247
0,0188738	10,7316
0,0188798	10,7384
0,0188882	10,7454
0,0188969	10,7523
0,0189057	10,7592
0,0189171	10,7662
0,0189227	10,7731
0,0189311	10,7802
0,0189391	10,7874
0,0189443	10,7946
0,0189525	10,8018
0,0189603	10,8091
0,0189684	10,8162
0,0189763	10,8235
0,0189843	10,8307
0,0189925	10,8378
0,019001	10,8449
0,0190064	10,8519
0,019015	10,8589
0,0190266	10,8658
0,0190352	10,8728
0,0190442	10,8795
0,019053	10,8863
0,0190594	10,8929
0,0190683	10,8997
0,0190773	10,9065
0,0190831	10,9134
0,0190918	10,9203
0,0191007	10,9271
0,0191097	10,9339
0,0191186	10,9407
0,0191273	10,9475
0,0191363	10,9543
0,019145	10,9612
0,0191508	10,9681
0,0191598	10,9748
0,0191658	10,9816
0,0191751	10,9882
0,019187	10,995
0,0191928	11,0019
0,0192018	11,0086
0,0192109	11,0153
0,0192197	11,0222
0,0192286	11,029
0,0192375	11,0358
0,019246	11,0428
0,0192521	11,0496
0,0192608	11,0565
0,0192695	11,0633
0,0192784	11,0701
0,0192874	11,0769
0,0192932	11,0838
0,0193019	11,0907
0,0193107	11,0975
0,0193193	11,1045
0,019328	11,1113
0,019334	11,1182
0,0193453	11,1252
0,0193511	11,1321
0,0193596	11,1391
0,0193679	11,1462
0,0193765	11,1532
0,0193849	11,1602
0,0193933	11,1672
0,0193992	11,1741
0,0194075	11,1811
0,0194158	11,1882
0,0194242	11,1953
0,0194325	11,2023
0,0194408	11,2094
0,0194491	11,2165
0,0194573	11,2236
0,0194654	11,2308
0,0194736	11,238
0,0194819	11,2451
0,0194903	11,2521
0,0194987	11,2591
0,019507	11,2662
0,0195152	11,2733
0,0195233	11,2805
0,0195315	11,2877
0,0195395	11,2949
0,0195478	11,302
0,0195556	11,3093
0,0195635	11,3166
0,0195712	11,324
0,0195787	11,3314
0,0195868	11,3386
0,0195943	11,346
0,0196024	11,3532
0,0196104	11,3604
0,0196184	11,3677
0,0196293	11,3749
0,0196375	11,3821
0,0196455	11,3893
0,0196536	11,3965
0,0196616	11,4037
0,0196665	11,411
0,0196746	11,4182
0,0196854	11,4255
0,019693	11,4328
0,0197011	11,4401
0,0197089	11,4474
0,0197166	11,4547
0,0197243	11,4621
0,019732	11,4695
0,0197425	11,4769
0,01975	11,4844
0,0197578	11,4917
0,0197653	11,4992
0,0197731	11,5065
0,0197806	11,514
0,0197878	11,5216
0,0197951	11,5291
0,0198027	11,5366
0,0198099	11,5442
0,0198204	11,5516
0,0198311	11,5589
0,0198383	11,5665
0,019846	11,5739
0,0198534	11,5814
0,0198607	11,5889
0,0198683	11,5964
0,0198789	11,6037
0,0198863	11,6112
0,0198939	11,6186
0,0199042	11,6262
0,0199113	11,6338
0,0199186	11,6414
0,0199256	11,6491
0,0199329	11,6567
0,0199432	11,6641
0,0199507	11,6716
0,0199606	11,6793
0,019968	11,6869
0,0199752	11,6945
0,0199853	11,7021
0,0199928	11,7095
0,02	11,7171
0,0200069	11,7249
0,0200168	11,7326
0,0200264	11,7404
0,0200332	11,7482
0,020043	11,756
0,0200497	11,7638
0,0200563	11,7717
0,0200658	11,7796
0,0200725	11,7874
0,0200822	11,7952
0,0200894	11,8029
0,0200992	11,8106
0,0201091	11,8183
0,0201189	11,8261
0,0201285	11,8339
0,0201382	11,8417
0,020145	11,8495
0,0201545	11,8574
0,0201639	11,8654
0,0201703	11,8733
0,0201797	11,8813
0,020189	11,8893
0,0201956	11,8972
0,0202049	11,9052
0,0202113	11,9131
0,0202209	11,921
0,0202302	11,9289
0,0202371	11,9367
0,020247	11,9444
0,020257	11,9521
0,0202641	11,9597
0,0202713	11,9674
0,0202814	11,975
0,0202917	11,9824
0,0202993	11,9899
0,0203099	11,9973
0,0203177	12,0046
0,0203286	12,0118
0,0203364	12,0191
0,0203442	12,0265
0,0203519	12,0338
0,0203599	12,0411
0,0203706	12,0484
0,0203787	12,0556
0,0203897	12,0628
0,0203974	12,0701
0,0204055	12,0773
0,0204135	12,0845
0,0204214	12,0918
0,0204323	12,099
0,0204405	12,1062
0,0204514	12,1134
0,0204595	12,1206
0,0204679	12,1276
0,0204761	12,1347
0,0204846	12,1417
0,020493	12,1488
0,0205043	12,1558
0,0205099	12,1628
0,0205216	12,1697
0,0205271	12,1767
0,0205357	12,1836
0,0205472	12,1906
0,0205525	12,1977
0,020561	12,2047
0,0205695	12,2117
0,0205778	12,2188
0,0205857	12,226
0,020594	12,2331
0,0206018	12,2405
0,0206126	12,2477
0,0206206	12,255
0,0206283	12,2623
0,0206359	12,2697
0,0206436	12,2771
0,0206509	12,2847
0,0206586	12,2921
0,0206691	12,2995
0,0206735	12,3071
0,0206839	12,3145
0,0206915	12,3219
0,0206988	12,3295
0,0207066	12,3368
0,0207142	12,3443
0,0207218	12,3516
0,0207325	12,359
0,0207401	12,3663
0,020748	12,3736
0,0207559	12,3809
0,0207637	12,3882
0,0207715	12,3956
0,0207791	12,403
0,0207865	12,4105
0,0207971	12,4179
0,0208046	12,4254
0,0208119	12,4329
0,020822	12,4405
0,020829	12,4482
0,020836	12,4559
0,0208458	12,4636
0,020853	12,4713
0,0208603	12,4789
0,0208673	12,4866
0,0208771	12,4943
0,0208839	12,5021
0,0208938	12,5098
0,0209009	12,5175
0,0209108	12,5251
0,0209178	12,5329
0,0209249	12,5405
0,0209347	12,5483
0,0209418	12,556
0,0209486	12,5637
0,0209587	12,5713
0,0209659	12,5789
0,0209728	12,5867
0,0209826	12,5944
0,0209896	12,6022
0,0209964	12,61
0,021006	12,6178
0,0210132	12,6254
0,0210198	12,6333
0,0210297	12,641
0,0210367	12,6487
0,0210464	12,6565
0,0210565	12,6641
0,0210604	12,6719
0,0210701	12,6797
0,0210771	12,6874
0,02109	12,6951
0,0210965	12,703
0,0211064	12,7107
0,0211131	12,7185
0,0211227	12,7263
0,0211296	12,7341
0,0211363	12,742
0,0211462	12,7497
0,0211532	12,7574
0,0211603	12,7651
0,02117	12,7728
0,0211773	12,7804
0,0211874	12,788
0,0211977	12,7955
0,0212049	12,8031
0,0212122	12,8107
0,0212224	12,8183
0,0212297	12,8258
0,0212399	12,8334
0,0212471	12,841
0,0212573	12,8486
0,0212646	12,8561
0,0212745	12,8638
0,0212816	12,8715
0,0212887	12,8791
0,0212986	12,8868
0,0213059	12,8944
0,0213161	12,902
0,0213261	12,9096
0,0213329	12,9174
0,0213403	12,9249
0,0213473	12,9326
0,0213578	12,94
0,0213653	12,9475
0,0213758	12,9549
0,0213864	12,9623
0,021394	12,9697
0,0214017	12,9771
0,0214127	12,9843
0,0214209	12,9914
0,0214315	12,9988
0,0214398	13,0058
0,0214477	13,0131
0,021456	13,0202
0,0214672	13,0273
0,0214755	13,0344
0,0214836	13,0415
0,0214946	13,0487
0,0215029	13,0558
0,0215113	13,0629
0,0215229	13,0698
0,0215312	13,0768
0,0215428	13,0838
0,0215513	13,0907
0,0215603	13,0975
0,0215697	13,1041
0,0215795	13,1104
0,0215894	13,1168
0,0215991	13,1232
0,021609	13,1295
0,0216189	13,1358
0,021629	13,1421
0,0216392	13,1483
0,0216493	13,1545
0,021659	13,1609
0,0216656	13,1675
0,021675	13,174
0,0216843	13,1806
0,0216907	13,1872
0,0217	13,1939
0,021706	13,2006
0,0217152	13,2073
0,0217214	13,214
0,0217307	13,2206
0,0217369	13,2273
0,0217434	13,2339
0,0217523	13,2406
0,0217615	13,2473
0,0217679	13,254
0,0217773	13,2605
0,0217839	13,267
0,0217935	13,2735
0,0218027	13,2802
0,0218089	13,2868
0,0218181	13,2935
0,021824	13,3004
0,021833	13,3071
0,0218423	13,3137
0,0218481	13,3206
0,0218542	13,3274
0,0218629	13,3343
0,0218715	13,3412
0,0218804	13,348
0,0218862	13,3549
0,0218949	13,3618
0,0219037	13,3687
0,0219123	13,3756
0,0219178	13,3826
0,0219263	13,3896
0,0219316	13,3968
0,0219396	13,404
0,0219476	13,4112
0,0219527	13,4184
0,0219635	13,4257
0,0219712	13,4331
0,0219791	13,4403
0,0219867	13,4478
0,0219943	13,4551
0,0220052	13,4624
0,02201	13,4698
0,022018	13,477
0,0220255	13,4845
0,0220328	13,492
0,0220403	13,4995
0,0220509	13,5069
0,0220581	13,5145
0,0220656	13,5219
0,0220729	13,5295
0,02208	13,5371
0,0220871	13,5448
0,0220969	13,5526
0,0221038	13,5603
0,0221107	13,5681
0,0221204	13,5758
0,0221271	13,5837
0,0221338	13,5915
0,0221404	13,5995
0,0221469	13,6074
0,0221563	13,6153
0,0221656	13,6233
0,0221722	13,6312
0,0221818	13,6391
0,0221914	13,6469
0,0222011	13,6547
0,0222051	13,6625
0,0222148	13,6702
0,0222216	13,678
0,0222312	13,6859
0,0222378	13,6937
0,0222447	13,7015
0,0222542	13,7094
0,0222609	13,7173
0,0222701	13,7253
0,0222764	13,7334
0,0222855	13,7414
0,0222947	13,7494
0,0223038	13,7575
0,0223099	13,7657
0,0223161	13,7737
0,022325	13,7819
0,022331	13,7901
0,0223398	13,7983
0,0223488	13,8064
0,0223578	13,8146
0,0223669	13,8227
0,0223759	13,8308
0,0223819	13,839
0,022391	13,8471
0,0223998	13,8553
0,0224091	13,8633
0,0224156	13,8712
0,0224249	13,8792
0,0224343	13,8871
0,0224437	13,8951
0,0224472	13,9031
0,0224566	13,911
0,0224661	13,9189
0,0224725	13,9269
0,022479	13,9348
0,0224912	13,9428
0,0224976	13,9508
0,022504	13,9588
0,0225135	13,9667
0,0225228	13,9747
0,0225293	13,9826
0,0225385	13,9906
0,0225479	13,9986
0,0225545	14,0064
0,0225641	14,0143
0,0225707	14,0223
0,0225804	14,03
0,0225897	14,038
0,0225993	14,0458
0,022606	14,0537
0,0226155	14,0616
0,0226252	14,0694
0,0226318	14,0773
0,0226385	14,0851
0,0226481	14,093
0,0226547	14,1008
0,0226642	14,1088
0,0226735	14,1167
0,0226831	14,1246
0,0226894	14,1326
0,0226956	14,1407
0,022705	14,1487
0,0227142	14,1567
0,0227201	14,1649
0,022732	14,173
0,0227382	14,1812
0,0227471	14,1893
0,0227564	14,1973
0,0227651	14,2056
0,0227741	14,2137
0,0227802	14,2218
0,0227892	14,23
0,0227981	14,2381
0,0228073	14,2462
0,0228164	14,2542
0,0228228	14,2623
0,0228318	14,2703
0,0228409	14,2784
0,0228499	14,2866
0,022859	14,2947
0,022868	14,3028
0,0228767	14,3111
0,0228828	14,3192
0,0228945	14,3275
0,0229004	14,3357
0,0229092	14,3439
0,0229178	14,3522
0,0229238	14,3604
0,0229327	14,3685
0,0229418	14,3767
0,0229508	14,3848
0,0229602	14,3927
0,0229695	14,4007
0,0229788	14,4087
0,0229852	14,4167
0,0229945	14,4246
0,0230038	14,4326
0,0230103	14,4406
0,0230197	14,4485
0,0230291	14,4565
0,0230385	14,4644
0,0230478	14,4724
0,023057	14,4804
0,0230634	14,4885
0,0230726	14,4965
0,0230788	14,5046
0,0230881	14,5125
0,0230977	14,5204
0,0231041	14,5284
0,0231132	14,5364
0,0231227	14,5444
0,0231291	14,5523
0,0231388	14,5601
0,0231487	14,5679
0,0231555	14,5757
0,0231624	14,5834
0,0231723	14,5911
0,0231792	14,5989
0,023189	14,6066
0,0231962	14,6142
0,0232061	14,6219
0,0232162	14,6296
0,0232231	14,6373
0,0232329	14,645
0,023243	14,6526
0,0232505	14,6601
0,0232607	14,6677
0,023268	14,6752
0,0232785	14,6827
0,0232857	14,6903
0,0232903	14,6977
0,0233009	14,7051
0,0233087	14,7124
0,0233195	14,7197
0,0233273	14,727
0,0233348	14,7345
0,0233456	14,7418
0,0233534	14,7491
0,0233613	14,7564
0,0233725	14,7635
0,0233805	14,7707
0,0233885	14,7779
0,0233996	14,785
0,0234081	14,792
0,0234166	14,799
0,0234254	14,8059
0,0234368	14,8128
0,0234452	14,8199
0,0234509	14,8268
0,0234623	14,8339
0,0234682	14,8407
0,02348	14,8475
0,0234885	14,8544
0,0234972	14,8614
0,0235055	14,8684
0,0235142	14,8753
0,0235257	14,8823
0,0235318	14,889
0,0235405	14,896
0,0235492	14,9028
0,0235579	14,9097
0,0235664	14,9168
0,0235751	14,9236
0,0235838	14,9305
0,0235926	14,9374
0,0235983	14,9443
0,0236069	14,9512
0,0236185	14,9582
0,0236247	14,9649
0,0236334	14,9717
0,0236452	14,9786
0,0236539	14,9855
0,0236595	14,9924
0,0236682	14,9994
0,023677	15,0062
0,0236857	15,0131
0,0236945	15,0199
0,0237034	15,0268
0,0237122	15,0336
0,0237209	15,0405
0,0237299	15,0472
0,0237359	15,0541
0,0237452	15,0606
0,0237546	15,0672
0,0237635	15,074
0,0237699	15,0806
0,0237819	15,0873
0,0237879	15,0942
0,0237969	15,1009
0,0238058	15,1077
0,0238149	15,1144
0,0238242	15,121
0,0238305	15,1277
0,0238396	15,1344
0,023846	15,141
0,0238553	15,1476
0,0238645	15,1543
0,0238737	15,1609
0,023883	15,1675
0,0238893	15,1742
0,0238984	15,1809
0,0239047	15,1875
0,0239135	15,1944
0,0239223	15,2012
0,023931	15,2081
0,0239366	15,2151
0,0239451	15,2221
0,023954	15,2289
0,0239651	15,236
0,0239709	15,2429
0,023979	15,2501
0,0239844	15,2572
0,023993	15,2642
0,0239986	15,2711
0,024007	15,2782
0,0240152	15,2853
0,0240236	15,2924
0,0240317	15,2995
0,0240403	15,3065
0,0240487	15,3135
0,024057	15,3206
0,0240626	15,3276
0,0240735	15,3348
0,0240786	15,342
0,024087	15,3491
0,0240951	15,3563
0,0241031	15,3635
0,0241111	15,3707
0,0241187	15,3781
0,0241267	15,3853
0,0241378	15,3925
0,0241456	15,3998
0,0241537	15,407
0,0241586	15,4143
0,0241692	15,4217
0,0241769	15,4291
0,0241878	15,4363
0,0241956	15,4436
0,0242033	15,451
0,0242137	15,4584
0,0242211	15,466
0,0242284	15,4735
0,0242362	15,4809
0,0242467	15,4883
0,0242544	15,4956
0,0242624	15,5029
0,0242699	15,5103
0,0242778	15,5176
0,0242859	15,5248
0,0242937	15,5321
0,0243016	15,5394
0,0243125	15,5466
0,0243201	15,554
0,024328	15,5613
0,0243361	15,5685
0,0243439	15,5758
0,0243517	15,5831
0,0243624	15,5904
0,0243701	15,5978
0,0243779	15,6051
0,0243858	15,6124
0,0243936	15,6198
0,0244042	15,6271
0,0244092	15,6344
0,0244195	15,6419
0,0244271	15,6493
0,0244348	15,6567
0,0244426	15,664
0,0244535	15,6713
0,0244615	15,6785
0,0244696	15,6856
0,0244776	15,6929
0,0244886	15,7001
0,0244969	15,7072
0,0245022	15,7143
0,0245106	15,7213
0,024522	15,7283
0,0245302	15,7354
0,0245384	15,7426
0,024547	15,7495
0,0245579	15,7568
0,0245635	15,7638
0,0245719	15,7708
0,0245799	15,778
0,0245884	15,785
0,0245969	15,792
0,0246022	15,7991
0,0246134	15,8062
0,024619	15,8132
0,0246267	15,8206
0,0246354	15,8275
0,0246437	15,8345
0,0246516	15,8418
0,0246629	15,8489
0,024671	15,8561
0,0246792	15,8632
0,0246875	15,8702
0,0246959	15,8773
0,0247069	15,8845
0,0247154	15,8915
0,0247206	15,8987
0,0247287	15,9058
0,0247373	15,9128
0,0247455	15,9199
0,0247538	15,927
0,0247622	15,934
0,0247705	15,9411
0,0247763	15,948
0,0247877	15,955
0,0247963	15,962
0,0248019	15,9689
0,024813	15,976
0,0248216	15,983
0,0248274	15,9899
0,0248362	15,9968
0,0248444	16,0039
0,0248528	16,0109
0,0248608	16,0182
0,0248689	16,0253
0,0248773	16,0324
0,0248858	16,0394
0,0248943	16,0464
0,0249027	16,0534
0,024911	16,0605
0,0249193	16,0675
0,024931	16,0744
0,0249366	16,0814
0,0249454	16,0883
0,024954	16,0952
0,0249625	16,1022
0,024971	16,1092
0,0249796	16,1161
0,0249881	16,1231
0,0249968	16,13
0,0250052	16,1371
0,0250136	16,1441
0,0250218	16,1512
0,0250303	16,1582
0,0250386	16,1653
0,025047	16,1723
0,0250555	16,1793
0,0250638	16,1864
0,0250725	16,1933
0,0250808	16,2004
0,0250892	16,2075
0,0250976	16,2145
0,0251064	16,2213
0,0251149	16,2283
0,0251234	16,2353
0,0251317	16,2424
0,0251399	16,2495
0,0251484	16,2565
0,0251568	16,2636
0,0251652	16,2706
0,0251737	16,2776
0,0251824	16,2845
0,0251909	16,2915
0,0251997	16,2983
0,0252087	16,3051
0,0252175	16,3119
0,0252266	16,3186
0,0252327	16,3254
0,0252444	16,3322
0,0252506	16,3389
0,025257	16,3456
0,0252658	16,3524
0,0252751	16,359
0,025284	16,3658
0,025293	16,3726
0,0252992	16,3792
0,0253082	16,386
0,0253172	16,3928
0,0253236	16,3994
0,0253331	16,4059
0,0253425	16,4125
0,0253519	16,419
0,0253586	16,4255
0,0253681	16,432
0,0253779	16,4384
0,0253848	16,4448
0,0253948	16,4511
0,0254048	16,4573
0,0254144	16,4638
0,0254209	16,4704
0,0254305	16,4768
0,0254398	16,4834
0,0254463	16,49
0,0254558	16,4965
0,0254649	16,5032
0,0254742	16,5098
0,0254802	16,5166
0,0254893	16,5233
0,0254985	16,53
0,0255048	16,5367
0,0255136	16,5435
0,0255225	16,5503
0,0255313	16,5571
0,0255375	16,5638
0,0255463	16,5707
0,0255556	16,5773
0,0255615	16,5842
0,0255702	16,591
0,0255789	16,5979
0,0255878	16,6048
0,0255966	16,6116
0,025603	16,6182
0,0256118	16,625
0,0256179	16,6318
0,0256272	16,6384
0,025636	16,6452
0,0256451	16,652
0,0256544	16,6586
0,0256635	16,6653
0,0256726	16,672
0,0256818	16,6787
0,025688	16,6853
0,0256972	16,692
0,0257063	16,6987
0,0257124	16,7055
0,0257213	16,7123
0,0257306	16,7189
0,0257397	16,7256
0,025749	16,7322
0,0257585	16,7387
0,0257651	16,7452
0,0257717	16,7518
0,0257842	16,7582
0,025794	16,7646
0,0258011	16,7709
0,025811	16,7772
0,0258183	16,7834
0,0258255	16,7896
0,0258387	16,7958
0,0258485	16,8021
0,025853	16,8083
0,0258631	16,8145
0,0258702	16,8208
0,0258802	16,827
0,0258901	16,8334
0,0258976	16,8395
0,0259075	16,8458
0,0259148	16,852
0,0259249	16,8582
0,0259322	16,8644
0,0259393	16,8707
0,0259497	16,8768
0,025957	16,883
0,025964	16,8893
0,0259742	16,8954
0,0259839	16,9018
0,0259911	16,9081
0,0260012	16,9143
0,0260082	16,9207
0,0260183	16,9269
0,0260255	16,9332
0,0260354	16,9395
0,0260427	16,9456
0,0260533	16,9516
0,0260607	16,9578
0,0260714	16,9637
0,026079	16,9698
0,0260865	16,9758
0,0260969	16,9819
0,0261046	16,9879
0,0261119	16,9941
0,0261196	17,0001
0,0261297	17,0063
0,0261371	17,0125
0,0261444	17,0186
0,0261546	17,0248
0,0261591	17,031
0,0261664	17,0371
0,0261767	17,0433
0,0261839	17,0495
0,0261914	17,0556
0,0261986	17,0618
0,0262061	17,0679
0,0262165	17,074
0,0262239	17,0802
0,0262314	17,0862
0,0262389	17,0923
0,0262493	17,0984
0,0262572	17,1043
0,026265	17,1102
0,0262758	17,1162
0,0262837	17,1221
0,0262916	17,1279
0,0262994	17,1339
0,0263073	17,1398
0,0263179	17,1458
0,0263255	17,1518
0,0263331	17,1578
0,0263408	17,1638
0,0263512	17,1699
0,026359	17,1759
0,0263666	17,1819
0,0263742	17,188
0,0263848	17,194
0,0263922	17,2001
0,0263999	17,2061
0,0264105	17,2121
0,026415	17,2182
0,0264255	17,2243
0,026436	17,2303
0,0264436	17,2364
0,0264513	17,2423
0,026459	17,2483
0,0264669	17,2542
0,0264778	17,2601
0,0264862	17,2658
0,0264944	17,2715
0,0265031	17,2771
0,0265116	17,2826
0,0265231	17,2882
0,0265315	17,2938
0,02654	17,2995
0,0265485	17,3051
0,0265569	17,3107
0,0265684	17,3163
0,0265734	17,3222
0,0265846	17,328
0,0265924	17,3339
0,0266001	17,3399
0,0266081	17,3457
0,026616	17,3516
0,0266241	17,3574
0,0266349	17,3633
0,0266428	17,3692
0,0266505	17,3752
0,0266584	17,3811
0,0266665	17,3869
0,0266745	17,3927
0,0266826	17,3986
0,0266907	17,4044
0,0267015	17,4103
0,0267094	17,4162
0,0267175	17,422
0,0267255	17,4278
0,0267337	17,4336
0,026742	17,4393
0,0267501	17,4451
0,0267581	17,4509
0,0267662	17,4567
0,0267739	17,4627
0,026782	17,4685
0,0267898	17,4745
0,0267975	17,4805
0,0268052	17,4865
0,0268158	17,4925
0,0268233	17,4986
0,0268337	17,5047
0,0268384	17,5107
0,0268489	17,5167
0,0268539	17,5226
0,0268643	17,5287
0,0268691	17,5347
0,0268797	17,5407
0,0268873	17,5467
0,0268949	17,5528
0,0269024	17,5589
0,0269099	17,565
0,0269202	17,5711
0,0269279	17,5771
0,0269351	17,5833
0,0269424	17,5895
0,0269496	17,5957
0,0269568	17,6019
0,026964	17,6082
0,0269713	17,6143
0,0269816	17,6205
0,0269888	17,6267
0,0269962	17,6329
0,0270031	17,6392
0,0270132	17,6455
0,0270202	17,6518
0,0270273	17,6581
0,0270372	17,6644
0,0270414	17,6707
0,0270508	17,6772
0,0270575	17,6837
0,0270643	17,6901
0,0270737	17,6967
0,0270802	17,7032
0,0270895	17,7099
0,027096	17,7164
0,0271051	17,7231
0,0271144	17,7298
0,0271204	17,7365
0,0271265	17,7433
0,0271351	17,7502
0,0271409	17,7571
0,0271494	17,7641
0,027155	17,7711
0,0271636	17,778
0,0271748	17,7851
0,0271804	17,7921
0,0271886	17,7992
0,0271967	17,8064
0,0272051	17,8135
0,0272136	17,8205
0,0272187	17,8277
0,0272267	17,8349
0,0272348	17,8421
0,0272427	17,8494
0,0272506	17,8566
0,0272558	17,8638
0,0272635	17,8712
0,0272744	17,8784
0,0272795	17,8857
0,0272903	17,8929
0,0273012	17,9002
0,0273063	17,9074
0,0273171	17,9147
0,027325	17,922
0,0273331	17,9291
0,0273406	17,9366
0,0273485	17,9439
0,0273561	17,9513
0,0273638	17,9587
0,0273716	17,9662
0,0273797	17,9736
0,0273906	17,9809
0,0273986	17,9883
0,0274068	17,9955
0,0274146	18,003
0,0274196	18,0104
0,0274306	18,0177
0,0274385	18,0251
0,0274496	18,0324
0,0274548	18,0397
0,0274627	18,0471
0,0274736	18,0545
0,0274817	18,0618
0,0274869	18,0691
0,0274981	18,0764
0,0275064	18,0836
0,0275148	18,0908
0,0275232	18,0979
0,0275314	18,1052
0,0275401	18,1122
0,0275487	18,1193
0,0275573	18,1264
0,027566	18,1334
0,0275744	18,1406
0,0275831	18,1476
0,0275922	18,1544
0,027601	18,1614
0,0276099	18,1684
0,0276158	18,1753
0,0276273	18,1824
0,0276332	18,1894
0,0276423	18,1962
0,0276515	18,203
0,0276608	18,2097
0,0276701	18,2165
0,0276762	18,2233
0,0276853	18,2302
0,0276948	18,2368
0,0277041	18,2435
0,0277139	18,2501
0,0277235	18,2566
0,0277329	18,2633
0,0277424	18,27
0,0277491	18,2766
0,0277615	18,2832
0,0277684	18,2898
0,0277753	18,2963
0,0277851	18,3027
0,0277923	18,3091
0,0278023	18,3154
0,0278125	18,3218
0,0278202	18,3278
0,0278308	18,3339
0,0278385	18,3401
0,0278495	18,346
0,0278575	18,3519
0,0278686	18,3578
0,0278797	18,3637
0,0278882	18,3694
0,0278963	18,3753
0,0279048	18,381
0,0279127	18,387
0,0279241	18,3928
0,0279299	18,3984
0,0279416	18,404
0,0279505	18,4095
0,0279596	18,415
0,0279685	18,4205
0,0279772	18,4261
0,0279893	18,4315
0,0279984	18,4369
0,0280076	18,4423
0,0280166	18,4478
0,0280255	18,4533
0,0280342	18,4589
0,0280428	18,4646
0,0280486	18,4702
0,0280571	18,4759
0,0280661	18,4814
0,0280747	18,4871
0,0280833	18,4928
0,028092	18,4984
0,0281005	18,5041
0,0281087	18,5099
0,0281173	18,5156
0,0281257	18,5214
0,0281343	18,5271
0,028143	18,5327
0,0281515	18,5384
0,0281602	18,5441
0,0281689	18,5497
0,0281777	18,5552
0,0281868	18,5607
0,0281959	18,5661
0,0282023	18,5715
0,0282111	18,577
0,0282199	18,5826
0,0282289	18,5881
0,028235	18,5936
0,0282472	18,5989
0,0282533	18,6044
0,0282623	18,6098
0,0282685	18,6153
0,0282775	18,6207
0,0282865	18,6262
0,028296	18,6314
0,0283024	18,6368
0,0283145	18,6422
0,028321	18,6475
0,0283301	18,6529
0,0283395	18,6582
0,0283491	18,6634
0,0283584	18,6687
0,028365	18,6739
0,0283746	18,6791
0,0283841	18,6844
0,0283937	18,6896
0,0284005	18,6947
0,0284101	18,6999
0,028417	18,7049
0,0284269	18,71
0,0284338	18,7151
0,0284437	18,7201
0,0284509	18,7251
0,0284607	18,7302
0,0284706	18,7352
0,0284777	18,7402
0,0284846	18,7453
0,0284947	18,7503
0,0285044	18,7554
0,0285116	18,7604
0,0285184	18,7655
0,0285283	18,7705
0,0285381	18,7756
0,0285452	18,7806
0,0285523	18,7856
0,0285624	18,7906
0,0285725	18,7955
0,0285796	18,8005
0,0285897	18,8054
0,0285994	18,8106
0,0286063	18,8157
0,0286163	18,8207
0,0286262	18,8257
0,0286334	18,8307
0,0286405	18,8356
0,0286506	18,8406
0,0286576	18,8457
0,0286648	18,8506
0,0286747	18,8556
0,0286819	18,8606
0,0286922	18,8654
0,0287023	18,8704
0,0287064	18,8754
0,0287164	18,8804
0,0287233	18,8855
0,0287301	18,8906
0,0287398	18,8957
0,0287462	18,9011
0,0287558	18,9063
0,0287626	18,9115
0,0287719	18,9167
0,0287816	18,9219
0,0287886	18,9269
0,0287984	18,932
0,0288056	18,937
0,0288127	18,942
0,0288229	18,9469
0,0288332	18,9517
0,0288435	18,9566
0,0288507	18,9615
0,0288611	18,9664
0,0288713	18,9712
0,0288786	18,9762
0,028886	18,981
0,0288992	18,9858
0,0289068	18,9906
0,0289172	18,9953
0,0289278	19,0001
0,0289355	19,0048
0,0289462	19,0094
0,0289538	19,0142
0,0289642	19,019
0,0289718	19,0238
0,028979	19,0287
0,0289862	19,0336
0,0289961	19,0387
0,0290034	19,0436
0,0290135	19,0485
0,0290207	19,0535
0,0290307	19,0584
0,0290381	19,0633
0,0290455	19,0682
0,0290557	19,0731
0,0290633	19,0778
0,0290737	19,0826
0,0290813	19,0873
0,0290916	19,0922
0,0290988	19,0972
0,0291061	19,102
0,0291136	19,1069
0,0291208	19,1118
0,0291282	19,1167
0,0291352	19,1217
0,0291454	19,1266
0,0291521	19,1318
0,029162	19,1369
0,0291689	19,1419
0,0291789	19,1469
0,0291887	19,152
0,0291954	19,1572
0,0292023	19,1623
0,0292091	19,1674
0,0292159	19,1726
0,0292254	19,1778
0,0292325	19,1828
0,0292423	19,1879
0,0292492	19,193
0,0292562	19,198
0,0292657	19,2032
0,0292728	19,2083
0,0292796	19,2134
0,0292863	19,2186
0,0292961	19,2237
0,0293031	19,2287
0,0293129	19,2338
0,0293198	19,2389
0,0293267	19,2439
0,0293362	19,2492
0,0293432	19,2543
0,0293525	19,2596
0,0293622	19,2647
0,0293687	19,27
0,0293781	19,2753
0,0293843	19,2807
0,0293937	19,286
0,0293999	19,2914
0,0294059	19,297
0,0294121	19,3024
0,0294209	19,308
0,0294296	19,3136
0,0294381	19,3193
0,0294468	19,3249
0,0294551	19,3308
0,0294606	19,3365
0,0294687	19,3424
0,029477	19,3482
0,0294854	19,354
0,029491	19,3597
0,0294994	19,3655
0,0295079	19,3712
0,0295135	19,3769
0,0295217	19,3828
0,0295301	19,3886
0,0295383	19,3945
0,0295466	19,4003
0,0295548	19,4061
0,0295629	19,412
0,0295708	19,418
0,0295789	19,424
0,029587	19,4299
0,0295949	19,4359
0,0296033	19,4416
0,0296115	19,4475
0,0296196	19,4534
0,0296279	19,4592
0,029636	19,4651
0,0296442	19,471
0,0296497	19,4768
0,0296605	19,4828
0,0296655	19,4888
0,0296764	19,4948
0,0296812	19,5008
0,0296889	19,5069
0,0296968	19,513
0,0297075	19,5191
0,0297179	19,5252
0,0297255	19,5315
0,0297326	19,5378
0,02974	19,5441
0,0297473	19,5503
0,0297548	19,5566
0,0297622	19,5628
0,0297696	19,5691
0,0297767	19,5755
0,0297837	19,5819
0,0297937	19,5883
0,0298007	19,5947
0,0298106	19,6012
0,0298175	19,6077
0,0298242	19,6143
0,0298336	19,621
0,0298433	19,6276
0,029847	19,6341
0,0298567	19,6407
0,0298631	19,6474
0,0298727	19,654
0,0298793	19,6607
0,0298887	19,6674
0,0298983	19,6739
0,0299049	19,6806
0,0299113	19,6873
0,0299206	19,694
0,0299269	19,7009
0,0299361	19,7077
0,0299425	19,7144
0,0299515	19,7212
0,0299577	19,728
0,0299671	19,7348
0,0299732	19,7416
0,0299824	19,7485
0,0299918	19,7552
0,0299979	19,762
0,030007	19,7688
0,0300132	19,7757
0,0300219	19,7827
0,0300311	19,7895
0,0300402	19,7963
0,030046	19,8034
0,0300549	19,8103
0,0300611	19,8171
0,03007	19,824
0,0300788	19,831
0,0300881	19,8377
0,0300943	19,8446
0,0301035	19,8514
0,0301126	19,8582
0,0301186	19,8651
0,0301278	19,8719
0,0301369	19,8787
0,0301431	19,8856
0,0301521	19,8925
0,0301615	19,8992
0,0301705	19,906
0,0301769	19,9128
0,0301859	19,9196
0,0301955	19,9263
0,030202	19,933
0,0302113	19,9397
0,0302207	19,9463
0,03023	19,9531
0,0302366	19,9597
0,0302459	19,9665
0,0302524	19,9732
0,0302619	19,9798
0,0302713	19,9865
0,0302781	19,9931
0,0302876	19,9997
0,0302972	20,0062
0,0303071	20,0127
0,0303167	20,0193
0,0303239	20,0256
0,0303336	20,0322
0,0303436	20,0386
0,0303506	20,0451
0,0303607	20,0514
0,0303704	20,0579
0,030381	20,0641
0,030391	20,0704
0,0303983	20,0768
0,0304058	20,083
0,0304161	20,0892
0,0304267	20,0953
0,0304372	20,1015
0,0304448	20,1076
0,0304524	20,1138
0,0304633	20,1197
0,0304739	20,1259
0,030482	20,1318
0,03049	20,1377
0,0305009	20,1437
0,0305058	20,1497
0,0305166	20,1557
0,0305247	20,1617
0,030533	20,1675
0,0305442	20,1733
0,0305523	20,1792
0,0305604	20,1851
0,0305716	20,191
0,0305797	20,1969
0,0305883	20,2025
0,0305968	20,2083
0,0306053	20,214
0,0306137	20,2197
0,0306253	20,2254
0,0306337	20,2312
0,0306397	20,2367
0,0306513	20,2423
0,0306571	20,2479
0,0306691	20,2534
0,0306782	20,2588
0,030687	20,2644
0,0306935	20,2696
0,0307057	20,275
0,0307151	20,2803
0,0307245	20,2856
0,0307342	20,2907
0,0307435	20,296
0,0307505	20,3011
0,0307601	20,3063
0,0307698	20,3114
0,030777	20,3164
0,0307867	20,3215
0,0307966	20,3265
0,0308037	20,3315
0,030811	20,3364
0,0308209	20,3414
0,0308312	20,3463
0,0308384	20,3513
0,0308455	20,3562
0,0308556	20,3612
0,0308659	20,3661
0,0308734	20,3709
0,030881	20,3756
0,0308912	20,3805
0,0309013	20,3854
0,0309089	20,3902
0,0309163	20,395
0,0309238	20,3999
0,0309343	20,4046
0,030942	20,4093
0,0309523	20,4142
0,0309596	20,4191
0,0309667	20,424
0,0309769	20,4289
0,0309876	20,4336
0,0309949	20,4385
0,0310024	20,4433
0,0310098	20,4481
0,0310201	20,453
0,0310276	20,4578
0,0310352	20,4626
0,0310457	20,4673
0,0310536	20,4719
0,0310613	20,4766
0,0310691	20,4813
0,0310797	20,486
0,0310877	20,4906
0,0310954	20,4953
0,0311062	20,4999
0,0311137	20,5047
0,0311214	20,5093
0,0311323	20,5139
0,0311402	20,5185
0,0311482	20,5231
0,0311588	20,5278
0,0311671	20,5322
0,0311749	20,5368
0,031183	20,5414
0,031191	20,5459
0,0311994	20,5503
0,0312074	20,5549
0,0312152	20,5595
0,0312261	20,5641
0,0312338	20,5688
0,0312418	20,5733
0,0312494	20,5781
0,0312568	20,583
0,0312643	20,5877
0,0312744	20,5927
0,0312817	20,5975
0,0312889	20,6025
0,0312964	20,6073
0,0313034	20,6123
0,0313106	20,6173
0,0313175	20,6224
0,0313273	20,6275
0,0313373	20,6325
0,0313445	20,6374
0,0313541	20,6426
0,0313612	20,6476
0,031371	20,6527
0,0313778	20,6578
0,0313847	20,6629
0,0313918	20,6679
0,0313988	20,673
0,0314086	20,678
0,0314159	20,683
0,0314257	20,688
0,031433	20,6929
0,0314401	20,6979
0,0314471	20,703
0,031457	20,708
0,0314673	20,7129
0,031474	20,7181
0,031484	20,7231
0,0314936	20,7282
0,0315001	20,7335
0,0315067	20,7388
0,0315161	20,7441
0,0315225	20,7494
0,0315319	20,7547
0,0315383	20,76
0,0315474	20,7654
0,0315567	20,7707
0,0315629	20,7762
0,0315694	20,7814
0,031579	20,7867
0,0315853	20,792
0,0315948	20,7973
0,0316041	20,8026
0,0316106	20,8079
0,0316173	20,8131
0,0316269	20,8182
0,0316364	20,8235
0,0316431	20,8287
0,0316527	20,8339
0,0316593	20,8391
0,0316689	20,8443
0,0316786	20,8494
0,0316853	20,8546
0,0316947	20,8599
0,0317009	20,8653
0,0317071	20,8707
0,0317165	20,876
0,0317258	20,8814
0,0317351	20,8867
0,0317414	20,8921
0,0317504	20,8976
0,0317592	20,9031
0,0317655	20,9086
0,0317745	20,914
0,031781	20,9193
0,0317902	20,9247
0,0317963	20,9302
0,0318052	20,9356
0,0318143	20,9411
0,0318203	20,9466
0,0318295	20,952
0,0318387	20,9574
0,0318447	20,963
0,0318507	20,9684
0,0318627	20,9739
0,0318715	20,9795
0,0318777	20,9849
0,0318867	20,9903
0,0318926	20,9959
0,0319015	21,0014
0,0319103	21,007
0,0319191	21,0126
0,0319249	21,0182
0,0319338	21,0238
0,0319423	21,0295
0,0319511	21,0351
0,0319567	21,0408
0,0319652	21,0465
0,031974	21,052
0,0319828	21,0577
0,0319912	21,0634
0,0319999	21,0691
0,0320086	21,0747
0,0320144	21,0803
0,0320261	21,0859
0,032035	21,0914
0,0320409	21,097
0,0320498	21,1025
0,0320585	21,1081
0,0320671	21,1138
0,0320731	21,1193
0,032082	21,1249
0,0320906	21,1305
0,0320993	21,1362
0,0321108	21,1418
0,0321193	21,1475
0,0321249	21,1533
0,0321334	21,159
0,0321415	21,1649
0,032153	21,1706
0,0321585	21,1763
0,0321668	21,1821
0,0321753	21,1878
0,032184	21,1935
0,0321924	21,1993
0,0322009	21,2049
0,0322096	21,2106
0,032218	21,2164
0,0322269	21,2219
0,0322383	21,2276
0,032244	21,2333
0,0322526	21,239
0,0322611	21,2447
0,0322697	21,2504
0,0322784	21,256
0,0322869	21,2617
0,0322954	21,2674
0,0323067	21,2731
0,0323123	21,2789
0,0323237	21,2846
0,0323294	21,2903
0,0323409	21,296
0,0323466	21,3017
0,0323547	21,3075
0,0323631	21,3133
0,0323713	21,3192
0,0323798	21,3249
0,0323853	21,3307
0,0323966	21,3364
0,0324022	21,3421
0,0324106	21,3479
0,0324189	21,3537
0,0324275	21,3594
0,032436	21,3651
0,0324445	21,3708
0,0324531	21,3765
0,0324616	21,3822
0,0324704	21,3879
0,0324791	21,3934
0,0324879	21,399
0,0324966	21,4046
0,0325052	21,4103
0,0325139	21,4159
0,0325227	21,4215
0,0325289	21,4269
0,0325382	21,4323
0,0325476	21,4376
0,0325568	21,4429
0,032566	21,4483
0,0325723	21,4537
0,0325814	21,4591
0,0325909	21,4644
0,0325974	21,4697
0,0326067	21,475
0,032616	21,4804
0,0326222	21,4858
0,0326342	21,4912
0,0326408	21,4964
0,0326472	21,5018
0,0326565	21,5071
0,0326662	21,5122
0,0326755	21,5176
0,0326851	21,5228
0,0326918	21,5279
0,0327014	21,5332
0,032711	21,5383
0,0327178	21,5434
0,0327272	21,5487
0,032737	21,5538
0,032744	21,5589
0,0327536	21,5641
0,0327603	21,5693
0,0327701	21,5744
0,0327797	21,5795
0,0327865	21,5847
0,0327964	21,5897
0,0328031	21,5949
0,0328097	21,6001
0,0328165	21,6053
0,0328289	21,6105
0,0328358	21,6156
0,0328456	21,6207
0,0328523	21,6259
0,0328622	21,6309
0,0328692	21,636
0,0328819	21,6411
0,032889	21,646
0,0328962	21,651
0,0329033	21,656
0,0329105	21,6609
0,0329205	21,666
0,0329304	21,6709
0,032938	21,6758
0,0329479	21,6808
0,0329551	21,6857
0,0329651	21,6907
0,0329721	21,6958
0,0329791	21,7008
0,0329889	21,7059
0,0329988	21,7109
0,0330058	21,716
0,0330157	21,721
0,0330224	21,7262
0,0330295	21,7312
0,0330392	21,7363
0,0330462	21,7414
0,0330561	21,7464
0,0330632	21,7514
0,0330734	21,7563
0,0330805	21,7613
0,0330877	21,7663
0,0330975	21,7713
0,0331075	21,7763
0,0331143	21,7815
0,0331239	21,7867
0,0331309	21,7917
0,0331404	21,7969
0,0331472	21,8021
0,0331539	21,8073
0,0331638	21,8124
0,0331733	21,8176
0,0331805	21,8225
0,0331874	21,8276
0,0332006	21,8325
0,0332079	21,8374
0,0332151	21,8423
0,0332253	21,8472
0,0332356	21,852
0,0332427	21,857
0,0332498	21,862
0,0332601	21,8669
0,0332699	21,872
0,033277	21,8769
0,033284	21,882
0,0332941	21,887
0,0333041	21,8919
0,0333113	21,8969
0,0333185	21,9019
0,0333259	21,9067
0,0333363	21,9115
0,0333434	21,9165
0,033354	21,9212
0,0333614	21,926
0,0333713	21,9311
0,0333788	21,9359
0,0333862	21,9407
0,0333935	21,9456
0,0334037	21,9505
0,033411	21,9554
0,0334182	21,9603
0,0334259	21,9651
0,0334333	21,9699
0,0334408	21,9747
0,0334517	21,9793
0,0334622	21,9841
0,0334697	21,9888
0,0334776	21,9935
0,0334854	21,9981
0,0334933	22,0027
0,0335041	22,0073
0,0335122	22,0119
0,0335201	22,0164
0,0335311	22,0209
0,033539	22,0256
0,033547	22,0301
0,0335553	22,0345
0,0335634	22,039
0,0335746	22,0435
0,033583	22,0478
0,0335943	22,0522
0,0335998	22,0566
0,0336111	22,0609
0,0336195	22,0653
0,0336279	22,0697
0,0336364	22,074
0,0336447	22,0784
0,0336532	22,0827
0,0336617	22,087
0,0336701	22,0914
0,0336786	22,0957
0,0336869	22,1001
0,0336956	22,1043
0,0337041	22,1086
0,0337132	22,1126
0,0337221	22,1168
0,0337311	22,1209
0,0337401	22,1249
0,033749	22,1291
0,0337579	22,1332
0,0337669	22,1372
0,0337758	22,1414
0,0337846	22,1455
0,0337935	22,1497
0,033802	22,154
0,0338109	22,1581
0,0338198	22,1622
0,0338256	22,1665
0,0338373	22,1706
0,0338432	22,1748
0,033852	22,179
0,0338582	22,183
0,0338673	22,187
0,0338764	22,1911
0,0338853	22,1951
0,0338973	22,1992
0,0339033	22,2034
0,0339124	22,2073
0,0339216	22,2113
0,0339279	22,2153
0,0339371	22,2193
0,0339463	22,2232
0,0339524	22,2273
0,0339615	22,2313
0,0339708	22,2353
0,0339804	22,2391
0,0339897	22,243
0,0339992	22,2468
0,0340062	22,2505
0,0340129	22,2543
0,0340225	22,258
0,0340324	22,2617
0,0340392	22,2654
0,0340462	22,2691
0,0340561	22,2727
0,0340656	22,2765
0,0340755	22,2802
0,0340823	22,2839
0,0340918	22,2877
0,0341017	22,2914
0,0341086	22,2951
0,0341183	22,2988
0,0341255	22,3024
0,0341355	22,306
0,0341424	22,3097
0,0341524	22,3132
0,0341627	22,3167
0,0341699	22,3202
0,0341774	22,3236
0,0341877	22,327
0,0341951	22,3305
0,0342053	22,334
0,034213	22,3373
0,0342234	22,3407
0,0342284	22,3439
0,034239	22,3472
0,0342465	22,3506
0,0342541	22,3539
0,0342646	22,3573
0,0342721	22,3607
0,0342829	22,3639
0,0342908	22,3671
0,0343015	22,3704
0,0343094	22,3736
0,0343174	22,3767
0,0343285	22,3798
0,034337	22,3827
0,0343456	22,3856
0,0343544	22,3883
0,0343632	22,3911
0,034375	22,3938
0,034381	22,3965
0,034393	22,3991
0,0344022	22,4017
0,0344115	22,4043
0,0344208	22,4068
0,03443	22,4093
0,0344365	22,4118
0,0344458	22,4144
0,0344553	22,4168
0,0344619	22,4192
0,0344716	22,4215
0,0344813	22,4239
0,0344917	22,4259
0,0345019	22,428
0,0345123	22,4299
0,0345231	22,4318
0,0345311	22,4336
0,0345424	22,4351
0,034551	22,4365
0,0345626	22,438
0,0345719	22,4391
0,034581	22,4403
0,0345902	22,4415
0,0345995	22,4426
0,034612	22,4436
0,0346217	22,4445
0,0346313	22,4455
0,0346411	22,4464
0,034651	22,4472
0,0346642	22,4479
0,0346745	22,4485
0,0346822	22,449
0,034696	22,4493
0,0347041	22,4496
0,0347124	22,4498
0,0347239	22,4499
0,0347361	22,4496
0,0347482	22,4494
0,034761	22,4489
0,0347709	22,4483
0,0347809	22,4476
0,0347944	22,4467
0,0348026	22,4456
0,034817	22,4443
0,034829	22,4426
0,0348387	22,4408
0,0348516	22,4388
0,0348655	22,4363
0,0348771	22,4335
0,0348897	22,4302
0,0349036	22,4263
0,0349218	22,4217
0,0349385	22,4165
0,0349571	22,4089
