"Maximum force"	56,5425	"N"
"Gage length "	0,986848	"mm"
"Pre-load"	0,1	"N"
"Standard travel"	"Standard force"
"mm"	"N"
0	0,136816
3,14787e-007	0,136667
7,91624e-007	0,13644
1,19023e-006	0,136252
1,86823e-006	0,135932
2,18302e-006	0,135782
2,28267e-006	0,135735
2,13459e-006	0,135805
1,8049e-006	0,135961
1,27591e-006	0,136211
6,79865e-007	0,136493
4,32134e-007	0,136612
-7,82311e-008	0,136854
-4,28408e-007	0,137019
-8,90344e-007	0,137239
-1,18837e-006	0,13738
-1,56835e-006	0,13756
-2,01538e-006	0,137772
-2,27988e-006	0,137897
-2,08244e-006	0,137803
-1,75275e-006	0,137647
-1,58604e-006	0,137568
-1,1744e-006	0,137373
-9,90927e-007	0,137286
-5,94184e-007	0,137098
-3,79048e-007	0,136996
-2,30968e-007	0,136926
9,87202e-008	0,136769
3,14787e-007	0,136667
6,44475e-007	0,136511
8,11182e-007	0,136432
-1,82632e-006	0,136307
-1,88011e-006	0,13633
-1,97929e-006	0,136377
-2,39094e-006	0,136572
-2,8864e-006	0,136807
-3,11923e-006	0,136918
-3,38373e-006	0,137043
-3,59886e-006	0,137145
-4,10923e-006	0,137387
-4,45754e-006	0,137552
-4,82262e-006	0,137724
-5,21936e-006	0,137912
-5,63287e-006	0,138108
-6,14324e-006	0,138351
-6,39283e-006	0,138469
-6,60797e-006	0,138571
-6,64149e-006	0,138586
-6,67456e-006	0,138602
-6,74068e-006	0,138633
-6,8231e-006	0,138673
-4,36441e-006	0,138884
-4,59445e-006	0,138994
-4,72669e-006	0,139056
-1,77626e-006	0,139033
1,18907e-006	0,139002
1,11922e-006	0,139041
3,74182e-006	0,139173
9,04663e-006	0,139409
1,4262e-005	0,139699
1,90304e-005	0,140183
2,98189e-005	0,140569
3,75079e-005	0,141068
4,50776e-005	0,141618
5,54489e-005	0,142198
6,27802e-005	0,142869
7,0052e-005	0,143559
7,73238e-005	0,144242
8,74565e-005	0,14494
9,45793e-005	0,145699
0,000101911	0,146356
0,000112043	0,147069
0,000119673	0,147572
0,000130223	0,148095
0,000137793	0,148637
0,000145422	0,149148
0,000155793	0,149751
0,000163005	0,150472
0,000170277	0,151143
0,000180589	0,151757
0,00018792	0,152429
0,000195311	0,153066
0,000205325	0,153832
0,000212388	0,154607
0,000219421	0,155416
0,000228898	0,156407
0,000235637	0,157375
0,000245114	0,158382
0,000251522	0,159473
0,000260939	0,160526
0,000267555	0,161526
0,000273993	0,162594
0,000283172	0,163738
0,00028949	0,164898
0,000298431	0,166179
0,00030451	0,167423
0,000313391	0,16872
0,000322392	0,169964
0,000331511	0,171161
0,000340571	0,172352
0,000349631	0,173588
0,000355711	0,174839
0,000364771	0,17606
0,000370761	0,177341
0,000379821	0,178554
0,000388881	0,17979
0,00039496	0,181034
0,000406881	0,182255
0,00041302	0,183491
0,000419011	0,18478
0,000427534	0,18626
0,000435938	0,187778
0,000443866	0,189533
0,000448873	0,191295
0,000456621	0,193142
0,000464489	0,194912
0,000469466	0,196689
0,000477334	0,198467
0,000485142	0,200268
0,000492772	0,202175
0,00050052	0,204006
0,000508209	0,205852
0,000516256	0,207569
0,000524541	0,209148
0,000532945	0,210666
0,000541469	0,212154
0,000550052	0,213596
0,000558456	0,215114
0,000566562	0,21677
0,000574728	0,218426
0,000582834	0,220096
0,000593801	0,221783
0,000599017	0,223438
0,000606944	0,2252
0,000614991	0,226894
0,000622739	0,228725
0,00063025	0,230678
0,000637432	0,232784
0,000644793	0,234798
0,000652154	0,236828
0,000662526	0,238781
0,000670215	0,240665
0,000677844	0,242565
0,000685324	0,244518
0,000692805	0,246486
0,000700434	0,248386
0,000710925	0,250278
0,000718733	0,252094
0,000726481	0,253948
0,00073429	0,255741
0,000742396	0,257404
0,000750562	0,25906
0,000758668	0,260708
0,000769575	0,26244
0,000777324	0,264286
0,000787695	0,266254
0,000795384	0,268123
0,000803192	0,269939
0,00081112	0,271671
0,000819107	0,273403
0,000829538	0,275333
0,000836959	0,277347
0,00084727	0,279346
0,00085478	0,281292
0,000862082	0,283336
0,000869622	0,285282
0,000877251	0,287174
0,000885	0,288997
0,000895729	0,290798
0,000900586	0,292644
0,000914236	0,29443
0,000918945	0,296337
0,000929495	0,298214
0,000937243	0,300075
0,00094529	0,301746
0,000953515	0,303379
0,000961324	0,305164
0,000972231	0,306881
0,000980039	0,308697
0,000988026	0,310436
0,000995477	0,312404
0,00100334	0,314174
0,00101407	0,315975
0,00102212	0,317676
0,00103011	0,319401
0,00103798	0,321186
0,00104608	0,322872
0,0010535	0,324856
0,00106089	0,32687
0,00107085	0,329021
0,00108128	0,330967
0,00108864	0,332996
0,00109612	0,334965
0,00110348	0,336994
0,00111093	0,338962
0,00111862	0,340832
0,00112887	0,342861
0,00113668	0,344669
0,00114443	0,346508
0,00115522	0,348255
0,00116326	0,349964
0,00117155	0,351543
0,00118067	0,352749
0,00119092	0,353401
0,00120618	0,35302
0,00121864	0,352642
0,00123157	0,352039
0,00124439	0,351482
0,0012575	0,350773
0,00127097	0,349903
0,00128462	0,348926
0,00129547	0,347927
0,0013056	0,347252
0,00131454	0,347142
0,00132116	0,348149
0,00132798	0,349053
0,00133788	0,348492
0,0013486	0,34755
0,00135921	0,346634
0,00136976	0,345787
0,00138037	0,344879
0,0013908	0,344055
0,00140439	0,343125
0,00141506	0,342217
0,00142597	0,341172
0,00143384	0,340203
0,00144177	0,340582
0,00144674	0,340975
0,00145163	0,341421
0,00145968	0,341719
0,00146436	0,342272
0,00147187	0,342844
0,00147893	0,343623
0,00148337	0,344279
0,00149067	0,344954
0,00149484	0,345721
0,00150194	0,346506
0,00150835	0,34759
0,00151487	0,348635
0,00152086	0,349917
0,00152691	0,351191
0,00153609	0,352343
0,00154238	0,353503
0,00154897	0,35451
0,00155838	0,355547
0,00156218	0,35652
0,0015713	0,357703
0,00157774	0,358778
0,00158686	0,359968
0,00159309	0,361151
0,00160227	0,362288
0,00160835	0,363562
0,00161765	0,364668
0,00162384	0,365858
0,00163308	0,366965
0,00163976	0,367964
0,00164947	0,368849
0,00165606	0,369871
0,00166584	0,370753
0,00167591	0,371485
0,0016858	0,372298
0,001696	0,372996
0,00170309	0,373762
0,0017128	0,374647
0,00171933	0,3757
0,00172797	0,377104
0,00173328	0,378729
0,00173852	0,380377
0,00174627	0,382208
0,00175387	0,384116
0,00176198	0,385779
0,0017669	0,387595
0,0017716	0,389494
0,00177885	0,391569
0,00178606	0,39366
0,00179363	0,395582
0,00180156	0,397337
0,00180972	0,398985
0,00181807	0,400526
0,00182653	0,402022
0,00183166	0,403738
0,00183976	0,405402
0,00185049	0,40721
0,00185824	0,409041
0,00186307	0,410895
0,00187326	0,412924
0,00188077	0,414892
0,00188819	0,416891
0,00189558	0,41889
0,00190259	0,421088
0,00190983	0,423163
0,00191668	0,425421
0,00192646	0,427664
0,0019337	0,429755
0,00194353	0,431967
0,00195095	0,433966
0,00195823	0,436026
0,00196538	0,438147
0,00197503	0,440451
0,00198216	0,442602
0,00198874	0,444998
0,00199852	0,447226
0,0020057	0,449347
0,00201554	0,451575
0,00202296	0,453558
0,00203053	0,455489
0,0020409	0,457457
0,0020482	0,459502
0,00205875	0,461394
0,00206611	0,463408
0,00207648	0,465391
0,00208411	0,467276
0,00209165	0,469221
0,00210232	0,471037
0,00210983	0,47299
0,00211972	0,475203
0,00212655	0,477476
0,00213337	0,47975
0,00214285	0,48213
0,00214944	0,484541
0,00215656	0,486662
0,00216616	0,488997
0,00217325	0,491148
0,00217999	0,493468
0,00218681	0,495756
0,00219659	0,497984
0,00220636	0,500258
0,00221348	0,502379
0,00222368	0,504454
0,00223142	0,506285
0,00223881	0,508299
0,00224936	0,510184
0,00225679	0,512167
0,00226698	0,514212
0,00227711	0,516302
0,00228712	0,518454
0,0022944	0,520529
0,00230435	0,522681
0,00231168	0,52471
0,00232134	0,527014
0,00232807	0,529349
0,00233731	0,531851
0,00234369	0,534354
0,0023501	0,53681
0,0023594	0,539282
0,00236875	0,541739
0,00237865	0,543951
0,00238589	0,546027
0,00239584	0,548193
0,00240598	0,550284
0,00241057	0,552237
0,00242118	0,554106
0,00242916	0,55583
0,00244031	0,557417
0,00244931	0,558661
0,00246123	0,559897
0,00247017	0,561179
0,00248173	0,562598
0,00249032	0,564032
0,00249896	0,565436
0,00251011	0,567046
0,00251839	0,568632
0,0025262	0,570433
0,00253395	0,572264
0,0025414	0,574263
0,00255201	0,576124
0,00255648	0,578123
0,00256393	0,580107
0,00257114	0,582197
0,00257826	0,584334
0,00258947	0,585905
0,00259823	0,587263
0,00260485	0,588263
0,00261754	0,589144
0,00262756	0,589903
0,00263757	0,590655
0,00264752	0,591444
0,00266028	0,592291
0,00267035	0,593027
0,00268084	0,593561
0,00268785	0,594385
0,00269762	0,59527
0,00270692	0,596354
0,00271309	0,597575
0,00272179	0,598955
0,00273043	0,600359
0,00273645	0,601656
0,00274551	0,602854
0,00275469	0,604014
0,00276381	0,605219
0,00277269	0,606524
0,00277848	0,607905
0,002787	0,609385
0,0027954	0,610888
0,00280321	0,612704
0,00280834	0,614428
0,00281594	0,616328
0,00282386	0,618075
0,00283179	0,619822
0,00283966	0,621607
0,00284455	0,623438
0,00285516	0,625277
0,00286291	0,627123
0,0028705	0,629031
0,00287885	0,630572
0,00288415	0,632204
0,00289333	0,633364
0,00290245	0,634554
0,00291157	0,635729
0,00292075	0,636904
0,00292963	0,638201
0,00293857	0,63946
0,00294739	0,640803
0,00295663	0,641932
0,00296563	0,643168
0,00297475	0,644358
0,00298042	0,645815
0,0029887	0,647402
0,00299663	0,649142
0,00300432	0,650996
0,0030123	0,652743
0,00301993	0,654642
0,00302533	0,656206
0,00303332	0,657923
0,0030416	0,659502
0,00305	0,661028
0,00305829	0,662623
0,003068	0,663538
0,00307802	0,66429
0,00308845	0,66487
0,00309876	0,665488
0,00311241	0,665911
0,00312308	0,666342
0,00313411	0,66664
0,00314507	0,666954
0,00315276	0,667446
0,00316331	0,667946
0,00316927	0,669258
0,00317821	0,670525
0,00318397	0,671944
0,00319013	0,673157
0,00319613	0,674446
0,00320477	0,675858
0,00321311	0,677414
0,0032183	0,679085
0,0032264	0,680741
0,00323427	0,682518
0,00324268	0,684052
0,0032506	0,685791
0,00325621	0,687294
0,00326455	0,688835
0,0032729	0,690399
0,003281	0,692055
0,00328893	0,693802
0,00329692	0,695542
0,00330472	0,697357
0,00331313	0,698868
0,00331843	0,700501
0,00332994	0,701927
0,0033384	0,703415
0,003344	0,704903
0,00335503	0,706559
0,00336048	0,708123
0,00336865	0,709748
0,00337717	0,711212
0,00338588	0,712601
0,00339446	0,714066
0,0034028	0,715607
0,00341109	0,717179
0,00341872	0,719094
0,00342623	0,721047
0,00343383	0,722946
0,00344116	0,724976
0,00344587	0,726883
0,00345624	0,728836
0,00346393	0,730713
0,00347168	0,73256
0,00347955	0,734337
0,00348712	0,736267
0,00349498	0,73803
0,00350273	0,739861
0,00351358	0,741608
0,0035218	0,743241
0,00353009	0,74482
0,00354136	0,746369
0,00354916	0,748169
0,00355703	0,749955
0,00356451	0,751923
0,00357232	0,753723
0,00358335	0,755387
0,00359282	0,756394
0,00360284	0,757164
0,00361369	0,757551
0,00362203	0,757732
0,0036333	0,757897
0,00364808	0,757764
0,00365976	0,757732
0,00367216	0,757374
0,00368432	0,757114
0,00369379	0,756777
0,0037047	0,757105
0,00371263	0,75748
0,0037202	0,758037
0,00372738	0,758758
0,00373775	0,759353
0,00374479	0,760151
0,00375486	0,760872
0,0037621	0,761585
0,00376949	0,762218
0,00378016	0,762676
0,00378785	0,763161
0,00379545	0,763683
0,00380269	0,764396
0,00381282	0,765095
0,00381959	0,766029
0,00382942	0,766857
0,00383643	0,767689
0,00384325	0,768581
0,00385309	0,769436
0,00385979	0,770393
0,00386698	0,771122
0,00387359	0,772106
0,00388301	0,773144
0,0038893	0,774311
0,00389883	0,775287
0,00390557	0,776237
0,00391534	0,777122
0,00392259	0,77782
0,00392998	0,778446
0,00394023	0,779098
0,00394729	0,77988
0,00395749	0,780563
0,00396485	0,781204
0,0039785	0,780243
0,00399131	0,778297
0,00400717	0,776298
0,00402046	0,774132
0,00403309	0,77227
0,00404835	0,770561
0,00406027	0,769043
0,00407237	0,767425
0,00408167	0,765777
0,00409425	0,763954
0,00410063	0,763687
0,00410477	0,764477
0,00410885	0,765301
0,00410943	0,766407
0,00411599	0,767429
0,00411989	0,768329
0,00412725	0,767597
0,00413816	0,766575
0,00414907	0,765514
0,00416004	0,764477
0,00416796	0,763454
0,00418215	0,762234
0,00419306	0,761196
0,00420146	0,759975
0,00421249	0,758884
0,00422054	0,757831
0,00422515	0,758388
0,00423207	0,75925
0,00423642	0,759941
0,00424044	0,760788
0,0042445	0,761623
0,00425111	0,762623
0,00425496	0,763561
0,00426131	0,764675
0,00426804	0,765621
0,00427448	0,766697
0,00428115	0,767673
0,00428495	0,768631
0,00429383	0,769913
0,00429707	0,771149
0,00430565	0,772575
0,0043111	0,774132
0,00431656	0,77568
0,00432514	0,777115
0,0043306	0,778671
0,00433608	0,780205
0,00434448	0,781715
0,00435235	0,783508
0,00435742	0,78524
0,00436523	0,787041
0,00437053	0,788666
0,00437888	0,790207
0,00438722	0,791763
0,00439533	0,793434
0,00440359	0,795051
0,00441176	0,796668
0,00441945	0,79853
0,00442749	0,800239
0,0044353	0,802039
0,00444305	0,803886
0,0044508	0,805709
0,00445873	0,807464
0,00446653	0,809272
0,00447422	0,811141
0,00448161	0,813155
0,0044885	0,815414
0,00449553	0,81758
0,00450242	0,819823
0,00450933	0,822066
0,00451642	0,824218
0,0045262	0,826461
0,00453016	0,828719
0,00453982	0,831023
0,00454655	0,833343
0,0045529	0,835845
0,00456274	0,838073
0,00456965	0,840301
0,00457671	0,842467
0,00458691	0,844527
0,00459686	0,846679
0,00460473	0,848479
0,00461203	0,850524
0,00461978	0,85237
0,00463015	0,854339
0,0046407	0,856223
0,0046483	0,858131
0,00465605	0,859969
0,00466684	0,861747
0,00467464	0,86354
0,00468561	0,865234
0,00469261	0,867431
0,00469983	0,869521
0,00470677	0,871734
0,00471667	0,873946
0,00472379	0,876067
0,00473091	0,878204
0,00473788	0,880401
0,00474465	0,88272
0,00475436	0,884994
0,0047608	0,88745
0,00476766	0,889724
0,00477743	0,891967
0,00478444	0,894164
0,00479481	0,896117
0,00480241	0,898048
0,00481319	0,89981
0,00482106	0,90158
0,00482911	0,903289
0,0048396	0,905204
0,00484729	0,907066
0,00485802	0,908866
0,00486544	0,910865
0,00487292	0,912833
0,00488016	0,914909
0,00489017	0,91703
0,00489682	0,91941
0,00490323	0,921882
0,00490922	0,924552
0,00491545	0,927116
0,00492486	0,929542
0,00493392	0,932136
0,00494066	0,934455
0,00494695	0,936988
0,0049535	0,939384
0,00496292	0,94181
0,00497258	0,944099
0,00497934	0,946418
0,004989	0,948722
0,00499889	0,950904
0,00500849	0,953269
0,0050185	0,95539
0,00502563	0,957542
0,00503588	0,959556
0,00504336	0,961524
0,00505403	0,963371
0,00506184	0,965163
0,00507286	0,966827
0,00508145	0,968284
0,00509253	0,969917
0,00510106	0,971389
0,00511184	0,973136
0,00511983	0,974868
0,0051302	0,976836
0,00513709	0,979095
0,00514373	0,98146
0,00514987	0,984069
0,00515929	0,98648
0,00516561	0,988998
0,00517216	0,991393
0,00518152	0,99385
0,0051887	0,995956
0,00519592	0,998046
0,00520653	0,999892
0,00521463	1,00158
0,00522578	1,00318
0,00523454	1,00453
0,00524586	1,00605
0,00525755	1,00742
0,00526583	1,00898
0,0052743	1,0105
0,0052821	1,01228
0,0052897	1,01422
0,00530013	1,01614
0,0053075	1,01817
0,0053151	1,02008
0,00532228	1,02219
0,00532964	1,0242
0,00533626	1,02658
0,00534585	1,02891
0,00535235	1,03136
0,00535882	1,0338
0,00536567	1,03606
0,00537249	1,03833
0,00538239	1,04051
0,00538912	1,04285
0,00539598	1,04512
0,0054054	1,04753
0,00541234	1,04974
0,00542241	1,05185
0,00542963	1,05397
0,00544006	1,0559
0,00544727	1,05799
0,00545746	1,06003
0,00546449	1,06223
0,00547445	1,06438
0,00548115	1,06672
0,0054878	1,06908
0,00549728	1,07148
0,0055038	1,07391
0,0055134	1,07622
0,00552017	1,07854
0,00552699	1,08082
0,00553629	1,08327
0,00554583	1,08567
0,00555232	1,0881
0,005559	1,09045
0,00556901	1,09257
0,00557938	1,09454
0,00558755	1,09621
0,00559858	1,09786
0,00560662	1,09955
0,00561747	1,10129
0,00562713	1,10224
0,00563911	1,10206
0,00565401	1,1019
0,00566962	1,10135
0,0056822	1,10093
0,00569466	1,10053
0,00570646	1,10045
0,0057185	1,10026
0,00573024	1,10019
0,00573924	1,10006
0,00574687	1,10059
0,00575212	1,10222
0,00575787	1,10364
0,00576592	1,10532
0,0057683	1,10697
0,00577629	1,10867
0,0057812	1,11049
0,00578865	1,11246
0,00579318	1,11444
0,00580058	1,11646
0,00580493	1,11852
0,00580931	1,12058
0,00581643	1,12271
0,00582331	1,12496
0,00583044	1,12709
0,00583729	1,12935
0,00584433	1,13152
0,00585148	1,13365
0,00585887	1,13565
0,00586626	1,13767
0,00587699	1,13947
0,00588462	1,14137
0,00589207	1,14333
0,00589964	1,14526
0,00590658	1,14747
0,0059166	1,14961
0,00592369	1,15177
0,00593072	1,15394
0,00593749	1,15624
0,00594425	1,15855
0,00595069	1,16102
0,00595999	1,16348
0,00596651	1,1659
0,00597563	1,16845
0,00598204	1,17094
0,00599122	1,17349
0,00599819	1,17568
0,00600839	1,17774
0,00601599	1,17965
0,00602654	1,18153
0,00603721	1,18337
0,00604513	1,18512
0,00605568	1,18701
0,00606379	1,18868
0,00607458	1,19046
0,00608292	1,19201
0,00609359	1,19383
0,0061014	1,19565
0,00611189	1,19755
0,00611681	1,19936
0,0061245	1,20122
0,00613493	1,20317
0,00614286	1,20492
0,0061537	1,20666
0,00616235	1,20808
0,00617349	1,20969
0,00618184	1,21125
0,00618994	1,21291
0,00619769	1,21476
0,0062055	1,21655
0,00621605	1,21844
0,00622433	1,22002
0,0062322	1,2218
0,00624019	1,22352
0,006248	1,22535
0,00625867	1,22718
0,00626636	1,22904
0,00627393	1,23096
0,00628173	1,23278
0,0062891	1,2348
0,00629965	1,23668
0,00630671	1,23883
0,00631398	1,24091
0,00632116	1,24301
0,00632796	1,2453
0,00633475	1,24759
0,00634122	1,25003
0,00634772	1,25247
0,0063569	1,25499
0,00636363	1,25733
0,00636992	1,25986
0,00637621	1,26238
0,00638259	1,26486
0,00639129	1,26763
0,00639737	1,27025
0,00640607	1,27301
0,00641495	1,2757
0,00642377	1,27841
0,00642991	1,28101
0,00643867	1,28372
0,00644767	1,28636
0,00645378	1,28897
0,00645965	1,2917
0,00646848	1,2944
0,00647742	1,29704
0,00648361	1,29962
0,00649607	1,30197
0,0065029	1,30426
0,00651255	1,30657
0,00652209	1,30893
0,00652888	1,31123
0,00653824	1,31368
0,00654754	1,31618
0,00655678	1,31865
0,00656614	1,32112
0,00657249	1,32362
0,00657848	1,3263
0,00658724	1,32903
0,00659576	1,33188
0,00660145	1,33469
0,0066095	1,33777
0,0066179	1,34067
0,00662336	1,3436
0,00663474	1,34645
0,00664029	1,34935
0,00664887	1,35216
0,00665733	1,35504
0,00666288	1,35793
0,00667438	1,36073
0,00667983	1,36366
0,0066886	1,3664
0,00669742	1,36911
0,00670952	1,37161
0,00671589	1,37413
0,00672519	1,37659
0,00673455	1,37904
0,00674403	1,38144
0,00675052	1,38388
0,00675982	1,38637
0,0067724	1,38864
0,00677875	1,39118
0,00678811	1,3936
0,00679758	1,396
0,00680426	1,39835
0,00681385	1,40068
0,00682315	1,40317
0,00682947	1,4057
0,00684145	1,40828
0,00684792	1,41072
0,00685704	1,41327
0,00686693	1,41547
0,00687641	1,41789
0,00688279	1,42037
0,00689203	1,42288
0,00689799	1,42557
0,00690711	1,42812
0,00691301	1,43085
0,00691941	1,43332
0,00692853	1,43588
0,00693843	1,43808
0,00694886	1,44003
0,00695977	1,44174
0,00696775	1,44345
0,00697854	1,44524
0,00698969	1,44683
0,00700042	1,44863
0,00700876	1,45019
0,00701699	1,45181
0,00702789	1,45352
0,00703558	1,45539
0,00704214	1,4578
0,00704834	1,46037
0,007054	1,4632
0,00705993	1,46591
0,00706542	1,4688
0,00707147	1,47146
0,00708017	1,47421
0,00708574	1,47707
0,00709444	1,47984
0,00709996	1,48275
0,0071083	1,48567
0,0071137	1,48863
0,00712234	1,4914
0,0071308	1,49429
0,00713962	1,497
0,00714839	1,49972
0,00715411	1,50253
0,00716305	1,50517
0,00716853	1,5081
0,007177	1,51096
0,00718838	1,51383
0,0071941	1,51664
0,00720257	1,51949
0,00721121	1,52229
0,00721657	1,52526
0,00722736	1,52841
0,00723243	1,53153
0,00724274	1,53489
0,00725073	1,53802
0,00725859	1,54118
0,00726676	1,54418
0,00727505	1,54713
0,0072811	1,54978
0,00729278	1,5525
0,00730178	1,55514
0,0073109	1,55769
0,00732008	1,56022
0,00732961	1,5626
0,00733927	1,5649
0,00734881	1,56727
0,00735876	1,56944
0,00736824	1,57183
0,00737748	1,57433
0,00738359	1,57697
0,00739253	1,57963
0,00740111	1,58245
0,00740999	1,58512
0,00741881	1,58781
0,00742462	1,59058
0,00743672	1,59174
0,00745001	1,59232
0,00746092	1,59266
0,00747463	1,59306
0,0074881	1,59355
0,00750187	1,59391
0,00751618	1,59404
0,00753018	1,59427
0,00754145	1,59445
0,00755021	1,59444
0,00755546	1,59608
0,00756198	1,59849
0,0075655	1,60096
0,00757179	1,60349
0,00757879	1,60567
0,00758591	1,60781
0,00759015	1,60993
0,00759774	1,61184
0,00760549	1,61368
0,00761294	1,61566
0,00762355	1,61751
0,00762805	1,61951
0,00763524	1,62162
0,00764537	1,62369
0,00765282	1,62569
0,00766003	1,62778
0,00766686	1,63004
0,00767368	1,63233
0,00768292	1,63485
0,00768924	1,63735
0,00769559	1,63985
0,00770217	1,64223
0,00770903	1,64451
0,00772172	1,64673
0,00772843	1,64908
0,00773531	1,65133
0,00774545	1,65339
0,00775218	1,65572
0,00776213	1,6579
0,00777179	1,66019
0,00778192	1,6623
0,00778917	1,66437
0,00779936	1,66642
0,00780657	1,66852
0,00781402	1,67051
0,00782463	1,67235
0,00783223	1,67427
0,00784272	1,67618
0,00785339	1,67801
0,00786161	1,67963
0,0078727	1,68125
0,00788105	1,68281
0,00789273	1,68416
0,00790125	1,68563
0,00790972	1,68712
0,00791758	1,68893
0,00792551	1,69067
0,00793672	1,69225
0,00794506	1,69379
0,00795341	1,69536
0,00796151	1,69703
0,00796956	1,69871
0,00798011	1,70061
0,00798792	1,70241
0,00799274	1,70425
0,00800371	1,70593
0,00801188	1,70758
0,00801992	1,70927
0,00802797	1,71099
0,00803572	1,71282
0,00804603	1,71343
0,00806028	1,71219
0,00807518	1,71064
0,00809026	1,709
0,00810522	1,70742
0,0081203	1,70581
0,00813556	1,70408
0,00815094	1,70228
0,00816631	1,70053
0,00817889	1,69868
0,00818607	1,69805
0,00818938	1,69923
0,00819221	1,70064
0,00819513	1,70202
0,00820112	1,70331
0,0082043	1,70456
0,00820735	1,70586
0,00821325	1,70721
0,00821936	1,70843
0,00822526	1,70976
0,0082311	1,71113
0,00823689	1,71253
0,00824252	1,714
0,00825128	1,71533
0,00825974	1,71684
0,00826544	1,71828
0,00827354	1,71993
0,00827873	1,72162
0,00828648	1,72345
0,00829428	1,72526
0,00830197	1,72712
0,00830692	1,72892
0,00831503	1,73058
0,0083203	1,73222
0,00832972	1,73325
0,00833902	1,73435
0,0083482	1,73552
0,0083575	1,73662
0,00836685	1,73771
0,00837615	1,73881
0,00838861	1,7398
0,00839528	1,74076
0,00840428	1,74199
0,00841287	1,74346
0,00842062	1,74527
0,00842562	1,74704
0,00843391	1,74863
0,00844213	1,75024
0,00844771	1,75173
0,00845629	1,75315
0,00846511	1,7545
0,00847369	1,75595
0,00848222	1,75741
0,00849086	1,75881
0,00849897	1,76049
0,00850719	1,7621
0,00851512	1,76384
0,00852329	1,76549
0,00853091	1,76737
0,00853851	1,7693
0,00854555	1,77147
0,00854969	1,77364
0,00855687	1,77576
0,00856689	1,7779
0,00857138	1,77991
0,00857833	1,78212
0,00858575	1,7841
0,00859296	1,78619
0,00860038	1,78819
0,00860774	1,79021
0,00861799	1,79224
0,0086253	1,7943
0,00863254	1,79636
0,00864285	1,79837
0,00864991	1,80052
0,00865998	1,80264
0,00866687	1,8049
0,00867325	1,80737
0,00867971	1,80982
0,00868889	1,81233
0,00869533	1,81482
0,00870156	1,81737
0,00871104	1,81976
0,00871732	1,8223
0,00872686	1,82466
0,00873318	1,82718
0,00873971	1,82961
0,00874972	1,83174
0,00875663	1,83398
0,00876647	1,8362
0,00877654	1,8383
0,00878387	1,84033
0,00879112	1,84242
0,00880167	1,8443
0,00880923	1,84625
0,00881978	1,84811
0,00883033	1,85001
0,00883764	1,85206
0,00884515	1,85401
0,0088557	1,8559
0,00886345	1,85773
0,00887096	1,85968
0,00887858	1,86158
0,00888836	1,86381
0,00889527	1,86607
0,00890481	1,86843
0,00891083	1,87109
0,0089173	1,87354
0,0089266	1,876
0,00893294	1,87852
0,00894189	1,88116
0,00894811	1,88372
0,00895381	1,88653
0,00896239	1,88934
0,00897109	1,89211
0,00897681	1,89492
0,00898575	1,89755
0,0089916	1,90031
0,00900036	1,90302
0,0090093	1,90569
0,00901806	1,90841
0,00902414	1,91105
0,00903582	1,91377
0,00904226	1,91624
0,00904858	1,91876
0,00906127	1,921
0,00906816	1,92324
0,00907483	1,92559
0,00908711	1,92803
0,00909346	1,93055
0,0091024	1,93317
0,0091111	1,93595
0,00911992	1,93865
0,00912544	1,94155
0,00913378	1,9445
0,00914177	1,94758
0,0091466	1,95081
0,00915429	1,95406
0,00916183	1,95736
0,00916919	1,96076
0,00917634	1,96427
0,00918108	1,96754
0,00918838	1,97096
0,00919893	1,97422
0,00920343	1,97759
0,00921118	1,98081
0,00922173	1,98406
0,00922948	1,9873
0,00923681	1,99072
0,00924441	1,99398
0,00925532	1,99706
0,00926008	2,00034
0,00927087	2,00347
0,00928142	2,00674
0,00928607	2,01006
0,00929603	2,01359
0,00930306	2,01716
0,00931003	2,02074
0,00931701	2,02433
0,0093238	2,02799
0,00933334	2,03173
0,00933998	2,03547
0,00934958	2,03919
0,00935602	2,04302
0,00936243	2,04688
0,00937143	2,05085
0,00937792	2,05468
0,00938722	2,05853
0,00939431	2,06207
0,00940218	2,06521
0,00941321	2,06826
0,00942406	2,07139
0,00943479	2,07455
0,00944563	2,07768
0,00945386	2,08067
0,00946518	2,08358
0,00947359	2,08646
0,00948205	2,08933
0,00949302	2,09242
0,00950026	2,09588
0,00950726	2,09945
0,00951418	2,10307
0,00952109	2,10667
0,00953063	2,11041
0,00953734	2,11413
0,00954112	2,11784
0,00955042	2,1217
0,00955674	2,12559
0,009563	2,12949
0,00956922	2,13343
0,0095751	2,13755
0,0095838	2,14167
0,00958982	2,1457
0,00959602	2,14967
0,00960525	2,15356
0,00961461	2,15737
0,00962397	2,16122
0,00963062	2,16496
0,00963756	2,16856
0,00964722	2,17222
0,00965753	2,17562
0,00966772	2,17904
0,00967502	2,18247
0,00968504	2,18598
0,00969249	2,18935
0,0097028	2,19271
0,00971323	2,19605
0,00972038	2,19955
0,00972718	2,20321
0,00973683	2,2069
0,00974649	2,21059
0,00975307	2,21435
0,00975954	2,21818
0,00976908	2,2219
0,00977489	2,22605
0,00978037	2,23035
0,00978884	2,2346
0,00979718	2,23887
0,00980582	2,24305
0,00981167	2,2472
0,00982162	2,25074
0,00982925	2,25402
0,00983986	2,25724
0,00985035	2,26052
0,00986096	2,26379
0,00987187	2,26687
0,00988254	2,27007
0,00989344	2,27317
0,00990155	2,27621
0,00990966	2,27926
0,00991961	2,2828
0,00992643	2,28648
0,0099332	2,29015
0,00993979	2,29391
0,00994649	2,29762
0,00995579	2,30148
0,00996238	2,30524
0,00996884	2,30907
0,00997796	2,31301
0,00998684	2,31704
0,00999206	2,32147
0,00999766	2,32571
0,0100062	2,32992
0,0100152	2,33392
0,0100217	2,33773
0,0100314	2,34139
0,0100411	2,34506
0,0100509	2,34869
0,0100578	2,35229
0,0100677	2,35586
0,0100781	2,3592
0,0100881	2,36277
0,010098	2,3663
0,0101081	2,3698
0,0101179	2,37344
0,0101218	2,37707
0,0101315	2,38073
0,0101382	2,38447
0,0101477	2,38822
0,0101574	2,39188
0,0101668	2,39571
0,0101735	2,39941
0,0101828	2,40327
0,0101891	2,40716
0,0101953	2,4111
0,0102043	2,41512
0,0102102	2,41921
0,0102162	2,42324
0,0102251	2,42727
0,0102339	2,43136
0,0102405	2,43514
0,010247	2,43893
0,0102571	2,44245
0,0102642	2,44596
0,0102741	2,44952
0,010284	2,45309
0,0102939	2,45664
0,010304	2,46014
0,0103108	2,46381
0,0103203	2,46757
0,0103297	2,47135
0,0103359	2,47532
0,0103416	2,47953
0,01035	2,4838
0,0103556	2,48801
0,0103641	2,49229
0,0103728	2,49644
0,0103783	2,50068
0,0103842	2,5048
0,0103934	2,50869
0,0104023	2,51269
0,0104116	2,51659
0,010418	2,52042
0,010427	2,52442
0,0104361	2,52839
0,0104454	2,53222
0,0104546	2,53616
0,0104639	2,54003
0,0104733	2,54383
0,0104821	2,54789
0,0104884	2,55183
0,0104972	2,55592
0,0105061	2,55998
0,0105151	2,56397
0,0105242	2,56788
0,0105303	2,57191
0,0105394	2,57584
0,0105458	2,57972
0,0105548	2,58372
0,0105609	2,58772
0,0105693	2,59196
0,0105779	2,59617
0,0105863	2,60047
0,0105947	2,60474
0,0106002	2,60902
0,0106087	2,61326
0,0106171	2,61753
0,0106224	2,6219
0,0106307	2,62623
0,0106392	2,63047
0,0106479	2,63459
0,0106541	2,63859
0,0106628	2,64268
0,0106718	2,64671
0,0106805	2,65086
0,0106894	2,65492
0,0106981	2,65904
0,0107041	2,66309
0,0107127	2,66724
0,0107213	2,67146
0,0107301	2,67555
0,0107389	2,67967
0,0107479	2,68363
0,0107539	2,68766
0,0107653	2,69193
0,0107734	2,69639
0,010781	2,70097
0,0107886	2,70567
0,0107963	2,71027
0,0108042	2,71482
0,0108113	2,7197
0,0108155	2,72462
0,0108224	2,72959
0,0108294	2,73457
0,0108366	2,73939
0,0108438	2,74424
0,0108514	2,74891
0,0108589	2,75364
0,0108664	2,75834
0,0108767	2,7631
0,0108843	2,76777
0,0108918	2,7725
0,0108989	2,77738
0,0109057	2,78242
0,0109124	2,78751
0,010922	2,79258
0,0109319	2,79755
0,010939	2,80244
0,0109492	2,80726
0,0109565	2,81208
0,0109637	2,8169
0,0109707	2,82185
0,0109809	2,82667
0,0109912	2,83146
0,0110017	2,83607
0,0110095	2,84065
0,0110177	2,84504
0,0110259	2,8494
0,0110338	2,85389
0,0110444	2,85853
0,0110553	2,86301
0,0110632	2,86756
0,0110712	2,87202
0,0110795	2,87635
0,0110874	2,8809
0,0110952	2,88545
0,0111024	2,8903
0,0111124	2,89518
0,0111195	2,90009
0,0111268	2,90492
0,0111368	2,9098
0,0111441	2,91462
0,0111513	2,9195
0,0111582	2,92445
0,0111653	2,92933
0,0111725	2,93421
0,0111826	2,9391
0,0111894	2,94413
0,011196	2,94926
0,0112054	2,95441
0,0112119	2,95963
0,0112212	2,96482
0,0112306	2,97004
0,0112373	2,97511
0,0112475	2,97996
0,0112575	2,98484
0,0112674	2,98975
0,011272	2,99451
0,0112857	2,999
0,0112939	3,0034
0,0113022	3,00773
0,0113135	3,01203
0,0113247	3,01634
0,0113328	3,02079
0,0113402	3,02555
0,0113477	3,03025
0,0113549	3,0351
0,0113622	3,03993
0,0113688	3,04502
0,0113754	3,05015
0,0113818	3,0554
0,0113881	3,06071
0,0113972	3,06602
0,0114063	3,07133
0,0114125	3,07667
0,0114212	3,08216
0,0114302	3,08756
0,0114361	3,09303
0,0114452	3,09837
0,0114513	3,10374
0,0114605	3,10902
0,0114667	3,11436
0,0114758	3,11967
0,0114824	3,12483
0,0114921	3,12986
0,0114995	3,13459
0,01151	3,13932
0,0115207	3,14387
0,0115283	3,14851
0,0115387	3,15321
0,0115464	3,15781
0,011554	3,16251
0,0115645	3,16715
0,011572	3,17188
0,0115825	3,17652
0,0115924	3,18147
0,0115995	3,18641
0,0116029	3,19166
0,0116121	3,19691
0,0116186	3,20213
0,0116248	3,20744
0,0116312	3,21265
0,0116402	3,21803
0,0116495	3,22331
0,0116554	3,2288
0,0116644	3,23414
0,011673	3,23972
0,0116818	3,24519
0,0116876	3,25068
0,0116966	3,25605
0,011703	3,2613
0,0117124	3,26652
0,011719	3,27165
0,0117281	3,27696
0,0117345	3,28217
0,011747	3,28727
0,0117539	3,29227
0,0117639	3,29716
0,0117738	3,30213
0,0117837	3,30708
0,0117933	3,31214
0,0118	3,31727
0,0118093	3,32252
0,0118185	3,32777
0,0118248	3,33305
0,0118335	3,33857
0,0118396	3,34397
0,0118481	3,34956
0,011854	3,35505
0,0118622	3,36079
0,0118705	3,36649
0,0118759	3,37223
0,011884	3,378
0,0118924	3,38364
0,0119008	3,38935
0,0119094	3,39488
0,0119178	3,40055
0,0119235	3,40614
0,0119319	3,41181
0,0119404	3,4174
0,0119487	3,42307
0,01196	3,42875
0,0119656	3,43436
0,0119741	3,43998
0,0119825	3,44566
0,0119908	3,45133
0,0119993	3,45698
0,0120077	3,46262
0,0120191	3,46827
0,0120248	3,47379
0,0120333	3,47938
0,012042	3,48493
0,0120507	3,49046
0,0120593	3,49601
0,012068	3,50153
0,0120769	3,507
0,0120855	3,51252
0,012094	3,51814
0,0121025	3,52372
0,0121107	3,52952
0,0121192	3,53513
0,0121277	3,54075
0,0121363	3,5463
0,0121447	3,55195
0,0121536	3,55738
0,0121624	3,56284
0,0121713	3,56828
0,0121804	3,57362
0,0121897	3,57884
0,0121963	3,58399
0,0122088	3,58912
0,0122156	3,59412
0,0122256	3,59904
0,0122357	3,60389
0,0122453	3,60896
0,0122518	3,61417
0,012261	3,61942
0,0122702	3,62473
0,0122793	3,63004
0,0122884	3,63535
0,0122946	3,64069
0,0123005	3,64622
0,0123087	3,65192
0,0123139	3,65775
0,012322	3,66355
0,0123276	3,66917
0,012336	3,67481
0,0123449	3,68024
0,0123503	3,68592
0,012359	3,69144
0,0123682	3,69672
0,0123779	3,70176
0,0123887	3,70628
0,0124004	3,71043
0,0124122	3,71449
0,0124239	3,71854
0,012433	3,72251
0,0124447	3,7266
0,0124569	3,73046
0,0124658	3,73452
0,012474	3,73888
0,0124846	3,74349
0,0124914	3,74856
0,0124977	3,75384
0,0125039	3,75915
0,01251	3,76455
0,012516	3,76995
0,0125222	3,77526
0,0125283	3,78066
0,0125373	3,786
0,0125438	3,79122
0,0125504	3,79632
0,0125602	3,80135
0,0125699	3,80639
0,0125765	3,81149
0,0125834	3,81649
0,0125904	3,82147
0,0126003	3,82641
0,0126101	3,83138
0,0126171	3,83636
0,0126268	3,84139
0,0126366	3,8464
0,0126436	3,85137
0,0126504	3,85638
0,0126573	3,86138
0,0126667	3,86659
0,0126758	3,8719
0,0126818	3,8773
0,012688	3,88267
0,0126965	3,88823
0,0127023	3,89375
0,0127105	3,89952
0,0127153	3,9055
0,012723	3,91151
0,0127307	3,91753
0,0127382	3,9236
0,0127457	3,92967
0,0127502	3,93584
0,0127572	3,94215
0,0127647	3,9482
0,0127721	3,95436
0,0127795	3,96053
0,0127898	3,96663
0,0127969	3,97288
0,012804	3,9792
0,012814	3,98546
0,0128183	3,99168
0,0128284	3,99791
0,012836	4,00398
0,0128432	4,01021
0,0128528	4,01665
0,0128569	4,02299
0,0128662	4,02962
0,0128731	4,036
0,0128824	4,04262
0,0128888	4,04921
0,0128977	4,05598
0,0129038	4,06276
0,0129095	4,06972
0,0129179	4,07674
0,0129239	4,08351
0,0129322	4,09059
0,0129409	4,09749
0,0129466	4,10445
0,0129557	4,11113
0,0129621	4,11775
0,0129714	4,12437
0,0129805	4,13109
0,0129896	4,1378
0,012996	4,14439
0,013005	4,15117
0,0130143	4,15776
0,0130234	4,16441
0,0130326	4,17116
0,0130413	4,17802
0,0130472	4,18486
0,0130532	4,19167
0,0130621	4,19847
0,013071	4,20528
0,0130794	4,2123
0,013085	4,21931
0,0130966	4,22621
0,0131026	4,23299
0,0131115	4,23979
0,0131175	4,2466
0,0131257	4,25371
0,013134	4,26079
0,0131425	4,26781
0,013151	4,27476
0,0131568	4,28166
0,013166	4,28838
0,0131773	4,29536
0,013183	4,30232
0,0131915	4,30931
0,0131973	4,31621
0,013206	4,3231
0,013215	4,32985
0,0132238	4,33672
0,0132329	4,34343
0,013242	4,35008
0,0132482	4,35683
0,0132577	4,36336
0,013264	4,36998
0,0132734	4,37654
0,013283	4,38304
0,0132927	4,38945
0,0133023	4,39595
0,0133119	4,40239
0,0133211	4,40904
0,0133272	4,41579
0,0133361	4,42259
0,013342	4,42943
0,0133507	4,43632
0,0133592	4,44331
0,0133674	4,45045
0,0133728	4,45756
0,0133808	4,4648
0,013389	4,47191
0,0133943	4,47905
0,0134026	4,48613
0,0134106	4,49336
0,0134186	4,50056
0,0134267	4,50777
0,0134347	4,51497
0,013443	4,52208
0,0134511	4,52928
0,0134591	4,53648
0,0134697	4,54384
0,0134746	4,55116
0,0134823	4,55852
0,0134901	4,56584
0,013498	4,57317
0,0135083	4,58067
0,0135127	4,58824
0,013523	4,59575
0,0135273	4,60335
0,0135373	4,61098
0,0135446	4,61855
0,0135546	4,62624
0,0135618	4,63383
0,0135687	4,64156
0,0135758	4,64925
0,0135835	4,6566
0,0135914	4,66386
0,0136052	4,6711
0,0136132	4,67833
0,0136242	4,68553
0,0136322	4,69276
0,0136403	4,69994
0,0136513	4,70711
0,0136596	4,71416
0,0136676	4,72139
0,0136752	4,72887
0,0136828	4,73625
0,0136898	4,74394
0,0136971	4,75154
0,0137046	4,75902
0,0137118	4,76659
0,0137221	4,77412
0,0137295	4,78163
0,0137368	4,7892
0,0137441	4,79674
0,0137517	4,80415
0,0137617	4,81181
0,013769	4,81938
0,013776	4,82707
0,0137832	4,8347
0,0137937	4,84209
0,0138013	4,8495
0,0138086	4,85707
0,0138158	4,86467
0,0138263	4,87209
0,0138334	4,87975
0,013841	4,88719
0,0138486	4,89458
0,0138594	4,90187
0,0138673	4,90913
0,013875	4,91655
0,0138828	4,92384
0,0138908	4,93105
0,013899	4,93816
0,0139068	4,94548
0,013918	4,95259
0,013926	4,95982
0,0139343	4,96693
0,0139424	4,97414
0,0139497	4,98167
0,0139573	4,98909
0,0139643	4,99678
0,0139745	5,00435
0,0139814	5,0121
0,0139916	5,01964
0,0139958	5,0273
0,0140059	5,03493
0,0140127	5,04271
0,0140197	5,05043
0,0140272	5,05791
0,0140374	5,06547
0,0140478	5,07289
0,014055	5,08052
0,0140624	5,08803
0,0140723	5,09575
0,0140795	5,10338
0,0140895	5,11101
0,0140964	5,11876
0,0141032	5,12654
0,0141126	5,13448
0,0141219	5,14247
0,0141283	5,15047
0,0141344	5,15858
0,0141436	5,16664
0,0141496	5,17482
0,0141555	5,18306
0,014164	5,19136
0,0141702	5,19948
0,0141762	5,2076
0,0141852	5,21577
0,0141941	5,22395
0,0141997	5,23231
0,0142086	5,24049
0,0142173	5,24879
0,014223	5,25709
0,0142317	5,2654
0,0142401	5,27382
0,0142481	5,28236
0,014253	5,29109
0,0142609	5,2997
0,0142686	5,30843
0,0142767	5,31703
0,0142842	5,32588
0,0142917	5,33467
0,0142992	5,34352
0,0143065	5,35249
0,0143138	5,36146
0,0143206	5,37056
0,014328	5,37953
0,0143347	5,38869
0,0143443	5,39796
0,0143477	5,40736
0,014357	5,4167
0,0143634	5,4261
0,01437	5,43538
0,0143791	5,44478
0,0143856	5,45412
0,0143925	5,46327
0,0144018	5,47261
0,0144084	5,48189
0,0144178	5,49123
0,0144271	5,50056
0,0144338	5,50978
0,0144402	5,51918
0,0144494	5,52858
0,0144558	5,53798
0,0144624	5,54719
0,014471	5,5569
0,0144772	5,56636
0,014486	5,57594
0,0144921	5,58546
0,0144982	5,59499
0,0145071	5,60457
0,0145186	5,61421
0,0145246	5,62379
0,0145336	5,63332
0,0145394	5,64296
0,0145485	5,65242
0,0145574	5,66194
0,0145635	5,67146
0,0145724	5,68105
0,0145815	5,69044
0,0145879	5,69984
0,0145972	5,70924
0,0146061	5,71876
0,014612	5,72841
0,0146206	5,73805
0,0146293	5,7477
0,0146348	5,75752
0,0146434	5,76723
0,0146516	5,77711
0,0146596	5,78712
0,0146674	5,79713
0,0146727	5,80708
0,0146809	5,81691
0,0146893	5,82674
0,0147005	5,83656
0,0147088	5,84639
0,0147172	5,85615
0,0147225	5,86604
0,0147337	5,87593
0,0147421	5,8857
0,0147529	5,89577
0,0147608	5,90578
0,0147684	5,91597
0,0147759	5,92616
0,0147836	5,93629
0,0147942	5,94636
0,0148017	5,95662
0,0148092	5,96687
0,0148196	5,97707
0,0148243	5,98726
0,0148351	5,99727
0,014843	6,00734
0,0148507	6,01741
0,0148611	6,02766
0,0148713	6,03798
0,0148786	6,04829
0,0148862	6,05843
0,014894	6,06856
0,0149018	6,07863
0,0149093	6,08888
0,0149166	6,09914
0,0149272	6,10927
0,0149348	6,11946
0,0149456	6,12947
0,0149536	6,13948
0,0149585	6,14955
0,0149691	6,15968
0,0149762	6,17012
0,0149835	6,18043
0,0149907	6,19075
0,0149984	6,20094
0,0150056	6,21126
0,0150134	6,22133
0,0150239	6,23146
0,0150316	6,24165
0,0150393	6,25172
0,0150471	6,26186
0,015058	6,27187
0,0150654	6,28206
0,0150733	6,29213
0,0150807	6,30238
0,0150881	6,31264
0,0150981	6,32301
0,0151049	6,33363
0,0151147	6,34413
0,0151214	6,35475
0,0151281	6,36531
0,0151347	6,37593
0,015145	6,38625
0,0151519	6,39674
0,015159	6,40718
0,0151687	6,41768
0,0151755	6,42824
0,0151854	6,43867
0,0151922	6,44923
0,015202	6,45973
0,015209	6,47023
0,0152191	6,48061
0,0152258	6,49116
0,0152361	6,50148
0,0152432	6,51186
0,0152502	6,52235
0,0152575	6,53267
0,0152645	6,54311
0,0152748	6,55336
0,0152852	6,56361
0,0152924	6,57399
0,0152997	6,5843
0,0153095	6,59474
0,0153192	6,6053
0,0153263	6,61574
0,0153337	6,62599
0,0153435	6,63649
0,0153509	6,6468
0,0153609	6,65718
0,015368	6,66762
0,0153781	6,67793
0,0153881	6,68837
0,0153956	6,69856
0,0154059	6,70888
0,0154134	6,71907
0,0154207	6,72938
0,0154316	6,73939
0,0154392	6,74953
0,0154467	6,75978
0,0154543	6,76991
0,0154646	6,78023
0,0154721	6,79048
0,0154796	6,80067
0,0154904	6,81068
0,0154982	6,82075
0,0155062	6,83076
0,0155139	6,8409
0,0155218	6,85091
0,015533	6,86073
0,0155409	6,87074
0,0155522	6,88057
0,0155606	6,89033
0,0155688	6,90028
0,0155769	6,91023
0,0155848	6,92018
0,0155928	6,93019
0,0156009	6,94014
0,015606	6,95015
0,0156136	6,96028
0,0156245	6,97029
0,0156326	6,98018
0,0156435	6,99019
0,0156488	7,00008
0,0156569	7,01002
0,0156649	7,01997
0,015673	7,02992
0,0156839	7,03987
0,0156919	7,04988
0,0156974	7,05971
0,0157083	7,06966
0,0157162	7,07973
0,0157242	7,08968
0,015735	7,09969
0,0157429	7,10976
0,0157507	7,11983
0,0157587	7,12984
0,0157665	7,13985
0,0157778	7,14967
0,0157859	7,15962
0,0157942	7,16945
0,0158028	7,17915
0,0158115	7,18886
0,0158226	7,19868
0,0158309	7,20857
0,0158389	7,21852
0,0158469	7,22853
0,0158578	7,23848
0,0158655	7,24861
0,0158733	7,25868
0,0158839	7,26881
0,0158912	7,27913
0,0158985	7,28944
0,015906	7,2997
0,0159136	7,30989
0,0159211	7,32008
0,0159314	7,33034
0,0159419	7,34053
0,0159464	7,35078
0,0159567	7,36104
0,015964	7,37135
0,0159742	7,38167
0,0159815	7,39198
0,0159894	7,40205
0,016	7,41212
0,0160051	7,42213
0,016016	7,43208
0,016024	7,44209
0,016032	7,4521
0,01604	7,46205
0,0160479	7,47212
0,0160591	7,48195
0,0160672	7,4919
0,0160748	7,50209
0,0160824	7,51222
0,0160902	7,52229
0,0160978	7,53249
0,0161054	7,54268
0,0161129	7,55287
0,0161204	7,56313
0,0161279	7,57332
0,0161352	7,58363
0,0161424	7,59401
0,01615	7,6042
0,0161573	7,61446
0,0161644	7,62483
0,0161743	7,63533
0,016181	7,64595
0,0161876	7,65657
0,0161944	7,66713
0,0162038	7,67781
0,0162106	7,68843
0,0162202	7,69899
0,0162267	7,70967
0,0162329	7,72047
0,0162395	7,73115
0,0162489	7,74184
0,0162587	7,75233
0,0162656	7,76283
0,0162726	7,77333
0,0162826	7,78377
0,0162925	7,7942
0,0162997	7,80452
0,0163064	7,81514
0,0163165	7,82552
0,0163237	7,83589
0,0163338	7,84621
0,0163409	7,85664
0,0163511	7,86696
0,0163579	7,87752
0,0163676	7,88808
0,0163741	7,89882
0,0163834	7,9095
0,0163928	7,92018
0,0163995	7,9308
0,0164088	7,94154
0,0164153	7,95229
0,0164246	7,96297
0,0164312	7,97365
0,0164381	7,98415
0,0164481	7,99452
0,0164583	8,0049
0,0164656	8,01515
0,0164758	8,02547
0,0164831	8,03578
0,0164935	8,04604
0,0165009	8,05629
0,0165115	8,06648
0,0165216	8,0768
0,0165292	8,08693
0,0165365	8,09731
0,0165466	8,10762
0,016557	8,11787
0,0165644	8,12813
0,016572	8,13826
0,0165796	8,14851
0,0165872	8,15865
0,0165949	8,16878
0,0166055	8,17891
0,0166157	8,18922
0,0166231	8,19948
0,0166307	8,20967
0,0166381	8,21992
0,0166458	8,23006
0,016653	8,24043
0,0166634	8,25063
0,0166677	8,261
0,0166776	8,27144
0,0166845	8,282
0,0166914	8,2925
0,0167012	8,30299
0,0167079	8,31355
0,0167145	8,32425
0,0167207	8,33505
0,016733	8,34579
0,0167392	8,35659
0,0167451	8,36758
0,016751	8,37857
0,0167597	8,38961
0,0167682	8,40066
0,016774	8,41171
0,0167797	8,42282
0,0167883	8,43386
0,0167941	8,44491
0,0168023	8,4562
0,0168105	8,46743
0,016819	8,47854
0,0168244	8,48977
0,0168329	8,50088
0,0168411	8,51217
0,016849	8,52359
0,0168566	8,53506
0,0168615	8,5466
0,0168717	8,55825
0,0168821	8,56985
0,0168864	8,58157
0,0168995	8,59329
0,0169036	8,60513
0,0169138	8,61679
0,0169211	8,62851
0,0169285	8,64016
0,0169361	8,6517
0,0169463	8,66342
0,0169566	8,67501
0,0169641	8,68667
0,0169713	8,69839
0,0169811	8,71023
0,016988	8,72213
0,0169946	8,73422
0,017004	8,74624
0,0170103	8,75845
0,0170164	8,77066
0,0170256	8,78286
0,0170347	8,79501
0,0170408	8,80734
0,0170472	8,81948
0,0170563	8,83163
0,0170624	8,8439
0,0170714	8,85617
0,0170776	8,86837
0,0170865	8,8807
0,0170953	8,89303
0,0171014	8,9053
0,01711	8,91775
0,0171187	8,93014
0,0171247	8,94247
0,0171333	8,95492
0,0171392	8,96725
0,0171482	8,97958
0,0171571	8,99191
0,0171632	9,00418
0,0171723	9,01632
0,0171808	9,02884
0,017187	9,0411
0,0171958	9,05337
0,0172049	9,06564
0,0172115	9,07766
0,0172208	9,08975
0,0172302	9,10183
0,0172366	9,11398
0,0172436	9,12576
0,0172532	9,13778
0,0172635	9,14944
0,0172734	9,16122
0,0172805	9,17306
0,0172902	9,18496
0,017297	9,19693
0,0173067	9,20883
0,0173167	9,22061
0,0173238	9,23245
0,0173305	9,24441
0,01734	9,25644
0,0173497	9,26834
0,0173592	9,28036
0,0173662	9,29226
0,017373	9,3041
0,0173828	9,31607
0,0173925	9,32797
0,0174022	9,33987
0,0174089	9,35183
0,0174188	9,36374
0,0174255	9,3757
0,0174349	9,38778
0,0174415	9,39981
0,0174508	9,41195
0,0174575	9,42392
0,0174671	9,43588
0,0174735	9,44802
0,0174825	9,46029
0,0174885	9,47256
0,0175002	9,48489
0,0175064	9,4971
0,0175157	9,50924
0,0175247	9,52151
0,0175339	9,53372
0,0175425	9,54611
0,0175486	9,55838
0,0175606	9,57058
0,0175672	9,58267
0,0175768	9,59463
0,0175863	9,60666
0,0175928	9,61868
0,0176022	9,63076
0,017612	9,64267
0,0176187	9,65463
0,0176286	9,66647
0,0176353	9,67849
0,0176447	9,69052
0,0176515	9,70248
0,0176609	9,71457
0,0176677	9,72647
0,0176776	9,73831
0,0176873	9,75021
0,0176939	9,76229
0,0177006	9,7742
0,0177102	9,78616
0,0177169	9,79818
0,0177269	9,80996
0,0177332	9,82211
0,0177428	9,83413
0,0177492	9,84622
0,0177585	9,85836
0,0177677	9,87051
0,0177743	9,88253
0,0177834	9,89474
0,0177925	9,90701
0,0178016	9,91922
0,0178075	9,93155
0,0178167	9,94375
0,0178255	9,95608
0,017834	9,96859
0,0178424	9,98111
0,0178508	9,99368
0,0178591	10,0063
0,0178676	10,0188
0,017876	10,0313
0,0178841	10,044
0,0178923	10,0567
0,0178975	10,0694
0,0179056	10,082
0,0179141	10,0945
0,0179224	10,1071
0,0179307	10,1197
0,0179388	10,1324
0,0179471	10,145
0,0179523	10,1577
0,0179607	10,1703
0,0179687	10,183
0,0179769	10,1956
0,0179849	10,2084
0,0179927	10,2212
0,0180003	10,2341
0,0180108	10,247
0,0180158	10,2599
0,0180233	10,2728
0,0180337	10,2858
0,0180378	10,299
0,0180482	10,312
0,0180556	10,325
0,0180601	10,338
0,0180707	10,3509
0,0180782	10,3639
0,0180858	10,3768
0,0180933	10,3898
0,0181006	10,4029
0,0181081	10,4159
0,0181159	10,4286
0,0181234	10,4416
0,0181306	10,4547
0,0181381	10,4677
0,0181479	10,481
0,0181553	10,494
0,0181626	10,507
0,0181699	10,5202
0,0181772	10,5332
0,0181873	10,5463
0,0181945	10,5595
0,0182017	10,5725
0,0182094	10,5855
0,0182194	10,5986
0,0182299	10,6115
0,0182375	10,6245
0,0182475	10,6376
0,0182548	10,6507
0,018262	10,6638
0,0182722	10,6769
0,0182795	10,6899
0,0182872	10,7028
0,0182947	10,7158
0,0183059	10,7284
0,0183142	10,741
0,0183223	10,7537
0,0183308	10,7661
0,0183423	10,7787
0,0183509	10,7911
0,0183593	10,8036
0,0183679	10,8161
0,0183761	10,8288
0,0183844	10,8413
0,0183952	10,8542
0,0184001	10,867
0,0184109	10,8798
0,0184188	10,8925
0,0184265	10,9054
0,0184371	10,9183
0,018445	10,9311
0,0184528	10,9439
0,0184607	10,9567
0,0184687	10,9694
0,0184794	10,9823
0,0184875	10,995
0,0184956	11,0077
0,018504	11,0202
0,0185126	11,0327
0,0185215	11,045
0,0185299	11,0575
0,0185386	11,0699
0,0185476	11,0822
0,0185563	11,0946
0,0185653	11,1068
0,0185714	11,1191
0,018583	11,1315
0,0185916	11,1439
0,0186003	11,1563
0,0186062	11,1687
0,0186151	11,1811
0,0186241	11,1933
0,0186298	11,2058
0,0186415	11,2181
0,0186476	11,2304
0,0186566	11,2426
0,0186689	11,2547
0,0186752	11,2669
0,0186841	11,2792
0,0186929	11,2915
0,018702	11,3037
0,018708	11,3161
0,0187173	11,3282
0,0187289	11,3406
0,0187376	11,353
0,0187433	11,3654
0,0187546	11,378
0,0187605	11,3904
0,0187693	11,4027
0,018778	11,4151
0,0187865	11,4276
0,018795	11,4402
0,0188036	11,4526
0,0188126	11,4649
0,0188189	11,477
0,0188276	11,4894
0,0188396	11,5016
0,0188484	11,514
0,0188573	11,5263
0,0188663	11,5385
0,0188756	11,5507
0,0188817	11,563
0,0188936	11,5752
0,0189022	11,5877
0,0189105	11,6002
0,0189165	11,6126
0,0189249	11,6251
0,0189365	11,6375
0,018942	11,6501
0,0189505	11,6626
0,0189588	11,6752
0,0189674	11,6876
0,0189758	11,7002
0,0189843	11,7127
0,0189899	11,7252
0,0189982	11,7378
0,0190066	11,7503
0,0190148	11,763
0,0190231	11,7755
0,0190316	11,7881
0,0190371	11,8006
0,0190456	11,8131
0,0190541	11,8256
0,0190627	11,8381
0,0190684	11,8505
0,0190773	11,8628
0,019086	11,8752
0,0190948	11,8876
0,0191006	11,9
0,019109	11,9125
0,0191148	11,9249
0,0191234	11,9373
0,019132	11,9499
0,0191375	11,9624
0,019146	11,9749
0,0191572	11,9875
0,0191628	12
0,0191715	12,0124
0,0191798	12,025
0,0191881	12,0376
0,0191962	12,0503
0,0192043	12,063
0,0192125	12,0756
0,0192176	12,0883
0,0192254	12,1012
0,0192332	12,114
0,0192407	12,127
0,019251	12,14
0,0192587	12,1529
0,0192661	12,1659
0,0192735	12,1789
0,0192807	12,192
0,0192906	12,2053
0,0192976	12,2185
0,0193047	12,2317
0,0193114	12,245
0,019318	12,2584
0,0193245	12,2718
0,0193337	12,2854
0,01934	12,2989
0,0193463	12,3125
0,0193526	12,326
0,0193619	12,3395
0,0193682	12,3531
0,0193771	12,3667
0,0193863	12,3803
0,0193926	12,3938
0,0194015	12,4075
0,0194106	12,4211
0,0194168	12,4347
0,0194257	12,4484
0,0194319	12,462
0,0194405	12,4758
0,0194464	12,4895
0,0194524	12,5032
0,0194611	12,517
0,019467	12,5307
0,019476	12,5444
0,0194846	12,5582
0,0194933	12,572
0,0194992	12,5857
0,0195103	12,5998
0,0195157	12,6137
0,0195241	12,6277
0,0195294	12,6417
0,0195377	12,6556
0,019546	12,6696
0,019554	12,6837
0,019559	12,6979
0,0195669	12,7121
0,0195745	12,7263
0,0195825	12,7404
0,0195905	12,7546
0,0195981	12,7689
0,0196058	12,7832
0,0196134	12,7975
0,0196205	12,812
0,019628	12,8264
0,0196353	12,8408
0,0196422	12,8554
0,0196495	12,8699
0,0196594	12,8844
0,0196664	12,8991
0,0196732	12,9137
0,0196799	12,9284
0,0196894	12,9433
0,0196962	12,9579
0,0197057	12,9727
0,0197124	12,9875
0,0197191	13,0022
0,0197284	13,017
0,0197375	13,032
0,0197442	13,0467
0,0197507	13,0616
0,0197632	13,0763
0,0197695	13,0913
0,0197761	13,106
0,0197824	13,1209
0,0197919	13,1357
0,0198013	13,1505
0,0198107	13,1654
0,0198201	13,1802
0,0198262	13,1952
0,0198323	13,2102
0,0198414	13,2252
0,0198479	13,24
0,0198568	13,2551
0,019863	13,27
0,019872	13,2851
0,0198778	13,3002
0,0198839	13,3153
0,0198899	13,3303
0,0198989	13,3453
0,019908	13,3603
0,0199138	13,3755
0,0199223	13,3907
0,019928	13,4059
0,0199366	13,4212
0,019942	13,4365
0,0199505	13,4517
0,0199589	13,4671
0,0199669	13,4825
0,019975	13,498
0,0199802	13,5134
0,0199915	13,5287
0,0199972	13,5439
0,0200055	13,5593
0,0200137	13,5747
0,0200221	13,59
0,0200303	13,6054
0,0200387	13,6206
0,0200474	13,6358
0,0200555	13,6513
0,0200636	13,6667
0,0200716	13,6822
0,0200795	13,6977
0,020085	13,7131
0,0200934	13,7284
0,0201014	13,7439
0,0201125	13,7592
0,0201203	13,7748
0,0201284	13,7902
0,0201367	13,8056
0,0201452	13,8209
0,0201535	13,8362
0,0201616	13,8517
0,0201695	13,8672
0,0201806	13,8826
0,0201892	13,8979
0,020195	13,913
0,0202068	13,9281
0,0202155	13,9432
0,0202214	13,9583
0,020233	13,9735
0,0202387	13,9887
0,0202477	14,0037
0,0202567	14,0188
0,0202627	14,0338
0,0202744	14,0489
0,0202831	14,0641
0,0202888	14,0793
0,0202976	14,0944
0,0203067	14,1094
0,0203125	14,1245
0,0203215	14,1396
0,0203305	14,1546
0,0203394	14,1696
0,0203454	14,1847
0,0203545	14,1996
0,0203606	14,2147
0,0203726	14,2296
0,0203819	14,2445
0,0203908	14,2595
0,0203999	14,2746
0,0204092	14,2895
0,0204178	14,3047
0,0204267	14,3197
0,0204326	14,3349
0,020441	14,3501
0,0204497	14,3653
0,0204554	14,3805
0,0204664	14,396
0,0204746	14,4113
0,0204799	14,4267
0,0204873	14,4425
0,0204981	14,458
0,0205056	14,4738
0,020513	14,4895
0,0205233	14,5053
0,0205305	14,5211
0,0205373	14,5373
0,020547	14,5532
0,0205538	14,5694
0,0205604	14,5855
0,0205702	14,6016
0,0205767	14,6177
0,0205863	14,6338
0,0205925	14,6502
0,0206014	14,6667
0,0206071	14,6833
0,0206129	14,6997
0,0206219	14,7162
0,0206274	14,7328
0,0206362	14,7493
0,0206418	14,766
0,0206503	14,7825
0,0206561	14,7991
0,0206645	14,8158
0,0206704	14,8323
0,0206793	14,8487
0,020688	14,8653
0,0206936	14,8819
0,0207019	14,8986
0,0207072	14,9154
0,0207154	14,9322
0,0207204	14,9491
0,0207282	14,9661
0,0207363	14,9828
0,0207468	15
0,0207514	15,0171
0,0207592	15,034
0,0207667	15,0511
0,0207745	15,0681
0,0207822	15,0851
0,0207899	15,1022
0,0208005	15,1191
0,0208081	15,1362
0,0208124	15,1534
0,0208197	15,1706
0,0208268	15,188
0,0208366	15,2053
0,0208435	15,2226
0,0208504	15,2401
0,0208596	15,2578
0,0208661	15,2754
0,0208725	15,293
0,0208786	15,3108
0,020888	15,3284
0,0208945	15,3459
0,020904	15,3634
0,0209137	15,3808
0,0209203	15,3984
0,0209269	15,4159
0,0209368	15,4333
0,0209466	15,4507
0,0209534	15,4681
0,0209605	15,4855
0,0209704	15,5028
0,02098	15,5202
0,020987	15,5376
0,0209936	15,5552
0,0210031	15,5726
0,02101	15,5901
0,0210172	15,6073
0,0210269	15,6247
0,0210342	15,642
0,0210413	15,6593
0,0210483	15,6766
0,0210583	15,694
0,0210652	15,7113
0,0210719	15,7287
0,0210819	15,7461
0,0210888	15,7634
0,0210983	15,781
0,021105	15,7984
0,0211114	15,8161
0,0211205	15,8338
0,0211298	15,8514
0,0211361	15,8691
0,0211452	15,8868
0,0211544	15,9045
0,0211633	15,9223
0,021172	15,9403
0,0211777	15,9582
0,0211862	15,9763
0,0211948	15,9942
0,0212033	16,0122
0,0212117	16,0303
0,0212198	16,0484
0,0212281	16,0665
0,0212368	16,0845
0,0212454	16,1025
0,0212541	16,1203
0,0212629	16,1382
0,0212718	16,1561
0,0212778	16,1739
0,021287	16,1915
0,021296	16,2093
0,0213057	16,2268
0,021315	16,2444
0,0213245	16,2619
0,0213308	16,2796
0,0213431	16,2972
0,0213498	16,3147
0,0213595	16,3321
0,0213662	16,3496
0,0213759	16,367
0,021386	16,3844
0,0213928	16,4017
0,0213997	16,4192
0,0214097	16,4364
0,0214169	16,4537
0,021427	16,4709
0,0214369	16,4883
0,0214441	16,5056
0,0214514	16,5228
0,0214615	16,54
0,0214687	16,5572
0,0214758	16,5746
0,0214858	16,5918
0,0214928	16,6092
0,0215026	16,6266
0,0215099	16,6438
0,0215199	16,661
0,0215268	16,6784
0,0215362	16,696
0,021543	16,7135
0,0215525	16,7311
0,0215624	16,7484
0,0215695	16,7656
0,0215761	16,7832
0,0215858	16,8006
0,0215921	16,8183
0,0216012	16,836
0,0216107	16,8536
0,0216174	16,8711
0,0216266	16,8888
0,0216356	16,9065
0,0216416	16,9243
0,0216506	16,9421
0,0216599	16,9597
0,0216694	16,9773
0,0216755	16,995
0,0216849	17,0127
0,0216914	17,0303
0,0216978	17,0478
0,0217071	17,0655
0,0217168	17,0829
0,0217231	17,1006
0,0217296	17,1181
0,021739	17,1357
0,021745	17,1535
0,0217513	17,1712
0,0217606	17,1888
0,0217694	17,2068
0,0217783	17,2246
0,0217873	17,2423
0,0217962	17,2601
0,0218023	17,2779
0,021808	17,2959
0,0218164	17,3139
0,021825	17,3319
0,0218306	17,35
0,0218387	17,3681
0,021847	17,3862
0,0218521	17,4044
0,0218629	17,4227
0,0218677	17,4411
0,0218752	17,4596
0,0218825	17,4783
0,0218898	17,4968
0,0218965	17,5156
0,0219061	17,5345
0,0219127	17,5534
0,021922	17,5724
0,0219281	17,5915
0,0219371	17,6107
0,021943	17,63
0,021952	17,6492
0,0219608	17,6683
0,0219666	17,6877
0,0219726	17,7069
0,0219813	17,7262
0,0219872	17,7453
0,021996	17,7646
0,0220018	17,7839
0,02201	17,8034
0,0220155	17,8229
0,0220235	17,8425
0,0220314	17,8622
0,0220395	17,8817
0,0220473	17,9015
0,0220521	17,9212
0,0220599	17,941
0,0220645	17,9609
0,0220727	17,9808
0,022081	18,0007
0,0220891	18,0206
0,0220971	18,0406
0,0221054	18,0605
0,0221132	18,0805
0,0221211	18,1007
0,022126	18,1207
0,0221366	18,141
0,0221447	18,1609
0,0221527	18,1808
0,0221607	18,2009
0,0221686	18,2209
0,0221765	18,2409
0,0221841	18,2611
0,022192	18,2812
0,0222	18,3011
0,0222077	18,3213
0,0222154	18,3414
0,0222258	18,3617
0,022233	18,3821
0,0222404	18,4023
0,0222507	18,4226
0,0222579	18,4431
0,0222651	18,4635
0,0222722	18,4839
0,0222818	18,5045
0,022289	18,5249
0,022299	18,5453
0,022309	18,5658
0,0223191	18,5862
0,0223263	18,6066
0,0223335	18,6269
0,0223411	18,6471
0,0223518	18,6672
0,0223596	18,6874
0,0223677	18,7073
0,0223757	18,7272
0,0223836	18,7473
0,0223917	18,7672
0,0224027	18,7872
0,0224108	18,8071
0,0224188	18,8271
0,0224269	18,847
0,0224347	18,8672
0,0224457	18,8872
0,0224538	18,9071
0,0224618	18,9271
0,0224701	18,9469
0,0224812	18,9668
0,0224893	18,9868
0,0224973	19,0068
0,0225056	19,0267
0,0225162	19,0467
0,0225243	19,0668
0,0225323	19,0868
0,0225429	19,1069
0,0225538	19,1268
0,0225619	19,1468
0,0225697	19,167
0,0225779	19,1869
0,022586	19,2068
0,0225968	19,2268
0,0226049	19,2468
0,0226129	19,2668
0,0226238	19,2867
0,022635	19,3066
0,0226429	19,3266
0,022651	19,3467
0,0226593	19,3664
0,0226675	19,3863
0,0226786	19,4062
0,0226844	19,4259
0,0226959	19,4457
0,0227019	19,4652
0,0227108	19,4848
0,0227197	19,5044
0,022726	19,5238
0,0227382	19,5432
0,0227445	19,5626
0,0227536	19,582
0,022763	19,6013
0,0227695	19,6207
0,0227792	19,6399
0,0227918	19,659
0,0227986	19,6782
0,0228085	19,6972
0,0228154	19,7164
0,0228254	19,7355
0,0228326	19,7544
0,0228428	19,7733
0,0228559	19,7923
0,0228629	19,8114
0,0228729	19,8304
0,0228827	19,8495
0,0228929	19,8685
0,0228998	19,8876
0,0229098	19,9066
0,0229166	19,9258
0,0229234	19,9449
0,0229331	19,9641
0,0229399	19,9834
0,0229499	20,0024
0,022957	20,0213
0,0229639	20,0405
0,0229736	20,0597
0,0229835	20,0787
0,0229905	20,0979
0,0230005	20,1169
0,0230108	20,1357
0,0230179	20,1548
0,0230283	20,1736
0,0230388	20,1924
0,0230464	20,2112
0,0230545	20,2297
0,023063	20,2482
0,0230711	20,2667
0,0230826	20,285
0,0230912	20,3033
0,0230998	20,3215
0,0231087	20,3397
0,0231177	20,3579
0,0231233	20,3762
0,0231351	20,3944
0,0231437	20,4127
0,0231521	20,431
0,0231638	20,4493
0,0231721	20,4676
0,0231804	20,4862
0,0231884	20,5047
0,0231936	20,5233
0,0232015	20,542
0,0232127	20,5604
0,0232203	20,5792
0,023231	20,5979
0,0232385	20,6167
0,0232461	20,6356
0,0232535	20,6544
0,0232611	20,6732
0,0232686	20,692
0,0232787	20,711
0,0232862	20,7298
0,0232931	20,749
0,0233065	20,7678
0,0233109	20,7867
0,0233211	20,8056
0,0233286	20,8244
0,0233357	20,8435
0,0233456	20,8625
0,0233556	20,8816
0,0233628	20,9006
0,0233697	20,9197
0,0233796	20,9388
0,0233863	20,958
0,0233931	20,9772
0,0234	20,9963
0,0234095	21,0156
0,0234163	21,0348
0,0234204	21,0538
0,0234302	21,073
0,0234371	21,0921
0,0234473	21,1111
0,0234544	21,1301
0,0234618	21,1489
0,0234688	21,168
0,023476	21,187
0,0234865	21,2058
0,0234944	21,2245
0,0235023	21,243
0,0235107	21,2615
0,0235193	21,2798
0,0235277	21,2982
0,0235365	21,3164
0,0235456	21,3345
0,0235579	21,3524
0,0235677	21,3701
0,0235773	21,3879
0,0235838	21,4059
0,0235929	21,4239
0,0236023	21,4419
0,0236144	21,4598
0,0236241	21,4776
0,0236335	21,4955
0,0236431	21,5134
0,0236527	21,5311
0,0236593	21,5491
0,0236687	21,567
0,0236785	21,5847
0,0236884	21,6024
0,0236951	21,6202
0,0237049	21,6379
0,0237142	21,6559
0,0237236	21,6738
0,0237302	21,6916
0,0237397	21,7096
0,0237489	21,7275
0,0237583	21,7455
0,0237649	21,7633
0,0237743	21,7812
0,0237839	21,7991
0,0237908	21,8168
0,0238004	21,8346
0,0238075	21,8523
0,0238173	21,87
0,0238243	21,8877
0,0238344	21,9053
0,0238415	21,9228
0,0238486	21,9404
0,0238561	21,9579
0,0238664	21,9754
0,0238737	21,9929
0,0238812	22,0104
0,0238887	22,0278
0,0238991	22,0451
0,0239095	22,0626
0,0239173	22,0799
0,0239251	22,0973
0,0239357	22,1146
0,0239434	22,1319
0,0239536	22,1494
0,0239614	22,1667
0,0239689	22,1842
0,0239792	22,2016
0,0239866	22,2191
0,023994	22,2366
0,0240011	22,2543
0,0240111	22,2718
0,0240211	22,2894
0,0240311	22,3071
0,0240388	22,3244
0,0240457	22,3421
0,0240528	22,3598
0,0240625	22,3775
0,0240695	22,3952
0,0240766	22,4129
0,0240895	22,4305
0,0240964	22,4482
0,0241059	22,466
0,0241127	22,4839
0,0241193	22,5017
0,024129	22,5195
0,024136	22,5372
0,0241428	22,5549
0,0241497	22,5726
0,0241593	22,5904
0,0241659	22,6084
0,0241727	22,6261
0,0241797	22,6438
0,0241865	22,6616
0,0241963	22,6793
0,024203	22,6971
0,0242098	22,7149
0,0242167	22,7326
0,0242235	22,7503
0,0242334	22,768
0,0242433	22,7857
0,0242502	22,8034
0,02426	22,8211
0,0242667	22,839
0,0242736	22,8567
0,0242805	22,8745
0,02429	22,8923
0,0242966	22,9103
0,0243034	22,928
0,0243126	22,9459
0,0243193	22,9639
0,0243287	22,9817
0,0243349	22,9997
0,024344	23,0178
0,0243502	23,0359
0,0243593	23,0539
0,0243656	23,072
0,0243748	23,0899
0,0243804	23,1084
0,0243889	23,1267
0,0243974	23,145
0,0244028	23,1636
0,0244111	23,182
0,0244197	23,2003
0,0244275	23,2189
0,0244354	23,2375
0,0244432	23,2562
0,0244506	23,2751
0,0244556	23,2938
0,0244635	23,3125
0,0244711	23,3312
0,0244787	23,35
0,0244837	23,3686
0,0244913	23,3874
0,024499	23,4062
0,0245065	23,425
0,0245141	23,4438
0,0245218	23,4625
0,0245265	23,4813
0,024534	23,5002
0,0245415	23,519
0,0245517	23,5379
0,024559	23,5569
0,024566	23,5759
0,0245733	23,5948
0,0245805	23,6139
0,0245875	23,6329
0,0245973	23,6521
0,0246013	23,6711
0,024614	23,6903
0,0246208	23,7095
0,0246278	23,7286
0,0246345	23,7478
0,0246438	23,7672
0,0246502	23,7865
0,0246593	23,806
0,0246654	23,8255
0,0246743	23,8451
0,0246832	23,8646
0,0246917	23,8844
0,0247003	23,904
0,0247086	23,9239
0,0247166	23,944
0,0247253	23,9636
0,0247304	23,9836
0,0247389	24,0034
0,0247472	24,0232
0,0247559	24,043
0,024767	24,0627
0,0247754	24,0825
0,0247838	24,1024
0,0247925	24,1221
0,0248015	24,1416
0,0248103	24,1611
0,0248164	24,1806
0,0248254	24,2002
0,0248342	24,2198
0,024843	24,2394
0,0248522	24,2589
0,0248585	24,2783
0,0248676	24,2978
0,0248738	24,3172
0,0248827	24,3368
0,0248917	24,3562
0,0248979	24,3758
0,0249094	24,3955
0,0249184	24,4149
0,0249244	24,4345
0,0249331	24,4541
0,0249419	24,4738
0,0249481	24,4933
0,0249568	24,513
0,0249658	24,5324
0,0249746	24,552
0,0249834	24,5717
0,0249894	24,5912
0,0249983	24,6109
0,0250068	24,6305
0,0250155	24,6502
0,0250245	24,6697
0,0250356	24,6896
0,025041	24,7095
0,0250494	24,7293
0,0250575	24,7492
0,0250659	24,7691
0,0250742	24,7888
0,0250826	24,8087
0,025091	24,8285
0,0250994	24,8483
0,0251075	24,8683
0,0251163	24,8878
0,0251252	24,9074
0,0251341	24,927
0,0251404	24,9464
0,0251495	24,9658
0,0251587	24,9853
0,0251682	25,0045
0,0251751	25,0237
0,0251846	25,043
0,0251946	25,062
0,0252015	25,0811
0,0252139	25,1004
0,0252239	25,1194
0,0252309	25,1384
0,025238	25,1575
0,0252478	25,1767
0,0252546	25,1958
0,0252641	25,2151
0,0252711	25,2343
0,0252807	25,2534
0,0252875	25,2726
0,0252973	25,2918
0,0253038	25,3111
0,0253133	25,3303
0,0253228	25,3496
0,0253324	25,3688
0,0253418	25,3881
0,0253485	25,4074
0,0253577	25,4268
0,0253668	25,4463
0,0253759	25,4657
0,0253851	25,4851
0,0253942	25,5047
0,0254004	25,5241
0,0254091	25,5437
0,0254181	25,5633
0,0254271	25,5828
0,0254332	25,6023
0,0254448	25,6218
0,0254511	25,6414
0,0254569	25,661
0,0254686	25,6806
0,0254744	25,7002
0,0254833	25,7199
0,0254923	25,7393
0,0254985	25,7588
0,0255047	25,7783
0,0255134	25,7979
0,0255194	25,8175
0,0255279	25,8372
0,0255369	25,8567
0,0255457	25,8764
0,0255515	25,896
0,02556	25,9158
0,0255682	25,9357
0,0255736	25,9556
0,0255817	25,9755
0,0255872	25,9953
0,0255985	26,015
0,0256068	26,0349
0,025615	26,0548
0,025623	26,0749
0,0256311	26,0947
0,0256395	26,1146
0,025648	26,1344
0,0256562	26,1543
0,0256615	26,1742
0,0256695	26,1941
0,0256776	26,2141
0,0256859	26,234
0,0256943	26,2538
0,0257025	26,2737
0,0257107	26,2936
0,0257188	26,3135
0,0257264	26,3338
0,0257341	26,3538
0,0257419	26,3739
0,0257523	26,3942
0,0257599	26,4144
0,0257672	26,4347
0,0257772	26,4552
0,0257844	26,4755
0,0257919	26,4959
0,0257993	26,516
0,0258069	26,5363
0,0258146	26,5564
0,0258224	26,5766
0,0258304	26,5965
0,0258358	26,6164
0,0258469	26,6363
0,0258553	26,656
0,0258638	26,6758
0,0258719	26,6958
0,0258801	26,7157
0,0258882	26,7356
0,0258992	26,7556
0,025907	26,7757
0,0259148	26,7958
0,0259194	26,8161
0,0259301	26,8361
0,0259378	26,8562
0,0259454	26,8764
0,0259535	26,8964
0,0259612	26,9165
0,0259718	26,9367
0,0259826	26,9567
0,0259874	26,9769
0,0259979	26,9971
0,0260054	27,0174
0,0260154	27,0377
0,0260257	27,058
0,0260331	27,0784
0,0260399	27,0989
0,02605	27,1193
0,0260568	27,1399
0,0260666	27,1604
0,0260768	27,1807
0,0260871	27,2011
0,0260944	27,2213
0,0261019	27,2416
0,0261121	27,262
0,0261193	27,2824
0,0261268	27,3025
0,0261342	27,3229
0,0261447	27,343
0,0261521	27,3633
0,0261626	27,3836
0,026167	27,4038
0,0261777	27,424
0,0261851	27,4442
0,0261927	27,4644
0,0262004	27,4845
0,0262081	27,5048
0,0262158	27,5249
0,0262236	27,5449
0,0262342	27,5651
0,0262418	27,5852
0,0262496	27,6054
0,026257	27,6258
0,0262646	27,6459
0,026275	27,666
0,0262794	27,6864
0,0262897	27,7067
0,0262997	27,7272
0,0263068	27,7476
0,0263137	27,7681
0,0263207	27,7886
0,0263303	27,8092
0,0263371	27,8299
0,0263466	27,8505
0,0263558	27,8714
0,0263626	27,8919
0,0263693	27,9125
0,0263787	27,9332
0,0263852	27,954
0,0263915	27,9749
0,0264003	27,9959
0,0264095	28,0166
0,0264183	28,0376
0,026424	28,0587
0,0264326	28,0799
0,0264407	28,1012
0,0264486	28,1227
0,0264539	28,1439
0,0264621	28,1653
0,0264701	28,1867
0,0264752	28,2082
0,02648	28,2296
0,0264878	28,2511
0,0264958	28,2725
0,0265038	28,294
0,0265087	28,3155
0,0265164	28,3369
0,0265239	28,3587
0,0265307	28,3806
0,026538	28,4024
0,0265451	28,4241
0,0265551	28,4459
0,0265621	28,4679
0,0265686	28,49
0,0265749	28,5122
0,0265838	28,5346
0,0265896	28,557
0,026598	28,5797
0,0266038	28,6022
0,026615	28,6248
0,026623	28,6476
0,0266309	28,6704
0,0266387	28,6934
0,0266464	28,7163
0,0266543	28,7392
0,026662	28,7621
0,0266697	28,7851
0,0266778	28,8079
0,0266857	28,8307
0,0266935	28,8537
0,0267012	28,8765
0,0267088	28,8996
0,0267166	28,9225
0,0267243	28,9455
0,026732	28,9684
0,0267395	28,9914
0,0267472	29,0143
0,0267516	29,0375
0,0267588	29,0607
0,0267692	29,0838
0,0267768	29,1067
0,0267844	29,1298
0,0267891	29,1527
0,0267996	29,1757
0,0268073	29,1986
0,0268151	29,2216
0,0268229	29,2445
0,0268306	29,2674
0,0268385	29,2903
0,0268462	29,3133
0,0268539	29,3362
0,0268645	29,3592
0,0268721	29,3821
0,0268799	29,4051
0,0268874	29,4281
0,0268951	29,4511
0,0269027	29,474
0,0269135	29,497
0,026921	29,5199
0,0269285	29,543
0,0269389	29,5661
0,0269463	29,5891
0,0269537	29,6122
0,0269642	29,6352
0,0269747	29,6582
0,0269821	29,6813
0,0269924	29,7045
0,027	29,7274
0,0270077	29,7504
0,0270156	29,7732
0,0270268	29,7959
0,0270323	29,8185
0,0270406	29,8411
0,027049	29,8638
0,0270603	29,8864
0,0270661	29,9088
0,027078	29,9312
0,0270839	29,9536
0,0270926	29,9761
0,0271014	29,9984
0,02711	30,021
0,0271218	30,0434
0,0271281	30,0656
0,0271369	30,088
0,0271462	30,1101
0,0271555	30,1323
0,0271674	30,1547
0,0271764	30,177
0,0271856	30,1992
0,0271948	30,2215
0,0272042	30,2436
0,0272106	30,2658
0,0272198	30,288
0,0272291	30,3102
0,0272413	30,3323
0,0272536	30,3545
0,0272601	30,3766
0,0272694	30,3988
0,0272789	30,4209
0,0272884	30,443
0,027298	30,465
0,0273105	30,4871
0,0273201	30,5091
0,0273269	30,531
0,0273367	30,553
0,0273436	30,575
0,0273534	30,5968
0,0273608	30,6186
0,0273681	30,6403
0,0273784	30,662
0,0273856	30,6837
0,0273929	30,7055
0,0274003	30,7272
0,0274077	30,7489
0,0274153	30,7704
0,0274226	30,7923
0,02743	30,8139
0,0274403	30,8356
0,0274508	30,8572
0,0274555	30,8788
0,0274633	30,9003
0,0274709	30,9219
0,0274785	30,9435
0,027486	30,9651
0,0274931	30,987
0,0275037	31,0084
0,0275112	31,0302
0,0275216	31,0518
0,0275287	31,0736
0,0275358	31,0955
0,0275455	31,1175
0,0275525	31,1393
0,0275593	31,1613
0,0275663	31,1832
0,027573	31,2052
0,0275824	31,2273
0,0275918	31,2495
0,0275982	31,2717
0,0276072	31,294
0,0276135	31,3162
0,0276226	31,3385
0,0276316	31,3609
0,0276379	31,3831
0,027647	31,4053
0,0276534	31,4275
0,0276598	31,4497
0,0276695	31,4717
0,0276759	31,4938
0,0276828	31,5158
0,0276926	31,5376
0,0276997	31,5596
0,0277096	31,5814
0,0277194	31,6033
0,0277262	31,6253
0,0277333	31,6471
0,0277402	31,6691
0,0277468	31,6912
0,0277565	31,7132
0,0277663	31,7351
0,0277727	31,7572
0,0277794	31,7793
0,0277859	31,8014
0,0277953	31,8235
0,0278047	31,8457
0,0278139	31,8679
0,027823	31,8902
0,0278288	31,9126
0,0278375	31,9351
0,0278459	31,9578
0,0278546	31,9802
0,0278633	32,0027
0,027872	32,0252
0,0278806	32,0476
0,0278892	32,0701
0,0278978	32,0927
0,027904	32,115
0,027913	32,1372
0,0279221	32,1596
0,0279285	32,1817
0,0279378	32,2039
0,0279468	32,2262
0,0279531	32,2484
0,0279597	32,2705
0,0279693	32,2926
0,0279788	32,3146
0,0279856	32,3367
0,0279926	32,3585
0,0279998	32,3803
0,0280098	32,4021
0,0280166	32,4241
0,0280237	32,4459
0,0280337	32,4678
0,0280437	32,4896
0,028051	32,5114
0,0280581	32,5332
0,028065	32,5552
0,0280748	32,577
0,0280817	32,599
0,0280918	32,6208
0,0280991	32,6425
0,0281092	32,6643
0,0281163	32,6862
0,028123	32,7082
0,0281298	32,7302
0,0281397	32,7521
0,0281497	32,7738
0,0281596	32,7958
0,0281665	32,8178
0,0281759	32,8399
0,0281826	32,8618
0,0281921	32,8839
0,0282015	32,906
0,0282082	32,9281
0,0282175	32,9503
0,0282209	32,9726
0,0282328	32,9949
0,0282392	33,017
0,0282458	33,0391
0,0282553	33,0612
0,0282618	33,0833
0,0282713	33,1054
0,0282807	33,1275
0,0282872	33,1497
0,0282968	33,1717
0,0283036	33,1936
0,0283131	33,2157
0,0283197	33,2378
0,0283288	33,26
0,0283348	33,2825
0,0283409	33,3048
0,0283497	33,3272
0,0283553	33,3498
0,0283638	33,3723
0,0283693	33,3949
0,0283771	33,4177
0,0283851	33,4407
0,0283898	33,4636
0,0283974	33,4867
0,0284046	33,5098
0,0284118	33,533
0,0284216	33,5564
0,0284284	33,5797
0,028435	33,6032
0,0284441	33,6269
0,0284535	33,6504
0,0284599	33,674
0,0284659	33,6978
0,0284719	33,7216
0,0284809	33,7453
0,0284894	33,7692
0,0284982	33,7931
0,0285041	33,8169
0,0285129	33,8407
0,028522	33,8644
0,028528	33,8882
0,0285341	33,9119
0,0285433	33,9356
0,0285495	33,9593
0,0285585	33,9829
0,0285649	34,0065
0,0285737	34,0303
0,0285797	34,0541
0,0285883	34,078
0,0285939	34,102
0,0286023	34,126
0,0286075	34,1502
0,0286184	34,1743
0,0286266	34,1985
0,0286321	34,2224
0,0286402	34,2466
0,0286457	34,2707
0,0286542	34,2946
0,0286626	34,3186
0,0286707	34,3428
0,0286817	34,367
0,0286897	34,3911
0,0286977	34,4154
0,0287054	34,4397
0,0287128	34,4643
0,0287199	34,4889
0,0287268	34,5137
0,0287334	34,5385
0,0287433	34,5633
0,0287503	34,5879
0,0287571	34,6127
0,0287638	34,6375
0,0287704	34,6624
0,0287771	34,6873
0,028787	34,7119
0,0287943	34,7365
0,0288046	34,761
0,0288121	34,7854
0,0288196	34,81
0,0288271	34,8344
0,028835	34,8585
0,0288431	34,8827
0,0288545	34,9068
0,028863	34,9307
0,0288714	34,9547
0,0288799	34,9787
0,0288886	35,0026
0,0288971	35,0265
0,0289058	35,0504
0,0289143	35,0744
0,0289256	35,0984
0,0289369	35,1224
0,0289421	35,1465
0,0289532	35,1707
0,0289616	35,1948
0,0289727	35,2188
0,0289809	35,2428
0,0289895	35,2669
0,0290008	35,2908
0,029012	35,3149
0,0290206	35,3388
0,0290296	35,3626
0,0290385	35,3864
0,0290504	35,4101
0,0290595	35,4338
0,0290687	35,4574
0,0290782	35,4809
0,0290879	35,5042
0,0290946	35,5276
0,0291048	35,5508
0,029115	35,5739
0,0291257	35,5969
0,0291336	35,6198
0,0291447	35,6425
0,0291528	35,6652
0,0291614	35,6878
0,0291727	35,7104
0,029181	35,733
0,0291899	35,7554
0,0292014	35,7779
0,0292101	35,8003
0,0292188	35,8228
0,0292305	35,8453
0,0292392	35,8677
0,029248	35,8902
0,0292564	35,9128
0,0292647	35,9355
0,0292728	35,9582
0,0292838	35,9809
0,0292918	36,0037
0,0293	36,0264
0,029305	36,0494
0,0293157	36,0722
0,0293204	36,0951
0,0293312	36,1181
0,0293389	36,1409
0,029347	36,1637
0,0293553	36,1865
0,0293662	36,2093
0,0293744	36,2319
0,0293826	36,2547
0,0293908	36,2773
0,0293991	36,3
0,0294075	36,3226
0,029416	36,3451
0,0294246	36,3677
0,0294332	36,3902
0,0294391	36,4126
0,0294479	36,4351
0,0294564	36,4576
0,029462	36,4802
0,0294732	36,5029
0,0294789	36,5253
0,0294872	36,548
0,0294958	36,5705
0,0295041	36,5932
0,0295094	36,6159
0,0295204	36,6387
0,0295255	36,6614
0,0295332	36,6844
0,0295412	36,7072
0,0295517	36,7303
0,0295589	36,7535
0,029566	36,7767
0,0295756	36,8001
0,0295824	36,8234
0,0295919	36,847
0,0295986	36,8704
0,0296077	36,8941
0,0296141	36,9177
0,0296232	36,9413
0,0296322	36,965
0,0296386	36,9886
0,0296478	37,0123
0,0296568	37,0359
0,0296631	37,0596
0,0296722	37,0833
0,0296813	37,107
0,0296906	37,1305
0,0296943	37,154
0,0297036	37,1775
0,0297101	37,2011
0,0297193	37,2248
0,0297257	37,2483
0,0297324	37,2718
0,0297417	37,2953
0,0297484	37,3188
0,0297579	37,3423
0,0297644	37,3658
0,0297739	37,3893
0,0297835	37,4126
0,0297909	37,4358
0,0298009	37,459
0,0298113	37,4821
0,0298187	37,5052
0,0298262	37,5282
0,0298365	37,5513
0,029844	37,5744
0,0298516	37,5975
0,0298619	37,6204
0,0298696	37,6435
0,0298796	37,6667
0,029887	37,6897
0,0298972	37,7129
0,0299043	37,7361
0,0299145	37,7593
0,0299217	37,7825
0,0299319	37,8056
0,0299422	37,8288
0,0299522	37,852
0,0299592	37,8753
0,0299692	37,8985
0,0299765	37,9217
0,0299869	37,9448
0,0299944	37,9678
0,030002	37,9908
0,0300095	38,0138
0,0300201	38,0368
0,0300277	38,0597
0,0300357	38,0826
0,0300438	38,1053
0,0300548	38,1281
0,0300631	38,1508
0,0300714	38,1734
0,0300797	38,1961
0,0300881	38,2187
0,0300991	38,2414
0,0301073	38,2642
0,0301183	38,2869
0,0301264	38,3096
0,0301342	38,3326
0,0301421	38,3554
0,0301523	38,3786
0,0301595	38,4018
0,0301667	38,425
0,0301796	38,4482
0,0301867	38,4715
0,0301968	38,4947
0,0302063	38,5181
0,0302131	38,5416
0,0302228	38,5649
0,0302323	38,5883
0,0302392	38,6117
0,0302489	38,6351
0,0302583	38,6586
0,0302678	38,6822
0,0302747	38,7055
0,0302842	38,7289
0,0302916	38,752
0,0302988	38,7752
0,0303059	38,7984
0,0303132	38,8216
0,0303234	38,8448
0,0303276	38,868
0,0303379	38,891
0,0303452	38,9142
0,0303521	38,9375
0,030362	38,9609
0,0303659	38,9843
0,0303752	39,0079
0,0303819	39,0313
0,0303886	39,0547
0,0303978	39,0783
0,0304046	39,1017
0,030414	39,1253
0,0304204	39,1489
0,0304299	39,1723
0,0304366	39,1957
0,0304433	39,2192
0,0304531	39,2425
0,0304602	39,2658
0,0304696	39,2892
0,0304765	39,3127
0,0304859	39,3361
0,0304924	39,3597
0,0304993	39,3831
0,0305086	39,4067
0,0305149	39,4302
0,0305269	39,4539
0,030533	39,4776
0,030542	39,5014
0,030551	39,5251
0,0305572	39,5488
0,0305688	39,5727
0,0305747	39,5965
0,0305833	39,6204
0,0305894	39,6441
0,0305983	39,6679
0,0306046	39,6915
0,0306132	39,7154
0,0306194	39,7391
0,0306282	39,7629
0,0306342	39,7867
0,0306434	39,8104
0,0306524	39,834
0,030661	39,858
0,0306666	39,8819
0,0306749	39,9059
0,0306829	39,9302
0,0306914	39,9542
0,0306993	39,9784
0,0307072	40,0026
0,030718	40,0269
0,0307256	40,0513
0,0307333	40,0757
0,0307441	40,1
0,0307517	40,1244
0,0307593	40,1487
0,0307672	40,173
0,0307748	40,1974
0,0307852	40,2219
0,030793	40,2463
0,0308003	40,2708
0,0308106	40,2952
0,030818	40,3198
0,0308285	40,3442
0,0308362	40,3685
0,030844	40,3927
0,0308517	40,4172
0,0308595	40,4415
0,0308677	40,4656
0,030876	40,4897
0,0308817	40,5136
0,0308907	40,5373
0,0309001	40,5608
0,0309094	40,5844
0,0309191	40,6078
0,0309259	40,6312
0,0309329	40,6545
0,0309429	40,6777
0,030953	40,7009
0,0309635	40,7239
0,0309711	40,7469
0,0309814	40,7699
0,0309888	40,793
0,0309991	40,8162
0,0310067	40,8392
0,0310141	40,8624
0,0310243	40,8854
0,0310318	40,9085
0,0310419	40,9317
0,0310519	40,9549
0,0310593	40,9781
0,031069	41,0014
0,0310763	41,0246
0,0310835	41,0478
0,0310931	41,0711
0,0311	41,0945
0,0311098	41,1178
0,0311193	41,1413
0,0311266	41,1645
0,0311336	41,1878
0,0311436	41,211
0,031151	41,2341
0,0311611	41,2573
0,0311683	41,2804
0,0311789	41,3034
0,0311839	41,3263
0,0311947	41,3492
0,0312056	41,372
0,0312133	41,3948
0,031221	41,4179
0,0312286	41,4408
0,0312363	41,4638
0,0312437	41,4869
0,0312484	41,5099
0,0312585	41,5331
0,0312653	41,5564
0,031272	41,5799
0,0312787	41,6033
0,031285	41,627
0,0312942	41,6506
0,0313031	41,6744
0,0313087	41,6983
0,0313143	41,7223
0,0313255	41,7464
0,0313308	41,7704
0,031339	41,7946
0,031347	41,8188
0,031352	41,8431
0,0313598	41,8674
0,0313675	41,8917
0,0313752	41,9161
0,0313831	41,9404
0,0313907	41,9648
0,0313981	41,9892
0,0314055	42,0137
0,031413	42,0381
0,0314207	42,0625
0,0314252	42,0871
0,0314326	42,1115
0,03144	42,136
0,0314474	42,1606
0,0314546	42,1851
0,0314591	42,2096
0,0314664	42,2342
0,0314708	42,2587
0,0314777	42,2835
0,0314843	42,3083
0,0314909	42,3332
0,0314975	42,3581
0,0315038	42,3831
0,03151	42,4083
0,0315188	42,4334
0,0315278	42,4585
0,0315336	42,4838
0,0315393	42,5092
0,0315448	42,5346
0,0315505	42,5599
0,031559	42,5853
0,0315671	42,6108
0,0315753	42,6363
0,0315802	42,662
0,0315878	42,6878
0,0315951	42,7138
0,0316051	42,7398
0,0316094	42,7659
0,0316166	42,7918
0,0316234	42,818
0,031633	42,8443
0,0316401	42,8703
0,0316442	42,8964
0,0316542	42,9224
0,0316586	42,9484
0,0316658	42,9744
0,031673	43,0004
0,0316803	43,0264
0,0316877	43,0523
0,0316979	43,0782
0,0317056	43,1041
0,0317129	43,1299
0,0317173	43,1559
0,0317275	43,1818
0,031735	43,2077
0,0317423	43,2337
0,0317498	43,2594
0,0317573	43,2853
0,0317676	43,3112
0,0317751	43,3371
0,0317823	43,3631
0,0317921	43,3892
0,031802	43,4153
0,0318089	43,4415
0,0318183	43,4678
0,0318307	43,4942
0,0318372	43,5204
0,0318461	43,547
0,031855	43,5737
0,0318637	43,6003
0,0318695	43,627
0,0318785	43,6535
0,0318875	43,6801
0,0318966	43,7066
0,0319058	43,733
0,0319154	43,7592
0,0319222	43,7854
0,0319323	43,8115
0,0319395	43,8375
0,0319469	43,8633
0,0319574	43,8891
0,031965	43,915
0,0319756	43,9407
0,0319833	43,9665
0,0319911	43,9921
0,0320015	44,018
0,0320089	44,0439
0,0320193	44,0698
0,0320267	44,0958
0,0320375	44,1214
0,0320449	44,1473
0,032055	44,1733
0,0320624	44,1991
0,0320698	44,225
0,0320772	44,251
0,0320882	44,2765
0,0320961	44,3022
0,032107	44,3278
0,0321182	44,3533
0,0321262	44,379
0,0321345	44,4043
0,0321459	44,4297
0,0321546	44,455
0,0321662	44,4803
0,0321753	44,5054
0,032184	44,5307
0,032193	44,5558
0,0322022	44,5807
0,0322115	44,6058
0,0322208	44,6308
0,0322272	44,6557
0,0322365	44,6807
0,0322431	44,7056
0,0322525	44,7305
0,0322589	44,7555
0,032271	44,7806
0,0322772	44,8056
0,0322831	44,8309
0,0322919	44,8561
0,0323006	44,8814
0,0323094	44,9067
0,0323148	44,9321
0,0323232	44,9574
0,0323317	44,9828
0,0323396	45,0085
0,0323477	45,0341
0,0323555	45,0599
0,0323659	45,0856
0,0323738	45,1113
0,0323845	45,137
0,0323922	45,1628
0,0324	45,1884
0,032408	45,2142
0,0324157	45,2399
0,0324268	45,2654
0,032435	45,2909
0,0324462	45,3165
0,0324518	45,3417
0,0324602	45,3672
0,0324713	45,3927
0,0324799	45,418
0,0324887	45,4433
0,0324943	45,4686
0,0325033	45,4937
0,0325123	45,5188
0,0325212	45,544
0,0325306	45,569
0,0325401	45,5938
0,0325496	45,6187
0,0325597	45,6434
0,0325697	45,668
0,0325768	45,6927
0,032587	45,7172
0,0325974	45,7416
0,032605	45,766
0,0326157	45,7903
0,0326262	45,8147
0,032634	45,839
0,0326451	45,8632
0,0326562	45,8873
0,0326647	45,9113
0,0326759	45,9354
0,0326813	45,9594
0,0326925	45,9834
0,0327008	46,0075
0,0327122	46,0314
0,0327209	46,0553
0,0327325	46,0793
0,0327411	46,1032
0,0327499	46,127
0,0327585	46,1509
0,0327675	46,1746
0,0327742	46,198
0,0327863	46,2216
0,0327931	46,245
0,0327997	46,2686
0,0328121	46,292
0,0328217	46,3155
0,0328286	46,3388
0,032838	46,3624
0,0328478	46,3857
0,032855	46,4089
0,0328647	46,4323
0,0328745	46,4556
0,0328816	46,4788
0,0328914	46,5021
0,0329014	46,5254
0,0329116	46,5486
0,0329212	46,5719
0,0329313	46,5953
0,0329383	46,6185
0,0329449	46,642
0,0329575	46,6653
0,0329671	46,6888
0,0329763	46,7125
0,0329858	46,7359
0,0329952	46,7594
0,0330014	46,7831
0,0330109	46,8067
0,0330198	46,8304
0,0330288	46,8541
0,0330352	46,8777
0,0330473	46,9013
0,0330537	46,9249
0,0330632	46,9484
0,0330726	46,972
0,0330821	46,9954
0,0330888	47,0188
0,0330985	47,0422
0,0331056	47,0655
0,0331155	47,0888
0,0331227	47,112
0,0331297	47,1353
0,0331371	47,1584
0,0331472	47,1816
0,0331572	47,2048
0,0331644	47,228
0,0331714	47,2513
0,0331812	47,2746
0,0331882	47,2979
0,0331954	47,3211
0,0332052	47,3444
0,033212	47,3679
0,0332187	47,3913
0,0332281	47,4147
0,033235	47,4381
0,0332416	47,4616
0,0332512	47,4851
0,0332609	47,5084
0,0332675	47,5319
0,0332739	47,5555
0,0332833	47,579
0,0332898	47,6026
0,0332986	47,6263
0,0333049	47,65
0,0333163	47,674
0,0333222	47,6978
0,0333305	47,7219
0,0333389	47,7458
0,0333473	47,7698
0,0333556	47,7939
0,0333637	47,8181
0,0333689	47,8422
0,0333775	47,8662
0,0333859	47,8902
0,0333945	47,9141
0,0334001	47,9381
0,0334087	47,962
0,033414	47,9861
0,0334224	48,0101
0,0334336	48,0341
0,0334393	48,0582
0,0334479	48,082
0,033456	48,1061
0,033461	48,1304
0,0334688	48,1547
0,0334763	48,1793
0,0334839	48,2036
0,0334946	48,228
0,0335048	48,2525
0,0335148	48,2772
0,0335215	48,3019
0,033531	48,3268
0,0335376	48,3517
0,0335444	48,3765
0,0335538	48,4014
0,0335606	48,4262
0,0335732	48,451
0,0335799	48,4759
0,0335865	48,5007
0,0335963	48,5255
0,0336033	48,5502
0,0336131	48,5749
0,0336231	48,5996
0,0336301	48,6242
0,0336376	48,6487
0,0336477	48,6733
0,0336553	48,6977
0,0336632	48,722
0,0336711	48,7462
0,033682	48,7705
0,0336901	48,7946
0,0336984	48,8187
0,0337068	48,8427
0,0337152	48,8666
0,0337267	48,8906
0,0337327	48,9144
0,0337411	48,9384
0,0337526	48,9623
0,0337586	48,9861
0,0337702	49,01
0,0337793	49,0336
0,0337885	49,0573
0,0337973	49,0811
0,0338064	49,1048
0,0338124	49,1285
0,0338212	49,1524
0,0338331	49,1761
0,033842	49,1999
0,0338509	49,2237
0,0338599	49,2474
0,0338688	49,2712
0,0338775	49,295
0,0338865	49,3188
0,0338929	49,3424
0,0339051	49,3659
0,0339118	49,3893
0,0339215	49,4128
0,033931	49,4362
0,0339409	49,4595
0,033948	49,4827
0,033958	49,5059
0,0339655	49,529
0,0339756	49,5522
0,0339859	49,5754
0,033993	49,5986
0,0340033	49,6216
0,0340135	49,6448
0,0340209	49,6679
0,0340307	49,6912
0,034038	49,7144
0,0340479	49,7377
0,0340546	49,7611
0,0340645	49,7844
0,034074	49,8079
0,0340806	49,8314
0,0340899	49,8549
0,0340992	49,8786
0,0341083	49,9022
0,0341147	49,9257
0,0341239	49,9494
0,0341332	49,973
0,0341426	49,9965
0,0341489	50,0202
0,0341581	50,0438
0,0341673	50,0674
0,0341736	50,091
0,0341827	50,1147
0,0341947	50,1384
0,0342007	50,1622
0,0342092	50,1861
0,0342181	50,2099
0,0342268	50,2338
0,0342358	50,2575
0,0342421	50,2812
0,0342482	50,3049
0,0342573	50,3286
0,0342637	50,3521
0,03427	50,3758
0,0342793	50,3994
0,0342862	50,4227
0,0342958	50,4461
0,0343055	50,4695
0,0343124	50,4929
0,0343189	50,5164
0,034326	50,5396
0,034336	50,5629
0,0343431	50,5861
0,0343507	50,6091
0,0343585	50,632
0,0343659	50,6551
0,0343763	50,6782
0,0343839	50,7011
0,0343941	50,7243
0,0344019	50,7471
0,0344094	50,7702
0,0344195	50,7934
0,0344267	50,8166
0,0344366	50,8399
0,0344403	50,8633
0,0344502	50,8867
0,0344599	50,9101
0,0344695	50,9335
0,0344761	50,957
0,0344858	50,9804
0,0344956	51,0037
0,0345027	51,0269
0,0345127	51,0502
0,0345197	51,0734
0,0345272	51,0965
0,0345377	51,1194
0,0345455	51,1424
0,0345536	51,1652
0,0345621	51,1878
0,0345704	51,2104
0,0345817	51,233
0,0345876	51,2554
0,034599	51,278
0,0346053	51,3002
0,0346142	51,3226
0,0346231	51,3449
0,0346319	51,3674
0,0346408	51,3897
0,0346494	51,4123
0,0346584	51,4346
0,0346674	51,4569
0,0346764	51,4792
0,0346885	51,5015
0,0346943	51,5239
0,0347063	51,5462
0,0347152	51,5685
0,0347244	51,5908
0,0347305	51,6131
0,0347428	51,6353
0,0347489	51,6577
0,0347577	51,68
0,0347666	51,7023
0,0347757	51,7247
0,0347849	51,7469
0,0347971	51,7691
0,0348032	51,7913
0,0348123	51,8137
0,0348216	51,8359
0,0348308	51,8581
0,0348374	51,8802
0,0348472	51,902
0,0348567	51,9241
0,0348637	51,946
0,0348706	51,968
0,0348806	51,9898
0,034888	52,0115
0,0348959	52,0329
0,0349037	52,0545
0,0349117	52,0759
0,0349196	52,0974
0,0349302	52,1188
0,0349414	52,1401
0,0349494	52,1614
0,0349579	52,1827
0,0349659	52,204
0,034974	52,2254
0,0349848	52,2469
0,0349956	52,2684
0,0350037	52,2896
0,0350147	52,311
0,0350229	52,3323
0,0350308	52,3538
0,0350387	52,3753
0,0350465	52,3968
0,0350546	52,4182
0,0350654	52,4395
0,0350733	52,461
0,035081	52,4825
0,0350886	52,5041
0,0350959	52,5258
0,0351034	52,5476
0,0351108	52,5693
0,035121	52,591
0,0351282	52,6127
0,0351353	52,6346
0,0351423	52,6566
0,0351494	52,6783
0,0351566	52,7001
0,0351637	52,7219
0,0351739	52,7437
0,0351813	52,7653
0,0351887	52,7871
0,0351962	52,8087
0,0352037	52,8304
0,0352114	52,8519
0,035219	52,8735
0,0352267	52,8951
0,0352371	52,9167
0,0352415	52,9384
0,035252	52,96
0,0352593	52,9818
0,0352667	53,0035
0,0352739	53,0252
0,0352812	53,0469
0,035291	53,0689
0,035298	53,0908
0,0353075	53,1129
0,0353143	53,1348
0,0353241	53,1568
0,0353307	53,1789
0,03534	53,2011
0,0353462	53,2233
0,0353581	53,2457
0,0353668	53,2681
0,0353726	53,2906
0,0353812	53,3131
0,0353897	53,3356
0,0353979	53,3583
0,0354059	53,3812
0,035414	53,4039
0,0354221	53,4267
0,0354274	53,4494
0,0354356	53,4721
0,0354438	53,4948
0,0354521	53,5175
0,0354576	53,5401
0,0354661	53,5627
0,0354748	53,5851
0,0354807	53,6076
0,0354921	53,6301
0,0354978	53,6527
0,0355064	53,6751
0,0355148	53,6977
0,0355204	53,7203
0,0355287	53,743
0,0355369	53,7657
0,0355451	53,7884
0,0355562	53,8111
0,0355615	53,8338
0,0355698	53,8564
0,0355783	53,879
0,0355867	53,9017
0,0355951	53,9243
0,0356034	53,947
0,0356118	53,9695
0,0356174	53,9921
0,0356258	54,0147
0,0356371	54,0373
0,0356454	54,06
0,0356535	54,0827
0,0356614	54,1055
0,0356696	54,1284
0,0356773	54,1513
0,0356885	54,1739
0,0356966	54,1966
0,0357046	54,2195
0,0357125	54,2423
0,0357206	54,2651
0,035729	54,2877
0,0357374	54,3102
0,0357462	54,3327
0,0357546	54,3553
0,0357636	54,3776
0,0357724	54,4001
0,0357812	54,4226
0,0357904	54,4448
0,0357969	54,4669
0,035806	54,4891
0,0358152	54,5113
0,0358214	54,5336
0,0358303	54,556
0,0358396	54,5782
0,0358461	54,6003
0,0358555	54,6224
0,0358677	54,6446
0,035877	54,6668
0,0358833	54,689
0,0358925	54,7112
0,0359018	54,7335
0,0359111	54,7556
0,0359204	54,7778
0,0359267	54,8
0,0359385	54,8223
0,0359478	54,8445
0,0359571	54,8666
0,0359664	54,8889
0,0359755	54,9112
0,0359847	54,9334
0,0359938	54,9556
0,036003	54,9778
0,0360123	55,0001
0,036024	55,0225
0,0360331	55,0447
0,0360418	55,0672
0,0360479	55,0895
0,036057	55,1118
0,0360662	55,1341
0,0360722	55,1564
0,0360813	55,1787
0,0360905	55,201
0,0360968	55,2232
0,0361068	55,2449
0,0361134	55,267
0,0361229	55,2891
0,0361296	55,3112
0,0361362	55,3333
0,0361457	55,3553
0,0361558	55,3771
0,0361627	55,3991
0,0361694	55,4211
0,0361791	55,4431
0,0361886	55,4652
0,0361957	55,487
0,0362058	55,5087
0,0362127	55,5307
0,0362226	55,5526
0,0362294	55,5745
0,0362362	55,5966
0,0362459	55,6186
0,0362531	55,6403
0,0362629	55,6623
0,0362727	55,6843
0,0362794	55,7062
0,0362888	55,7283
0,0362954	55,7504
0,036302	55,7725
0,0363116	55,7945
0,036321	55,8167
0,0363304	55,8388
0,0363393	55,8613
0,0363458	55,8834
0,0363552	55,9055
0,036365	55,9273
0,0363719	55,9493
0,0363789	55,9711
0,0363859	55,9931
0,0363931	56,0148
0,0364033	56,0366
0,036411	56,0582
0,0364219	56,0795
0,0364295	56,1011
0,0364401	56,1227
0,0364506	56,1444
0,0364555	56,1658
0,0364663	56,1872
0,0364744	56,2086
0,0364822	56,23
0,0364934	56,2514
0,0365016	56,2726
0,03651	56,2939
0,0365215	56,315
0,0365299	56,3362
0,036541	56,3575
0,0365495	56,3786
0,0365609	56,3998
0,0365725	56,4208
0,0365818	56,4417
0,0365939	56,4625
0,0366037	56,4831
0,0366168	56,5034
0,0366277	56,5234
0,0366403	56,5425
0,0367219	56,5299
