"Maximum force"	52,0907	"N"
"Gage length "	1,08318	"mm"
"Pre-load"	0,1	"N"
"Standard travel"	"Standard force"
"mm"	"N"
0	0,140823
-3,7998e-007	0,141003
-8,41916e-007	0,141223
-1,19023e-006	0,141388
-1,99862e-006	0,141771
-3,0417e-006	0,142263
-3,50364e-006	0,142484
-4,65848e-006	0,14303
-5,42216e-006	0,143392
-6,49504e-006	0,1439
-7,10599e-006	0,144192
-7,55489e-006	0,144404
-7,37421e-006	0,144319
-7,16001e-006	0,144217
-6,53416e-006	0,143919
-5,52833e-006	0,143442
-4,73112e-006	0,143067
-3,34531e-006	0,142411
-2,07126e-006	0,141804
-5,1409e-007	0,141068
8,56817e-007	0,140419
2,22772e-006	0,139767
3,03984e-006	0,139384
3,60236e-006	0,139117
3,91714e-006	0,138968
3,47197e-006	0,139179
3,17395e-006	0,13932
2,66358e-006	0,139562
2,03401e-006	0,139859
1,12504e-006	0,140291
1,19209e-007	0,140767
-1,02073e-006	0,141309
-2,29478e-006	0,141912
-3,32296e-006	0,142398
-4,57466e-006	0,142993
-5,50225e-006	0,143432
-6,53043e-006	0,143918
-7,33882e-006	0,144302
-7,86781e-006	0,144553
-8,15094e-006	0,144686
-8,184e-006	0,144702
-8,34884e-006	0,144781
-7,8571e-006	0,144546
-7,24243e-006	0,144256
-5,97583e-006	0,143653
-4,59747e-006	0,143005
-3,37558e-006	0,142425
-2,01957e-006	0,14178
-8,79634e-007	0,141243
5,06174e-007	0,140583
1,28848e-006	0,140215
2,16393e-006	0,139799
2,16542e-006	0,139798
2,06623e-006	0,139845
1,48881e-006	0,140117
6,95327e-007	0,140493
-3,11047e-008	0,140838
1,41431e-006	0,141529
3,59505e-008	0,142185
1,22804e-006	0,142994
2,59895e-006	0,143722
4,02946e-006	0,14442
8,58922e-006	0,145008
1,29702e-005	0,145687
1,74107e-005	0,146339
2,80799e-005	0,146778
3,56497e-005	0,147335
4,64382e-005	0,147718
5,7167e-005	0,148149
6,81343e-005	0,148462
7,91611e-005	0,148744
8,73866e-005	0,148972
9,56716e-005	0,149192
0,000106579	0,149527
0,000117606	0,149802
0,000125206	0,150344
0,000132895	0,150836
0,000143326	0,151393
0,000150836	0,15198
0,000158376	0,152529
0,000168866	0,15306
0,000176287	0,153689
0,00018335	0,154471
0,000193542	0,155146
0,000200367	0,156047
0,00020746	0,156821
0,000217446	0,157607
0,000224539	0,158366
0,000231602	0,159148
0,00023801	0,160247
0,000247546	0,161239
0,000253954	0,16233
0,000263789	0,163169
0,000273743	0,163981
0,000281253	0,164554
0,000288823	0,165088
0,000296452	0,165614
0,000307002	0,166121
0,000314751	0,166577
0,000326016	0,166735
0,000337341	0,166899
0,000345983	0,166923
0,00035397	0,167274
0,00036452	0,167766
0,000371852	0,168441
0,000378557	0,169406
0,000387915	0,170474
0,000393995	0,171726
0,000400104	0,172954
0,000405707	0,174442
0,000410893	0,176113
0,000418939	0,177783
0,000424423	0,179347
0,000432887	0,180828
0,000438371	0,182376
0,000447192	0,183696
0,000456133	0,184978
0,000462183	0,186229
0,000471183	0,187488
0,000477114	0,188808
0,000486114	0,190044
0,000494995	0,191333
0,000504115	0,192531
0,000513413	0,19363
0,000520357	0,194477
0,000529596	0,195598
0,000538715	0,196788
0,000544705	0,198093
0,000553288	0,199535
0,000561573	0,201122
0,000569918	0,202663
0,000574746	0,204517
0,000582226	0,206485
0,000589737	0,208438
0,0005968	0,21059
0,000601181	0,21265
0,000611373	0,214694
0,000615933	0,216678
0,000623413	0,218631
0,000634917	0,220081
0,000640579	0,22153
0,00064958	0,222766
0,000658461	0,224071
0,000666567	0,225734
0,000674971	0,22726
0,000683614	0,228679
0,000695833	0,22977
0,000706085	0,230419
0,00071735	0,230591
0,000728019	0,231053
0,000738331	0,231671
0,000748762	0,232251
0,000759133	0,232838
0,0007701	0,233138
0,000782379	0,23285
0,000794419	0,232645
0,000802764	0,232824
0,000813254	0,233362
0,000822374	0,234537
0,000828602	0,235719
0,00083492	0,236864
0,000840911	0,238168
0,000846841	0,239473
0,000852504	0,240922
0,000859835	0,242952
0,000864752	0,24476
0,000873157	0,246278
0,00087867	0,247812
0,000887372	0,249185
0,000893065	0,250627
0,00090123	0,252267
0,000910112	0,253564
0,000919171	0,254793
0,000928172	0,256013
0,000933983	0,257417
0,000942388	0,258935
0,000950613	0,260538
0,000955828	0,262208
0,000963637	0,264024
0,000971385	0,26584
0,000979193	0,267663
0,000986465	0,269723
0,000993886	0,271722
0,00100125	0,273736
0,00100876	0,27569
0,00101564	0,277933
0,00102226	0,280313
0,00102858	0,282815
0,00103561	0,285013
0,00104243	0,287286
0,00104997	0,289209
0,00105748	0,291162
0,00106464	0,293283
0,00107203	0,295297
0,00108305	0,296937
0,00109152	0,29844
0,00109998	0,299943
0,00111166	0,301309
0,00111989	0,302896
0,00112853	0,304307
0,00113712	0,305765
0,00114844	0,307283
0,00115702	0,308717
0,00116787	0,310457
0,00117192	0,312685
0,00117863	0,315019
0,00118864	0,317155
0,00119541	0,319459
0,0012025	0,321611
0,00120906	0,324007
0,00121547	0,326478
0,0012247	0,328981
0,00123126	0,331392
0,00123856	0,333452
0,00124917	0,33529
0,00125752	0,336862
0,00126574	0,338457
0,00127725	0,339906
0,00128583	0,341356
0,00129721	0,342836
0,0013058	0,344293
0,00131438	0,345727
0,00132278	0,347238
0,00133351	0,349039
0,00134126	0,350885
0,00134889	0,352769
0,00135658	0,354661
0,00136713	0,356538
0,00137181	0,358453
0,00137968	0,360239
0,00139017	0,362154
0,00139508	0,363962
0,00140283	0,365777
0,00141136	0,36725
0,0014222	0,369005
0,00143001	0,370805
0,00143717	0,372926
0,00144432	0,375047
0,00145129	0,37726
0,00145841	0,379396
0,00146563	0,381486
0,00147558	0,383638
0,00148273	0,385774
0,00148965	0,388002
0,0014999	0,390031
0,00150771	0,391847
0,00151546	0,393686
0,00152332	0,395448
0,00153685	0,397302
0,00154478	0,399065
0,00155283	0,400751
0,00156117	0,402315
0,00157196	0,404085
0,00157959	0,405992
0,0015874	0,407793
0,00159476	0,409822
0,00160236	0,411729
0,00161243	0,413835
0,00161982	0,415849
0,00162653	0,418169
0,00163648	0,420351
0,00164331	0,422609
0,00165326	0,424776
0,0016603	0,426958
0,00166664	0,429475
0,00167293	0,431993
0,00168205	0,434556
0,00168914	0,436708
0,00169892	0,438951
0,0017064	0,440935
0,00171328	0,443178
0,00172282	0,445528
0,00173024	0,447542
0,00174085	0,449388
0,00174926	0,450929
0,0017604	0,452524
0,00176869	0,454118
0,00177912	0,456041
0,00178672	0,457963
0,00179417	0,459947
0,00180484	0,461778
0,00181265	0,463579
0,00182278	0,465654
0,00182701	0,46779
0,00183419	0,469896
0,00184474	0,471773
0,00185291	0,473413
0,00186119	0,475008
0,00187246	0,476541
0,00188033	0,478334
0,00188796	0,480241
0,00189857	0,482088
0,0019036	0,483842
0,00191439	0,485605
0,00191916	0,487489
0,00192935	0,489534
0,00193671	0,491563
0,0019441	0,493577
0,00195447	0,495523
0,00196282	0,497087
0,0019711	0,498659
0,00197933	0,500276
0,00199042	0,501909
0,00199822	0,50374
0,00200603	0,505533
0,00201384	0,507333
0,00202129	0,509332
0,00202856	0,511392
0,00203563	0,513559
0,002042	0,516031
0,00204817	0,518625
0,00205777	0,520959
0,00206409	0,523492
0,00207046	0,525964
0,00207672	0,528512
0,00208554	0,531198
0,00209154	0,533899
0,00209764	0,536508
0,00210676	0,539056
0,00211618	0,541498
0,00212319	0,54368
0,00213037	0,545801
0,00214074	0,547754
0,00215141	0,5496
0,00215904	0,551469
0,00216714	0,553163
0,00217829	0,554758
0,0021864	0,556428
0,00219486	0,557908
0,00220654	0,559282
0,00221495	0,560808
0,00222538	0,562738
0,00223271	0,564783
0,00224266	0,566949
0,00224955	0,569192
0,00225625	0,571527
0,00226287	0,573907
0,00226943	0,576303
0,00227536	0,579004
0,00228075	0,581964
0,00228626	0,584848
0,00229485	0,587671
0,00230391	0,590265
0,00231008	0,592843
0,00231937	0,595315
0,00232584	0,597772
0,00233526	0,600183
0,00234527	0,602319
0,00235552	0,604364
0,0023659	0,606348
0,00237597	0,608438
0,00238396	0,610177
0,00239427	0,612176
0,0024047	0,614122
0,00241191	0,616212
0,00242198	0,618318
0,0024286	0,620698
0,0024379	0,62317
0,00244407	0,625764
0,00245038	0,628282
0,00245667	0,630815
0,00246466	0,633913
0,00247277	0,636964
0,00247792	0,640031
0,00248317	0,643053
0,00249157	0,645936
0,00249998	0,648836
0,00250492	0,652025
0,00251291	0,655122
0,00252125	0,658037
0,00252996	0,660814
0,00253932	0,66327
0,00254599	0,66562
0,00255833	0,668031
0,00256524	0,670274
0,00257806	0,672441
0,00258819	0,674531
0,00259868	0,676469
0,00260893	0,678468
0,00261877	0,680711
0,00262568	0,682954
0,00263534	0,685258
0,00264184	0,687684
0,00265084	0,690309
0,00265659	0,693101
0,00266463	0,696168
0,00266973	0,699266
0,00267802	0,702211
0,00268359	0,705095
0,00268937	0,707857
0,00269831	0,710496
0,00270731	0,713136
0,00271402	0,715471
0,00272367	0,717775
0,00273357	0,719957
0,00274352	0,722139
0,00275383	0,724138
0,00276385	0,726289
0,00277416	0,728273
0,00278146	0,730333
0,00279111	0,732652
0,00280047	0,735078
0,00280652	0,737733
0,00281576	0,740251
0,00282506	0,742723
0,00283174	0,745088
0,00284413	0,747468
0,00285063	0,749895
0,00285662	0,752565
0,00286216	0,755449
0,00287075	0,758256
0,00287921	0,761125
0,00288517	0,763826
0,00289381	0,766603
0,00290281	0,769243
0,00290874	0,771944
0,00291739	0,774736
0,00292621	0,777437
0,00293193	0,780244
0,00294111	0,782777
0,00295017	0,785356
0,00295965	0,787767
0,00296871	0,790346
0,00297783	0,792909
0,00298671	0,795595
0,00299285	0,798189
0,00300185	0,800798
0,00301103	0,803361
0,00301761	0,805742
0,00302745	0,80797
0,00303698	0,810335
0,00304664	0,812639
0,00305594	0,815126
0,00306232	0,817613
0,00307084	0,820451
0,00307662	0,823244
0,00308503	0,826127
0,00309045	0,829072
0,00309838	0,832185
0,00310586	0,835557
0,00311048	0,838869
0,00311787	0,842256
0,00312562	0,84546
0,00313062	0,848604
0,00314195	0,851488
0,00314722	0,854509
0,00315521	0,857622
0,00316636	0,860582
0,00317488	0,863435
0,00318388	0,866075
0,00319294	0,868669
0,00320468	0,871355
0,00321321	0,874193
0,00321896	0,877
0,00322772	0,879701
0,00323952	0,882402
0,00324581	0,884935
0,00325439	0,887742
0,00326286	0,890626
0,00327078	0,893739
0,00327871	0,896882
0,00328634	0,900133
0,00329409	0,903352
0,0033013	0,906831
0,00330497	0,910615
0,00331474	0,914232
0,00332151	0,917924
0,00332553	0,921525
0,00333233	0,925203
0,003339	0,928911
0,00334866	0,932603
0,0033559	0,936052
0,00336332	0,939439
0,00337393	0,942644
0,00338209	0,94568
0,00338972	0,948945
0,00340039	0,95215
0,00340838	0,955247
0,00341637	0,95836
0,00342441	0,961427
0,00343568	0,964357
0,00344373	0,967424
0,00345189	0,970445
0,00346274	0,973573
0,00347049	0,976777
0,00347806	0,980089
0,00348563	0,983385
0,00349299	0,986787
0,00350041	0,990159
0,00350765	0,993608
0,00351472	0,997148
0,00352461	1,00073
0,00353182	1,00421
0,00353897	1,00771
0,00354893	1,01123
0,00355641	1,01457
0,00356347	1,01811
0,00357349	1,02162
0,0035838	1,02501
0,00358868	1,02821
0,00359894	1,03162
0,00360913	1,03505
0,00361631	1,03855
0,00362379	1,04187
0,00363166	1,04503
0,00363935	1,04826
0,00365002	1,05148
0,00365762	1,05478
0,00366504	1,05815
0,00367511	1,06162
0,00368259	1,06499
0,00368974	1,06847
0,00369922	1,07224
0,00370551	1,07614
0,00371433	1,08023
0,00372047	1,0842
0,00372929	1,08829
0,00373522	1,09238
0,00374065	1,09668
0,00374905	1,10098
0,00375746	1,10523
0,00376327	1,10938
0,00377268	1,11319
0,00378222	1,11693
0,00378919	1,12052
0,00379897	1,12413
0,00380934	1,12749
0,00381971	1,13085
0,00383372	1,13385
0,00384469	1,1369
0,00385559	1,14
0,00386382	1,14301
0,00387449	1,1462
0,0038851	1,14943
0,00389243	1,15285
0,00389946	1,1564
0,00390626	1,16008
0,0039158	1,16382
0,00392229	1,16763
0,00392855	1,17154
0,00393761	1,17551
0,00394369	1,17954
0,00394935	1,18372
0,00395788	1,18796
0,00396345	1,1922
0,00397215	1,19632
0,00397784	1,20053
0,00398661	1,20462
0,00399513	1,20886
0,00400419	1,21283
0,00401337	1,21674
0,00402285	1,22052
0,00402967	1,22418
0,00403968	1,22769
0,0040497	1,2312
0,00405977	1,23471
0,00407014	1,23807
0,00407759	1,24141
0,00408802	1,24474
0,00409839	1,24809
0,00410549	1,2516
0,00411544	1,25514
0,00412244	1,25873
0,00412915	1,26244
0,00413851	1,26625
0,00414503	1,27007
0,004151	1,27413
0,00416	1,27812
0,0041687	1,28224
0,00417421	1,28652
0,0041825	1,29085
0,00418801	1,29515
0,00419665	1,2993
0,00420535	1,30345
0,00421161	1,30736
0,00422061	1,31136
0,00422717	1,31516
0,00423683	1,31883
0,00424684	1,32237
0,00425703	1,32579
0,00426758	1,32907
0,00427527	1,33229
0,00428558	1,33566
0,00429345	1,33885
0,00430382	1,34216
0,00431121	1,34558
0,00432135	1,34902
0,00433109	1,3527
0,00433809	1,35625
0,00434468	1,36002
0,00435397	1,36387
0,00435958	1,36811
0,0043656	1,37214
0,0043712	1,37638
0,00437984	1,3805
0,00438855	1,38468
0,00439421	1,38889
0,00440273	1,3931
0,00440833	1,39731
0,00441757	1,40122
0,00442723	1,40491
0,00443453	1,40835
0,00444448	1,41189
0,00445161	1,4154
0,00446204	1,41871
0,00447259	1,42199
0,00448338	1,42515
0,00449428	1,42824
0,00450495	1,43143
0,00451526	1,43482
0,00452546	1,43824
0,00452972	1,44175
0,00453967	1,44529
0,00454963	1,44881
0,004556	1,4527
0,00456196	1,45676
0,00457073	1,46085
0,00457672	1,46491
0,00458223	1,46918
0,00459105	1,47327
0,00459952	1,47751
0,00460497	1,48182
0,00461057	1,48606
0,00461892	1,49036
0,00462774	1,49445
0,00463733	1,49818
0,00464687	1,50191
0,0046534	1,50571
0,00466347	1,50919
0,00467337	1,51278
0,00468061	1,51623
0,00469128	1,51945
0,00470153	1,52285
0,00471196	1,52618
0,0047192	1,52964
0,00472933	1,5331
0,00473634	1,53666
0,00474373	1,54003
0,00475049	1,54372
0,00475967	1,54763
0,00476566	1,55169
0,00477419	1,5559
0,00478	1,56002
0,00478554	1,56429
0,00479395	1,56856
0,00480193	1,57305
0,00480712	1,57748
0,00481481	1,58208
0,00482291	1,58651
0,0048312	1,59084
0,00483925	1,5953
0,00484759	1,59963
0,00485593	1,6039
0,00486458	1,60811
0,00487358	1,61208
0,00488282	1,61599
0,00489217	1,61982
0,00490153	1,62365
0,00491107	1,62739
0,00492043	1,63122
0,00493044	1,63473
0,00494022	1,63837
0,00494999	1,64202
0,00495965	1,6457
0,00496594	1,6496
0,0049747	1,65369
0,00498045	1,65787
0,00498879	1,66218
0,00499413	1,66654
0,00500217	1,671
0,00500715	1,67551
0,00501475	1,68018
0,00502262	1,68473
0,00503031	1,68934
0,00503806	1,69395
0,00504598	1,69843
0,00505409	1,70286
0,00506244	1,70716
0,00507126	1,71125
0,00508044	1,71516
0,00508973	1,71903
0,00509921	1,72282
0,00510839	1,72672
0,00511793	1,73048
0,00512764	1,73414
0,00513772	1,73762
0,00514749	1,74125
0,00515721	1,74491
0,00516367	1,74874
0,00517303	1,75255
0,00518221	1,75646
0,0051885	1,76037
0,00519744	1,7644
0,00520596	1,76861
0,00521419	1,77297
0,00522253	1,7773
0,00522802	1,78161
0,00523341	1,78594
0,00524146	1,79037
0,00524927	1,79491
0,00525731	1,79937
0,00526584	1,80361
0,00527448	1,80779
0,00528366	1,8117
0,00529314	1,81548
0,00530243	1,81933
0,00531203	1,82305
0,00531912	1,82658
0,00533218	1,83004
0,00534255	1,83338
0,00534991	1,83678
0,00535986	1,84032
0,00536982	1,84386
0,00537667	1,84753
0,00538597	1,85136
0,00539223	1,85529
0,00540123	1,85926
0,00540722	1,86332
0,00541574	1,86756
0,00542415	1,87183
0,00542951	1,8762
0,00543499	1,88047
0,00544346	1,88471
0,00544903	1,88898
0,00545761	1,89316
0,00546626	1,89731
0,00547225	1,90137
0,00548113	1,90543
0,00549066	1,90919
0,0055002	1,91292
0,0055098	1,91663
0,00551957	1,92028
0,00552965	1,92377
0,00553984	1,92721
0,00555033	1,9305
0,00555778	1,93386
0,00556779	1,93737
0,00557495	1,94088
0,00558484	1,94445
0,00559485	1,94797
0,00560186	1,95153
0,00560847	1,95528
0,00561747	1,95928
0,0056263	1,96337
0,00563202	1,96755
0,00564078	1,97164
0,0056496	1,97573
0,00565514	1,98
0,00566036	1,98443
0,00566853	1,98879
0,00567675	1,99316
0,00568521	1,9974
0,00569112	2,00152
0,00570006	2,00555
0,00570888	2,0096
0,00571824	2,01345
0,00572777	2,01719
0,00573773	2,02074
0,00574792	2,02418
0,00575799	2,02769
0,00576818	2,03112
0,00577844	2,03451
0,00578607	2,03779
0,00579656	2,04108
0,00580436	2,04427
0,0058145	2,04772
0,00582439	2,05131
0,00583405	2,055
0,00584072	2,05872
0,00584725	2,06251
0,00585661	2,06635
0,00586579	2,07024
0,00587151	2,07442
0,0058772	2,0786
0,00588578	2,08279
0,00589171	2,08691
0,0058977	2,09093
0,00590671	2,09493
0,00591577	2,0989
0,00592524	2,10267
0,00593216	2,1063
0,00594235	2,10973
0,00595326	2,11283
0,0059641	2,11594
0,00597209	2,11904
0,00598318	2,12205
0,00599158	2,12495
0,00600309	2,12778
0,00601477	2,1305
0,00602621	2,13334
0,00603444	2,13633
0,00604243	2,13944
0,00604964	2,14292
0,00605685	2,14637
0,006064	2,14988
0,00607059	2,15363
0,00607676	2,1576
0,00608582	2,16154
0,00608856	2,16578
0,00609702	2,17002
0,00610295	2,17411
0,00610856	2,17835
0,00611744	2,18241
0,00612346	2,18644
0,00613234	2,1905
0,00613857	2,1944
0,00614816	2,19813
0,0061577	2,2019
0,00616754	2,20548
0,00617773	2,20893
0,0061875	2,21255
0,00619445	2,21615
0,00620452	2,21964
0,00621123	2,22336
0,00622094	2,227
0,00622777	2,23067
0,00623706	2,23452
0,0062463	2,23839
0,00625229	2,24245
0,00625784	2,2467
0,00626618	2,25103
0,00627435	2,25542
0,0062792	2,26
0,00628725	2,26446
0,00629226	2,26897
0,00629986	2,27361
0,00630731	2,27837
0,00631184	2,2831
0,00631947	2,28774
0,00632739	2,29223
0,00633568	2,29659
0,00634408	2,30086
0,00635267	2,30508
0,00636155	2,30913
0,00637043	2,31319
0,00638014	2,31684
0,00638998	2,32046
0,0063997	2,32412
0,00640929	2,32781
0,00641865	2,33164
0,00642795	2,3355
0,00643713	2,33941
0,00644619	2,34337
0,00645453	2,34771
0,00646264	2,35213
0,0064669	2,35702
0,00647721	2,36175
0,00648153	2,3666
0,0064886	2,37151
0,00649566	2,37643
0,00650239	2,38149
0,00650931	2,38647
0,00651625	2,39144
0,00652355	2,39626
0,00653112	2,40093
0,00654167	2,40557
0,00654924	2,41027
0,00655687	2,41491
0,00656504	2,4193
0,00657326	2,42364
0,00658501	2,42773
0,00659651	2,43194
0,00660551	2,43593
0,00661391	2,44021
0,0066228	2,44427
0,00663156	2,44836
0,00664044	2,45241
0,00664938	2,45644
0,00665784	2,46072
0,00666595	2,46514
0,00667355	2,46981
0,00668112	2,47448
0,00668529	2,47939
0,0066956	2,48412
0,00670255	2,48913
0,0067094	2,49413
0,00671614	2,4992
0,00672278	2,50432
0,00672961	2,50936
0,00673652	2,51433
0,00674376	2,51916
0,00675407	2,52392
0,00676176	2,52853
0,00677255	2,53307
0,00678078	2,53744
0,00679246	2,54153
0,00680116	2,54568
0,00681302	2,5497
0,00682185	2,55379
0,00683079	2,55779
0,00683979	2,56179
0,00684873	2,56582
0,00685767	2,56988
0,00686613	2,57412
0,00687418	2,57857
0,00688187	2,58318
0,00688947	2,58785
0,00689701	2,59255
0,00690428	2,59737
0,00691149	2,60223
0,00691814	2,60735
0,0069221	2,61236
0,00693146	2,61754
0,00693852	2,62246
0,00694532	2,62752
0,00695241	2,63241
0,0069626	2,63723
0,00696999	2,64199
0,0069809	2,64645
0,00698907	2,65084
0,00699765	2,65505
0,00700897	2,65932
0,00701756	2,66353
0,00702906	2,66769
0,007038	2,67174
0,00704676	2,67586
0,00705517	2,68011
0,00706345	2,68447
0,00707114	2,68908
0,00707907	2,69359
0,00708682	2,6982
0,00709442	2,70284
0,00710184	2,7076
0,00711155	2,71264
0,00711841	2,71764
0,00712526	2,72268
0,00712958	2,7275
0,0071393	2,73254
0,00714645	2,73742
0,00715325	2,74248
0,0071604	2,74734
0,00717059	2,75213
0,00717846	2,75671
0,00718663	2,76107
0,00719491	2,7654
0,007206	2,7698
0,0072147	2,77392
0,0072268	2,77785
0,00723598	2,78176
0,00724522	2,78564
0,00725428	2,7896
0,00726304	2,79372
0,00727174	2,79787
0,0072805	2,80196
0,00728926	2,80611
0,00729785	2,81029
0,00730583	2,81475
0,00731358	2,81936
0,00732139	2,82394
0,00732595	2,82867
0,00733331	2,83343
0,00734088	2,83813
0,00734818	2,84292
0,00735546	2,84774
0,00736273	2,85256
0,00736723	2,85729
0,00737754	2,86205
0,00738535	2,86663
0,00739602	2,87121
0,00740388	2,87575
0,00741211	2,88009
0,00742069	2,8843
0,00742981	2,88827
0,00743905	2,89216
0,00745109	2,89606
0,00745997	2,90012
0,00746903	2,90409
0,00747785	2,90818
0,00748668	2,91227
0,00749585	2,91617
0,00750474	2,92023
0,00751278	2,92469
0,00752047	2,92933
0,00752744	2,93427
0,00753466	2,93912
0,0075422	2,94379
0,00754941	2,94865
0,00755656	2,95353
0,00756371	2,95841
0,00757081	2,96329
0,00757796	2,96818
0,00758851	2,97282
0,00759605	2,97751
0,00760702	2,98194
0,00761792	2,98643
0,00762561	2,99103
0,0076336	2,99552
0,00764481	2,99985
0,00765297	3,00425
0,0076612	3,00861
0,00767234	3,01298
0,00768027	3,01749
0,00768856	3,02183
0,00769678	3,02619
0,00770489	3,03062
0,00771288	3,03507
0,00772068	3,03965
0,00773111	3,04435
0,00773588	3,04899
0,0077433	3,05375
0,0077532	3,05866
0,00776044	3,06351
0,0077672	3,06858
0,00777388	3,07368
0,00778342	3,07877
0,0077903	3,08381
0,00779731	3,08875
0,00780714	3,09373
0,00781388	3,09879
0,00782106	3,10364
0,00783149	3,10834
0,0078393	3,11292
0,00784716	3,11747
0,00785789	3,12199
0,00786594	3,12647
0,00787697	3,13087
0,00788531	3,13517
0,00789366	3,13947
0,0079048	3,14387
0,00791273	3,14835
0,0079206	3,1529
0,00792858	3,15739
0,00793633	3,16196
0,00794408	3,16657
0,00795445	3,17127
0,00796167	3,17615
0,00796879	3,18104
0,00797573	3,18601
0,00798291	3,19086
0,00798995	3,19581
0,00799671	3,20087
0,00800333	3,20597
0,0080131	3,211
0,00802026	3,21586
0,00803027	3,22074
0,0080379	3,22541
0,00804553	3,23005
0,00805644	3,23453
0,00806454	3,23896
0,00807301	3,2432
0,00808463	3,24732
0,00809619	3,2515
0,008102	3,25562
0,00811345	3,25986
0,00812209	3,26401
0,0081305	3,26829
0,00813848	3,27277
0,00814647	3,27726
0,00815422	3,28184
0,00815878	3,28657
0,00816608	3,29139
0,00817311	3,2963
0,00818283	3,30134
0,00818965	3,30637
0,00819931	3,31144
0,00820604	3,31653
0,00821308	3,32145
0,00822008	3,32639
0,00822717	3,33131
0,00823695	3,33631
0,00824437	3,34107
0,0082548	3,34574
0,00826255	3,35035
0,0082731	3,35499
0,00828097	3,35953
0,00829188	3,36399
0,00830016	3,36835
0,00830833	3,37272
0,00831625	3,37723
0,0083246	3,38154
0,00833562	3,38596
0,00834391	3,3903
0,00835225	3,39463
0,0083606	3,3989
0,00836853	3,40342
0,00837622	3,40806
0,00838352	3,41285
0,0083907	3,41773
0,00839809	3,42249
0,00840489	3,42753
0,00841135	3,43272
0,00841767	3,43799
0,00842703	3,44318
0,00843367	3,44831
0,00844062	3,45328
0,00845063	3,45817
0,00845775	3,46308
0,00846819	3,46775
0,00847608	3,47232
0,00848448	3,47656
0,00849599	3,48074
0,00850749	3,48495
0,00851578	3,48928
0,00852412	3,49362
0,00853556	3,49783
0,00854403	3,50207
0,00855255	3,50631
0,00856078	3,51068
0,00856847	3,51529
0,00857896	3,51995
0,00858659	3,52462
0,00859419	3,52926
0,00860146	3,53408
0,00860861	3,53897
0,0086152	3,54409
0,00862208	3,5491
0,00862902	3,55407
0,00863627	3,55893
0,00864333	3,56384
0,0086503	3,56878
0,0086605	3,5736
0,00866789	3,57836
0,00867611	3,58273
0,00868696	3,58721
0,0086956	3,5914
0,00870669	3,59579
0,00871801	3,60003
0,00872642	3,60434
0,00873512	3,60849
0,0087437	3,6127
0,00875485	3,61703
0,00876015	3,62139
0,00876784	3,62603
0,00877869	3,63052
0,0087862	3,63522
0,0087935	3,64004
0,00880352	3,64492
0,00880995	3,65014
0,00881663	3,65524
0,00882331	3,66037
0,0088298	3,66555
0,00883621	3,67077
0,0088428	3,6759
0,00884908	3,68121
0,00885868	3,68628
0,00886574	3,69119
0,00887546	3,69622
0,00888261	3,70111
0,00889269	3,70599
0,00890011	3,71072
0,00891054	3,71542
0,00891846	3,71994
0,00892895	3,72461
0,00893945	3,72927
0,00894696	3,73397
0,00895733	3,7387
0,00896493	3,74337
0,00897256	3,74801
0,00898263	3,75286
0,00898978	3,75778
0,00899684	3,76269
0,00900364	3,76773
0,00901043	3,77276
0,00901714	3,77786
0,00902352	3,78311
0,00902978	3,78839
0,00903913	3,79361
0,00904557	3,79882
0,00905505	3,80395
0,00906131	3,80926
0,00907055	3,81454
0,00907719	3,81964
0,00908673	3,82476
0,00909704	3,82952
0,00910741	3,83425
0,00911495	3,83892
0,00912243	3,84365
0,00913298	3,84829
0,00914371	3,85284
0,00915474	3,85726
0,00916308	3,86157
0,00917196	3,86563
0,00918388	3,86962
0,00919276	3,87368
0,00920171	3,87771
0,00921351	3,88174
0,00922233	3,88583
0,00923097	3,88998
0,00923985	3,89407
0,00924855	3,89822
0,00925708	3,90243
0,00926781	3,90698
0,00927255	3,91165
0,00927681	3,9165
0,00928411	3,92132
0,00929153	3,92605
0,00929901	3,93078
0,00930628	3,93557
0,00931337	3,94049
0,00932056	3,94537
0,00932819	3,94998
0,00933868	3,95465
0,00934672	3,95913
0,00935757	3,96362
0,00936544	3,96817
0,00937313	3,97277
0,00938088	3,97738
0,00939155	3,98193
0,00940228	3,98651
0,00941002	3,99112
0,00941688	3,99612
0,00942451	4,00079
0,00943208	4,00546
0,0094395	4,01019
0,00944963	4,01504
0,00945982	4,01986
0,00946686	4,02478
0,00947687	4,02966
0,00948414	4,03451
0,00949112	4,03945
0,00950143	4,04419
0,00950801	4,04934
0,00951454	4,05453
0,00952402	4,05966
0,00953409	4,06454
0,00954127	4,06939
0,00954854	4,07421
0,00955608	4,07891
0,00956324	4,0838
0,00957379	4,08841
0,00958115	4,0932
0,00958839	4,09805
0,00959548	4,10293
0,00960568	4,10775
0,0096125	4,11279
0,00961939	4,11776
0,00962904	4,12283
0,00963238	4,12817
0,0096415	4,13348
0,0096502	4,139
0,0096561	4,14447
0,009662	4,14993
0,00966772	4,15548
0,00967923	4,16104
0,00968483	4,16665
0,00969288	4,17248
0,00969794	4,17834
0,00970623	4,18405
0,00971481	4,18963
0,00972351	4,19513
0,00972936	4,20065
0,0097411	4,20611
0,00974709	4,21151
0,00975585	4,21704
0,00976449	4,22256
0,00977373	4,22781
0,00978291	4,23312
0,00979197	4,23846
0,00980085	4,24392
0,00980967	4,24935
0,00981548	4,25488
0,0098213	4,26037
0,00982988	4,26596
0,0098384	4,27154
0,00984704	4,2771
0,00985521	4,28286
0,0098635	4,28857
0,00986856	4,29446
0,00987673	4,30023
0,00988168	4,30615
0,00988972	4,31198
0,00989747	4,31793
0,00990546	4,32382
0,00991386	4,32946
0,00992227	4,33514
0,00993061	4,34079
0,00993919	4,34637
0,00994784	4,35192
0,0099563	4,35754
0,00996518	4,363
0,00997394	4,3685
0,00998276	4,37396
0,00999111	4,37963
0,00999618	4,38549
0,0100042	4,39135
0,0100121	4,39718
0,0100229	4,4031
0,0100309	4,40899
0,0100385	4,41503
0,0100458	4,4212
0,010053	4,42742
0,0100602	4,43368
0,0100675	4,43985
0,010072	4,44598
0,010082	4,45227
0,010089	4,45858
0,0100961	4,46487
0,0101061	4,47116
0,0101102	4,47747
0,0101202	4,4837
0,0101273	4,49002
0,0101345	4,49621
0,0101451	4,50225
0,0101525	4,50836
0,0101604	4,51428
0,0101714	4,52008
0,0101794	4,52591
0,0101878	4,53158
0,010199	4,53729
0,0102102	4,54299
0,0102157	4,54867
0,0102271	4,55432
0,0102349	4,56024
0,0102427	4,56616
0,0102503	4,57223
0,0102573	4,57855
0,0102641	4,58499
0,0102706	4,59152
0,0102773	4,59802
0,0102839	4,60452
0,0102938	4,61084
0,0103033	4,61737
0,0103073	4,62371
0,010317	4,63015
0,010324	4,63644
0,0103315	4,64254
0,0103423	4,64846
0,0103529	4,65441
0,0103609	4,66027
0,0103688	4,66619
0,010379	4,67236
0,0103867	4,6784
0,0103942	4,68447
0,0104048	4,69046
0,0104124	4,6965
0,0104198	4,7026
0,01043	4,70883
0,01044	4,71508
0,0104469	4,72146
0,0104536	4,72793
0,0104604	4,73437
0,0104698	4,74093
0,0104764	4,74743
0,0104827	4,75412
0,0104918	4,7608
0,0104979	4,76754
0,0105039	4,77435
0,0105128	4,78115
0,0105186	4,78802
0,0105276	4,79476
0,0105367	4,80151
0,0105433	4,80801
0,0105526	4,8146
0,0105594	4,82107
0,0105689	4,82754
0,0105787	4,83392
0,0105886	4,84027
0,0105987	4,84649
0,0106089	4,85266
0,0106165	4,85873
0,0106239	4,86486
0,0106338	4,87118
0,0106408	4,8775
0,0106481	4,88369
0,0106549	4,8901
0,0106648	4,89642
0,0106715	4,90292
0,0106811	4,90939
0,0106875	4,91601
0,0106939	4,92257
0,0107031	4,92926
0,0107099	4,9357
0,0107165	4,9422
0,0107231	4,9487
0,0107339	4,95462
0,0107417	4,96057
0,0107528	4,9663
0,0107637	4,97213
0,0107751	4,97778
0,0107865	4,98339
0,0107922	4,98895
0,0108041	4,99432
0,010816	4,99969
0,0108254	5,00491
0,0108342	5,01034
0,0108457	5,01596
0,0108543	5,02151
0,0108631	5,02694
0,0108718	5,0325
0,0108802	5,03814
0,0108886	5,04382
0,0108963	5,0498
0,0109043	5,05566
0,0109115	5,06189
0,0109212	5,06832
0,0109251	5,07473
0,0109318	5,08117
0,0109384	5,0877
0,0109478	5,09426
0,0109544	5,10076
0,0109613	5,10717
0,0109712	5,11349
0,0109812	5,11978
0,0109854	5,12603
0,0109957	5,1322
0,011006	5,13833
0,0110134	5,14444
0,0110208	5,1506
0,0110313	5,15664
0,0110384	5,1629
0,0110484	5,16922
0,0110552	5,17559
0,0110649	5,18203
0,0110717	5,18847
0,011081	5,19503
0,0110875	5,20163
0,0110938	5,20828
0,0111028	5,21502
0,0111091	5,22171
0,011115	5,22851
0,011124	5,23529
0,0111298	5,24215
0,0111381	5,24923
0,0111437	5,25628
0,0111521	5,2633
0,0111578	5,27023
0,0111663	5,27725
0,0111749	5,28418
0,0111833	5,29122
0,0111891	5,29809
0,0112009	5,3049
0,01121	5,31158
0,0112195	5,31811
0,0112293	5,32452
0,0112358	5,33105
0,0112451	5,33767
0,0112543	5,34433
0,0112636	5,35092
0,0112698	5,35763
0,011279	5,36428
0,0112848	5,37121
0,0112904	5,3782
0,0112987	5,38525
0,0113066	5,39251
0,0113149	5,39962
0,0113231	5,40676
0,0113283	5,41397
0,0113363	5,42117
0,0113443	5,4284
0,0113524	5,4356
0,0113605	5,44278
0,0113687	5,44992
0,0113767	5,45712
0,0113847	5,46432
0,0113928	5,47152
0,011401	5,47866
0,0114096	5,48559
0,011418	5,49261
0,0114264	5,49969
0,0114345	5,50686
0,0114428	5,51397
0,011451	5,52108
0,0114592	5,52819
0,0114646	5,5353
0,0114725	5,5426
0,0114802	5,54998
0,0114875	5,55752
0,0114974	5,56521
0,0115047	5,57278
0,0115086	5,58053
0,0115154	5,58834
0,0115254	5,59603
0,0115324	5,60372
0,0115423	5,61145
0,0115497	5,61895
0,0115569	5,62655
0,0115645	5,63397
0,0115723	5,64126
0,0115799	5,64871
0,0115878	5,65597
0,0115958	5,66317
0,0116065	5,67053
0,0116141	5,67791
0,0116222	5,68515
0,0116298	5,69253
0,0116407	5,69976
0,0116484	5,70715
0,0116529	5,71466
0,0116638	5,72189
0,0116715	5,72924
0,0116819	5,73672
0,0116895	5,74414
0,0116968	5,7517
0,011704	5,7593
0,0117139	5,76699
0,0117207	5,77481
0,0117271	5,78274
0,011734	5,79055
0,0117407	5,79837
0,0117507	5,80603
0,0117576	5,81381
0,0117671	5,82168
0,0117739	5,82946
0,0117806	5,83734
0,0117902	5,84515
0,0117998	5,85302
0,0118069	5,86068
0,0118135	5,86856
0,0118231	5,87643
0,0118323	5,88443
0,0118386	5,89248
0,0118449	5,90048
0,0118539	5,90866
0,0118631	5,91671
0,0118693	5,92477
0,011876	5,93258
0,0118853	5,94058
0,011895	5,94839
0,0119016	5,95626
0,0119139	5,9642
0,0119208	5,97198
0,0119301	5,97992
0,01194	5,98767
0,0119465	5,9956
0,0119559	6,00354
0,0119618	6,01178
0,0119705	6,02002
0,011976	6,02844
0,0119814	6,03692
0,0119896	6,04541
0,0119977	6,05395
0,0120061	6,06237
0,0120144	6,07086
0,012023	6,07922
0,0120314	6,08758
0,0120401	6,09588
0,0120488	6,10418
0,0120544	6,11248
0,0120661	6,12072
0,0120718	6,12909
0,0120775	6,13739
0,0120862	6,14563
0,0120948	6,15399
0,0121	6,16253
0,0121079	6,17114
0,0121157	6,17987
0,0121232	6,18872
0,0121313	6,19726
0,0121356	6,20623
0,012146	6,21508
0,0121508	6,22381
0,012158	6,23284
0,0121624	6,24176
0,0121698	6,25067
0,0121801	6,25952
0,0121878	6,26831
0,0121984	6,27703
0,0122057	6,28595
0,0122134	6,29473
0,0122212	6,30346
0,0122314	6,31237
0,0122362	6,3211
0,0122467	6,32989
0,0122547	6,33856
0,0122625	6,34722
0,0122734	6,35583
0,0122812	6,3645
0,0122892	6,3731
0,0122972	6,38177
0,0123048	6,3905
0,0123155	6,39923
0,0123231	6,40808
0,0123304	6,41699
0,0123377	6,4259
0,0123451	6,43481
0,0123553	6,44378
0,0123623	6,45282
0,0123695	6,46179
0,0123766	6,47082
0,0123838	6,47985
0,0123938	6,48883
0,0124042	6,49768
0,0124117	6,50653
0,0124193	6,51532
0,0124295	6,52429
0,0124338	6,53326
0,0124442	6,54211
0,0124514	6,55108
0,0124616	6,55999
0,0124688	6,56903
0,0124789	6,578
0,0124857	6,58715
0,0124926	6,59631
0,0125021	6,60553
0,0125091	6,61468
0,0125187	6,62384
0,0125256	6,63299
0,0125351	6,64227
0,0125419	6,65142
0,012549	6,6605
0,0125592	6,66941
0,0125663	6,67844
0,0125763	6,68747
0,0125832	6,69663
0,0125931	6,70572
0,0126001	6,71476
0,0126073	6,72373
0,0126173	6,73276
0,0126245	6,74179
0,0126342	6,75095
0,0126411	6,7601
0,012651	6,76914
0,0126582	6,77817
0,0126654	6,78714
0,0126725	6,79618
0,0126824	6,80527
0,0126891	6,81443
0,0126961	6,82358
0,012703	6,83268
0,0127127	6,84183
0,0127193	6,85111
0,0127255	6,86057
0,0127317	6,87003
0,0127406	6,87961
0,0127465	6,88919
0,0127556	6,89865
0,0127614	6,9083
0,0127702	6,91794
0,0127757	6,92771
0,0127842	6,93741
0,0127925	6,94724
0,0128013	6,95682
0,0128096	6,96671
0,0128152	6,97647
0,0128236	6,98624
0,0128292	6,99601
0,0128378	7,00571
0,0128461	7,01554
0,0128548	7,02518
0,0128603	7,03501
0,0128689	7,04465
0,0128773	7,05448
0,0128859	7,06418
0,0128917	7,07383
0,0128997	7,08377
0,0129079	7,09372
0,0129159	7,10367
0,0129239	7,11362
0,0129316	7,12375
0,0129392	7,13394
0,0129465	7,14426
0,0129538	7,15464
0,012961	7,16495
0,012968	7,17539
0,0129753	7,1857
0,0129823	7,19614
0,0129894	7,20658
0,0129993	7,21701
0,0130065	7,22739
0,0130168	7,23764
0,0130244	7,24784
0,0130321	7,25797
0,0130399	7,26804
0,0130506	7,27811
0,0130583	7,28824
0,0130692	7,29819
0,0130771	7,30826
0,0130849	7,31839
0,0130928	7,32834
0,0131033	7,33853
0,0131109	7,34873
0,0131152	7,35904
0,0131254	7,36942
0,0131328	7,37967
0,0131402	7,38993
0,0131474	7,4003
0,0131551	7,41037
0,0131657	7,42051
0,0131735	7,43064
0,0131811	7,44077
0,0131889	7,45084
0,0131966	7,46103
0,013207	7,47123
0,0132145	7,48142
0,0132222	7,49161
0,0132327	7,50174
0,0132398	7,51212
0,0132471	7,52243
0,0132542	7,53287
0,0132619	7,543
0,0132692	7,55332
0,0132768	7,56351
0,0132842	7,57376
0,0132944	7,58408
0,0133017	7,59439
0,0133092	7,60459
0,0133193	7,61496
0,0133268	7,62522
0,0133341	7,63553
0,0133438	7,64603
0,0133506	7,65659
0,0133606	7,66703
0,0133676	7,67746
0,0133774	7,68796
0,0133848	7,69828
0,0133916	7,70877
0,0134018	7,71909
0,0134088	7,72959
0,0134155	7,74015
0,0134255	7,75058
0,0134358	7,76084
0,0134427	7,77134
0,0134528	7,78171
0,0134602	7,79203
0,0134697	7,80265
0,0134766	7,81314
0,013483	7,82389
0,0134926	7,83445
0,0135024	7,845
0,0135121	7,85556
0,0135217	7,86612
0,0135314	7,87674
0,0135382	7,88724
0,0135473	7,89811
0,0135538	7,90879
0,0135631	7,91953
0,0135724	7,93027
0,0135817	7,94101
0,013591	7,95182
0,0135967	7,96286
0,0136052	7,97397
0,0136139	7,98502
0,013623	7,99582
0,0136298	8,00638
0,0136396	8,01688
0,0136493	8,02744
0,0136594	8,03781
0,0136669	8,04801
0,0136774	8,0582
0,0136883	8,06815
0,0136966	8,07804
0,0137047	8,08799
0,0137122	8,09818
0,0137225	8,10843
0,0137298	8,11875
0,0137374	8,12894
0,0137446	8,13932
0,0137543	8,14981
0,0137611	8,16043
0,0137676	8,17111
0,013777	8,18174
0,0137836	8,19248
0,0137931	8,2031
0,0137992	8,21396
0,0138052	8,22489
0,013811	8,23593
0,013817	8,24686
0,0138259	8,25778
0,0138323	8,26853
0,0138412	8,27945
0,0138468	8,29056
0,0138555	8,30161
0,013864	8,31272
0,013873	8,32358
0,013882	8,33451
0,0138879	8,34549
0,0138964	8,3566
0,0139046	8,36789
0,0139128	8,37918
0,0139183	8,39029
0,013927	8,40134
0,0139353	8,41251
0,0139434	8,42386
0,0139486	8,43515
0,0139595	8,44651
0,0139648	8,4578
0,0139756	8,46915
0,0139808	8,4805
0,0139853	8,49216
0,0139955	8,50388
0,0139998	8,5156
0,01401	8,52732
0,0140172	8,53903
0,0140242	8,55088
0,0140309	8,56284
0,0140405	8,57486
0,014047	8,58689
0,0140566	8,59891
0,0140634	8,61081
0,0140701	8,62278
0,0140797	8,6348
0,0140891	8,64682
0,0140955	8,65897
0,0141017	8,67118
0,0141081	8,68326
0,0141169	8,69565
0,0141231	8,70786
0,0141318	8,72019
0,0141408	8,73252
0,0141493	8,74503
0,0141548	8,7576
0,01416	8,77024
0,0141682	8,78287
0,0141737	8,79544
0,0141818	8,80814
0,0141902	8,82065
0,0141986	8,83322
0,0142067	8,84592
0,0142148	8,85861
0,0142208	8,87094
0,0142301	8,88303
0,0142396	8,89505
0,0142496	8,90683
0,0142595	8,91867
0,0142698	8,93033
0,0142777	8,94174
0,0142883	8,95328
0,0142966	8,96445
0,0143078	8,97568
0,0143184	8,98722
0,0143258	8,99881
0,014333	9,01053
0,0143429	9,02243
0,0143496	9,0344
0,0143589	9,04648
0,014365	9,05875
0,0143707	9,0712
0,0143763	9,08371
0,0143846	9,09629
0,0143928	9,10892
0,0144007	9,12174
0,0144058	9,13449
0,0144106	9,14737
0,0144184	9,16019
0,0144258	9,17319
0,0144332	9,18619
0,0144406	9,19925
0,0144508	9,21231
0,0144582	9,22538
0,0144655	9,23838
0,014473	9,25138
0,0144831	9,2645
0,0144903	9,27762
0,0144978	9,29062
0,0145052	9,30362
0,0145153	9,31674
0,0145227	9,32981
0,0145295	9,34305
0,0145394	9,3563
0,0145464	9,36948
0,0145563	9,38272
0,0145631	9,39603
0,0145701	9,40921
0,0145794	9,4227
0,0145861	9,43607
0,0145958	9,44937
0,0146027	9,46262
0,0146126	9,47586
0,0146196	9,48911
0,0146264	9,50241
0,0146332	9,51566
0,0146401	9,52896
0,0146496	9,54233
0,0146563	9,5557
0,0146661	9,56894
0,0146727	9,58237
0,0146822	9,5958
0,0146916	9,60916
0,0146981	9,62265
0,0147048	9,63602
0,0147113	9,64951
0,0147175	9,66306
0,0147241	9,67649
0,0147303	9,69004
0,0147393	9,70371
0,0147485	9,71726
0,0147547	9,73081
0,014764	9,7443
0,0147732	9,75791
0,0147794	9,77146
0,0147884	9,78507
0,0147947	9,79868
0,0148036	9,81229
0,0148156	9,82596
0,0148214	9,83969
0,0148304	9,85337
0,0148391	9,8671
0,0148449	9,88095
0,0148536	9,89469
0,014862	9,90866
0,0148677	9,92246
0,0148762	9,93631
0,0148848	9,95017
0,0148938	9,96378
0,0148998	9,97745
0,0149086	9,99124
0,0149173	10,005
0,014926	10,0188
0,0149342	10,0328
0,0149425	10,0468
0,0149478	10,0608
0,0149559	10,0749
0,0149642	10,0888
0,0149719	10,1031
0,0149795	10,1174
0,0149869	10,1318
0,0149946	10,1461
0,0150019	10,1605
0,0150097	10,1747
0,015018	10,1887
0,0150261	10,2028
0,0150341	10,2169
0,015042	10,231
0,0150505	10,2449
0,0150592	10,2587
0,0150685	10,2722
0,0150773	10,2859
0,0150838	10,2994
0,0150957	10,313
0,0151047	10,3266
0,0151138	10,3402
0,0151231	10,3537
0,0151321	10,3673
0,0151409	10,3811
0,0151495	10,3949
0,0151577	10,409
0,015166	10,4229
0,0151712	10,437
0,0151819	10,4512
0,0151868	10,4654
0,0151946	10,4796
0,0152024	10,4939
0,0152075	10,508
0,0152154	10,5221
0,015223	10,5364
0,0152306	10,5508
0,0152378	10,5652
0,0152453	10,5796
0,0152559	10,5938
0,0152605	10,6082
0,0152677	10,6227
0,0152772	10,6374
0,0152866	10,6523
0,0152934	10,667
0,0153	10,6817
0,0153098	10,6964
0,0153196	10,711
0,0153265	10,7257
0,0153361	10,7404
0,0153426	10,7552
0,015352	10,7701
0,0153617	10,7848
0,0153683	10,7995
0,0153775	10,8144
0,0153843	10,8291
0,0153933	10,8441
0,0153995	10,8591
0,0154085	10,8741
0,0154143	10,8893
0,015423	10,9045
0,015429	10,9195
0,0154379	10,9346
0,0154467	10,9497
0,0154527	10,9648
0,0154611	10,9801
0,0154696	10,9953
0,0154754	11,0105
0,015484	11,0257
0,0154898	11,0408
0,0154986	11,0559
0,0155071	11,0712
0,0155123	11,0866
0,0155207	11,102
0,0155258	11,1174
0,0155368	11,1328
0,0155421	11,1483
0,0155497	11,1639
0,0155573	11,1797
0,0155647	11,1954
0,015572	11,2112
0,0155765	11,227
0,0155869	11,2426
0,015594	11,2586
0,0155984	11,2745
0,0156056	11,2904
0,0156126	11,3062
0,015623	11,322
0,0156302	11,3379
0,0156374	11,3537
0,0156446	11,3697
0,0156515	11,3857
0,0156611	11,4018
0,0156682	11,4177
0,0156778	11,4338
0,0156843	11,45
0,0156937	11,4663
0,0156994	11,4828
0,0157084	11,4991
0,0157115	11,5156
0,0157203	11,5321
0,0157261	11,5487
0,0157347	11,5653
0,015743	11,582
0,015751	11,5988
0,015756	11,6157
0,0157637	11,6328
0,0157745	11,6496
0,0157789	11,6668
0,0157861	11,6842
0,015796	11,7015
0,0157998	11,719
0,0158067	11,7364
0,0158133	11,7539
0,0158202	11,7712
0,0158299	11,7887
0,015837	11,806
0,0158437	11,8235
0,0158507	11,8409
0,0158576	11,8582
0,0158641	11,8758
0,0158709	11,8933
0,0158805	11,9107
0,0158871	11,9283
0,0158937	11,9458
0,015903	11,9635
0,0159092	11,9812
0,0159153	11,9989
0,0159216	12,0166
0,0159303	12,0345
0,0159365	12,0522
0,0159454	12,07
0,0159537	12,0881
0,0159593	12,1062
0,0159676	12,1242
0,0159757	12,1424
0,0159839	12,1606
0,0159918	12,1789
0,0160021	12,1975
0,01601	12,2158
0,0160177	12,2341
0,0160253	12,2525
0,0160331	12,271
0,0160408	12,2893
0,0160482	12,3078
0,0160557	12,3264
0,016063	12,3449
0,0160706	12,3634
0,016084	12,3818
0,0160888	12,4002
0,016099	12,4188
0,0161065	12,4372
0,0161138	12,4558
0,0161208	12,4746
0,016131	12,4931
0,0161384	12,5117
0,0161456	12,5302
0,0161528	12,5489
0,0161628	12,5676
0,0161698	12,5863
0,0161767	12,6051
0,0161838	12,6238
0,0161906	12,6426
0,0162009	12,6611
0,016208	12,6798
0,0162154	12,6983
0,0162229	12,7168
0,0162308	12,7351
0,0162414	12,7535
0,0162491	12,7718
0,0162569	12,7901
0,0162645	12,8086
0,0162725	12,8269
0,016283	12,8453
0,0162906	12,8637
0,0163011	12,8822
0,0163086	12,9007
0,0163159	12,9193
0,0163231	12,938
0,0163331	12,9565
0,0163399	12,9753
0,0163465	12,9944
0,016353	13,0133
0,0163595	13,0322
0,016369	13,0511
0,0163753	13,0702
0,0163843	13,0893
0,0163902	13,1085
0,0163961	13,1278
0,0164044	13,1473
0,01641	13,1666
0,0164183	13,1861
0,0164262	13,2058
0,0164309	13,2257
0,0164411	13,2456
0,0164454	13,2656
0,0164529	13,2855
0,01646	13,3055
0,0164672	13,3255
0,0164747	13,3453
0,0164792	13,3653
0,0164897	13,3852
0,0164947	13,4048
0,0165024	13,4245
0,0165103	13,4442
0,016518	13,464
0,0165254	13,4839
0,0165331	13,5037
0,0165378	13,5235
0,016545	13,5435
0,0165551	13,5635
0,0165651	13,5835
0,016569	13,6037
0,0165788	13,6239
0,0165881	13,6442
0,0165947	13,6646
0,0166012	13,6848
0,0166102	13,7053
0,0166162	13,726
0,0166249	13,7466
0,0166305	13,7675
0,016639	13,7881
0,0166471	13,8091
0,0166552	13,8301
0,0166635	13,851
0,0166714	13,872
0,0166793	13,8931
0,0166899	13,9142
0,0166915	13,9355
0,0167021	13,9566
0,0167098	13,9777
0,0167174	13,9989
0,0167222	14,02
0,0167299	14,0412
0,0167374	14,0625
0,0167473	14,0839
0,0167545	14,1054
0,0167613	14,1269
0,0167686	14,1482
0,016776	14,1695
0,0167831	14,1909
0,01679	14,2124
0,0167999	14,2339
0,0168038	14,2555
0,0168107	14,277
0,016821	14,2984
0,0168285	14,3196
0,0168361	14,3407
0,0168435	14,3621
0,0168507	14,3834
0,0168584	14,4046
0,0168659	14,4258
0,0168735	14,447
0,0168811	14,4682
0,0168887	14,4894
0,0168964	14,5105
0,0169041	14,5316
0,0169118	14,5528
0,0169195	14,574
0,0169272	14,5951
0,0169375	14,6164
0,0169481	14,6375
0,016956	14,6586
0,0169664	14,6798
0,0169742	14,701
0,0169819	14,7221
0,0169893	14,7433
0,0169968	14,7646
0,0170044	14,7858
0,0170148	14,807
0,0170227	14,8282
0,0170332	14,8493
0,0170406	14,8705
0,0170485	14,8916
0,017056	14,9129
0,017064	14,9339
0,0170719	14,9549
0,0170829	14,9759
0,0170877	14,997
0,0170989	15,0178
0,0171068	15,039
0,0171151	15,0597
0,0171239	15,0803
0,0171321	15,1012
0,0171407	15,122
0,0171489	15,143
0,0171541	15,1638
0,0171622	15,1848
0,0171707	15,2056
0,0171814	15,2267
0,0171865	15,2477
0,0171971	15,2688
0,0172045	15,2902
0,0172123	15,3113
0,0172197	15,3325
0,01723	15,3538
0,0172376	15,375
0,0172449	15,3963
0,0172521	15,4178
0,0172595	15,439
0,0172697	15,4604
0,0172767	15,4818
0,0172866	15,5033
0,0172932	15,5249
0,0172996	15,5468
0,0173088	15,5685
0,0173179	15,5904
0,0173266	15,6125
0,0173353	15,6344
0,017341	15,6565
0,0173496	15,6786
0,0173584	15,7007
0,0173641	15,7228
0,0173696	15,7449
0,0173754	15,767
0,0173839	15,7891
0,0173897	15,8112
0,0173985	15,8332
0,0174047	15,855
0,0174104	15,8771
0,0174165	15,8991
0,0174223	15,921
0,017431	15,9431
0,01744	15,965
0,017446	15,987
0,0174545	16,0091
0,0174631	16,0312
0,0174686	16,0534
0,017477	16,0756
0,0174854	16,0977
0,0174906	16,1201
0,0174987	16,1425
0,0175043	16,1646
0,0175124	16,1869
0,0175207	16,2091
0,0175292	16,2312
0,0175347	16,2534
0,0175429	16,2758
0,017551	16,2981
0,017559	16,3205
0,0175673	16,3427
0,0175754	16,365
0,0175831	16,3876
0,0175907	16,4101
0,0175983	16,4328
0,0176057	16,4553
0,017613	16,4781
0,0176236	16,5005
0,0176281	16,5232
0,0176384	16,5459
0,0176426	16,5688
0,017653	16,5913
0,0176605	16,6139
0,0176683	16,6364
0,0176758	16,6591
0,0176835	16,6815
0,0176913	16,704
0,0176962	16,7265
0,0177071	16,7489
0,0177151	16,7713
0,0177228	16,7938
0,0177301	16,8166
0,017737	16,8394
0,0177438	16,8623
0,0177506	16,8853
0,0177603	16,9082
0,0177668	16,9313
0,0177732	16,9545
0,0177824	16,9777
0,0177885	17,001
0,0177974	17,0243
0,0178034	17,0476
0,0178122	17,0709
0,0178208	17,0945
0,0178292	17,1179
0,0178376	17,1416
0,0178489	17,1652
0,0178541	17,1889
0,0178622	17,2126
0,0178702	17,2364
0,017881	17,2602
0,0178888	17,284
0,0178969	17,3078
0,0179051	17,3313
0,0179137	17,3548
0,0179221	17,3783
0,0179307	17,4019
0,0179366	17,4252
0,0179454	17,4486
0,0179516	17,4718
0,0179639	17,495
0,0179704	17,5181
0,01798	17,541
0,0179871	17,5639
0,0179969	17,5868
0,0180066	17,6096
0,0180171	17,6322
0,0180272	17,6551
0,0180344	17,6778
0,0180451	17,7003
0,0180527	17,7228
0,0180636	17,7453
0,0180748	17,7675
0,0180857	17,7898
0,018094	17,812
0,0181025	17,8343
0,0181106	17,8566
0,0181221	17,8787
0,0181337	17,9007
0,0181421	17,9229
0,0181508	17,945
0,0181626	17,9669
0,018172	17,9892
0,0181817	18,0111
0,018194	18,0332
0,0182006	18,0553
0,0182133	18,0773
0,0182231	18,0991
0,0182329	18,1211
0,0182432	18,1428
0,0182531	18,1647
0,0182605	18,1864
0,0182709	18,208
0,0182815	18,2295
0,0182898	18,2509
0,0183014	18,2719
0,0183126	18,2931
0,0183214	18,3141
0,0183304	18,3351
0,018342	18,3561
0,0183513	18,377
0,0183607	18,3977
0,0183672	18,4184
0,0183795	18,4391
0,0183886	18,46
0,0183976	18,4809
0,0184042	18,5016
0,0184163	18,5224
0,0184256	18,5431
0,0184351	18,5639
0,0184444	18,5846
0,0184534	18,6056
0,0184655	18,6264
0,0184747	18,6472
0,0184837	18,6681
0,0184928	18,689
0,0185017	18,71
0,0185107	18,7309
0,0185198	18,7517
0,0185288	18,7727
0,0185378	18,7936
0,0185443	18,8144
0,0185564	18,8351
0,0185626	18,856
0,0185749	18,8767
0,0185813	18,8975
0,0185881	18,9181
0,018601	18,9385
0,0186106	18,9591
0,0186177	18,9796
0,0186251	18,9999
0,0186323	19,0203
0,0186428	19,0404
0,0186503	19,0607
0,018658	19,0808
0,0186688	19,1009
0,0186765	19,121
0,0186841	19,1413
0,018695	19,1613
0,018703	19,1812
0,0187107	19,2013
0,0187216	19,2213
0,0187295	19,2415
0,0187375	19,2614
0,0187455	19,2814
0,0187564	19,3014
0,0187642	19,3214
0,0187722	19,3415
0,01878	19,3616
0,0187906	19,3817
0,0187985	19,4018
0,0188061	19,422
0,0188135	19,4423
0,0188238	19,4626
0,0188314	19,4827
0,018839	19,503
0,0188497	19,5231
0,0188576	19,5431
0,0188681	19,5633
0,018876	19,5833
0,0188841	19,6033
0,0188953	19,6232
0,018904	19,6428
0,0189156	19,6625
0,0189242	19,6822
0,0189303	19,7017
0,0189392	19,7212
0,0189483	19,7407
0,0189577	19,76
0,01897	19,7793
0,0189764	19,7987
0,0189859	19,818
0,0189955	19,8372
0,0190023	19,8563
0,0190124	19,8754
0,0190195	19,8944
0,0190269	19,9134
0,0190398	19,9323
0,0190473	19,9512
0,0190547	19,97
0,0190654	19,9888
0,0190759	20,0075
0,0190863	20,0264
0,0190943	20,0449
0,0191021	20,0636
0,0191129	20,0823
0,0191207	20,101
0,0191315	20,1197
0,019142	20,1385
0,0191495	20,1573
0,0191598	20,1762
0,0191703	20,195
0,0191784	20,2134
0,0191892	20,2321
0,0191971	20,2508
0,0192078	20,2694
0,0192155	20,2882
0,0192263	20,3069
0,0192374	20,3253
0,0192457	20,3438
0,0192571	20,3622
0,0192653	20,3806
0,0192733	20,3992
0,0192815	20,4178
0,0192898	20,4362
0,019301	20,4546
0,0193095	20,473
0,0193179	20,4914
0,0193263	20,5098
0,019338	20,528
0,0193466	20,5463
0,0193556	20,5645
0,0193643	20,5827
0,0193734	20,6007
0,0193796	20,6188
0,0193915	20,637
0,0193979	20,6549
0,0194076	20,6726
0,0194172	20,6905
0,0194269	20,7083
0,0194339	20,726
0,0194436	20,7437
0,0194509	20,7613
0,0194611	20,7787
0,0194715	20,7962
0,0194819	20,8136
0,0194896	20,831
0,019497	20,8484
0,0195075	20,8659
0,0195181	20,8832
0,0195285	20,9007
0,0195361	20,918
0,0195437	20,9355
0,019554	20,9529
0,0195643	20,9704
0,0195719	20,9877
0,0195792	21,0053
0,0195896	21,0227
0,0195973	21,0401
0,0196047	21,0575
0,0196152	21,0749
0,0196258	21,0923
0,0196332	21,1098
0,0196405	21,1272
0,0196507	21,1448
0,0196578	21,1625
0,019665	21,18
0,0196751	21,1977
0,0196819	21,2154
0,0196916	21,2332
0,0197015	21,2508
0,0197085	21,2685
0,0197185	21,286
0,0197256	21,3037
0,0197329	21,3212
0,0197432	21,3388
0,0197509	21,3561
0,0197585	21,3734
0,0197664	21,3907
0,0197743	21,408
0,0197851	21,4252
0,019793	21,4424
0,019801	21,4596
0,0198122	21,4766
0,0198206	21,4937
0,0198289	21,5106
0,0198371	21,5279
0,0198454	21,5448
0,0198564	21,562
0,0198616	21,5791
0,0198725	21,5963
0,0198802	21,6137
0,0198879	21,631
0,0198983	21,6485
0,019905	21,6663
0,0199121	21,6839
0,0199189	21,7017
0,0199284	21,7195
0,0199382	21,7372
0,0199477	21,7552
0,0199543	21,773
0,0199639	21,7908
0,0199705	21,8086
0,0199798	21,8267
0,0199866	21,8444
0,0199959	21,8623
0,0200054	21,8803
0,0200148	21,8982
0,0200213	21,9162
0,0200278	21,934
0,0200341	21,9521
0,0200432	21,9701
0,0200523	21,9882
0,0200588	22,006
0,0200681	22,024
0,0200777	22,0419
0,0200843	22,0597
0,0200911	22,0775
0,0201006	22,0954
0,0201102	22,1132
0,02012	22,1309
0,020127	22,1486
0,0201341	22,1662
0,0201441	22,1839
0,0201513	22,2014
0,0201586	22,2189
0,0201658	22,2365
0,0201727	22,2543
0,0201828	22,2718
0,0201929	22,2893
0,0202001	22,3069
0,0202106	22,3244
0,0202178	22,3419
0,020228	22,3594
0,0202355	22,3769
0,0202426	22,3946
0,0202499	22,412
0,0202604	22,4295
0,0202679	22,4469
0,0202782	22,4644
0,0202858	22,4817
0,0202929	22,4994
0,0203004	22,5169
0,0203107	22,5342
0,0203182	22,5517
0,0203287	22,5691
0,0203362	22,5866
0,0203433	22,6042
0,0203506	22,6217
0,0203582	22,6391
0,0203686	22,6565
0,0203793	22,6739
0,0203869	22,6912
0,0203942	22,7086
0,0204046	22,7261
0,0204151	22,7436
0,0204227	22,7609
0,0204338	22,778
0,0204447	22,7952
0,0204525	22,8125
0,0204606	22,8296
0,0204688	22,8467
0,0204742	22,8638
0,0204856	22,8808
0,0204941	22,8976
0,0205028	22,9146
0,0205115	22,9314
0,0205202	22,9483
0,0205293	22,9649
0,0205386	22,9815
0,0205447	22,9982
0,0205565	23,0149
0,0205627	23,0316
0,0205718	23,0482
0,0205811	23,0648
0,0205934	23,0813
0,0205995	23,098
0,0206086	23,1148
0,0206202	23,1316
0,0206259	23,1485
0,0206348	23,1652
0,020644	23,1818
0,0206532	23,1984
0,0206624	23,2151
0,0206712	23,2318
0,0206803	23,2486
0,0206895	23,2652
0,0206988	23,2816
0,0207082	23,2981
0,0207177	23,3146
0,020727	23,3312
0,0207363	23,3478
0,0207457	23,3644
0,0207582	23,3807
0,0207682	23,3969
0,0207751	23,4133
0,0207849	23,4295
0,0207947	23,4459
0,0208046	23,4621
0,0208118	23,4784
0,020822	23,4945
0,0208324	23,5105
0,0208394	23,5268
0,0208496	23,5428
0,0208566	23,5592
0,0208667	23,5754
0,0208741	23,5914
0,0208813	23,6076
0,0208914	23,6238
0,0208987	23,6399
0,020909	23,656
0,0209136	23,672
0,0209214	23,6878
0,020929	23,7038
0,0209399	23,7197
0,0209482	23,7353
0,0209563	23,7511
0,0209679	23,7666
0,0209765	23,782
0,0209823	23,7975
0,0209939	23,813
0,0210026	23,8283
0,0210086	23,8438
0,0210174	23,8591
0,0210265	23,8744
0,0210352	23,8899
0,0210414	23,9051
0,0210502	23,9204
0,0210623	23,9357
0,0210685	23,951
0,0210778	23,9662
0,0210867	23,9815
0,0210956	23,9969
0,0211046	24,0121
0,0211104	24,0276
0,0211194	24,0428
0,0211281	24,0583
0,021137	24,0736
0,0211456	24,0891
0,0211543	24,1047
0,02116	24,1202
0,0211686	24,1356
0,0211743	24,1511
0,0211827	24,1667
0,0211937	24,1825
0,0212013	24,1983
0,0212093	24,2142
0,0212142	24,2301
0,0212219	24,2459
0,0212323	24,2621
0,0212366	24,2782
0,0212437	24,2944
0,0212538	24,3105
0,0212612	24,3266
0,0212686	24,3427
0,0212763	24,3587
0,0212864	24,3749
0,0212907	24,3911
0,0212981	24,4071
0,0213082	24,4233
0,0213158	24,4393
0,0213236	24,4552
0,0213311	24,4712
0,0213385	24,4873
0,021346	24,5033
0,0213536	24,5193
0,0213615	24,5351
0,0213693	24,551
0,0213769	24,567
0,0213874	24,583
0,0213949	24,599
0,0214023	24,6151
0,02141	24,631
0,0214177	24,6469
0,0214281	24,6629
0,0214354	24,6791
0,0214426	24,6953
0,0214495	24,7115
0,0214595	24,7278
0,0214666	24,744
0,0214759	24,7606
0,0214823	24,7771
0,0214915	24,7938
0,0214975	24,8105
0,0215037	24,8271
0,0215127	24,8438
0,0215215	24,8607
0,0215276	24,8774
0,0215336	24,8941
0,0215424	24,9109
0,0215516	24,9276
0,0215606	24,9443
0,0215694	24,961
0,0215784	24,9778
0,0215844	24,9945
0,0215931	25,0114
0,0216018	25,0282
0,0216107	25,045
0,0216192	25,062
0,0216281	25,0787
0,0216337	25,0956
0,0216424	25,1125
0,0216513	25,1292
0,021657	25,1462
0,0216655	25,1631
0,0216716	25,1798
0,02168	25,1968
0,0216887	25,2136
0,0216947	25,2304
0,0217036	25,2472
0,0217126	25,2639
0,021719	25,2804
0,0217252	25,2971
0,0217346	25,3136
0,0217414	25,3299
0,021751	25,3464
0,0217581	25,3626
0,0217681	25,3789
0,0217782	25,395
0,0217852	25,4112
0,0217952	25,4275
0,021805	25,4438
0,021812	25,4602
0,0218216	25,4765
0,0218282	25,493
0,0218378	25,5094
0,0218444	25,5259
0,021854	25,5423
0,0218604	25,5588
0,0218698	25,5753
0,0218768	25,5917
0,021884	25,6078
0,0218946	25,6238
0,021905	25,6397
0,0219125	25,6559
0,0219257	25,6719
0,0219333	25,6878
0,0219435	25,704
0,0219542	25,7198
0,021959	25,7358
0,0219694	25,7518
0,0219764	25,7682
0,0219862	25,7844
0,0219964	25,8005
0,0220042	25,8165
0,0220116	25,8325
0,0220219	25,8486
0,0220293	25,8646
0,0220365	25,8808
0,022044	25,8968
0,0220515	25,9129
0,0220593	25,9288
0,0220669	25,9448
0,0220771	25,9609
0,0220845	25,977
0,0220946	25,9931
0,0220995	26,009
0,02211	26,025
0,0221204	26,041
0,0221278	26,0571
0,0221353	26,0731
0,0221429	26,0891
0,0221505	26,1051
0,0221582	26,1211
0,0221656	26,1371
0,0221731	26,1532
0,0221832	26,1693
0,0221906	26,1854
0,0221978	26,2016
0,0222079	26,2177
0,0222145	26,2342
0,0222212	26,2506
0,022228	26,2669
0,0222375	26,2834
0,0222441	26,2999
0,0222537	26,3164
0,0222629	26,333
0,0222692	26,3496
0,0222785	26,3662
0,0222844	26,3829
0,0222961	26,3998
0,0223017	26,4167
0,0223126	26,4339
0,0223177	26,451
0,0223287	26,4682
0,0223332	26,4857
0,0223408	26,503
0,0223486	26,5204
0,0223531	26,5378
0,0223632	26,5554
0,0223708	26,5729
0,0223781	26,5903
0,0223859	26,6076
0,0223938	26,6249
0,0224044	26,6422
0,0224124	26,6594
0,0224231	26,6766
0,0224279	26,6941
0,0224359	26,7113
0,0224468	26,7284
0,0224547	26,7456
0,0224627	26,7628
0,0224676	26,7801
0,0224752	26,7975
0,0224828	26,8149
0,0224903	26,8324
0,0225008	26,8497
0,0225055	26,867
0,022513	26,8845
0,0225207	26,9018
0,0225282	26,9193
0,0225385	26,9367
0,0225459	26,9542
0,0225529	26,9719
0,0225599	26,9896
0,0225669	27,0073
0,0225767	27,025
0,0225835	27,0428
0,0225929	27,0606
0,0225996	27,0785
0,0226057	27,0967
0,0226153	27,1145
0,0226217	27,1324
0,0226286	27,1501
0,0226357	27,1677
0,0226451	27,1856
0,0226516	27,2036
0,0226614	27,2213
0,0226711	27,2391
0,0226778	27,2569
0,0226879	27,2745
0,0226972	27,2925
0,0227064	27,3104
0,0227129	27,3283
0,0227222	27,3464
0,0227289	27,3642
0,0227388	27,3818
0,0227453	27,3998
0,0227549	27,4176
0,0227617	27,4354
0,0227713	27,4531
0,0227786	27,4707
0,0227887	27,4883
0,0227958	27,5058
0,022806	27,5234
0,0228136	27,5409
0,0228207	27,5584
0,0228312	27,5758
0,0228388	27,5932
0,0228463	27,6106
0,0228541	27,6279
0,0228647	27,6452
0,0228726	27,6625
0,0228832	27,6799
0,0228882	27,6971
0,0228984	27,7146
0,0229062	27,7319
0,0229167	27,7492
0,0229243	27,7667
0,0229322	27,7839
0,0229399	27,8012
0,0229473	27,8187
0,0229578	27,8362
0,0229656	27,8535
0,0229756	27,8709
0,0229861	27,8884
0,0229935	27,9059
0,0230011	27,9233
0,0230087	27,9406
0,0230219	27,9581
0,0230291	27,9757
0,0230364	27,9933
0,0230466	28,0108
0,0230538	28,0284
0,0230643	28,0458
0,0230746	28,0632
0,0230818	28,0808
0,0230919	28,0984
0,0230994	28,1158
0,0231066	28,1334
0,0231173	28,1507
0,0231251	28,1679
0,0231328	28,1854
0,0231436	28,2025
0,0231515	28,2198
0,0231595	28,237
0,0231706	28,2541
0,0231785	28,2713
0,0231863	28,2887
0,0231945	28,3058
0,0232054	28,3229
0,0232135	28,3401
0,0232221	28,3569
0,0232303	28,374
0,023239	28,3908
0,0232449	28,4077
0,0232536	28,4245
0,0232655	28,4413
0,0232746	28,458
0,0232838	28,4745
0,0232902	28,4911
0,0233028	28,5074
0,0233092	28,524
0,0233217	28,5405
0,0233282	28,557
0,0233376	28,5735
0,0233475	28,5898
0,0233574	28,6061
0,023367	28,6224
0,0233766	28,6389
0,0233862	28,6552
0,0233957	28,6717
0,0234054	28,6881
0,0234151	28,7044
0,0234223	28,7207
0,023432	28,737
0,0234387	28,7535
0,0234451	28,77
0,0234546	28,7865
0,0234641	28,803
0,0234707	28,8194
0,0234771	28,8359
0,0234863	28,8526
0,0234951	28,8694
0,023501	28,8862
0,0235097	28,9031
0,0235187	28,9198
0,0235247	28,9365
0,0235332	28,9535
0,0235387	28,9704
0,0235472	28,9874
0,0235558	29,0042
0,0235619	29,021
0,0235709	29,0377
0,0235797	29,0545
0,0235886	29,0713
0,0235945	29,0881
0,0236033	29,1048
0,0236096	29,1214
0,0236187	29,1382
0,0236248	29,1549
0,0236335	29,1716
0,0236421	29,1886
0,0236506	29,2055
0,0236567	29,2223
0,0236652	29,2392
0,0236738	29,2561
0,0236824	29,273
0,0236908	29,29
0,0236991	29,307
0,0237045	29,3241
0,0237126	29,3413
0,0237206	29,3585
0,0237283	29,3758
0,0237353	29,3934
0,0237428	29,4109
0,0237496	29,4286
0,0237591	29,4465
0,0237656	29,4645
0,0237719	29,4825
0,0237809	29,5006
0,023787	29,5187
0,0237927	29,537
0,023801	29,5554
0,0238094	29,5738
0,0238146	29,5924
0,0238228	29,6108
0,0238309	29,6294
0,0238388	29,648
0,0238468	29,6666
0,0238515	29,6854
0,0238589	29,7043
0,0238665	29,7231
0,0238742	29,7418
0,0238819	29,7606
0,0238892	29,7795
0,0238936	29,7984
0,0239036	29,8175
0,0239107	29,8365
0,0239147	29,8556
0,0239244	29,8749
0,0239313	29,8939
0,0239381	29,9131
0,0239448	29,9323
0,0239516	29,9515
0,0239583	29,9707
0,023965	29,99
0,0239716	30,0091
0,0239782	30,0284
0,0239878	30,0477
0,023995	30,0667
0,024002	30,0858
0,024009	30,1048
0,0240158	30,124
0,0240255	30,1432
0,0240321	30,1625
0,0240419	30,1816
0,0240483	30,2009
0,0240552	30,2201
0,0240645	30,2395
0,0240735	30,259
0,0240797	30,2784
0,0240887	30,2979
0,0240947	30,3175
0,0241034	30,3371
0,0241091	30,3569
0,0241176	30,3767
0,0241261	30,3963
0,0241346	30,4161
0,0241429	30,436
0,0241513	30,4558
0,0241569	30,4756
0,0241652	30,4955
0,0241736	30,5152
0,0241821	30,535
0,0241904	30,5548
0,0241989	30,5746
0,0242075	30,5943
0,0242161	30,614
0,0242251	30,6335
0,0242313	30,6529
0,02424	30,6727
0,024249	30,6921
0,0242553	30,7115
0,0242644	30,7311
0,024274	30,7502
0,0242835	30,7695
0,024293	30,7888
0,0242994	30,8082
0,0243086	30,8276
0,0243146	30,8471
0,0243236	30,8667
0,0243326	30,8862
0,0243383	30,9059
0,0243471	30,9255
0,024356	30,945
0,0243674	30,9648
0,0243757	30,9847
0,0243838	31,0046
0,0243919	31,0246
0,0244004	31,0444
0,0244088	31,0642
0,02442	31,084
0,0244315	31,1037
0,0244367	31,1236
0,0244448	31,1437
0,0244531	31,1634
0,0244617	31,1832
0,0244699	31,2031
0,024481	31,223
0,0244861	31,243
0,0244969	31,263
0,0245078	31,2831
0,0245128	31,3031
0,0245239	31,323
0,0245318	31,343
0,0245399	31,363
0,0245479	31,3829
0,0245565	31,4027
0,0245651	31,4223
0,0245736	31,4421
0,0245822	31,4619
0,0245906	31,4817
0,0245963	31,5013
0,0246047	31,5211
0,0246134	31,5409
0,0246186	31,5608
0,0246267	31,5807
0,0246346	31,6008
0,0246428	31,6206
0,0246512	31,6405
0,0246595	31,6604
0,0246677	31,6802
0,0246732	31,7
0,0246817	31,7198
0,0246901	31,7396
0,0246991	31,7591
0,024708	31,7787
0,0247169	31,7982
0,0247257	31,8178
0,0247343	31,8375
0,0247428	31,8573
0,0247514	31,8771
0,0247599	31,8968
0,0247682	31,9166
0,0247734	31,9366
0,0247814	31,9565
0,0247896	31,9764
0,0247979	31,9963
0,0248059	32,0163
0,0248139	32,0364
0,0248249	32,0562
0,0248328	32,0764
0,0248405	32,0965
0,0248482	32,1166
0,0248561	32,1367
0,0248637	32,1568
0,0248714	32,177
0,0248818	32,1972
0,0248867	32,2173
0,0248946	32,2374
0,0249025	32,2574
0,0249105	32,2774
0,0249186	32,2973
0,0249241	32,3171
0,0249323	32,3371
0,0249435	32,3569
0,0249517	32,3768
0,0249568	32,3968
0,0249676	32,4168
0,0249755	32,4369
0,0249832	32,4571
0,0249937	32,4773
0,0250012	32,4975
0,0250082	32,518
0,0250153	32,5384
0,0250223	32,5589
0,0250317	32,5796
0,0250418	32,5999
0,0250486	32,6206
0,0250556	32,6411
0,0250652	32,6617
0,0250749	32,6822
0,0250789	32,7029
0,0250916	32,7234
0,0251011	32,744
0,0251078	32,7646
0,0251177	32,7851
0,0251274	32,8056
0,0251343	32,8263
0,0251443	32,8467
0,0251516	32,867
0,0251616	32,8874
0,0251688	32,9078
0,0251792	32,9281
0,0251869	32,9482
0,0251977	32,9682
0,0252057	32,9883
0,0252167	33,0082
0,0252278	33,028
0,0252362	33,0479
0,0252417	33,0677
0,02525	33,0876
0,0252616	33,1073
0,0252676	33,1268
0,0252766	33,1463
0,0252854	33,1659
0,0252947	33,1853
0,0253041	33,2047
0,0253137	33,2239
0,0253235	33,243
0,0253333	33,2621
0,0253402	33,2812
0,0253475	33,3001
0,0253576	33,3191
0,0253681	33,3379
0,0253792	33,3564
0,025387	33,3751
0,025395	33,3938
0,0254029	33,4123
0,0254136	33,431
0,0254217	33,4496
0,025433	33,468
0,0254411	33,4865
0,0254496	33,5049
0,025461	33,5233
0,0254689	33,542
0,025477	33,5604
0,025485	33,5791
0,0254959	33,5976
0,025504	33,6162
0,0255148	33,6349
0,0255228	33,6534
0,0255307	33,6721
0,0255385	33,6908
0,0255489	33,7096
0,0255571	33,7281
0,0255621	33,7467
0,025573	33,7654
0,0255812	33,7838
0,0255923	33,8023
0,0256005	33,8208
0,025609	33,8392
0,0256143	33,8576
0,0256255	33,8762
0,0256308	33,8946
0,0256419	33,9132
0,02565	33,9317
0,0256582	33,9502
0,0256665	33,9686
0,0256717	33,9872
0,0256794	34,0058
0,0256874	34,0245
0,0256949	34,0433
0,025703	34,0619
0,0257108	34,0805
0,0257186	34,0992
0,0257262	34,118
0,0257337	34,1369
0,0257437	34,156
0,0257478	34,175
0,0257581	34,1939
0,0257649	34,213
0,0257723	34,2319
0,0257791	34,2511
0,0257886	34,2704
0,025795	34,2898
0,0258016	34,3091
0,025811	34,3283
0,0258179	34,3475
0,0258248	34,3667
0,0258343	34,3858
0,0258442	34,405
0,0258504	34,4244
0,0258598	34,4438
0,0258693	34,463
0,0258789	34,4823
0,0258852	34,5017
0,0258912	34,5212
0,0258974	34,5407
0,0259062	34,5603
0,0259123	34,5798
0,0259213	34,5993
0,0259276	34,6187
0,0259337	34,6383
0,0259426	34,6578
0,0259487	34,6773
0,0259579	34,6968
0,0259639	34,7163
0,0259696	34,7361
0,0259783	34,7557
0,0259867	34,7755
0,0259922	34,7953
0,0259977	34,815
0,026006	34,8349
0,0260143	34,8548
0,0260197	34,8746
0,0260279	34,8945
0,0260358	34,9145
0,0260439	34,9345
0,0260519	34,9546
0,0260568	34,9746
0,0260641	34,995
0,0260715	35,0152
0,0260788	35,0356
0,0260831	35,056
0,0260929	35,0765
0,0260967	35,0971
0,0261063	35,1178
0,0261123	35,1386
0,0261184	35,1596
0,0261244	35,1806
0,0261336	35,2014
0,0261395	35,2224
0,0261482	35,2435
0,0261566	35,2647
0,0261621	35,2859
0,0261704	35,3072
0,0261786	35,3285
0,0261839	35,3498
0,0261919	35,3712
0,0262003	35,3924
0,0262083	35,4138
0,0262135	35,4352
0,0262219	35,4564
0,0262272	35,4776
0,0262356	35,4989
0,026244	35,5201
0,0262496	35,5412
0,0262583	35,5624
0,0262643	35,5832
0,0262758	35,6043
0,0262815	35,6255
0,0262902	35,6466
0,0262982	35,6679
0,0263067	35,6891
0,0263151	35,7103
0,0263234	35,7315
0,0263317	35,7528
0,0263396	35,7743
0,0263448	35,7956
0,0263555	35,8171
0,0263635	35,8385
0,0263711	35,8601
0,0263788	35,8817
0,0263894	35,9033
0,0263995	35,925
0,0264068	35,9468
0,026414	35,9685
0,0264241	35,9903
0,0264339	36,0122
0,026441	36,0342
0,0264479	36,056
0,0264579	36,0779
0,0264652	36,0996
0,0264722	36,1216
0,0264824	36,1433
0,0264896	36,165
0,0264998	36,1867
0,0265074	36,2083
0,0265179	36,23
0,0265255	36,2516
0,026533	36,2732
0,0265406	36,2948
0,0265482	36,3164
0,0265589	36,3379
0,0265669	36,3593
0,0265718	36,3808
0,0265799	36,4022
0,0265878	36,4236
0,0265987	36,445
0,0266068	36,4663
0,0266179	36,4876
0,0266259	36,509
0,0266339	36,5305
0,0266419	36,5519
0,026653	36,5732
0,026661	36,5946
0,0266688	36,6161
0,0266798	36,6374
0,0266846	36,659
0,0266952	36,6805
0,0267001	36,702
0,0267078	36,7236
0,0267184	36,7451
0,0267287	36,7668
0,0267358	36,7887
0,0267429	36,8105
0,02675	36,8322
0,0267599	36,8542
0,0267673	36,8759
0,0267747	36,8976
0,0267821	36,9193
0,0267926	36,9409
0,026803	36,9625
0,0268107	36,9841
0,0268187	37,0055
0,0268266	37,027
0,0268345	37,0484
0,0268426	37,0698
0,0268507	37,091
0,0268585	37,1126
0,0268665	37,134
0,0268745	37,1554
0,0268827	37,1767
0,0268912	37,1978
0,0268993	37,2192
0,0269078	37,2405
0,0269161	37,2616
0,0269247	37,2827
0,0269332	37,3039
0,0269414	37,3252
0,0269526	37,3465
0,0269609	37,3678
0,026969	37,3891
0,0269767	37,4106
0,0269845	37,4321
0,0269921	37,4537
0,0270025	37,4754
0,0270097	37,4972
0,0270198	37,5189
0,0270273	37,5406
0,0270343	37,5625
0,0270441	37,5844
0,0270512	37,6063
0,0270583	37,6281
0,0270682	37,6499
0,0270781	37,6718
0,027085	37,6938
0,0270921	37,7157
0,0271022	37,7374
0,0271093	37,7593
0,0271194	37,7811
0,0271265	37,8028
0,0271362	37,8248
0,0271435	37,8467
0,0271508	37,8684
0,0271612	37,89
0,0271691	37,9115
0,0271767	37,9331
0,0271842	37,9547
0,027192	37,9762
0,0271998	37,9977
0,0272078	38,0191
0,027216	38,0404
0,0272267	38,0619
0,0272348	38,0832
0,0272452	38,1048
0,0272529	38,1264
0,027261	38,1478
0,0272723	38,169
0,0272807	38,1902
0,0272893	38,2113
0,0272977	38,2325
0,0273062	38,2536
0,027315	38,2748
0,0273267	38,2957
0,0273359	38,3165
0,027345	38,3375
0,0273567	38,3585
0,0273626	38,3795
0,0273713	38,4005
0,0273803	38,4214
0,0273894	38,4424
0,0273985	38,4631
0,0274075	38,4841
0,0274163	38,5051
0,0274257	38,5259
0,0274349	38,5466
0,0274447	38,5671
0,0274544	38,5877
0,0274612	38,6084
0,0274711	38,6289
0,0274785	38,6491
0,0274889	38,6694
0,0274968	38,6894
0,027505	38,7093
0,027516	38,7292
0,0275246	38,749
0,0275328	38,7689
0,0275442	38,7885
0,027553	38,8083
0,027561	38,8282
0,0275692	38,8481
0,0275779	38,8678
0,0275892	38,8877
0,0275977	38,9073
0,0276065	38,927
0,0276148	38,9468
0,0276235	38,9665
0,0276378	38,9863
0,0276461	39,0061
0,0276521	39,0257
0,0276638	39,0453
0,0276719	39,0652
0,0276831	39,0851
0,0276912	39,1051
0,0276993	39,125
0,0277105	39,1449
0,0277187	39,1648
0,0277271	39,1845
0,0277351	39,2046
0,0277461	39,2245
0,0277538	39,2446
0,0277619	39,2646
0,0277729	39,2845
0,0277809	39,3045
0,0277917	39,3246
0,0277996	39,3447
0,0278074	39,3647
0,0278153	39,3847
0,0278236	39,4046
0,0278283	39,4248
0,0278365	39,4447
0,0278477	39,4646
0,027853	39,4845
0,0278615	39,5042
0,0278698	39,5241
0,0278779	39,544
0,0278861	39,5639
0,0278938	39,5841
0,027902	39,604
0,0279103	39,6239
0,0279184	39,6438
0,0279263	39,6638
0,0279345	39,6837
0,0279395	39,7037
0,0279478	39,7236
0,0279561	39,7435
0,0279643	39,7634
0,0279729	39,7831
0,0279842	39,803
0,0279898	39,8227
0,0279982	39,8425
0,0280093	39,8624
0,0280172	39,8824
0,0280223	39,9024
0,0280329	39,9226
0,0280408	39,9426
0,0280487	39,9626
0,0280562	39,9829
0,0280636	40,0031
0,0280709	40,0235
0,0280782	40,0439
0,0280883	40,0643
0,0280957	40,0846
0,0281027	40,1051
0,0281126	40,1255
0,0281224	40,1461
0,0281291	40,1667
0,0281361	40,1871
0,028143	40,2076
0,0281528	40,2282
0,0281598	40,2488
0,0281636	40,2693
0,028173	40,29
0,0281801	40,3105
0,0281901	40,3309
0,028197	40,3514
0,0282068	40,3719
0,0282105	40,3927
0,0282197	40,4134
0,0282261	40,4342
0,0282354	40,4551
0,0282417	40,4758
0,0282511	40,4966
0,0282602	40,5174
0,0282657	40,5385
0,0282744	40,5597
0,0282825	40,581
0,0282909	40,6023
0,0282962	40,6236
0,0283044	40,6449
0,0283152	40,6664
0,0283232	40,6877
0,0283312	40,7091
0,0283391	40,7306
0,0283502	40,7518
0,0283556	40,7732
0,0283639	40,7944
0,0283753	40,8155
0,0283837	40,8368
0,0283921	40,858
0,0284003	40,8792
0,0284116	40,9005
0,0284167	40,9218
0,0284279	40,9431
0,0284392	40,9643
0,0284476	40,9856
0,0284532	41,0067
0,0284618	41,0278
0,0284705	41,0489
0,028476	41,0702
0,0284851	41,0909
0,0284943	41,1118
0,0285041	41,1323
0,0285109	41,1529
0,0285204	41,1736
0,0285272	41,1942
0,0285371	41,2146
0,0285468	41,2352
0,0285567	41,2557
0,0285641	41,276
0,0285711	41,2965
0,028581	41,317
0,0285907	41,3375
0,0286005	41,3581
0,0286074	41,3786
0,0286141	41,3993
0,0286237	41,4199
0,0286334	41,4404
0,0286404	41,4609
0,0286472	41,4814
0,0286569	41,502
0,0286665	41,5227
0,0286728	41,5436
0,0286819	41,5644
0,0286911	41,5852
0,0286974	41,6061
0,0287068	41,6268
0,028716	41,6476
0,0287248	41,6686
0,0287337	41,6895
0,0287393	41,7107
0,0287483	41,7317
0,0287544	41,7525
0,0287635	41,7734
0,0287727	41,7943
0,0287815	41,8153
0,0287874	41,8363
0,0287964	41,8572
0,0288029	41,8779
0,0288125	41,8985
0,0288193	41,9192
0,028829	41,9397
0,0288387	41,9603
0,0288483	41,9809
0,0288582	42,0014
0,0288682	42,0218
0,0288752	42,0423
0,028882	42,0628
0,0288916	42,0835
0,0288982	42,1042
0,0289075	42,125
0,0289166	42,1458
0,0289254	42,1668
0,0289342	42,1878
0,02894	42,209
0,0289484	42,2302
0,0289539	42,2513
0,0289625	42,2724
0,0289706	42,2938
0,0289787	42,3152
0,0289872	42,3363
0,0289985	42,3576
0,029007	42,3787
0,0290129	42,3997
0,029024	42,4211
0,0290325	42,4422
0,0290381	42,4633
0,0290465	42,4845
0,0290552	42,5055
0,0290638	42,5267
0,0290723	42,5479
0,0290808	42,569
0,0290893	42,5901
0,0290976	42,6115
0,0291062	42,6326
0,0291148	42,6537
0,0291232	42,6749
0,0291287	42,6961
0,0291373	42,7172
0,0291457	42,7385
0,0291514	42,7596
0,02916	42,7807
0,0291655	42,8018
0,0291743	42,8229
0,029183	42,8439
0,0291889	42,8649
0,029198	42,8858
0,0292042	42,9067
0,0292133	42,9275
0,0292195	42,9484
0,0292284	42,9694
0,0292375	42,9903
0,0292439	43,011
0,0292533	43,0318
0,0292625	43,0525
0,0292717	43,0734
0,0292778	43,0943
0,0292871	43,115
0,0292964	43,1359
0,0293057	43,1567
0,0293148	43,1775
0,0293211	43,1983
0,0293272	43,2193
0,0293361	43,2402
0,029345	43,2612
0,0293538	43,2822
0,0293659	43,303
0,0293748	43,324
0,0293835	43,345
0,0293929	43,3658
0,0293993	43,3865
0,0294092	43,407
0,0294193	43,4274
0,0294264	43,4478
0,0294365	43,4682
0,0294441	43,4885
0,0294546	43,5086
0,0294656	43,5286
0,0294741	43,5483
0,0294821	43,5683
0,0294932	43,5882
0,0295017	43,608
0,0295099	43,6279
0,0295185	43,6475
0,0295274	43,6672
0,0295359	43,6869
0,0295445	43,7066
0,0295532	43,7262
0,0295617	43,746
0,0295735	43,7656
0,0295822	43,7853
0,0295876	43,8051
0,0295989	43,825
0,0296074	43,8447
0,0296158	43,8644
0,0296247	43,8841
0,0296334	43,9037
0,0296419	43,9235
0,0296506	43,9432
0,0296588	43,9631
0,0296674	43,9827
0,029676	44,0025
0,0296848	44,022
0,0296963	44,0418
0,029705	44,0615
0,0297107	44,0811
0,0297219	44,101
0,0297306	44,1207
0,0297391	44,1404
0,0297479	44,1601
0,0297567	44,1796
0,0297623	44,1994
0,029771	44,219
0,0297797	44,2387
0,0297858	44,2582
0,0297946	44,2779
0,0298039	44,2972
0,02981	44,3167
0,0298222	44,3361
0,0298286	44,3555
0,0298351	44,3748
0,0298447	44,394
0,0298543	44,4133
0,0298613	44,4323
0,0298708	44,4516
0,0298805	44,4708
0,0298873	44,4899
0,0298969	44,5091
0,0299066	44,5284
0,0299134	44,5475
0,0299229	44,5667
0,0299329	44,5859
0,0299429	44,6049
0,0299498	44,624
0,0299598	44,643
0,0299668	44,6622
0,0299738	44,6812
0,0299839	44,7001
0,0299881	44,7192
0,0300008	44,7383
0,0300046	44,7575
0,030014	44,7769
0,0300232	44,7962
0,0300296	44,8156
0,0300386	44,8351
0,0300446	44,8547
0,0300503	44,8744
0,0300617	44,8941
0,0300674	44,9139
0,030076	44,9336
0,0300845	44,9533
0,03009	44,9732
0,0300983	44,993
0,0301035	45,013
0,0301121	45,0326
0,0301208	45,0523
0,0301296	45,0719
0,0301353	45,0916
0,030144	45,1113
0,0301498	45,1309
0,0301583	45,1507
0,0301671	45,1703
0,0301726	45,1901
0,0301809	45,21
0,030189	45,2299
0,0301969	45,2499
0,0302018	45,2701
0,0302097	45,2901
0,0302174	45,3102
0,030225	45,3305
0,0302324	45,3508
0,0302397	45,371
0,0302443	45,3913
0,0302517	45,4115
0,0302617	45,4319
0,0302687	45,4524
0,0302754	45,4732
0,0302847	45,4939
0,0302907	45,5148
0,0302997	45,5358
0,0303087	45,5567
0,0303173	45,5778
0,0303257	45,599
0,0303342	45,6202
0,0303423	45,6415
0,0303504	45,6629
0,0303585	45,6843
0,0303638	45,7056
0,0303714	45,7271
0,030382	45,7487
0,0303866	45,7703
0,0303945	45,7918
0,0304023	45,8133
0,0304099	45,8349
0,0304178	45,8564
0,030426	45,8776
0,030434	45,899
0,0304423	45,9203
0,030451	45,9413
0,0304564	45,9626
0,0304651	45,9837
0,0304732	46,0051
0,0304816	46,0262
0,0304871	46,0474
0,0304982	46,0688
0,0305061	46,0901
0,0305144	46,1115
0,0305225	46,1329
0,0305308	46,1541
0,0305393	46,1752
0,0305476	46,1965
0,0305562	46,2176
0,0305647	46,2388
0,0305733	46,2598
0,0305821	46,2808
0,030591	46,3018
0,0305998	46,3228
0,0306085	46,3439
0,0306169	46,3652
0,0306254	46,3863
0,0306338	46,4075
0,0306424	46,4286
0,0306538	46,4498
0,0306592	46,471
0,0306707	46,4921
0,0306789	46,5135
0,0306873	46,5347
0,0306957	46,5558
0,0307015	46,577
0,0307101	46,5981
0,0307187	46,6192
0,0307272	46,6403
0,0307358	46,6614
0,0307447	46,6824
0,0307534	46,7034
0,0307625	46,7243
0,0307714	46,7453
0,0307777	46,7662
0,0307869	46,7869
0,0307962	46,8077
0,0308032	46,8282
0,0308128	46,8488
0,0308226	46,8694
0,0308293	46,8899
0,0308393	46,9104
0,0308492	46,9308
0,0308592	46,9513
0,0308663	46,9717
0,030876	46,9924
0,030886	47,0127
0,0308931	47,0333
0,0309059	47,0536
0,0309131	47,0741
0,0309199	47,0947
0,0309293	47,1154
0,0309389	47,136
0,0309487	47,1565
0,0309583	47,1772
0,0309681	47,1977
0,0309777	47,2183
0,030987	47,2391
0,0309939	47,2597
0,0310034	47,2803
0,0310131	47,301
0,0310228	47,3215
0,0310325	47,3421
0,0310418	47,3628
0,0310485	47,3835
0,0310551	47,4041
0,0310648	47,4247
0,0310745	47,4454
0,0310813	47,4659
0,031088	47,4865
0,031095	47,507
0,0311019	47,5275
0,0311088	47,548
0,0311188	47,5685
0,0311259	47,5889
0,0311327	47,6094
0,0311426	47,6301
0,0311524	47,6506
0,0311559	47,6713
0,0311656	47,6918
0,0311724	47,7125
0,0311821	47,7331
0,0311919	47,7536
0,0311987	47,7741
0,0312054	47,7947
0,0312121	47,8154
0,0312216	47,8361
0,0312279	47,8569
0,0312375	47,8775
0,0312438	47,8984
0,0312531	47,9191
0,0312624	47,9399
0,0312683	47,9609
0,0312771	47,9819
0,0312858	48,003
0,0312918	48,024
0,0313004	48,0451
0,0313066	48,066
0,0313153	48,087
0,0313241	48,108
0,0313325	48,1292
0,031341	48,1503
0,0313495	48,1716
0,0313553	48,1926
0,0313667	48,2138
0,031375	48,235
0,031381	48,256
0,0313894	48,2771
0,0313981	48,2983
0,0314071	48,3191
0,0314129	48,3403
0,0314189	48,3611
0,0314276	48,3823
0,0314364	48,4032
0,0314451	48,4244
0,0314512	48,4452
0,0314596	48,4665
0,0314681	48,4876
0,0314735	48,5088
0,0314813	48,5303
0,0314864	48,5518
0,0314971	48,5733
0,0315046	48,5949
0,0315118	48,6167
0,031519	48,6385
0,0315287	48,6604
0,0315355	48,6824
0,0315449	48,7045
0,0315514	48,7267
0,0315578	48,7488
0,0315669	48,7712
0,031576	48,7934
0,0315825	48,8156
0,0315919	48,8377
0,0315985	48,8598
0,0316076	48,882
0,0316167	48,9043
0,031623	48,9266
0,031632	48,9489
0,0316412	48,9711
0,0316477	48,9932
0,0316566	49,0156
0,0316656	49,0379
0,0316747	49,0602
0,0316807	49,0826
0,0316898	49,1048
0,0316963	49,127
0,0317055	49,1492
0,0317121	49,1713
0,0317215	49,1934
0,0317281	49,2155
0,0317377	49,2375
0,0317474	49,2594
0,0317541	49,2815
0,0317638	49,3035
0,0317711	49,3252
0,0317779	49,3472
0,0317881	49,3689
0,0317952	49,3908
0,031805	49,4128
0,0318122	49,4345
0,0318223	49,4563
0,0318295	49,4781
0,0318396	49,4999
0,0318467	49,5218
0,0318566	49,5436
0,0318664	49,5655
0,0318735	49,5875
0,0318834	49,6093
0,0318906	49,631
0,0319005	49,6529
0,0319075	49,6749
0,0319173	49,6967
0,0319275	49,7184
0,0319347	49,7403
0,0319419	49,7621
0,0319518	49,784
0,0319587	49,806
0,0319686	49,8278
0,0319785	49,8497
0,0319886	49,8715
0,0319958	49,8932
0,032006	49,9151
0,032013	49,9369
0,0320232	49,9587
0,0320304	49,9804
0,0320383	50,0019
0,0320461	50,0234
0,032057	50,0447
0,032065	50,0662
0,0320726	50,0877
0,0320804	50,1093
0,0320911	50,1308
0,0320987	50,1524
0,032109	50,174
0,0321167	50,1956
0,0321237	50,2175
0,0321306	50,2394
0,03214	50,2615
0,0321495	50,2836
0,0321587	50,3058
0,0321652	50,3281
0,0321741	50,3504
0,0321832	50,3726
0,0321894	50,3949
0,0321981	50,4174
0,0322043	50,4396
0,0322161	50,462
0,0322223	50,4843
0,0322316	50,5065
0,0322407	50,5287
0,0322498	50,5511
0,0322561	50,5733
0,0322653	50,5955
0,0322715	50,6177
0,0322807	50,6399
0,03229	50,6622
0,0322993	50,6844
0,0323057	50,7065
0,0323118	50,7288
0,032321	50,751
0,0323277	50,7731
0,0323373	50,7951
0,0323439	50,8172
0,0323537	50,8392
0,0323604	50,8611
0,0323668	50,8834
0,0323761	50,9056
0,0323854	50,9277
0,0323923	50,9496
0,0323995	50,9714
0,0324095	50,9932
0,0324196	51,0151
0,0324266	51,0369
0,0324366	51,0588
0,0324471	51,0804
0,032455	51,1017
0,0324634	51,123
0,0324747	51,1442
0,032483	51,1655
0,0324913	51,1867
0,0324995	51,2081
0,0325105	51,2294
0,0325163	51,2505
0,0325275	51,2717
0,032539	51,2928
0,0325474	51,314
0,0325586	51,3353
0,0325669	51,3565
0,0325754	51,3777
0,0325835	51,3991
0,0325921	51,4202
0,0326037	51,4412
0,0326128	51,4621
0,032625	51,4828
0,0326313	51,5037
0,0326376	51,5245
0,0326476	51,545
0,0326578	51,5654
0,0326682	51,5855
0,0326792	51,6055
0,0326901	51,6255
0,0326981	51,6456
0,0327088	51,6656
0,0327199	51,6855
0,0327286	51,7051
0,0327378	51,7245
0,0327495	51,7442
0,0327585	51,7637
0,0327705	51,7833
0,03278	51,8024
0,0327926	51,8217
0,0328027	51,8406
0,0328159	51,8595
0,0328262	51,8783
0,0328368	51,8971
0,03285	51,9161
0,032861	51,9346
0,0328723	51,9531
0,0328839	51,9712
0,0328955	51,9896
0,0329075	52,0076
0,0329201	52,0253
0,0329308	52,0427
0,0329453	52,0595
0,0329609	52,0759
0,0329767	52,0907
0,0371576	50,0907
