# from http://www.randomwalk.de/sphere/insphr/spisbest.txt
1  1.0000000
2  0.5000000
3  0.4641016
4  0.4494897
5  0.4142135
6  0.4142135
7  0.3859136
8  0.3780248
9  0.3660254
10  0.3530494
11  0.3445765
12  0.3445765
13  0.3333333
14  0.3235046
15  0.3183048
16  0.3109759
17  0.3056940
18  0.3012965
19  0.2953323
20  0.2878907
21  0.2868327
22  0.2793425
23  0.2756707
24  0.2713413
25  0.2711918
26  0.2668513
27  0.2622321
28  0.2603055
29  0.2579255
30  0.2553306
31  0.2531162
32  0.2507874
33  0.2487624
34  0.2470527
35  0.2448337
36  0.2431322
37  0.2406866
38  0.2405156
39  0.2367452
40  0.2349992
41  0.2327559
42  0.2321190
43  0.2297330
44  0.2281629
45  0.2269116
46  0.2251681
47  0.2235070
48  0.2224059
49  0.2212751
50  0.2197529
51  0.2178888
52  0.2167665
53  0.2157772
54  0.2146846
55  0.2132680
56  0.2126136
57  0.2108661
58  0.2103022
59  0.2096252
60  0.2094269
61  0.2089123
62  0.2058170
63  0.2047140
64  0.2036646
65  0.2027475
66  0.2019158
67  0.2004429
68  0.1997220
69  0.1987922
70  0.1983310
71  0.1969787
72  0.1958001