"Maximum force",40.6012,"N"
"Gage length ",0.983142,"mm"
"Strain energy",0.439987,"mJ"
"Deformation at maximum force",0.0219152,"mm"
"Standard travel","Standard force"
"mm","N"
0,0.290927
-1.76579e-006,0.291767
-4.69387e-007,0.292526
-1.73599e-006,0.293128
-1.56462e-007,0.293754
1.51247e-006,0.294341
4.39584e-007,0.294853
2.03401e-006,0.295471
8.34465e-007,0.296043
-1.08033e-007,0.296491
1.84402e-006,0.296937
7.33882e-007,0.297468
2.64123e-006,0.297941
1.35973e-006,0.298551
3.31551e-007,0.299037
1.99303e-006,0.299625
8.90344e-007,0.300147
-3.72529e-008,0.300588
-8.3074e-007,0.300966
1.16602e-006,0.301395
4.73112e-007,0.301725
-1.86265e-007,0.302038
-8.15839e-007,0.302335
1.44914e-006,0.302633
7.86036e-007,0.302955
2.38419e-007,0.303213
-2.08616e-007,0.303425
-6.85453e-007,0.303652
1.65403e-006,0.303919
1.12876e-006,0.304169
6.33299e-007,0.304405
8.56817e-008,0.304662
-4.76837e-007,0.304929
-9.38773e-007,0.305149
-1.40257e-006,0.305369
-1.79932e-006,0.305557
-2.27615e-006,0.305784
-2.70829e-006,0.305988
-3.12179e-006,0.306183
-3.5353e-006,0.306379
-3.93204e-006,0.306568
-4.39398e-006,0.306787
-4.80749e-006,0.306982
-5.33648e-006,0.307232
-5.66803e-006,0.30739
-3.10503e-006,0.307546
-3.42168e-006,0.307703
-3.83519e-006,0.307899
-4.05125e-006,0.308001
-4.38094e-006,0.308157
-4.72739e-006,0.308322
-4.9267e-006,0.308416
-5.05894e-006,0.308479
-4.94439e-006,0.308425
-5.04311e-006,0.308471
-5.19119e-006,0.308542
-5.32344e-006,0.308604
-5.48922e-006,0.308683
-5.88596e-006,0.30887
-6.08433e-006,0.308965
-6.43078e-006,0.309129
-3.65917e-006,0.309192
-3.87244e-006,0.309294
-4.25242e-006,0.309474
-4.68269e-006,0.309677
-4.97885e-006,0.309818
-5.40912e-006,0.310023
-5.74067e-006,0.310179
-6.0536e-006,0.310328
-6.13742e-006,0.310367
-6.13765e-006,0.310368
-6.30249e-006,0.310446
-6.55022e-006,0.310563
-6.61681e-006,0.310594
-6.63358e-006,0.310603
-6.716e-006,0.310642
-6.73276e-006,0.31065
-6.6671e-006,0.310618
-6.56792e-006,0.310571
-6.69924e-006,0.310634
-6.88084e-006,0.31072
-7.11274e-006,0.310829
-7.29435e-006,0.310916
-7.57561e-006,0.311048
-7.84011e-006,0.311174
-7.95606e-006,0.311229
-8.07154e-006,0.311284
-8.25315e-006,0.31137
-8.31974e-006,0.311402
-8.51811e-006,0.311495
-8.68295e-006,0.311574
-8.76584e-006,0.311613
-8.76627e-006,0.311613
-8.65079e-006,0.311558
-8.58467e-006,0.311527
-8.65033e-006,0.311558
-8.66697e-006,0.311566
-8.71657e-006,0.31159
-9.04625e-006,0.311746
-9.12961e-006,0.311785
-9.17943e-006,0.311809
-9.27862e-006,0.311856
-9.31168e-006,0.311872
-9.3778e-006,0.311903
-9.59201e-006,0.312005
-9.79038e-006,0.312099
-9.84067e-006,0.312122
-1.0039e-005,0.312216
-1.00393e-005,0.312217
-1.00889e-005,0.31224
-1.00227e-005,0.312209
-9.9566e-006,0.312178
-1.00558e-005,0.312224
-1.02039e-005,0.312295
-1.01882e-005,0.312287
-1.02375e-005,0.31231
-1.03698e-005,0.312373
-1.04194e-005,0.312397
-1.05516e-005,0.312459
-1.07332e-005,0.312545
-1.09809e-005,0.312663
-1.12128e-005,0.312772
-1.13944e-005,0.312859
-1.15602e-005,0.312937
-1.15437e-005,0.31293
-1.13956e-005,0.312859
-1.1329e-005,0.312828
-1.11968e-005,0.312765
-1.09984e-005,0.312671
-1.08336e-005,0.312593
-1.07339e-005,0.312546
-1.07336e-005,0.312546
-1.05688e-005,0.312467
-1.05352e-005,0.312452
-1.05517e-005,0.312459
-1.06671e-005,0.312514
-1.09149e-005,0.312632
-1.10965e-005,0.312718
-1.13945e-005,0.312858
-1.17074e-005,0.313008
-1.19403e-005,0.313117
-1.21051e-005,0.313196
-1.22373e-005,0.313258
-1.23039e-005,0.31329
-1.24031e-005,0.313337
-1.24364e-005,0.313353
-1.22716e-005,0.313274
-1.22546e-005,0.313266
-1.21554e-005,0.313219
-1.1876e-005,0.313087
-1.16599e-005,0.312984
-1.12967e-005,0.312813
-1.13286e-005,0.312828
-1.12462e-005,0.312789
-1.1411e-005,0.312867
-1.1527e-005,0.312922
-1.18231e-005,0.313062
-1.19731e-005,0.313133
-1.22041e-005,0.313242
-1.2436e-005,0.313352
-1.26343e-005,0.313447
-1.28988e-005,0.313572
-1.29158e-005,0.31358
-1.30313e-005,0.313635
-1.29987e-005,0.313619
-1.29985e-005,0.313619
-1.2883e-005,0.313564
-1.27508e-005,0.313502
-1.26018e-005,0.313431
-1.25357e-005,0.3134
-1.24695e-005,0.313368
-1.24695e-005,0.313368
-1.2453e-005,0.31336
-1.26513e-005,0.313454
-1.25689e-005,0.313415
-1.25359e-005,0.3134
-1.25852e-005,0.313423
-1.27007e-005,0.313478
-1.27505e-005,0.313501
-1.27836e-005,0.313517
-1.2866e-005,0.313556
-1.29489e-005,0.313595
-1.3015e-005,0.313627
-1.28837e-005,0.313564
-1.30811e-005,0.313658
-1.32795e-005,0.313752
-1.32796e-005,0.313752
-1.33457e-005,0.313783
-1.33622e-005,0.313791
-1.35103e-005,0.313861
-1.361e-005,0.313909
-1.38912e-005,0.314041
-1.40728e-005,0.314128
-1.43206e-005,0.314246
-1.45851e-005,0.314371
-1.48663e-005,0.314504
-1.54586e-005,0.314785
-1.59727e-005,0.315029
-1.39164e-005,0.315427
-9.05859e-006,0.315883
-1.66761e-006,0.316501
5.66376e-006,0.317157
1.53793e-005,0.318058
2.77771e-005,0.319072
3.67774e-005,0.320308
5.13209e-005,0.321674
6.28246e-005,0.323108
7.38515e-005,0.324794
9.03024e-005,0.326595
0.000106515,0.328563
0.00012237,0.330684
0.000140847,0.332973
0.000156106,0.335384
0.00017363,0.338085
0.000190915,0.340938
0.000207247,0.344204
0.000222625,0.347927
0.00024289,0.352108
0.000256063,0.356868
0.000273706,0.362239
0.000290276,0.368221
0.000305117,0.374935
0.000318409,0.382412
0.000333251,0.390529
0.000346364,0.39944
0.000361027,0.409023
0.000374259,0.419277
0.000386478,0.43008
0.000397683,0.441249
0.000411035,0.452846
0.000423433,0.46487
0.000438155,0.477199
0.000452043,0.489894
0.000465156,0.502956
0.000480534,0.516262
0.000492753,0.529811
0.000510277,0.543544
0.000527204,0.557582
0.000543417,0.571865
0.000562014,0.586513
0.000576915,0.601467
0.00059122,0.616787
0.000607551,0.632412
0.000626029,0.648403
0.00064403,0.66476
0.000661196,0.681362
0.000680508,0.69833
0.000696362,0.715663
0.000714482,0.733242
0.000732125,0.751064
0.000751914,0.769252
0.000768484,0.787563
0.000787915,0.805873
0.000806869,0.824428
0.000828089,0.843227
0.00084597,0.862392
0.000866116,0.881801
0.000885548,0.901455
0.000904383,0.921474
0.000925363,0.94186
0.00094551,0.962612
0.000961961,0.98373
0.000983418,1.00521
0.00100404,1.02719
0.00102383,1.0494
0.0010429,1.07211
0.00106138,1.09494
0.001082,1.11825
0.00110489,1.14181
0.00112718,1.16574
0.00114602,1.18991
0.001167,1.21432
0.00119025,1.2391
0.00121278,1.26425
0.00123447,1.28976
0.00125557,1.31564
0.00127906,1.34164
0.00130183,1.36813
0.00132424,1.39462
0.00134581,1.4216
0.00136656,1.44894
0.00138968,1.47665
0.00141186,1.5046
0.00143343,1.53292
0.0014543,1.56173
0.00147718,1.59079
0.00149673,1.62008
0.00152439,1.64962
0.00155133,1.67953
0.00157458,1.70993
0.00159723,1.74044
0.00161904,1.77145
0.00164265,1.80294
0.00166828,1.83493
0.00169021,1.86715
0.00171727,1.89987
0.0017429,1.93307
0.0017677,1.96676
0.00179428,2.00094
0.00182051,2.03537
0.00184614,2.07003
0.00186843,2.10495
0.0018962,2.1401
0.00191814,2.17501
0.00194246,2.21041
0.00196642,2.24581
0.00199276,2.2817
0.00201863,2.31759
0.00204653,2.35397
0.00207061,2.39059
0.00209373,2.42794
0.00212187,2.46554
0.00214595,2.50387
0.00217194,2.54245
0.00219709,2.58151
0.00222451,2.62081
0.00224799,2.66061
0.00227362,2.70089
0.00230187,2.74118
0.00232667,2.7817
0.00235373,2.82272
0.00237733,2.86373
0.00240344,2.90524
0.00242895,2.94674
0.00245363,2.98873
0.00248057,3.03122
0.00250691,3.0737
0.00253254,3.11666
0.0025571,3.16012
0.0025838,3.20407
0.00260967,3.24826
0.00263769,3.29269
0.00266487,3.33786
0.00269407,3.38302
0.0027228,3.42868
0.0027538,3.47457
0.00278157,3.52072
0.00280875,3.5671
0.00283831,3.61373
0.00286454,3.66037
0.00289327,3.70748
0.0029214,3.7546
0.00294918,3.80221
0.00297636,3.84982
0.00300592,3.89791
0.00303453,3.94625
0.00306207,3.99533
0.00308865,4.04464
0.00311726,4.09445
0.00314516,4.1445
0.00317544,4.19503
0.00320214,4.24557
0.00322801,4.29684
0.00325591,4.34835
0.00328046,4.40011
0.00330705,4.45211
0.00333327,4.50436
0.00336152,4.55709
0.00338882,4.61032
0.00341481,4.66427
0.00343949,4.71847
0.00346881,4.77365
0.00349707,4.82907
0.00352413,4.88497
0.00355309,4.94162
0.00358123,4.9985
0.00360555,5.05587
0.00363523,5.11349
0.00365847,5.17135
0.0036841,5.22921
0.00370652,5.28756
0.00373417,5.34616
0.00376123,5.40499
0.0037846,5.46408
0.00381297,5.52365
0.00383788,5.58346
0.00386804,5.64352
0.00389475,5.70382
0.00392407,5.76437
0.00395268,5.82516
0.0039807,5.88644
0.0040049,5.94772
0.00403458,6.00949
0.00406391,6.0715
0.00409204,6.13375
0.0041222,6.19674
0.00415367,6.26022
0.00418121,6.32418
0.00421292,6.38913
0.00424677,6.45407
0.00427681,6.51998
0.00430876,6.5859
0.00433999,6.65231
0.00437015,6.71969
0.00439698,6.78659
0.00442296,6.85446
0.00445146,6.92184
0.00448245,6.9902
0.00451011,7.05807
0.00453752,7.12643
0.00457019,7.19479
0.00460237,7.26364
0.00463408,7.33248
0.0046621,7.40231
0.00469226,7.47164
0.00471884,7.54196
0.00475079,7.61227
0.00477892,7.68258
0.00481159,7.75387
0.00484306,7.82614
0.00487358,7.8984
0.00490934,7.97067
0.00494176,8.04342
0.00497729,8.11618
0.00501233,8.18942
0.00504476,8.26217
0.00507695,8.33493
0.00510627,8.40768
0.0051356,8.48043
0.00516802,8.55319
0.00520069,8.62594
0.00523883,8.6987
0.00527122,8.77206
0.00530889,8.84482
0.00534299,8.91806
0.00537661,8.99179
0.00540998,9.06552
0.00544265,9.13974
0.00547746,9.21396
0.00551131,9.28866
0.00554421,9.36435
0.00557616,9.44003
0.00561073,9.51572
0.00564793,9.59189
0.00568488,9.66806
0.0057185,9.74423
0.00575211,9.82089
0.00578227,9.89755
0.00581851,9.97372
0.00584891,10.0504
0.00587919,10.127
0.00591495,10.2037
0.00594762,10.2804
0.00598553,10.3575
0.00602343,10.4347
0.00605824,10.5118
0.00609234,10.5894
0.00612667,10.6666
0.00615719,10.7442
0.00619343,10.8224
0.00622943,10.9005
0.00626758,10.9786
0.00630835,11.0572
0.00634816,11.1358
0.00639036,11.2149
0.00642875,11.295
0.00646689,11.3746
0.00650385,11.4547
0.00654319,11.5352
0.00657633,11.6163
0.00661447,11.6974
0.00665524,11.7784
0.00669578,11.86
0.00673321,11.941
0.00677302,12.023
0.0068126,12.1046
0.00684884,12.1866
0.00688746,12.2686
0.00692537,12.3517
0.00696304,12.4342
0.00700596,12.5172
0.00704863,12.6002
0.0070906,12.6837
0.00713518,12.7672
0.00717667,12.8507
0.00721744,12.9347
0.0072582,13.0186
0.00729874,13.1026
0.00733664,13.1866
0.00738075,13.2706
0.00742224,13.3541
0.00746682,13.4376
0.00751427,13.5216
0.00755837,13.6051
0.00759938,13.6891
0.0076423,13.7735
0.0076845,13.858
0.0077286,13.943
0.00777486,14.0289
0.00782373,14.1143
0.00787166,14.2003
0.00792196,14.2867
0.00796822,14.3736
0.00801137,14.4605
0.00805405,14.5479
0.00809648,14.6353
0.00814178,14.7227
0.00818661,14.8101
0.00823095,14.898
0.00828054,14.9859
0.00832894,15.0748
0.00837067,15.1637
0.00841167,15.253
0.00845721,15.3429
0.00850132,15.4337
0.00854781,15.5245
0.00859669,15.6158
0.00864556,15.7071
0.0086973,15.7984
0.00874618,15.8893
0.00879457,15.9806
0.00884583,16.0719
0.00889376,16.1637
0.00893906,16.2555
0.00899032,16.3468
0.00904134,16.4381
0.00909474,16.5299
0.00914672,16.6222
0.00919178,16.7154
0.00924089,16.8092
0.00928929,16.9034
0.00933984,16.9977
0.00939277,17.0924
0.00944903,17.1871
0.00950458,17.2818
0.00955441,17.3766
0.00960472,17.4713
0.00965217,17.566
0.00969985,17.6607
0.00974467,17.755
0.0097945,17.8492
0.00985005,17.943
0.0099056,18.0367
0.00996092,18.131
0.0100124,18.2252
0.0100599,18.3204
0.0101121,18.4156
0.010161,18.5113
0.0102158,18.607
0.0102701,18.7027
0.0103243,18.7989
0.0103808,18.8951
0.0104277,18.9918
0.0104773,19.0885
0.0105238,19.1852
0.0105703,19.2823
0.0106228,19.379
0.010669,19.4757
0.0107205,19.5733
0.0107682,19.671
0.0108152,19.7686
0.0108581,19.8673
0.0109027,19.9664
0.0109494,20.066
0.0109957,20.1661
0.0110476,20.2657
0.0110956,20.3663
0.0111461,20.4669
0.0111928,20.5675
0.0112365,20.6685
0.0112822,20.7701
0.0113282,20.8717
0.0113771,20.9727
0.0114293,21.0738
0.0114785,21.1749
0.0115271,21.2765
0.0115719,21.3785
0.0116191,21.4806
0.0116687,21.5831
0.0117207,21.6856
0.0117753,21.7882
0.0118263,21.8912
0.0118797,21.9947
0.0119291,22.0987
0.0119751,22.2027
0.012024,22.3067
0.0120731,22.4107
0.0121219,22.5147
0.0121713,22.6187
0.0122233,22.7227
0.0122719,22.8272
0.0123196,22.9317
0.0123663,23.0367
0.0124123,23.1427
0.0124638,23.2481
0.0125177,23.3541
0.0125711,23.4601
0.0126272,23.5665
0.012677,23.6729
0.0127256,23.7799
0.012774,23.8873
0.0128222,23.9942
0.0128711,24.1012
0.0129257,24.2086
0.0129786,24.316
0.0130275,24.4244
0.0130775,24.5338
0.0131262,24.6436
0.0131805,24.7535
0.0132346,24.8634
0.0132947,24.9732
0.0133512,25.0836
0.0134044,25.1939
0.0134602,25.3048
0.013516,25.4151
0.0135694,25.5255
0.0136261,25.6358
0.0136864,25.7457
0.0137434,25.8556
0.0137997,25.9659
0.0138552,26.0768
0.0139132,26.1876
0.0139742,26.2989
0.0140357,26.4093
0.0141039,26.5196
0.0141692,26.6295
0.014235,26.7398
0.0142923,26.8497
0.01435,26.9596
0.0144115,27.0685
0.0144739,27.1773
0.0145397,27.2862
0.0146001,27.3946
0.014657,27.503
0.0147164,27.6119
0.0147779,27.7213
0.0148399,27.8302
0.0149014,27.9395
0.0149663,28.0484
0.0150278,28.1578
0.0150836,28.2672
0.0151394,28.3761
0.0151952,28.4854
0.0152548,28.5943
0.0153125,28.7027
0.015374,28.8106
0.0154355,28.9181
0.0154941,29.026
0.0155516,29.1344
0.0156119,29.2428
0.0156689,29.3517
0.0157371,29.4601
0.0158024,29.5689
0.0158668,29.6783
0.0159273,29.7882
0.0159843,29.898
0.0160435,30.0084
0.0161028,30.1187
0.0161681,30.2291
0.016227,30.3394
0.0162881,30.4503
0.0163427,30.5616
0.0163987,30.6734
0.0164569,30.7857
0.0165174,30.8985
0.0165775,31.0113
0.01664,31.1241
0.0167001,31.2369
0.0167594,31.3497
0.0168159,31.463
0.0168755,31.5758
0.0169356,31.6891
0.0169986,31.8014
0.0170579,31.9146
0.0171163,32.0284
0.0171707,32.1422
0.0172296,32.2569
0.0172878,32.3722
0.0173507,32.4879
0.0174098,32.6036
0.0174678,32.7203
0.0175243,32.8375
0.0175796,32.9557
0.0176294,33.0733
0.0176845,33.191
0.0177422,33.3092
0.0177965,33.4273
0.0178495,33.5465
0.0179038,33.6661
0.0179572,33.7867
0.018013,33.9068
0.0180714,34.0274
0.0181353,34.148
0.0181988,34.2691
0.0182553,34.3907
0.0183137,34.5128
0.0183695,34.6344
0.0184315,34.7564
0.0184939,34.8775
0.0185564,34.9991
0.0186162,35.1202
0.0186773,35.2423
0.0187383,35.3643
0.0187998,35.4864
0.0188675,35.608
0.0189367,35.7291
0.0190053,35.8502
0.0190683,35.9713
0.0191264,36.0924
0.0191884,36.2125
0.0192514,36.3321
0.0193186,36.4513
0.0193839,36.5699
0.0194488,36.6891
0.0195108,36.8077
0.0195756,36.9264
0.019641,37.045
0.0197091,37.1637
0.0197778,37.2823
0.0198431,37.401
0.019908,37.5196
0.0199681,37.6383
0.0200284,37.7564
0.0200928,37.8741
0.0201571,37.9918
0.0202225,38.109
0.0202844,38.2267
0.0203469,38.3438
0.0204122,38.461
0.0204814,38.5777
0.0205539,38.6944
0.0206263,38.8111
0.0206936,38.9273
0.0207637,39.0435
0.0208319,39.1593
0.0209072,39.275
0.0209806,39.3893
0.0210583,39.5035
0.0211337,39.6173
0.0212076,39.7301
0.0212853,39.8429
0.0213683,39.9547
0.021456,40.065
0.0215466,40.1744
0.0216363,40.2828
0.0217307,40.3902
0.0218213,40.4967
0.0219152,40.6012
0.0224302,40.5035
0.0264585,38.7066
0.0306089,36.8551
0.0347593,35.0035
0.0389097,33.1519
0.0430601,31.2926
0.047241,29.4176
0.0514219,27.5348
0.0554807,25.6441
0.059448,23.7379
0.0629423,22.0191
0.0628264,21.9952
0.0626109,22.0094
0.0624202,22.0091
0.0622437,22.0003
0.0620721,21.9876
0.0619033,21.9739
0.0617373,21.96
0.0615723,21.9469
0.0614083,21.9348
0.0612452,21.924
0.0610812,21.9145
0.0609124,21.9063
0.0607436,21.8995
0.0605738,21.8941
0.060406,21.8899
0.0602372,21.887
0.060077,21.8844
0.0599196,21.8816
0.059768,21.8779
0.0596202,21.8735
0.0594762,21.8685
0.0593398,21.8628
0.0592072,21.8565
0.0590756,21.8499
0.058945,21.8428
0.058821,21.8355
0.0586951,21.8287
0.0585721,21.8225
0.0584491,21.8173
0.0583241,21.8129
0.0582011,21.8091
0.0580833,21.8057
0.0579675,21.8027
0.0578516,21.7997
0.0577381,21.7969
0.0576303,21.7942
0.0575249,21.7917
0.0574196,21.7894
0.0573137,21.787
0.0572117,21.7843
0.0571168,21.7811
0.05702,21.7773
0.0569313,21.7725
0.0568464,21.767
0.0567639,21.7607
0.0566919,21.7533
0.0566218,21.745
0.0565579,21.7352
0.0564993,21.7241
0.0564435,21.7118
0.0563922,21.6987
0.0563481,21.6849
0.0562992,21.6706
0.0562594,21.6561
0.0562172,21.6415
0.0561781,21.6266
0.0561397,21.6115
0.0561071,21.5963
0.0560739,21.5815
0.0560375,21.5668
0.0560086,21.5527
0.0559728,21.5391
0.0559416,21.5261
0.0559125,21.5135
0.0558801,21.5011
0.0558526,21.489
0.0558247,21.4772
0.0557958,21.4659
0.0557689,21.4551
0.0557438,21.4448
0.055718,21.4347
0.0556945,21.425
0.0556733,21.4156
0.0556517,21.4064
0.0556324,21.3975
0.0556122,21.3889
0.055591,21.381
0.0555744,21.3735
0.0555538,21.3666
0.0555382,21.3601
0.0555191,21.3539
0.0555021,21.3481
0.0554875,21.3425
0.0554721,21.3373
0.0554558,21.3326
0.0554413,21.3283
0.0554262,21.3244
0.0554104,21.3208
0.0553972,21.3173
0.0553868,21.3139
0.0553763,21.3106
0.0553656,21.3073
0.0553575,21.3042
0.0553487,21.3014
0.0553422,21.299
0.0553351,21.2968
0.0553309,21.2946
0.0553263,21.2926
0.0553215,21.2907
0.0553194,21.2889
0.0553167,21.2874
0.0553132,21.2863
0.055312,21.2854
0.0553102,21.2849
0.0553084,21.2844
0.0553092,21.284
0.0553101,21.2836
0.0553111,21.2831
0.0553119,21.2827
0.0553122,21.2825
0.0553122,21.2825
0.0553118,21.2827
0.0553142,21.283
0.0553167,21.2832
0.0553193,21.2833
0.0553248,21.2835
0.0553302,21.2837
0.0553378,21.2842
0.055345,21.285
0.0553514,21.2861
0.0553605,21.2873
0.0553696,21.2885
0.0553816,21.2898
0.0553904,21.2911
0.0554051,21.2924
0.0554164,21.2939
0.0554304,21.2957
0.055444,21.2975
0.0554604,21.2994
0.0554769,21.3012
0.0554908,21.303
0.0555108,21.3045
0.0555306,21.3061
0.0555504,21.3078
0.0555727,21.3097
0.0555948,21.3117
0.0556165,21.3138
0.0556382,21.316
0.0556661,21.3179
0.0556883,21.3198
0.0557137,21.3216
0.0557419,21.3235
0.0557699,21.3253
0.0558011,21.3271
0.0558324,21.3289
0.0558641,21.3303
0.0558967,21.3315
0.0559361,21.3322
0.0559728,21.3326
0.0560102,21.3328
0.0560534,21.333
0.0560937,21.3331
0.0561342,21.3333
0.0561776,21.3334
0.0562215,21.3333
0.0562653,21.3331
0.0563125,21.3328
0.0563564,21.3326
0.0564029,21.3326
0.0564463,21.3328
0.0564921,21.3331
0.0565378,21.3335
0.0565867,21.3338
0.0566327,21.3339
0.056679,21.334
0.0567281,21.3342
0.0567739,21.3345
0.0568254,21.335
0.0568704,21.3356
0.0569217,21.3362
0.0569696,21.3369
0.0570209,21.3373
0.0570693,21.3378
0.0571203,21.3385
0.0571736,21.3395
0.0572229,21.3408
0.0572718,21.3425
0.0573231,21.3444
0.057371,21.3465
0.0574187,21.3488
0.0574697,21.3509
0.05752,21.3531
0.0575703,21.3556
0.0576175,21.3581
0.0576704,21.3606
0.0577207,21.3629
0.0577744,21.3651
0.057829,21.3668
0.0578848,21.368
0.0579437,21.369
0.0580002,21.3698
0.0580598,21.3705
0.0581227,21.3709
0.0581828,21.3714
0.0582436,21.3716
0.0583075,21.3716
0.0583719,21.3713
0.0584334,21.3711
0.0584944,21.3709
0.0585588,21.3709
0.0586217,21.3712
0.0586847,21.3719
0.058744,21.3727
0.0588056,21.3737
0.0588647,21.3747
0.0589291,21.3759
0.0589901,21.3772
0.0590506,21.379
0.05911,21.3812
0.0591689,21.3836
0.0592304,21.3862
0.0592886,21.389
0.0593494,21.3919
0.0594099,21.395
0.0594669,21.3983
0.0595289,21.4021
0.0595871,21.4062
0.0596448,21.4106
0.0597051,21.4152
0.0597649,21.42
0.0598217,21.4248
0.0598815,21.4297
0.0599435,21.4347
0.0600029,21.4398
0.0600639,21.4453
0.0601216,21.4513
0.060181,21.4577
0.0602361,21.4648
0.0602933,21.4723
0.060346,21.4804
0.0604003,21.4893
0.060453,21.4989
0.0605036,21.5097
0.0605548,21.5213
0.0605985,21.5339
0.0606461,21.5474
0.0606898,21.5615
0.0607382,21.576
0.0607825,21.5911
0.0608257,21.6067
0.0608674,21.6231
0.060911,21.6398
0.0609513,21.6569
0.060994,21.6742
0.0610369,21.6914
0.0610798,21.7085
0.0611232,21.7255
0.0611664,21.7425
0.0612095,21.7596
0.061256,21.7765
0.0612996,21.7932
0.0613461,21.8101
0.0613962,21.8267
0.0614434,21.8432
0.0614909,21.8595
0.0615383,21.8759
0.0615829,21.8924
0.0616296,21.909
0.061679,21.9258
0.0617278,21.943
0.0617762,21.9602
0.0618244,21.9777
0.0618721,21.9954
0.0619191,22.0135
0.0619682,22.0319
0.0620156,22.0511
0.0620609,22.0713
0.0621067,22.0927
0.0621465,22.1156
0.0621847,22.1407
0.0622204,22.1682
0.0622508,22.1985
0.0622754,22.2315
0.0622971,22.2674
0.0623136,22.3057
0.0623254,22.3465
0.0623331,22.389
0.0623406,22.4331
0.0623459,22.4783
0.06235,22.524
0.0623538,22.5699
0.06236,22.616
0.0623655,22.6624
0.0623702,22.7093
0.0623739,22.7566
0.0623797,22.8045
0.0623845,22.8526
0.0623881,22.9014
0.0623931,22.951
0.0623993,23.0013
0.0624036,23.0525
0.0624064,23.1045
0.0624106,23.1573
0.0624169,23.2102
0.0624194,23.264
0.0624238,23.3179
0.0624274,23.3724
0.0624301,23.427
0.0624317,23.4825
0.0624353,23.5384
0.0624378,23.5948
0.0624424,23.6514
0.0624464,23.7085
0.0624525,23.7659
0.0624573,23.8238
0.0624666,23.8826
0.0624713,23.9419
0.0624775,24.0022
0.062485,24.063
0.0624917,24.1245
0.0624976,24.1863
0.0625059,24.2481
0.0625135,24.3103
0.0625173,24.3733
0.0625234,24.4363
0.0625315,24.4993
0.0625391,24.5633
0.0625461,24.6272
0.0625527,24.6917
0.0625615,24.7561
0.0625668,24.8206
0.0625769,24.886
0.0625862,24.9519
0.0625978,25.0179
0.0626116,25.0843
0.0626219,25.1507
0.0626319,25.2176
0.0626442,25.2845
0.0626533,25.3518
0.0626648,25.4192
0.0626787,25.4866
0.062692,25.555
0.0627071,25.6233
0.0627238,25.6922
0.0627396,25.762
0.062755,25.8318
0.0627761,25.9016
0.0627942,25.9715
0.0628151,26.0413
0.0628329,26.1111
0.0628505,26.1814
0.0628682,26.2517
0.0628895,26.3211
0.0629088,26.3904
0.0629288,26.4593
0.0629524,26.5281
0.0629764,26.5965
0.0630005,26.6648
0.0630279,26.7332
0.0630558,26.8011
0.0630844,26.8684
0.0631138,26.9358
0.0631472,27.0022
0.0631787,27.0686
0.0632114,27.1341
0.0632478,27.1995
0.063285,27.2644
0.0633258,27.3289
0.063368,27.3929
0.063415,27.4558
0.0634648,27.5174
0.0635182,27.5772
0.0635783,27.635
0.0636357,27.6917
0.0636958,27.7469
0.0637588,27.8006
0.0638246,27.8531
0.0638899,27.9043
0.0639633,27.9544
0.0640353,28.0039
0.0641112,28.053
0.0641855,28.1026
0.0642585,28.1529
0.0643295,28.2041
0.0643963,28.2561
0.0644631,28.3084
0.0645303,28.3601
0.0646052,28.4095
0.0647272,28.4362
0.0649342,28.4218
0.0651774,28.3903
0.0654406,28.35
0.0657171,28.3044
0.0660032,28.2548
0.0662951,28.2021
0.066585,28.1462
0.0668768,28.0885
0.0671629,28.0307
0.0673985,27.9941
0.0675491,27.9969
0.0676612,28.0159
0.0677575,28.0423
0.0678481,28.073
0.0679335,28.1059
0.0680117,28.1411
0.0680923,28.1782
0.0681633,28.2168
0.0682305,28.2573
0.0682949,28.2993
0.0683569,28.3423
0.0684163,28.3867
0.0684747,28.4314
0.0685317,28.4768
0.0685906,28.5229
0.0686509,28.5696
0.0687071,28.6167
0.0687653,28.6643
0.0688264,28.7121
0.0688848,28.7598
0.0689468,28.8071
0.0690102,28.8535
0.0690731,28.8989
0.0691384,28.9433
0.0692057,28.9866
0.0692753,29.0288
0.0693473,29.0698
0.0694217,29.1096
0.0695013,29.1482
0.0695843,29.1855
0.0696701,29.2212
0.0697621,29.2554
0.0698508,29.2883
0.0699443,29.3203
0.0700373,29.3512
0.0701327,29.3811
0.0702299,29.41
0.0703291,29.4379
0.0704307,29.4646
0.0705337,29.4906
0.0706362,29.5168
0.070744,29.5434
0.0708479,29.5705
0.0709504,29.5981
0.071052,29.6262
0.0711564,29.6544
0.0712561,29.6821
0.0713572,29.7092
0.0714592,29.7356
0.0715646,29.7604
0.0716743,29.782
0.0717973,29.7967
0.0719365,29.8041
0.0720882,29.8052
0.0722522,29.8015
0.0724229,29.7938
0.0726012,29.7833
0.0727805,29.771
0.0729627,29.7576
0.073142,29.7441
0.0733146,29.7322
0.0734738,29.7255
0.0736217,29.7242
0.0737619,29.7267
0.0738954,29.7323
0.0740251,29.7399
0.0741519,29.7491
0.0742749,29.7595
0.074397,29.7708
0.0745191,29.7823
0.0746402,29.7939
0.0747613,29.8057
0.0748786,29.8177
0.074994,29.8307
0.0751051,29.8445
0.0752129,29.8598
0.0753187,29.8762
0.0754217,29.8936
0.0755204,29.912
0.0756201,29.9313
0.0757145,29.9516
0.075807,29.9728
0.0759,29.9953
0.0759882,30.0189
0.0760774,30.0431
0.0761623,30.0681
0.0762467,30.0933
0.0763296,30.1191
0.0764088,30.1454
0.0764894,30.1725
0.076568,30.2005
0.0766453,30.2292
0.076724,30.2585
0.0767988,30.2883
0.0768723,30.3188
0.0769481,30.3497
0.0770225,30.3812
0.0770959,30.4129
0.0771717,30.4451
0.0772461,30.4778
0.0773205,30.5108
0.077392,30.5438
0.0774612,30.5762
0.0775336,30.6087
0.0776042,30.6404
0.0776729,30.6719
0.0777454,30.7029
0.0778183,30.7337
0.0778917,30.7641
0.0779671,30.7939
0.0780434,30.8229
0.0781225,30.8508
0.0782069,30.8771
0.0782961,30.9015
0.0783896,30.9238
0.0784854,30.9434
0.0785903,30.9601
0.0786986,30.9739
0.0788101,30.9845
0.0789317,30.9919
0.0790605,30.9955
0.0791978,30.9952
0.0793437,30.9908
0.0794973,30.9825
0.0796565,30.9702
0.0798263,30.9541
0.0800017,30.9341
0.0801887,30.9099
0.0803832,30.8818
0.0805797,30.8501
0.0807885,30.8125
0.0810117,30.7651
0.0812444,30.7131
0.0814761,30.6601
0.0817041,30.6076
0.081932,30.5564
0.0821494,30.5073
0.0823621,30.4609
0.0825624,30.4177
0.082755,30.3777
0.0829314,30.3447
0.0830812,30.3239
0.0832137,30.3108
0.0833358,30.3023
0.0834479,30.2974
0.0835594,30.2954
0.0836572,30.2959
0.0837526,30.2989
0.0838431,30.3043
0.083929,30.3119
0.0840086,30.3212
0.0840825,30.3318
0.0841607,30.3432
0.0842318,30.3553
0.08431,30.3681
0.0843805,30.3815
0.084453,30.3957
0.0845212,30.4106
0.0845908,30.4259
0.0846633,30.4415
0.0847358,30.4571
0.0848054,30.4727
0.0848779,30.4881
0.0849508,30.5035
0.0850262,30.5191
0.0850982,30.5347
0.0851702,30.5503
0.0852427,30.566
0.0853161,30.5812
0.0853895,30.5961
0.0854644,30.6106
0.0855393,30.6248
0.0856122,30.6388
0.0856876,30.6529
0.0857634,30.6667
0.0858435,30.6802
0.0859217,30.6929
0.0860023,30.7045
0.0860852,30.7149
0.0861715,30.7239
0.0862641,30.7311
0.0863585,30.7359
0.0864624,30.7377
0.0865749,30.7353
0.086697,30.7281
0.0868944,30.6837
0.0876955,30.3477
0.08855,29.9825
0.0894236,29.6114
0.0903048,29.2364
0.0911898,28.8594
0.0920748,28.4786
0.0929598,28.0977
0.0938181,27.7149
0.0946573,27.336
0.0954012,26.9883
0.095528,26.9298
0.0955991,26.898
0.0956592,26.8704
0.0957138,26.8455
0.0957641,26.8227
0.0958108,26.8015
0.0958509,26.7821
0.0958907,26.7644
0.0959303,26.748
0.095961,26.7331
0.0959949,26.7196
0.0960235,26.7072
0.0960533,26.6956
0.0960784,26.6848
0.096105,26.6749
0.096133,26.6655
0.0961565,26.6569
0.0961786,26.6491
0.0962049,26.642
0.096227,26.6356
0.0962509,26.6296
0.0962738,26.6242
0.0962989,26.6191
0.09632,26.6145
0.0963401,26.6104
0.0963648,26.6069
0.0963853,26.604
0.0964073,26.6018
0.0964286,26.6
0.0964488,26.5986
0.0964711,26.5977
0.0964923,26.5972
0.0965121,26.5975
0.0965305,26.5984
0.0965473,26.6002
0.0965656,26.6025
0.0965826,26.6056
0.0966013,26.6092
0.0966188,26.6133
0.0966351,26.6181
0.0966501,26.6235
0.0966664,26.6296
0.0966814,26.6365
0.0966949,26.644
0.0967101,26.6521
0.0967242,26.6607
0.0967405,26.6696
0.096753,26.6791
0.0967641,26.6891
0.09678,26.6997
0.0967946,26.7109
0.0968082,26.7226
0.0968209,26.7347
0.0968328,26.7472
0.0968469,26.76
0.0968604,26.7732
0.0968759,26.7867
0.0968877,26.8007
0.0969016,26.815
0.0969172,26.8299
0.0969292,26.8452
0.0969434,26.8608
0.0969572,26.8765
0.0969702,26.8928
0.0969856,26.9091
0.097,26.9261
0.0970136,26.9434
0.0970291,26.9611
0.0970437,26.9793
0.0970577,26.9979
0.0970741,27.0167
0.0970871,27.0356
0.0971049,27.055
0.0971196,27.0747
0.097139,27.0947
0.0971549,27.1152
0.0971701,27.1359
0.0971844,27.1571
0.0972012,27.1784
0.0972177,27.1999
0.0972366,27.2218
0.0972547,27.2439
0.097272,27.2663
0.0972912,27.2894
0.0973097,27.3127
0.0973276,27.3364
0.0973478,27.3603
0.097368,27.3842
0.0973879,27.4083
0.0974104,27.4325
0.0974327,27.4569
0.0974516,27.4814
0.0974734,27.506
0.0974979,27.5306
0.0975195,27.5553
0.097541,27.58
0.0975656,27.6046
0.0975932,27.6292
0.0976176,27.6538
0.0976444,27.6788
0.0976709,27.704
0.0976971,27.7291
0.0977262,27.7544
0.0977548,27.7799
0.0977832,27.8055
0.0978168,27.8313
0.0978443,27.8574
0.0978768,27.8838
0.0979085,27.9106
0.0979428,27.9375
0.0979738,27.9647
0.0980069,27.9922
0.0980399,28.0198
0.0980728,28.0474
0.0981054,28.0752
0.0981405,28.1032
0.098175,28.1314
0.0982094,28.1597
0.098243,28.1884
0.0982764,28.2172
0.0983124,28.2461
0.098345,28.2753
0.0983803,28.3046
0.0984118,28.3342
0.0984456,28.3643
0.0984785,28.3947
0.0985141,28.4252
0.0985494,28.4559
0.0985875,28.4867
0.0986225,28.5175
0.0986576,28.5482
0.0986953,28.5792
0.0987327,28.6102
0.098773,28.6414
0.0988102,28.6724
0.0988507,28.7035
0.0988912,28.7344
0.0989349,28.7651
0.0989761,28.7959
0.0990174,28.8264
0.0990586,28.8571
0.0990996,28.8877
0.0991466,28.9185
0.0991907,28.9491
0.099235,28.9796
0.0992827,29.0099
0.0993337,29.04
0.099385,29.07
0.0994367,29.0997
0.0994882,29.1296
0.0995433,29.1592
0.0995989,29.1885
0.0996559,29.2172
0.0997135,29.2454
0.0997727,29.273
0.099833,29.2999
0.0998945,29.3264
0.0999536,29.3525
0.100019,29.3783
0.100083,29.4037
0.100148,29.4286
0.100213,29.4534
0.100278,29.4779
0.100344,29.5022
0.100413,29.5264
0.100482,29.5505
0.100552,29.5747
0.100621,29.5986
0.100691,29.6223
0.100765,29.6455
0.100837,29.6683
0.10091,29.6907
0.100984,29.7125
0.101058,29.734
0.101134,29.7554
0.10121,29.7762
0.101286,29.7966
0.101368,29.8162
0.101455,29.8348
0.101541,29.8522
0.101627,29.868
0.10172,29.8821
0.101818,29.8936
0.101926,29.9007
0.102053,29.8995
0.102241,29.8678
0.102553,29.777
0.102937,29.651
0.103362,29.5045
0.103812,29.3453
0.104281,29.1764
0.104762,28.9996
0.10525,28.819
0.105735,28.6354
0.106206,28.4528
0.106616,28.2955
0.106906,28.192
0.107129,28.1193
0.107312,28.0629
0.107473,28.0175
0.107618,27.9796
0.107745,27.9479
0.107865,27.921
0.107976,27.898
0.108078,27.8786
0.108172,27.8623
0.108261,27.849
0.108345,27.8381
0.108424,27.8293
0.108497,27.8219
0.108569,27.8155
0.108641,27.81
0.108709,27.8051
0.108778,27.8011
0.108843,27.7982
0.108908,27.7961
0.108969,27.7948
0.109032,27.7939
0.109094,27.7934
0.109157,27.7927
0.109216,27.7919
0.109282,27.7908
0.109344,27.7891
0.109413,27.7866
0.109481,27.7833
0.109552,27.7787
0.109629,27.7723
0.10971,27.764
0.109793,27.7534
0.109883,27.7407
0.109979,27.7256
0.110077,27.7086
0.110177,27.6902
0.110281,27.6704
0.110389,27.6494
0.110499,27.6273
0.11061,27.6044
0.110723,27.5809
0.110836,27.5572
0.110947,27.5332
0.111057,27.5094
0.111167,27.4857
0.11128,27.4619
0.111391,27.4379
0.111499,27.4137
0.11161,27.3894
0.111722,27.3653
0.111825,27.3417
0.111933,27.3191
0.112033,27.2977
0.112129,27.2777
0.112223,27.259
0.112318,27.2416
0.112406,27.2257
0.11249,27.2118
0.112569,27.2001
0.112644,27.1907
0.112711,27.1835
0.11278,27.1783
0.112843,27.1748
0.112899,27.1729
0.112957,27.1726
0.113008,27.1737
0.11306,27.1762
0.113111,27.1798
0.113156,27.1847
0.113203,27.1903
0.113248,27.1967
0.113292,27.2035
0.113337,27.2109
0.113379,27.2187
0.113424,27.2267
0.113467,27.2353
0.11351,27.2441
0.113553,27.253
0.113598,27.2617
0.113645,27.2703
0.113688,27.2787
0.113735,27.2867
0.113787,27.2941
0.113836,27.3001
0.113892,27.3036
0.113958,27.3043
0.114029,27.3009
0.114115,27.2916
0.114213,27.2752
0.114347,27.2427
0.114575,27.1636
0.114865,27.0562
0.115172,26.9399
0.115486,26.8198
0.115805,26.6982
0.116122,26.5767
0.116434,26.4566
0.116734,26.3399
0.117014,26.2295
0.11726,26.1328
0.117406,26.0825
0.117494,26.0596
0.117565,26.0451
0.117623,26.0354
0.117675,26.0286
0.117725,26.0242
0.117768,26.0215
0.11781,26.0207
0.117846,26.0214
0.117882,26.0237
0.117916,26.0271
0.11795,26.0315
0.11798,26.0369
0.118014,26.0431
0.118042,26.0503
0.118069,26.0584
0.118094,26.0674
0.118121,26.0771
0.118143,26.0874
0.11817,26.0982
0.118193,26.1094
0.118216,26.1211
0.118242,26.1334
0.118265,26.1463
0.118287,26.1596
0.118311,26.1735
0.11833,26.1879
0.118352,26.2028
0.118375,26.2183
0.118394,26.2341
0.118416,26.2505
0.118436,26.2675
0.118457,26.285
0.118478,26.3031
0.118497,26.3219
0.118519,26.3411
0.11854,26.3605
0.11856,26.3803
0.118579,26.4005
0.118597,26.4212
0.118617,26.4423
0.118637,26.4638
0.118655,26.4856
0.118676,26.5078
0.118693,26.5304
0.118716,26.5534
0.118737,26.5766
0.118758,26.6001
0.118781,26.6242
0.1188,26.6487
0.118821,26.6735
0.118842,26.6986
0.118865,26.7239
0.118885,26.7494
0.118904,26.7752
0.118929,26.8013
0.11895,26.8278
0.118969,26.8546
0.118991,26.8819
0.119013,26.9093
0.119034,26.937
0.119058,26.9651
0.11908,26.9934
0.119102,27.0222
0.119123,27.0514
0.119146,27.0809
0.119168,27.111
0.119192,27.1414
0.119216,27.1721
0.119238,27.2034
0.119263,27.2346
0.119291,27.2666
0.119314,27.2988
0.11934,27.3313
0.119365,27.364
0.11939,27.397
0.119417,27.4302
0.119441,27.4634
0.119468,27.4968
0.119495,27.53
0.119521,27.5637
0.119547,27.5972
0.119573,27.6311
0.119602,27.6651
0.119631,27.699
0.11966,27.7327
0.119689,27.7664
0.119724,27.8001
0.11975,27.8338
0.119784,27.8674
0.119819,27.9011
0.119854,27.9351
0.119889,27.9685
0.119925,28.0017
0.119963,28.0352
0.120003,28.0681
0.12004,28.1006
0.12008,28.1331
0.120118,28.1653
0.120159,28.1973
0.120201,28.229
0.120243,28.2605
0.120289,28.292
0.120331,28.3235
0.120376,28.355
0.120424,28.3865
0.120472,28.4182
0.120522,28.4502
0.120572,28.4824
0.120621,28.5147
0.12067,28.5474
0.120718,28.5801
0.120769,28.6131
0.120817,28.646
0.120867,28.6795
0.120914,28.7132
0.120959,28.7471
0.121007,28.7815
0.121052,28.8162
0.121099,28.8508
0.121142,28.886
0.121188,28.9216
0.121232,28.9578
0.121279,28.9942
0.121322,29.031
0.12137,29.0681
0.121415,29.1052
0.121463,29.1426
0.121511,29.1797
0.121559,29.2168
0.121608,29.2537
0.121659,29.2905
0.121705,29.3274
0.121754,29.364
0.121807,29.4004
0.121857,29.4365
0.12191,29.4724
0.121967,29.5081
0.122021,29.544
0.122081,29.5798
0.122137,29.6157
0.122197,29.6514
0.12226,29.6865
0.122325,29.7215
0.12239,29.7559
0.122454,29.7901
0.122517,29.8237
0.122582,29.8569
0.12265,29.8904
0.122712,29.9234
0.122779,29.9568
0.122841,29.99
0.122905,30.0237
0.122971,30.0576
0.123034,30.0921
0.123098,30.127
0.123161,30.1624
0.123224,30.1983
0.123288,30.2344
0.12335,30.2705
0.123413,30.3062
0.123478,30.3421
0.123538,30.3779
0.123599,30.4141
0.123661,30.4505
0.123725,30.4871
0.123788,30.5239
0.12385,30.5611
0.123912,30.5986
0.123976,30.6367
0.124038,30.6751
0.124101,30.7136
0.124165,30.7529
0.124229,30.7923
0.12429,30.8316
0.124351,30.8711
0.124412,30.9104
0.12447,30.9495
0.124535,30.9883
0.124597,31.0271
0.124657,31.0659
0.124719,31.1048
0.124781,31.1433
0.12484,31.1819
0.124903,31.2205
0.124966,31.259
0.125031,31.2976
0.125093,31.3364
0.125158,31.3753
0.125217,31.4141
0.125282,31.4527
0.125345,31.4912
0.125409,31.5296
0.125472,31.5672
0.125537,31.6048
0.125605,31.6421
0.125674,31.6792
0.125742,31.7163
0.12581,31.7537
0.125881,31.791
0.12595,31.8281
0.126022,31.8648
0.126092,31.9011
0.126163,31.937
0.126234,31.9727
0.126305,32.0076
0.126379,32.0418
0.126453,32.0747
0.126532,32.1067
0.126613,32.138
0.126693,32.1685
0.126776,32.1984
0.12686,32.2282
0.126943,32.2577
0.127028,32.2869
0.127117,32.3159
0.127202,32.3447
0.127285,32.3736
0.12737,32.4025
0.127453,32.4317
0.127534,32.4608
0.127616,32.4904
0.127699,32.5202
0.127779,32.5504
0.127864,32.5812
0.127945,32.6122
0.128028,32.6433
0.128115,32.6745
0.128197,32.7052
0.128284,32.7348
0.128376,32.7619
0.128476,32.7838
0.128589,32.7991
0.128715,32.8085
0.128851,32.8134
0.128994,32.8142
0.129148,32.8114
0.129307,32.8051
0.129476,32.7931
0.129665,32.7722
0.129872,32.741
0.130088,32.7046
0.130304,32.6684
0.130516,32.634
0.130721,32.6008
0.130922,32.5693
0.131115,32.5397
0.131302,32.5124
0.131478,32.4905
0.131629,32.4778
0.131755,32.4774
0.131861,32.4867
0.131952,32.5017
0.132038,32.5207
0.13212,32.5426
0.132195,32.5668
0.132266,32.5928
0.132335,32.62
0.132404,32.6481
0.13247,32.6769
0.132531,32.7061
0.132595,32.7356
0.132656,32.7653
0.132722,32.7951
0.132782,32.8249
0.132846,32.8547
0.132909,32.8846
0.132971,32.9147
0.133033,32.9451
0.133098,32.9759
0.133158,33.0071
0.133219,33.0391
0.13328,33.0716
0.13334,33.1045
0.133398,33.1382
0.133455,33.1724
0.133511,33.2071
0.133565,33.2427
0.133615,33.2788
0.133666,33.3162
0.133715,33.354
0.133766,33.3926
0.133815,33.4322
0.133866,33.472
0.133913,33.5125
0.133962,33.5537
0.134009,33.5955
0.134055,33.638
0.134103,33.6805
0.134152,33.7232
0.1342,33.7659
0.134245,33.8084
0.13429,33.8514
0.134338,33.8938
0.134383,33.9369
0.134431,33.9796
0.134479,34.0228
0.134523,34.066
0.13457,34.1092
0.134619,34.1527
0.134668,34.1966
0.134717,34.2403
0.134769,34.284
0.13482,34.328
0.134872,34.3719
0.134924,34.4156
0.134972,34.4593
0.135024,34.503
0.135076,34.5467
0.135125,34.5904
0.13518,34.6344
0.135233,34.6788
0.135292,34.7235
0.135344,34.7684
0.135404,34.8136
0.135462,34.8587
0.135517,34.9039
0.135577,34.9493
0.135632,34.9945
0.13569,35.0394
0.135748,35.0843
0.135806,35.129
0.135862,35.1737
0.135921,35.2181
0.13598,35.2626
0.136039,35.3072
0.136101,35.3517
0.136162,35.3966
0.136223,35.4415
0.136284,35.4864
0.136344,35.5316
0.136406,35.5765
0.136467,35.6212
0.136526,35.6656
0.136591,35.7098
0.136654,35.7538
0.136718,35.7977
0.136785,35.8412
0.136855,35.8841
0.136924,35.9269
0.136999,35.9691
0.137073,36.0108
0.137148,36.0519
0.137224,36.0924
0.137304,36.1322
0.137379,36.1717
0.137452,36.2108
0.137527,36.2489
0.137606,36.2865
0.137684,36.3233
0.137766,36.3597
0.137846,36.3954
0.13793,36.4303
0.138016,36.4647
0.138104,36.4979
0.138195,36.5299
0.138285,36.5608
0.138379,36.5899
0.138476,36.6175
0.138579,36.6434
0.138683,36.6677
0.138787,36.6903
0.1389,36.7114
0.139014,36.7309
0.139134,36.7488
0.139254,36.7652
0.139379,36.7804
0.139503,36.7951
0.13963,36.8096
0.139753,36.8246
0.139869,36.8402
0.139986,36.8568
0.140101,36.8744
0.140206,36.8935
0.140308,36.9144
0.140407,36.937
0.140501,36.9617
0.140592,36.9881
0.140682,37.0161
0.140767,37.0453
0.140847,37.0755
0.140931,37.1065
0.14101,37.1385
0.141088,37.1712
0.141161,37.2047
0.141232,37.2391
0.141301,37.2745
0.141372,37.3104
0.141439,37.347
0.141507,37.3841
0.141576,37.422
0.141642,37.4606
0.141706,37.4999
0.141775,37.5394
0.141844,37.5792
0.14191,37.619
0.141979,37.6586
0.142046,37.6979
0.142114,37.7367
0.142183,37.775
0.142253,37.8126
0.142325,37.8495
0.142398,37.8858
0.142472,37.9217
0.14255,37.9569
0.14263,37.9916
0.142708,38.025
0.142795,38.0577
0.14288,38.0895
0.142969,38.1197
0.143058,38.1483
0.143153,38.1739
0.143259,38.1946
0.143381,38.2068
0.143535,38.2055
0.143735,38.1816
0.143993,38.1301
0.144294,38.0563
0.144632,37.967
0.144994,37.8649
0.145376,37.7521
0.145778,37.6291
0.146198,37.4973
0.146621,37.3586
0.147037,37.2199
0.147426,37.093
0.147773,36.9811
0.148096,36.8815
0.148405,36.7858
0.148717,36.6877
0.149046,36.5798
0.149402,36.4553
0.149801,36.3117
0.15024,36.1476
0.150724,35.9582
0.151243,35.7502
0.151784,35.5305
0.152338,35.3049
0.152887,35.0783
0.153421,34.8566
0.153917,34.6476
0.154367,34.4592
0.154752,34.298
0.155071,34.1633
0.155325,34.0593
0.155515,33.9807
0.155673,33.9186
0.155804,33.8679
0.155922,33.8242
0.156026,33.7844
0.156129,33.746
0.156237,33.705
0.156354,33.6584
0.15649,33.6039
0.156643,33.5414
0.156812,33.4711
0.156992,33.3945
0.157184,33.3124
0.15738,33.2275
0.157582,33.1411
0.157777,33.0551
0.157965,32.9731
0.158139,32.8979
0.158289,32.831
0.158422,32.7722
0.158536,32.7214
0.158637,32.6767
0.15873,32.6359
0.158817,32.5981
0.158901,32.5617
0.158984,32.5261
0.159062,32.4909
0.159144,32.4558
0.159226,32.4206
0.159303,32.3857
0.159385,32.3508
0.159463,32.3159
0.159544,32.2809
0.159625,32.2463
0.159703,32.2111
0.159784,32.176
0.159864,32.1406
0.159947,32.1047
0.16003,32.0688
0.160113,32.0327
0.160194,31.9965
0.160278,31.9614
0.160355,31.9269
0.160433,31.8937
0.160508,31.8618
0.160579,31.8314
0.160644,31.803
0.16071,31.7766
0.160767,31.7519
0.160826,31.7289
0.160876,31.7076
0.160926,31.6876
0.160974,31.669
0.161021,31.6518
0.161066,31.6358
0.161105,31.6211
0.161142,31.6074
0.16118,31.5947
0.161216,31.5826
0.161252,31.5713
0.161288,31.5606
0.16132,31.5507
0.161354,31.5416
0.161386,31.533
0.161417,31.5251
0.161449,31.5178
0.161478,31.5109
0.161512,31.5045
0.161541,31.4989
0.161572,31.4937
0.161601,31.4893
0.161629,31.4856
0.161659,31.4825
0.161685,31.48
0.161712,31.4781
0.161738,31.4768
0.161763,31.476
0.161789,31.4758
0.161815,31.4761
0.161839,31.477
0.161862,31.4785
0.161888,31.4802
0.161912,31.4823
0.161936,31.4848
0.161959,31.4877
0.161985,31.4908
0.16201,31.4943
0.162034,31.4981
0.16206,31.5024
0.162085,31.507
0.162113,31.5119
0.162137,31.5171
0.16216,31.5227
0.162189,31.5286
0.162214,31.5348
0.162238,31.5413
0.162264,31.5482
0.162287,31.5555
0.162315,31.563
0.16234,31.5707
0.162367,31.5787
0.162393,31.5869
0.162419,31.5955
0.162444,31.6044
0.162472,31.6135
0.162499,31.623
0.162525,31.6327
0.162551,31.6426
0.16258,31.6527
0.162608,31.663
0.162636,31.6735
0.162663,31.6841
0.162693,31.695
0.162719,31.7061
0.162748,31.7175
0.162779,31.7291
0.162807,31.7409
0.16284,31.7528
0.162867,31.7649
0.162897,31.7773
0.162932,31.7899
0.162961,31.8029
0.162991,31.816
0.163024,31.8295
0.163058,31.843
0.163088,31.8566
0.16312,31.8704
0.163155,31.8843
0.163187,31.8984
0.163218,31.9128
0.163258,31.9273
0.163291,31.942
0.163328,31.9566
0.163361,31.9714
0.163397,31.9863
0.163436,32.0013
0.163471,32.0165
0.163506,32.0319
0.163544,32.0475
0.163581,32.0631
0.163616,32.0787
0.163656,32.0943
0.163697,32.1097
0.163735,32.125
0.163776,32.1403
0.16382,32.1557
0.16386,32.1713
0.1639,32.1869
0.16394,32.2026
0.163986,32.2185
0.164028,32.2345
0.164073,32.2509
0.164117,32.2677
0.164162,32.2849
0.164207,32.3027
0.164251,32.3208
0.164291,32.3391
0.164334,32.3578
0.164379,32.3767
0.164421,32.3959
0.164465,32.4152
0.164509,32.4347
0.164553,32.4543
0.164596,32.4741
0.164639,32.4939
0.164683,32.5138
0.164726,32.5336
0.164772,32.5533
0.164818,32.5732
0.164864,32.5933
0.164906,32.6134
0.164955,32.6335
0.165,32.6538
0.165048,32.6742
0.165096,32.6945
0.165145,32.7145
0.165194,32.7344
0.165243,32.754
0.165296,32.7734
0.165349,32.7925
0.165404,32.8109
0.165464,32.8281
0.165524,32.8442
0.165587,32.8587
0.165654,32.8713
0.165728,32.882
0.165803,32.8907
0.165885,32.8974
0.165971,32.9021
0.166061,32.9052
0.166153,32.907
0.166247,32.9079
0.166342,32.9081
0.166437,32.9084
0.166535,32.9092
0.16663,32.9107
0.166722,32.9131
0.16681,32.9165
0.1669,32.9207
0.166986,32.9258
0.167072,32.9317
0.167154,32.9382
0.167239,32.9453
0.167319,32.9528
0.167399,32.9608
0.167481,32.969
0.167559,32.9773
0.167635,32.9857
0.167713,32.9943
0.167787,33.0032
0.167865,33.0122
0.167942,33.0213
0.168016,33.0305
0.168087,33.0396
0.168164,33.0487
0.168239,33.0576
0.168313,33.0665
0.168391,33.0754
0.168465,33.0842
0.16854,33.0932
0.168617,33.1023
0.168694,33.1116
0.168767,33.1213
0.168845,33.1312
0.168917,33.1414
0.168991,33.1519
0.169065,33.1625
0.169138,33.1734
0.169208,33.1844
0.169281,33.1956
0.169352,33.2064
0.169423,33.2169
0.169498,33.2269
0.169571,33.2365
0.169648,33.2458
0.169726,33.2548
0.169804,33.2632
0.169883,33.2712
0.169964,33.2784
0.170049,33.2849
0.170134,33.2906
0.170223,33.2953
0.170315,33.2985
0.170408,33.2997
0.170508,33.2978
0.17062,33.2916
0.17074,33.28
0.170872,33.2621
0.171019,33.2375
0.171179,33.2064
0.171352,33.1698
0.17153,33.1285
0.171714,33.0843
0.1719,33.0379
0.172089,32.9903
0.172276,32.9425
0.172459,32.8958
0.172639,32.8514
0.172809,32.8097
0.172976,32.7682
0.173155,32.7198
0.173383,32.649
0.173694,32.5382
0.174059,32.4005
0.174448,32.2491
0.174852,32.0909
0.175262,31.9298
0.175676,31.7667
0.176086,31.6026
0.176485,31.4405
0.176855,31.2882
0.17717,31.1603
0.177391,31.0748
0.177546,31.0174
0.177672,30.9752
0.177777,30.9415
0.177866,30.9135
0.177946,30.8906
0.178018,30.8711
0.178082,30.8542
0.178147,30.8394
0.178204,30.8265
0.178261,30.8154
0.178316,30.8061
0.178361,30.7983
0.178408,30.7922
0.178453,30.7875
0.178492,30.7842
0.178534,30.782
0.178571,30.781
0.178606,30.781
0.178641,30.7822
0.178675,30.7843
0.178709,30.7874
0.178738,30.7914
0.178766,30.7963
0.178798,30.8017
0.178824,30.8078
0.178853,30.8145
0.178882,30.8217
0.178907,30.8294
0.178936,30.8379
0.178961,30.8468
0.178987,30.8564
0.17901,30.8664
0.179038,30.8769
0.179065,30.8879
0.17909,30.8994
0.179115,30.9114
0.179141,30.9239
0.179166,30.9371
0.17919,30.9508
0.179214,30.9648
0.179239,30.979
0.179264,30.9937
0.179288,31.0087
0.179312,31.0241
0.179334,31.0398
0.179362,31.0558
0.179386,31.0723
0.17941,31.0889
0.179433,31.1056
0.179459,31.1225
0.179488,31.1396
0.179513,31.1568
0.179538,31.1743
0.179565,31.1922
0.179592,31.2102
0.179615,31.2285
0.179643,31.247
0.179669,31.2658
0.179696,31.2848
0.179722,31.3045
0.17975,31.3246
0.179778,31.345
0.179804,31.366
0.17983,31.3872
0.179857,31.4091
0.179884,31.4311
0.17991,31.4535
0.179939,31.4764
0.179966,31.4997
0.17999,31.5232
0.180018,31.5473
0.180044,31.5714
0.180072,31.5957
0.1801,31.6201
0.180128,31.6446
0.180158,31.6691
0.180186,31.6939
0.180213,31.7188
0.180243,31.7437
0.180272,31.7688
0.180301,31.7941
0.180332,31.8196
0.180363,31.8453
0.180394,31.8713
0.180427,31.8975
0.180459,31.924
0.180491,31.9508
0.180525,31.9778
0.180559,32.005
0.180593,32.0322
0.180629,32.0596
0.180665,32.087
0.180701,32.1145
0.180737,32.142
0.180776,32.1697
0.180812,32.1973
0.180853,32.225
0.180892,32.2524
0.180932,32.2798
0.180971,32.3069
0.181011,32.334
0.181054,32.361
0.181094,32.3881
0.181136,32.4153
0.181182,32.4421
0.181226,32.469
0.181269,32.4957
0.181313,32.5223
0.181359,32.5491
0.181405,32.5759
0.181452,32.6028
0.1815,32.6296
0.18155,32.6564
0.181599,32.6831
0.181648,32.7097
0.181698,32.7362
0.181748,32.7626
0.181798,32.7891
0.181851,32.8153
0.181899,32.8414
0.181953,32.8674
0.182004,32.8932
0.182058,32.9188
0.18211,32.9445
0.182162,32.9701
0.182216,32.9958
0.182273,33.0216
0.182332,33.0479
0.182388,33.0742
0.182443,33.1007
0.182502,33.1273
0.18256,33.1539
0.182618,33.1804
0.182677,33.2069
0.182736,33.2332
0.182798,33.259
0.182859,33.2843
0.182925,33.3088
0.182989,33.3326
0.183055,33.3553
0.183123,33.3773
0.183193,33.3983
0.183265,33.4185
0.183338,33.4376
0.183416,33.4561
0.183496,33.4736
0.183578,33.4905
0.183661,33.5065
0.183746,33.5214
0.183833,33.5357
0.18392,33.5496
0.184011,33.5632
0.184096,33.577
0.184183,33.5912
0.184266,33.6057
0.184349,33.6205
0.184433,33.636
0.184515,33.6522
0.184596,33.6696
0.184674,33.688
0.18475,33.7075
0.184824,33.7281
0.184898,33.7495
0.184969,33.7714
0.185042,33.7938
0.185117,33.8165
0.185189,33.8395
0.18526,33.8627
0.185334,33.8859
0.185405,33.9091
0.185481,33.9316
0.185554,33.9536
0.185629,33.9749
0.185706,33.9952
0.185786,34.0144
0.185867,34.0326
0.185952,34.0492
0.186042,34.0634
0.186142,34.0738
0.186253,34.0781
0.186378,34.0734
0.186537,34.0557
0.186721,34.0244
0.186933,33.9812
0.18716,33.929
0.187403,33.8691
0.187653,33.8047
0.187908,33.7363
0.188164,33.667
0.188412,33.5996
0.188647,33.5376
0.18886,33.4856
0.189047,33.4446
0.18921,33.4135
0.189357,33.3901
0.189488,33.3729
0.18961,33.3605
0.189727,33.3521
0.189831,33.3464
0.189933,33.3435
0.190027,33.343
0.190116,33.3448
0.190205,33.3487
0.190286,33.3542
0.190361,33.3613
0.19044,33.3698
0.190509,33.3798
0.190579,33.391
0.190642,33.4038
0.190706,33.4179
0.190768,33.4332
0.190824,33.4494
0.19088,33.4662
0.190936,33.4837
0.190992,33.5017
0.191043,33.5204
0.191097,33.5396
0.191149,33.5595
0.1912,33.5797
0.191249,33.6005
0.191299,33.6216
0.19135,33.643
0.191398,33.6648
0.191452,33.6868
0.191501,33.7091
0.19155,33.7318
0.191599,33.7547
0.191647,33.7777
0.191695,33.8009
0.191748,33.8242
0.191796,33.8476
0.191843,33.8711
0.191892,33.8949
0.191941,33.9191
0.19199,33.9434
0.192041,33.9677
0.192092,33.9922
0.192143,34.0169
0.192194,34.0414
0.192244,34.0663
0.192294,34.0913
0.192347,34.1164
0.1924,34.1414
0.192456,34.1663
0.192512,34.1911
0.192565,34.2156
0.19262,34.2398
0.192678,34.2636
0.192734,34.2871
0.192791,34.3106
0.192847,34.3336
0.192904,34.3565
0.192962,34.379
0.193023,34.4015
0.193082,34.4237
0.193144,34.4459
0.193202,34.468
0.193264,34.4901
0.193326,34.5121
0.193388,34.5341
0.19345,34.556
0.193516,34.5779
0.193581,34.5995
0.193647,34.6212
0.193712,34.6427
0.193775,34.6642
0.193841,34.6858
0.193903,34.7078
0.193965,34.7298
0.19403,34.7519
0.194092,34.7739
0.194156,34.796
0.194224,34.8184
0.194284,34.8411
0.19435,34.8642
0.194412,34.8876
0.194476,34.9113
0.194542,34.9354
0.194608,34.9596
0.194674,34.9841
0.194739,35.0089
0.1948,35.034
0.194867,35.0593
0.19493,35.085
0.194991,35.1106
0.195054,35.136
0.195118,35.1612
0.195181,35.1856
0.19525,35.2088
0.195323,35.2295
0.195405,35.2461
0.1955,35.2563
0.195616,35.2576
0.195748,35.2499
0.1959,35.2342
0.196067,35.211
0.196249,35.1812
0.196441,35.1456
0.19664,35.1053
0.196847,35.0616
0.197051,35.0167
0.197255,34.9732
0.197444,34.9332
0.197629,34.8961
0.197806,34.8611
0.19798,34.8272
0.198151,34.7943
0.198317,34.7618
0.198484,34.73
0.19865,34.6992
0.198811,34.6691
0.19897,34.6397
0.199129,34.6113
0.199279,34.5848
0.199425,34.5607
0.199565,34.5391
0.199698,34.52
0.199827,34.503
0.199952,34.4874
0.200075,34.4729
0.200193,34.4593
0.200309,34.4468
0.20042,34.4355
0.200529,34.4251
0.200635,34.4157
0.200739,34.4075
0.200838,34.4006
0.200937,34.3947
0.201034,34.3902
0.201127,34.3873
0.201212,34.3856
0.201297,34.3851
0.201383,34.3856
0.201465,34.387
0.201545,34.3891
0.201626,34.3917
0.201702,34.3948
0.201782,34.3981
0.201861,34.4017
0.201941,34.4056
0.202016,34.4099
0.202091,34.4144
0.202168,34.419
0.202243,34.4237
0.202321,34.4285
0.202392,34.4332
0.202469,34.4382
0.202542,34.4437
0.202614,34.4496
0.202682,34.4559
0.202755,34.4627
0.202824,34.4701
0.202892,34.4782
0.202961,34.4868
0.203029,34.4962
0.203101,34.5063
0.203166,34.5167
0.203234,34.5275
0.203301,34.5387
0.203368,34.5501
0.203434,34.5616
0.203497,34.573
0.203568,34.5842
0.203635,34.5952
0.203703,34.6057
0.203775,34.6157
0.203847,34.6245
0.203925,34.6304
0.204015,34.6307
0.204149,34.6093
0.20451,34.4794
0.205036,34.2655
0.205681,33.9979
0.206375,33.7089
0.207088,33.4081
0.207821,33.0975
0.208561,32.7811
0.209297,32.4628
0.210022,32.1425
0.210693,31.8397
0.211132,31.6415
0.211399,31.5209
0.211555,31.4515
0.211669,31.4003
0.211761,31.3588
0.211843,31.3231
0.211913,31.2911
0.211977,31.2625
0.212037,31.2366
0.21209,31.2136
0.212139,31.1928
0.212185,31.1737
0.212227,31.1563
0.21227,31.1398
0.212307,31.1245
0.212343,31.1101
0.212379,31.0967
0.212414,31.0842
0.212449,31.0725
0.212481,31.0617
0.212513,31.0514
0.212545,31.0419
0.212575,31.0328
0.212604,31.0245
0.212634,31.0169
0.212663,31.01
0.21269,31.0038
0.212719,30.9982
0.212747,30.9934
0.212773,30.989
0.212798,30.9854
0.212825,30.9823
0.212847,30.98
0.212871,30.9783
0.212894,30.9772
0.212918,30.9769
0.21294,30.9772
0.212962,30.9782
0.212982,30.9797
0.213,30.9819
0.21302,30.9848
0.213039,30.9883
0.21306,30.9924
0.213079,30.9972
0.213094,31.0026
0.213114,31.0083
0.21313,31.0145
0.213149,31.0211
0.213166,31.0283
0.213182,31.0359
0.2132,31.0439
0.213215,31.0523
0.213234,31.0611
0.21325,31.0702
0.213268,31.0798
0.213286,31.0896
0.213305,31.0998
0.213324,31.1104
0.213342,31.1213
0.21336,31.1325
0.213376,31.1441
0.213396,31.1559
0.213417,31.168
0.213436,31.1801
0.213457,31.1924
0.213477,31.205
0.2135,31.2178
0.213523,31.2308
0.213542,31.244
0.213567,31.2571
0.213591,31.2704
0.213616,31.2838
0.213644,31.2971
0.213671,31.3105
0.213702,31.3238
0.21373,31.3372
0.21376,31.3503
0.213792,31.3631
0.213824,31.3755
0.213861,31.3874
0.213899,31.3987
0.213937,31.4094
0.21398,31.4195
0.214022,31.4289
0.214068,31.4375
0.214116,31.4452
0.214166,31.4518
0.214219,31.4574
0.214276,31.4619
0.214336,31.4654
0.214394,31.468
0.214457,31.4697
0.214519,31.4707
0.214586,31.4711
0.214653,31.4708
0.214722,31.4699
0.214792,31.4684
0.214863,31.4664
0.214932,31.464
0.215004,31.4611
0.215081,31.4578
0.215155,31.4541
0.215231,31.4498
0.215311,31.4451
0.215388,31.4399
0.21547,31.4344
0.215549,31.4284
0.215632,31.4221
0.215713,31.4151
0.215799,31.4073
0.215887,31.3982
0.215981,31.3868
0.216081,31.3722
0.216191,31.3526
0.216319,31.326
0.216456,31.2933
0.2166,31.2559
0.216751,31.2154
0.216908,31.1732
0.217062,31.1302
0.217217,31.0875
0.217366,31.046
0.21751,31.0074
0.217644,30.9739
0.217759,30.9477
0.217857,30.9283
0.217947,30.9144
0.218026,30.9046
0.218098,30.898
0.218167,30.8938
0.218233,30.8916
0.218292,30.8911
0.218351,30.8923
0.218404,30.8946
0.218458,30.898
0.21851,30.9023
0.21856,30.9074
0.218609,30.9132
0.218657,30.9198
0.218705,30.9272
0.218752,30.9355
0.218794,30.9446
0.218841,30.9542
0.218887,30.9644
0.218932,30.9748
0.218977,30.9856
0.219021,30.9965
0.219065,31.0078
0.219108,31.0192
0.219151,31.0307
0.219194,31.0422
0.21924,31.0538
0.219283,31.0653
0.219326,31.0767
0.219369,31.0884
0.219414,31.1001
0.219459,31.112
0.219504,31.124
0.219552,31.136
0.219597,31.1482
0.219641,31.1604
0.219688,31.1727
0.219735,31.1852
0.219781,31.1981
0.219827,31.2109
0.219872,31.2241
0.21992,31.2374
0.219967,31.2511
0.220014,31.265
0.22006,31.2792
0.220109,31.2936
0.220155,31.3082
0.220202,31.3229
0.22025,31.3378
0.2203,31.353
0.220347,31.3682
0.220394,31.3835
0.220441,31.3987
0.220491,31.4139
0.220538,31.4292
0.220587,31.4446
0.220636,31.46
0.220686,31.4755
0.220732,31.4911
0.220784,31.5069
0.220832,31.5228
0.22088,31.5389
0.22093,31.5552
0.22098,31.5718
0.221029,31.5891
0.22108,31.6064
0.221128,31.6241
0.221178,31.642
0.221227,31.6603
0.221279,31.6789
0.221331,31.6974
0.221382,31.7162
0.221436,31.7352
0.221487,31.7542
0.221537,31.773
0.221588,31.7919
0.221639,31.8108
0.221691,31.8295
0.221742,31.8482
0.221794,31.8669
0.221845,31.8857
0.221899,31.9044
0.22195,31.9234
0.222004,31.9423
0.222054,31.9612
0.222108,31.9801
0.222162,31.9991
0.222216,32.0179
0.222273,32.0367
0.222331,32.055
0.22239,32.073
0.22245,32.0905
0.222508,32.1071
0.222574,32.1231
0.222639,32.138
0.222706,32.1517
0.222776,32.1642
0.222849,32.1754
0.222925,32.1852
0.223007,32.1932
0.223091,32.1992
0.223178,32.2032
0.223273,32.2052
0.22337,32.2049
0.22347,32.2025
0.223578,32.1981
0.22369,32.1918
0.223804,32.1832
0.223925,32.1725
0.224047,32.1595
0.224177,32.1446
0.224311,32.1276
0.224451,32.1081
0.224591,32.0868
0.224737,32.0637
0.224884,32.0391
0.225034,32.0128
0.225184,31.9853
0.225337,31.9568
0.225487,31.9276
0.225639,31.8977
0.225789,31.8675
0.22594,31.8378
0.226087,31.8087
0.226233,31.7805
0.226374,31.753
0.226516,31.7266
0.226654,31.7009
0.226786,31.6765
0.226915,31.6533
0.227044,31.6317
0.227167,31.6118
0.227284,31.5933
0.227401,31.576
0.227513,31.5598
0.227625,31.5447
0.227733,31.5306
0.227839,31.5176
0.227939,31.5055
0.228041,31.4943
0.228138,31.4839
0.228234,31.4742
0.228328,31.465
0.228426,31.456
0.228516,31.4472
0.22861,31.4387
0.228704,31.4306
0.228794,31.4227
0.228886,31.4148
0.228977,31.407
0.229069,31.3993
0.22916,31.3915
0.229252,31.3837
0.229344,31.3757
0.229439,31.3678
0.229531,31.3598
0.229621,31.3516
0.229717,31.343
0.229811,31.3342
0.229906,31.325
0.23,31.3156
0.230096,31.3061
0.230191,31.2968
0.230286,31.2875
0.23038,31.2783
0.230472,31.2692
0.230566,31.26
0.230658,31.2512
0.230751,31.2425
0.230837,31.2345
0.230926,31.2269
0.231016,31.2197
0.231102,31.2129
0.231185,31.2066
0.231267,31.2009
0.231354,31.1955
0.231433,31.1908
0.231514,31.1868
0.231591,31.1836
0.231669,31.1809
0.231746,31.1788
0.231822,31.1774
0.231896,31.1765
0.231969,31.1763
0.23204,31.1768
0.23211,31.1783
0.232178,31.1805
0.232244,31.1837
0.232309,31.1876
0.232375,31.1924
0.232439,31.198
0.232498,31.2045
0.232558,31.2117
0.232615,31.2195
0.23267,31.228
0.232726,31.2373
0.232782,31.247
0.232834,31.257
0.232888,31.2675
0.232938,31.2782
0.232991,31.2891
0.233046,31.3003
0.233098,31.3117
0.23315,31.3233
0.233204,31.3349
0.233258,31.3466
0.233312,31.3585
0.233369,31.3703
0.233426,31.3821
0.233481,31.3938
0.233541,31.4052
0.233599,31.4165
0.233658,31.4273
0.233721,31.4379
0.233783,31.4481
0.233848,31.4578
0.233913,31.467
0.233977,31.4757
0.234046,31.484
0.234114,31.492
0.234179,31.4998
0.234248,31.5073
0.234317,31.5149
0.234386,31.5222
0.234455,31.5295
0.234524,31.5368
0.234594,31.544
0.234662,31.5515
0.234734,31.559
0.234802,31.5668
0.23487,31.5749
0.23494,31.5831
0.235007,31.5916
0.235076,31.6004
0.235143,31.6096
0.235211,31.6193
0.23528,31.6295
0.235345,31.6401
0.235409,31.6511
0.235476,31.6626
0.235542,31.6744
0.235604,31.6865
0.235665,31.6988
0.235729,31.7114
0.235793,31.7241
0.235856,31.737
0.235917,31.75
0.23598,31.7627
0.236045,31.775
0.236112,31.7862
0.236185,31.796
0.236259,31.805
0.236332,31.8133
0.236409,31.8211
0.236489,31.8286
0.236567,31.8359
0.236648,31.843
0.236727,31.8501
0.236807,31.8577
0.236882,31.866
0.236963,31.8751
0.237036,31.8847
0.237112,31.8944
0.237188,31.9041
0.237261,31.9136
0.237335,31.9224
0.237412,31.9306
0.237489,31.938
0.237569,31.9447
0.237652,31.9506
0.237735,31.9557
0.237821,31.96
0.237907,31.9637
0.237994,31.9665
0.238086,31.9687
0.238175,31.9703
0.238267,31.971
0.238364,31.9704
0.238466,31.9677
0.238569,31.9626
0.238683,31.9542
0.238805,31.9414
0.238934,31.9238
0.239077,31.9009
0.239229,31.8727
0.23939,31.8397
0.239556,31.8031
0.239723,31.7645
0.239895,31.7252
0.240062,31.6862
0.240229,31.649
0.240385,31.6151
0.240534,31.5851
0.24067,31.5601
0.240792,31.5402
0.240905,31.525
0.241012,31.5139
0.241107,31.5063
0.241201,31.5015
0.241284,31.4994
0.241364,31.4997
0.241441,31.502
0.241511,31.5061
0.24158,31.5118
0.24165,31.519
0.241711,31.5275
0.241772,31.5373
0.241831,31.5481
0.241885,31.5598
0.241941,31.5722
0.241992,31.5853
0.242048,31.5991
0.242096,31.6136
0.242147,31.6285
0.242196,31.6439
0.242245,31.6599
0.242292,31.6765
0.242338,31.6935
0.242383,31.7112
0.242426,31.7293
0.242472,31.748
0.242517,31.7671
0.24256,31.7867
0.242606,31.8066
0.242648,31.8271
0.242693,31.8478
0.242736,31.8687
0.242782,31.8901
0.242825,31.9116
0.24287,31.9332
0.242915,31.9549
0.24296,31.9768
0.243003,31.9984
0.243048,32.0201
0.243096,32.0418
0.243141,32.0636
0.243186,32.0854
0.243231,32.1073
0.243278,32.1294
0.243325,32.1516
0.243372,32.1738
0.243418,32.1964
0.243464,32.2192
0.243512,32.2424
0.243559,32.2661
0.243605,32.2899
0.243654,32.3141
0.2437,32.3385
0.243747,32.363
0.243795,32.3879
0.243844,32.4131
0.243891,32.4383
0.243937,32.4635
0.243987,32.4887
0.244034,32.5139
0.244081,32.5389
0.244128,32.5636
0.244177,32.5881
0.244228,32.6123
0.24428,32.6363
0.24433,32.66
0.244383,32.6837
0.244436,32.7072
0.244492,32.7304
0.244546,32.7535
0.244603,32.7763
0.244661,32.7989
0.24472,32.8214
0.244781,32.8437
0.244843,32.8657
0.244903,32.8872
0.244967,32.9083
0.245029,32.9289
0.245092,32.9491
0.245156,32.9685
0.24522,32.9878
0.245289,33.0066
0.245359,33.0249
0.245429,33.0428
0.245501,33.0603
0.245573,33.0775
0.245648,33.0943
0.245723,33.1112
0.245794,33.1278
0.24587,33.1444
0.24595,33.1605
0.246031,33.1764
0.246109,33.1917
0.246189,33.2065
0.246273,33.2207
0.246358,33.2343
0.246442,33.2473
0.246524,33.2596
0.246612,33.2715
0.246693,33.2829
0.246784,33.294
0.246872,33.3048
0.24696,33.3156
0.247048,33.3266
0.247132,33.3378
0.247218,33.3493
0.247304,33.3614
0.247389,33.3738
0.247473,33.3866
0.247556,33.3996
0.247638,33.4132
0.24772,33.4273
0.247801,33.4416
0.247881,33.4563
0.24796,33.4713
0.248036,33.4868
0.248113,33.5025
0.248184,33.5187
0.248261,33.5351
0.248336,33.5522
0.248408,33.5696
0.248481,33.5875
0.248554,33.6058
0.248628,33.6245
0.248702,33.6437
0.248775,33.6632
0.248844,33.6827
0.248917,33.7025
0.24899,33.7221
0.249065,33.7417
0.249139,33.7612
0.249212,33.7804
0.249285,33.7995
0.249357,33.8187
0.249427,33.8379
0.249501,33.8568
0.249575,33.8757
0.249649,33.8949
0.249719,33.9143
0.249792,33.9341
0.249864,33.9541
0.249935,33.9742
0.250006,33.9947
0.250077,34.0151
0.250151,34.0356
0.250222,34.0562
0.250293,34.0769
0.250366,34.0976
0.250437,34.1181
0.250508,34.1385
0.250579,34.1589
0.250654,34.1789
0.250726,34.1989
0.250798,34.2187
0.25087,34.2386
0.250943,34.2582
0.251019,34.2777
0.251095,34.2971
0.251172,34.3163
0.251251,34.3352
0.251332,34.3539
0.251413,34.3725
0.251491,34.3908
0.251573,34.4089
0.251655,34.4266
0.251735,34.4441
0.251816,34.4613
0.251897,34.4781
0.251982,34.4948
0.252064,34.5114
0.252146,34.5279
0.252225,34.5444
0.252307,34.5608
0.252392,34.5774
0.252471,34.5942
0.252552,34.6111
0.252633,34.6283
0.252713,34.6456
0.252795,34.6633
0.252877,34.6812
0.252956,34.6994
0.253037,34.7179
0.253118,34.7364
0.253196,34.7552
0.253273,34.774
0.25335,34.7928
0.253427,34.8117
0.253504,34.8307
0.253582,34.8493
0.253662,34.8679
0.253741,34.8862
0.253826,34.904
0.253909,34.9214
0.253994,34.9381
0.254083,34.954
0.254174,34.9689
0.254267,34.9827
0.254361,34.9949
0.254462,35.0052
0.254567,35.0135
0.254677,35.0195
0.254789,35.023
0.254906,35.0238
0.255029,35.0217
0.255156,35.0169
0.255291,35.0091
0.25543,34.9982
0.255575,34.9844
0.255728,34.9678
0.255884,34.9488
0.256044,34.9278
0.256207,34.905
0.256374,34.8807
0.25654,34.8552
0.256708,34.8288
0.256874,34.802
0.25704,34.775
0.257203,34.7484
0.257365,34.722
0.257523,34.696
0.257682,34.6702
0.257837,34.6444
0.257992,34.6188
0.258146,34.5933
0.258301,34.5677
0.258456,34.542
0.25861,34.5163
0.258762,34.4907
0.258914,34.4652
0.259063,34.4399
0.25921,34.4149
0.259356,34.3905
0.259501,34.3668
0.259645,34.3439
0.259784,34.3215
0.259922,34.2999
0.260055,34.2789
0.260185,34.2583
0.260314,34.2383
0.260442,34.219
0.260566,34.2007
0.260689,34.183
0.260807,34.1661
0.260927,34.1499
0.26104,34.1348
0.261151,34.1206
0.261259,34.1076
0.261365,34.0957
0.261469,34.0849
0.261568,34.0749
0.261668,34.0658
0.261764,34.0574
0.261861,34.0499
0.261955,34.0435
0.262046,34.0379
0.262137,34.0333
0.262223,34.0295
0.262308,34.0264
0.262394,34.0241
0.262475,34.0227
0.262552,34.022
0.26263,34.0222
0.26271,34.0231
0.262782,34.0247
0.262856,34.0269
0.262929,34.0296
0.263001,34.0329
0.263071,34.0366
0.263141,34.0409
0.263212,34.0457
0.26328,34.0509
0.26335,34.0566
0.263416,34.0626
0.263484,34.0688
0.263552,34.0752
0.263621,34.0816
0.263687,34.0875
0.263757,34.093
0.26383,34.0981
0.263902,34.103
0.263977,34.1075
0.264049,34.1117
0.264122,34.1157
0.264199,34.1194
0.264273,34.1229
0.264347,34.1265
0.264423,34.1304
0.264497,34.1344
0.264569,34.1386
0.264639,34.1427
0.264715,34.147
0.264784,34.1514
0.264856,34.1558
0.264928,34.1605
0.264999,34.1655
0.265069,34.1707
0.265139,34.1764
0.265208,34.1825
0.265278,34.1891
0.265344,34.1965
0.26541,34.2043
0.265476,34.2128
0.265539,34.2217
0.265601,34.2312
0.265667,34.2413
0.265729,34.2521
0.26579,34.2632
0.265851,34.2749
0.265912,34.2872
0.26597,34.3
0.266027,34.3133
0.266079,34.3272
0.266134,34.3417
0.26619,34.3567
0.266242,34.3723
0.266293,34.3883
0.266346,34.405
0.266397,34.4221
0.266448,34.4398
0.266501,34.4577
0.266553,34.4762
0.266601,34.4949
0.266655,34.514
0.266705,34.5333
0.266758,34.5527
0.266811,34.572
0.266866,34.5915
0.266918,34.6112
0.266974,34.6308
0.267026,34.6504
0.267082,34.6698
0.267138,34.6889
0.267195,34.708
0.267252,34.7268
0.267306,34.7456
0.267363,34.7644
0.267417,34.7829
0.267478,34.8013
0.267537,34.8193
0.267595,34.8374
0.267657,34.8552
0.267719,34.873
0.267779,34.8906
0.267841,34.9081
0.267904,34.9255
0.26797,34.9427
0.268033,34.9599
0.268099,34.9772
0.268165,34.9942
0.268229,35.0113
0.268295,35.0284
0.268362,35.0454
0.268426,35.0624
0.268492,35.0791
0.26856,35.0956
0.268625,35.1119
0.268693,35.1282
0.268762,35.1441
0.268831,35.1599
0.2689,35.1756
0.268973,35.1912
0.269045,35.2066
0.269118,35.222
0.269191,35.2372
0.269262,35.2524
0.269338,35.2673
0.269412,35.282
0.26949,35.2964
0.269569,35.3103
0.269648,35.3237
0.269729,35.3368
0.269808,35.3492
0.269888,35.3609
0.26997,35.372
0.270053,35.3824
0.270137,35.3923
0.270223,35.4015
0.27031,35.41
0.270396,35.4178
0.270486,35.4247
0.270579,35.4305
0.270671,35.4351
0.270771,35.4387
0.270871,35.4409
0.270974,35.4415
0.271081,35.4405
0.271194,35.438
0.271307,35.4338
0.271424,35.428
0.271544,35.4203
0.271666,35.4107
0.271793,35.3985
0.271926,35.383
0.272065,35.3637
0.272217,35.3396
0.272375,35.3096
0.272553,35.2718
0.27275,35.2242
0.27297,35.1653
0.273215,35.095
0.273478,35.014
0.273762,34.9246
0.274054,34.8289
0.274357,34.7288
0.274658,34.6263
0.274962,34.5232
0.275255,34.4222
0.275534,34.3255
0.275799,34.2361
0.276043,34.1546
0.276264,34.0813
0.276471,34.0149
0.27666,33.9546
0.276841,33.8995
0.277007,33.8487
0.277163,33.8016
0.277314,33.7581
0.277457,33.7173
0.277594,33.6792
0.277724,33.6433
0.277848,33.6087
0.277972,33.5752
0.278095,33.5428
0.278215,33.511
0.278332,33.4803
0.278443,33.4501
0.278556,33.4207
0.278667,33.3925
0.278773,33.3652
0.278877,33.3388
0.278979,33.3136
0.27908,33.2898
0.279176,33.2674
0.279266,33.2464
0.279359,33.2268
0.279443,33.209
0.279526,33.1925
0.279607,33.1773
0.279685,33.1633
0.279761,33.1504
0.279835,33.1386
0.279907,33.1277
0.279974,33.1178
0.280042,33.1089
0.280108,33.1007
0.280176,33.0933
0.280237,33.0865
0.280301,33.0803
0.28036,33.0747
0.280422,33.0697
0.280481,33.0652
0.280539,33.0611
0.280597,33.0572
0.280657,33.0534
0.280715,33.0495
0.280775,33.0456
0.280835,33.0416
0.280896,33.0376
0.280954,33.0334
0.281018,33.0291
0.28108,33.0244
0.281142,33.0197
0.281208,33.0147
0.281273,33.0096
0.281342,33.0045
0.281408,32.9994
0.281474,32.9943
0.28154,32.9889
0.28161,32.9834
0.281676,32.9778
0.281746,32.9721
0.281817,32.9661
0.281888,32.96
0.281959,32.9538
0.28203,32.9475
0.282102,32.9409
0.282174,32.934
0.282247,32.9271
0.28232,32.9199
0.282393,32.9127
0.282469,32.9052
0.282543,32.8977
0.28262,32.8902
0.282693,32.8827
0.282767,32.8751
0.282843,32.8677
0.282917,32.8603
0.282993,32.8531
0.283066,32.8459
0.283138,32.8389
0.283214,32.8321
0.283286,32.8253
0.283361,32.8187
0.283435,32.8119
0.283507,32.8052
0.283583,32.7983
0.283655,32.7916
0.28373,32.7849
0.283804,32.7783
0.283879,32.7718
0.283953,32.7655
0.284024,32.7594
0.284097,32.7537
0.284172,32.7484
0.284243,32.7436
0.28431,32.7391
0.284382,32.7353
0.284447,32.7318
0.284517,32.7289
0.284584,32.7263
0.284652,32.7241
0.284719,32.7222
0.284784,32.7206
0.284851,32.7191
0.284917,32.7179
0.284984,32.7169
0.285049,32.7161
0.285111,32.7154
0.285177,32.7149
0.285242,32.7143
0.285307,32.7137
0.285375,32.7131
0.28544,32.7126
0.285505,32.7122
0.285569,32.7119
0.285637,32.7116
0.285701,32.7113
0.285769,32.7109
0.285837,32.7103
0.285905,32.7097
0.285976,32.7091
0.286045,32.7084
0.286113,32.7076
0.286185,32.7067
0.286253,32.7059
0.286325,32.705
0.286394,32.7041
0.286465,32.7032
0.286536,32.7025
0.286608,32.7018
0.286684,32.7013
0.286755,32.7009
0.286828,32.7005
0.286899,32.7001
0.286969,32.6997
0.287043,32.6993
0.287114,32.6988
0.287185,32.6981
0.287259,32.6975
0.28733,32.6968
0.287402,32.6958
0.287474,32.6948
0.287546,32.6934
0.287622,32.6916
0.287694,32.6892
0.287771,32.6859
0.287849,32.6817
0.28793,32.6767
0.288015,32.6706
0.288099,32.6635
0.288188,32.6557
0.288276,32.6472
0.288367,32.6381
0.288456,32.6289
0.288545,32.6196
0.288633,32.6107
0.288723,32.6022
0.28881,32.5942
0.288895,32.5868
0.288981,32.58
0.289064,32.5736
0.28915,32.5676
0.289231,32.5621
0.289311,32.5571
0.28939,32.5526
0.289465,32.5486
0.289542,32.5451
0.289618,32.5422
0.289693,32.5397
0.289766,32.5377
0.289839,32.5364
0.28991,32.5356
0.28998,32.5354
0.29005,32.5357
0.290118,32.5363
0.290186,32.5373
0.290253,32.5386
0.290322,32.5402
0.290388,32.5422
0.290458,32.5447
0.290522,32.5476
0.290588,32.5508
0.290653,32.5544
0.290718,32.5582
0.290782,32.5621
0.29085,32.5662
0.290914,32.5704
0.29098,32.5748
0.291047,32.5792
0.29111,32.5837
0.291176,32.5882
0.29124,32.5927
0.291306,32.5971
0.291373,32.6014
0.291439,32.6058
0.291503,32.6102
0.291569,32.6147
0.291633,32.6191
0.291696,32.6236
0.291762,32.6281
0.291828,32.6327
0.291892,32.6372
0.291958,32.6418
0.292027,32.6464
0.292092,32.6513
0.292157,32.6562
0.292223,32.6612
0.292287,32.6665
0.292352,32.6718
0.292419,32.6773
0.292486,32.6829
0.292552,32.6888
0.292621,32.6948
0.292687,32.7008
0.292753,32.7068
0.292822,32.7128
0.292888,32.7187
0.292954,32.7246
0.293021,32.7304
0.293087,32.7364
0.293156,32.7422
0.293222,32.7481
0.293288,32.7542
0.293354,32.7604
0.293419,32.7669
0.293487,32.7736
0.293551,32.7806
0.29362,32.7877
0.293683,32.7952
0.293749,32.8028
0.293814,32.8108
0.293881,32.819
0.293944,32.8276
0.294007,32.8365
0.294076,32.8456
0.294141,32.855
0.294209,32.8644
0.294273,32.8739
0.294341,32.8832
0.294409,32.8923
0.294478,32.901
0.294549,32.909
0.294618,32.9164
0.294691,32.9231
0.294763,32.9291
0.294839,32.9344
0.294914,32.939
0.29499,32.943
0.29507,32.9464
0.295152,32.9493
0.295234,32.9516
0.295314,32.9536
0.295398,32.9554
0.295482,32.9567
0.295567,32.9578
0.295653,32.9585
0.295739,32.959
0.295826,32.9592
0.29591,32.9591
0.295998,32.9588
0.296089,32.9583
0.296178,32.9573
0.296268,32.9558
0.29636,32.9537
0.296453,32.9511
0.296547,32.9477
0.296642,32.9438
0.296739,32.9394
0.296834,32.9343
0.296929,32.9286
0.297027,32.9222
0.297125,32.9154
0.297227,32.9083
0.297327,32.9009
0.297427,32.8931
0.297531,32.8852
0.297635,32.8771
0.297736,32.8692
0.297836,32.8615
0.297936,32.8541
0.298031,32.8472
0.298131,32.841
0.298227,32.8354
0.298322,32.8304
0.298415,32.8261
0.298507,32.8224
0.298597,32.8194
0.298687,32.8167
0.298777,32.8142
0.298862,32.812
0.298949,32.8097
0.299038,32.8071
0.299126,32.8042
0.299217,32.8008
0.299307,32.7968
0.299398,32.7921
0.29949,32.7866
0.299585,32.7801
0.299682,32.7729
0.29978,32.7649
0.29988,32.756
0.29998,32.7466
0.300083,32.7366
0.300186,32.7261
0.300287,32.7152
0.300391,32.704
0.300496,32.6926
0.300598,32.6812
0.300704,32.6694
0.30081,32.6577
0.300912,32.646
0.301018,32.6344
0.301117,32.6229
0.301219,32.6115
0.301321,32.6003
0.301419,32.5893
0.30152,32.5783
0.301618,32.5676
0.301718,32.5572
0.301815,32.547
0.301911,32.537
0.302007,32.5273
0.302102,32.5178
0.302197,32.5084
0.302291,32.4993
0.302382,32.4904
0.302479,32.4818
0.302572,32.4732
0.302665,32.4647
0.302762,32.4562
0.302855,32.4475
0.302949,32.4384
0.303045,32.4289
0.303144,32.4188
0.303239,32.4081
0.303341,32.3967
0.303443,32.3842
0.303543,32.3706
0.303649,32.3558
0.303756,32.3395
0.303868,32.322
0.30398,32.3029
0.304096,32.2822
0.304215,32.2597
0.304337,32.2357
0.304463,32.21
0.304589,32.1829
0.304718,32.1545
0.304848,32.1248
0.304982,32.0941
0.305117,32.0623
0.305255,32.0296
0.305391,31.9964
0.30553,31.9627
0.305664,31.929
0.305798,31.8953
0.305933,31.8624
0.306063,31.8304
0.30619,31.7995
0.306315,31.7701
0.306437,31.7424
0.306552,31.7164
0.306663,31.6924
0.306769,31.6704
0.306872,31.65
0.306972,31.6313
0.307069,31.6141
0.30716,31.5981
0.307249,31.5832
0.307335,31.5696
0.30742,31.557
0.307502,31.5454
0.307582,31.5347
0.307661,31.5247
0.307738,31.5157
0.307813,31.5076
0.307886,31.5002
0.30796,31.4937
0.308031,31.4877
0.3081,31.4825
0.308171,31.4777
0.30824,31.4736
0.308306,31.4701
0.308373,31.467
0.30844,31.4644
0.308508,31.4623
0.308572,31.4607
0.308636,31.4596
0.308698,31.459
0.308762,31.459
0.308822,31.4593
0.308884,31.4602
0.308946,31.4613
0.309009,31.4629
0.309067,31.4648
0.309126,31.4671
0.309187,31.4696
0.309246,31.4723
0.309304,31.4751
0.309365,31.478
0.309423,31.481
0.309483,31.484
0.30954,31.4873
0.3096,31.4906
0.309657,31.494
0.309717,31.4974
0.309777,31.5006
0.309837,31.5037
0.309898,31.5068
0.309959,31.5098
0.310019,31.5128
0.31008,31.5157
0.310144,31.5183
0.310206,31.5209
0.31027,31.5233
0.310333,31.5256
0.310398,31.5278
0.310464,31.5297
0.31053,31.5315
0.3106,31.5328
0.31067,31.5338
0.310739,31.5343
0.310809,31.5344
0.310885,31.534
0.310957,31.5331
0.311032,31.5317
0.311109,31.5298
0.31119,31.5273
0.311268,31.5243
0.311348,31.5208
0.311426,31.5169
0.311508,31.5127
0.311587,31.5081
0.31167,31.5031
0.311753,31.498
0.311836,31.4929
0.31192,31.4878
0.312003,31.4827
0.312086,31.4777
0.312169,31.4727
0.312251,31.468
0.312334,31.4633
0.312418,31.459
0.312499,31.4549
0.312579,31.4512
0.312662,31.4478
0.312741,31.4446
0.312822,31.4419
0.3129,31.4397
0.312979,31.4381
0.313054,31.437
0.313133,31.4366
0.313208,31.4367
0.313282,31.4376
0.313352,31.439
0.313423,31.441
0.313493,31.4436
0.313562,31.4468
0.313627,31.4505
0.313691,31.4548
0.313754,31.4595
0.313816,31.4645
0.313881,31.47
0.313941,31.4757
0.314004,31.4817
0.314064,31.488
0.314126,31.4947
0.314184,31.5018
0.314244,31.5093
0.314303,31.5171
0.314362,31.5253
0.31442,31.5337
0.314477,31.5425
0.314534,31.5514
0.314594,31.5607
0.314653,31.5702
0.314711,31.5799
0.314769,31.5897
0.31483,31.5995
0.314891,31.6094
0.314949,31.6192
0.31501,31.629
0.315069,31.6386
0.31513,31.6484
0.315189,31.6579
0.315251,31.6672
0.315311,31.6763
0.315373,31.6851
0.315437,31.6937
0.315501,31.7022
0.315565,31.7106
0.315629,31.7189
0.315693,31.7274
0.31576,31.7358
0.315823,31.7444
0.315886,31.7534
0.315951,31.7625
0.316016,31.7722
0.316079,31.7822
0.316142,31.7925
0.316207,31.8033
0.316271,31.8147
0.316331,31.8262
0.316394,31.838
0.316456,31.85
0.316519,31.8621
0.316578,31.8742
0.31664,31.8862
0.316702,31.8982
0.316762,31.9101
0.316824,31.9219
0.316888,31.9335
0.316948,31.9451
0.317011,31.9567
0.317072,31.9683
0.317135,31.9799
0.317198,31.9914
0.317261,32.0032
0.317327,32.0149
0.31739,32.0266
0.317452,32.0385
0.317518,32.0503
0.317583,32.0621
0.317653,32.0738
0.317718,32.0854
0.317785,32.0967
0.317854,32.107
0.317937,32.1105
0.318054,32.0988
0.319019,31.675
0.320545,30.9836
0.322262,30.1945
0.32407,29.3664
0.325947,28.5031
0.327862,27.6203
0.329815,26.718
0.331798,25.7883
0.333813,24.8156
0.336239,23.6359
0.338207,22.6594
