"Maximum force",60.9668,"N"
"Gage length ",1.64866,"mm"
"Strain energy",0.73475,"mJ"
"Deformation at maximum force",0.0245479,"mm"
"Standard travel","Standard force"
"mm","N"
0,0.221783
4.64916e-006,0.225094
9.62615e-006,0.228237
1.5229e-005,0.231091
2.09808e-005,0.233883
2.67923e-005,0.23663
3.00854e-005,0.239208
3.317e-005,0.241879
3.67165e-005,0.244335
4.02331e-005,0.246792
4.4167e-005,0.249066
4.5605e-005,0.251141
5.00455e-005,0.253155
5.19678e-005,0.255009
5.3905e-005,0.256848
5.64381e-005,0.258404
5.90608e-005,0.259915
6.20261e-005,0.261265
6.22906e-005,0.262516
6.53006e-005,0.263844
6.61649e-005,0.264816
6.66752e-005,0.265953
7.0639e-005,0.266823
7.12276e-005,0.267922
7.18348e-005,0.269013
7.23116e-005,0.270165
7.24755e-005,0.271469
7.30492e-005,0.272568
7.33286e-005,0.273819
7.43121e-005,0.274727
7.47107e-005,0.275917
7.25649e-005,0.276932
7.31833e-005,0.278015
7.41892e-005,0.278919
7.5426e-005,0.279709
7.40103e-005,0.280384
7.61412e-005,0.280745
7.52434e-005,0.281176
7.77021e-005,0.281388
7.71098e-005,0.281671
7.94493e-005,0.281936
7.89426e-005,0.28218
7.81491e-005,0.282556
8.05184e-005,0.282806
7.96802e-005,0.283206
8.19154e-005,0.283519
8.08351e-005,0.284034
7.95461e-005,0.284648
8.10586e-005,0.285304
7.93822e-005,0.286105
7.79741e-005,0.286769
7.64392e-005,0.287498
7.56234e-005,0.287883
7.76798e-005,0.288284
7.69272e-005,0.288644
7.62343e-005,0.288972
7.85291e-005,0.289254
7.82292e-005,0.289404
7.76518e-005,0.289677
7.74851e-005,0.289757
7.71703e-005,0.289906
7.70711e-005,0.289953
7.65757e-005,0.290187
7.59833e-005,0.29047
7.56499e-005,0.290626
7.48564e-005,0.291002
7.43126e-005,0.291261
7.36495e-005,0.291574
7.63168e-005,0.291684
7.60113e-005,0.291833
7.55475e-005,0.292052
7.52662e-005,0.292186
7.49198e-005,0.29235
7.4754e-005,0.292428
7.43908e-005,0.292601
7.41095e-005,0.292734
7.37612e-005,0.292899
7.34967e-005,0.293024
7.33151e-005,0.29311
7.29184e-005,0.293298
7.25887e-005,0.293455
7.17617e-005,0.293846
7.10352e-005,0.294191
7.03908e-005,0.294496
6.97798e-005,0.294786
6.96122e-005,0.294866
6.92154e-005,0.295053
6.90171e-005,0.295147
6.8719e-005,0.295289
6.86857e-005,0.295304
6.8702e-005,0.295297
6.88669e-005,0.295218
6.92469e-005,0.295038
6.93465e-005,0.294991
6.98084e-005,0.294772
7.26248e-005,0.294811
7.28799e-005,0.294693
7.27496e-005,0.294756
7.24031e-005,0.29492
7.20231e-005,0.2951
7.13787e-005,0.295405
7.09149e-005,0.295626
6.99612e-005,0.29608
6.94434e-005,0.296323
6.88324e-005,0.296613
6.83519e-005,0.29684
6.7875e-005,0.297067
6.7197e-005,0.297387
6.698e-005,0.29749
6.66671e-005,0.297639
6.72073e-005,0.297381
6.75742e-005,0.297209
6.82187e-005,0.296904
6.8811e-005,0.296621
6.91612e-005,0.296456
6.96231e-005,0.296237
6.96906e-005,0.296205
6.99384e-005,0.296088
6.96757e-005,0.296213
6.9428e-005,0.29633
6.8832e-005,0.296613
6.81726e-005,0.296925
6.75914e-005,0.2972
6.65856e-005,0.297677
6.58405e-005,0.29803
6.50955e-005,0.298383
6.46317e-005,0.298602
6.44007e-005,0.298713
6.43341e-005,0.298744
6.45819e-005,0.298627
6.44505e-005,0.298689
6.48119e-005,0.298517
6.48962e-005,0.298478
6.52929e-005,0.29829
6.56059e-005,0.298141
6.57884e-005,0.298055
6.60035e-005,0.297953
6.59216e-005,0.297992
6.61022e-005,0.297906
6.57893e-005,0.298054
6.56245e-005,0.298133
6.51942e-005,0.298336
6.4913e-005,0.298469
6.47313e-005,0.298556
6.44836e-005,0.298673
6.45323e-005,0.29865
6.42193e-005,0.298799
6.42348e-005,0.298791
6.39051e-005,0.298947
6.38055e-005,0.298995
6.40365e-005,0.298885
6.39377e-005,0.298932
6.40365e-005,0.298885
6.37571e-005,0.299018
6.36239e-005,0.299081
6.31619e-005,0.2993
6.28807e-005,0.299433
6.25827e-005,0.299574
6.21692e-005,0.29977
6.21189e-005,0.299794
6.17892e-005,0.29995
6.19857e-005,0.299857
6.197e-005,0.299864
6.22177e-005,0.299747
6.24319e-005,0.299645
6.25977e-005,0.299567
6.31751e-005,0.299294
6.35234e-005,0.299128
6.41679e-005,0.298823
6.45143e-005,0.298658
6.46312e-005,0.298603
6.45162e-005,0.298658
6.42685e-005,0.298775
6.38382e-005,0.298978
6.30633e-005,0.299346
6.25493e-005,0.299589
6.18377e-005,0.299927
6.12603e-005,0.3002
6.07164e-005,0.300459
5.98559e-005,0.300866
5.96556e-005,0.300961
5.92421e-005,0.301156
5.93734e-005,0.301095
5.96379e-005,0.30097
6.01148e-005,0.300742
6.06624e-005,0.300485
6.11914e-005,0.300233
6.19849e-005,0.299857
6.24151e-005,0.299653
6.319e-005,0.299285
6.33087e-005,0.29923
6.36217e-005,0.299081
6.35574e-005,0.299112
6.32929e-005,0.299237
6.31439e-005,0.299308
6.2533e-005,0.299598
6.21027e-005,0.299802
6.1e-005,0.300324
6.02363e-005,0.300687
5.95397e-005,0.301015
5.92268e-005,0.301164
5.91597e-005,0.301196
5.90107e-005,0.301267
5.94056e-005,0.301079
5.94568e-005,0.301055
5.98368e-005,0.300875
6.0118e-005,0.300743
6.05297e-005,0.300546
6.10587e-005,0.300296
6.13083e-005,0.300178
6.15392e-005,0.300068
6.15071e-005,0.300084
6.15399e-005,0.300068
6.12438e-005,0.300208
6.1078e-005,0.300287
6.11101e-005,0.300272
6.07301e-005,0.300451
6.08289e-005,0.300405
6.0434e-005,0.300593
6.04323e-005,0.300593
6.03332e-005,0.30064
6.03496e-005,0.300632
6.02839e-005,0.300664
5.99878e-005,0.300804
5.99695e-005,0.300812
5.96398e-005,0.300969
5.97702e-005,0.300907
5.96719e-005,0.300953
5.97543e-005,0.300914
5.96063e-005,0.300985
5.9243e-005,0.301157
5.89785e-005,0.301282
5.83676e-005,0.301572
5.79038e-005,0.301791
5.98857e-005,0.302222
6.46838e-005,0.302707
7.22536e-005,0.303249
7.94956e-005,0.303954
8.94496e-005,0.304736
0.000101669,0.305843
0.000113768,0.306987
0.000128014,0.30849
0.000142438,0.309917
0.000159485,0.311473
0.000175936,0.313304
0.00019191,0.315349
0.000209911,0.317851
0.00022803,0.320323
0.000245316,0.323131
0.000262601,0.325938
0.000279529,0.328944
0.000298721,0.332256
0.000314576,0.335796
0.000332339,0.339732
0.000352604,0.343913
0.000371678,0.348643
0.000387056,0.35374
0.000406725,0.359599
0.000422103,0.366039
0.000438792,0.373302
0.000456555,0.381419
0.000470383,0.390025
0.000485284,0.399486
0.000498874,0.409557
0.000514133,0.420238
0.000528438,0.431346
0.000541849,0.442943
0.000557227,0.454906
0.000575347,0.46693
0.000590248,0.479198
0.00060503,0.491466
0.000622196,0.504039
0.000641865,0.516734
0.000658316,0.529613
0.000677032,0.542735
0.00069551,0.55598
0.000713391,0.569591
0.000730557,0.583507
0.00074677,0.59785
0.000764651,0.612743
0.000784678,0.628062
0.000803871,0.643809
0.000822348,0.659801
0.000842614,0.676402
0.000861926,0.69337
0.000880046,0.710948
0.000897569,0.728893
0.000917239,0.747081
0.000936074,0.765758
0.000957293,0.784557
0.000974698,0.803844
0.000994248,0.823497
0.00101308,0.843517
0.00103132,0.86378
0.00105195,0.884288
0.00107161,0.905284
0.00108771,0.926646
0.00110833,0.948497
0.0011255,0.970714
0.00114469,0.993297
0.00116329,1.01612
0.00118403,1.03932
0.00120072,1.06312
0.00121967,1.08717
0.00123755,1.11183
0.00125484,1.13673
0.00127117,1.162
0.00129287,1.18751
0.00131385,1.21339
0.0013309,1.23976
0.00134973,1.26661
0.00137023,1.29408
0.0013899,1.32203
0.00140802,1.35047
0.00143151,1.37941
0.00145082,1.40882
0.0014718,1.43873
0.00149207,1.46913
0.00151102,1.50001
0.0015295,1.53126
0.00155,1.56275
0.00157003,1.59474
0.00159244,1.62672
0.00161151,1.65895
0.00162999,1.69166
0.00165073,1.72438
0.00166838,1.75733
0.00169091,1.79078
0.00171022,1.82423
0.0017318,1.85817
0.00175552,1.89234
0.00177578,1.92701
0.00179808,1.96168
0.00181715,1.99684
0.00184099,2.03224
0.0018615,2.06813
0.00188689,2.10426
0.00190858,2.14088
0.00193266,2.1775
0.00195579,2.21485
0.00197856,2.25221
0.00200335,2.29005
0.00202779,2.32814
0.00204865,2.36647
0.0020719,2.40504
0.00209467,2.44386
0.00211398,2.48292
0.00213854,2.52223
0.00216226,2.56178
0.00218551,2.60182
0.00221066,2.64234
0.00223498,2.68312
0.0022612,2.72438
0.00228648,2.76612
0.00231091,2.80836
0.00233702,2.85108
0.00236253,2.89405
0.00238995,2.93751
0.00241391,2.98121
0.00244014,3.02516
0.00246875,3.06959
0.00249414,3.11402
0.00251893,3.1587
0.00254302,3.20387
0.0025696,3.24903
0.00259296,3.29444
0.00262134,3.3401
0.00264601,3.38624
0.00267033,3.43263
0.00269322,3.47975
0.00271873,3.52687
0.00274639,3.57423
0.00277345,3.62208
0.00279991,3.67018
0.00282566,3.71852
0.00285105,3.7671
0.00287609,3.81593
0.00290398,3.86476
0.00293128,3.91383
0.00295834,3.9629
0.00298457,4.01246
0.00301008,4.06227
0.00303487,4.11256
0.00306122,4.16334
0.00308661,4.21485
0.00311605,4.26686
0.00314145,4.31959
0.00316827,4.37306
0.00319676,4.42701
0.00322477,4.48121
0.00325183,4.5359
0.00328152,4.59059
0.00330476,4.64576
0.00333075,4.70094
0.00335638,4.75636
0.00338165,4.81178
0.00340979,4.86744
0.00343756,4.92311
0.00346474,4.97901
0.00349335,5.03566
0.00351803,5.09278
0.00354461,5.15065
0.0035731,5.20875
0.0036041,5.2671
0.00363116,5.32569
0.00366048,5.38502
0.00368254,5.44459
0.00370936,5.50489
0.00373511,5.56568
0.0037599,5.62696
0.00378637,5.68898
0.00381462,5.75123
0.00384156,5.81422
0.0038697,5.8777
0.00389688,5.94215
0.00392596,6.00709
0.00395433,6.07203
0.00398509,6.13746
0.00400929,6.20289
0.00403635,6.26881
0.00406305,6.33424
0.00408928,6.40065
0.00411479,6.46705
0.0041428,6.53346
0.00416712,6.60035
0.00419645,6.66774
0.00422267,6.73561
0.00425105,6.80348
0.00428204,6.87135
0.0043122,6.93971
0.00433938,7.00807
0.00436596,7.07643
0.00439481,7.14576
0.00442604,7.21461
0.00445644,7.28443
0.00448577,7.35475
0.00452014,7.42528
0.00455376,7.49559
0.00459,7.56688
0.004626,7.63768
0.00466153,7.70946
0.00469347,7.78075
0.00472542,7.85253
0.00475463,7.92431
0.00478407,7.99559
0.0048165,8.06688
0.00484845,8.13866
0.00488016,8.21044
0.00491425,8.28222
0.00494811,8.35448
0.00498101,8.42675
0.00501391,8.4995
0.00504633,8.57226
0.00507471,8.6455
0.00510522,8.71923
0.00513789,8.79345
0.00516685,8.86767
0.00519439,8.94286
0.00522658,9.01854
0.00526067,9.09472
0.00529143,9.17089
0.00532457,9.24755
0.00535676,9.3247
0.00538286,9.40184
0.00540837,9.47948
0.00543961,9.55663
0.0054644,9.63476
0.00549194,9.71239
0.00552198,9.79052
0.00554892,9.86864
0.00558135,9.94677
0.00561043,10.0254
0.00563904,10.104
0.0056698,10.1831
0.0056971,10.2627
0.00572332,10.3423
0.00575408,10.4228
0.00578424,10.5034
0.00581309,10.585
0.00584384,10.667
0.00587651,10.749
0.00590798,10.832
0.00594112,10.9155
0.00596758,10.9995
0.00599619,11.0835
0.00602123,11.168
0.00604888,11.2529
0.00607904,11.3379
0.00610885,11.4228
0.00613841,11.5078
0.00617012,11.5933
0.00619897,11.6787
0.0062271,11.7646
0.006255,11.8506
0.00628516,11.937
0.00631496,12.0234
0.00634428,12.1099
0.00637886,12.1968
0.00641319,12.2842
0.0064499,12.3711
0.00648376,12.4585
0.00652024,12.5459
0.00655338,12.6333
0.0065858,12.7217
0.00662037,12.8096
0.00665184,12.8979
0.0066857,12.9868
0.00671908,13.0757
0.00675484,13.1645
0.00679013,13.2544
0.00682422,13.3442
0.0068539,13.4346
0.00688514,13.5259
0.00691554,13.6177
0.00694772,13.71
0.00698182,13.8022
0.00701519,13.8955
0.00705072,13.9888
0.00708815,14.0825
0.00711867,14.1767
0.00714823,14.2715
0.00717756,14.3667
0.00720653,14.4619
0.00723824,14.5566
0.00727304,14.6518
0.00730714,14.7475
0.00734076,14.8428
0.00737342,14.939
0.00740537,15.0356
0.00743612,15.1323
0.00746831,15.23
0.00750574,15.3281
0.00753888,15.4267
0.00758013,15.5259
0.00762018,15.625
0.00765642,15.7251
0.00769433,15.8257
0.00773152,15.9263
0.00776443,16.0278
0.00779733,16.1294
0.00783285,16.2309
0.007871,16.3325
0.00791153,16.4346
0.00794562,16.5371
0.00797876,16.6396
0.00801381,16.7432
0.00804814,16.8467
0.00808462,16.9507
0.00812658,17.0547
0.00816545,17.1587
0.00820717,17.2632
0.00824555,17.3672
0.0082868,17.4717
0.00832185,17.5762
0.00835713,17.6807
0.0083929,17.7851
0.0084351,17.8891
0.0084761,17.9927
0.00852021,18.0962
0.00855812,18.2002
0.00859817,18.3042
0.00864037,18.4087
0.008679,18.5137
0.00872025,18.6186
0.00876364,18.7241
0.00880655,18.8296
0.00885161,18.9355
0.00889572,19.042
0.00893029,19.1489
0.00896701,19.2563
0.00900086,19.3633
0.0090402,19.4707
0.00907668,19.5781
0.00911554,19.6855
0.00915083,19.7934
0.00918516,19.9018
0.00921854,20.0107
0.00925144,20.1196
0.00928935,20.229
0.00932988,20.3384
0.00937017,20.4482
0.00940975,20.5581
0.00944885,20.6684
0.009487,20.7793
0.00952467,20.8901
0.00956234,21.001
0.00960311,21.1118
0.00964364,21.2231
0.00968632,21.3345
0.00972542,21.4458
0.00975999,21.5581
0.00979623,21.6714
0.00983795,21.7847
0.0098761,21.8979
0.00991973,22.0117
0.00996264,22.126
0.0100053,22.2397
0.0100444,22.3545
0.0100833,22.4692
0.0101219,22.5835
0.0101608,22.6982
0.0102027,22.8125
0.0102449,22.9272
0.0102838,23.0415
0.0103241,23.1567
0.0103606,23.2729
0.0103985,23.3891
0.0104385,23.5058
0.0104807,23.623
0.0105277,23.7407
0.0105709,23.8589
0.0106097,23.9775
0.0106493,24.0976
0.0106848,24.2178
0.0107225,24.3389
0.0107594,24.4599
0.0107985,24.581
0.0108367,24.7031
0.0108734,24.8257
0.0109054,24.9492
0.0109416,25.0737
0.0109769,25.1982
0.0110174,25.3232
0.0110598,25.4482
0.0111016,25.5742
0.0111419,25.7012
0.0111781,25.8281
0.0112134,25.9551
0.0112484,26.083
0.0112897,26.2109
0.0113305,26.3389
0.0113705,26.4668
0.0114096,26.5947
0.011448,26.7236
0.0114919,26.8525
0.0115381,26.9824
0.0115848,27.1113
0.0116287,27.2402
0.0116726,27.3691
0.0117136,27.498
0.0117551,27.6269
0.0117942,27.7549
0.011834,27.8838
0.0118771,28.0117
0.0119172,28.1396
0.0119568,28.2676
0.0119966,28.3955
0.0120364,28.5244
0.0120822,28.6523
0.0121311,28.7803
0.0121771,28.9082
0.0122174,29.0361
0.0122574,29.1641
0.0122982,29.292
0.0123399,29.4189
0.0123881,29.5459
0.0124329,29.6728
0.0124737,29.8008
0.0125104,29.9287
0.012555,30.0576
0.0125957,30.1865
0.0126446,30.3164
0.0126928,30.4453
0.0127369,30.5762
0.0127769,30.707
0.0128163,30.8379
0.0128587,30.9697
0.0129014,31.1006
0.0129474,31.2314
0.0129901,31.3623
0.013032,31.4932
0.0130733,31.625
0.0131174,31.7568
0.0131644,31.8887
0.013214,32.0205
0.0132662,32.1523
0.0133146,32.2851
0.0133561,32.418
0.0133999,32.5508
0.0134462,32.6846
0.0134953,32.8174
0.0135413,32.9512
0.0135826,33.0859
0.0136221,33.2207
0.0136629,33.3574
0.0137058,33.4941
0.0137514,33.6299
0.0137988,33.7676
0.0138424,33.9053
0.0138844,34.043
0.0139225,34.1826
0.0139628,34.3213
0.0140031,34.4599
0.0140487,34.5996
0.0140906,34.7392
0.0141283,34.8799
0.0141703,35.0215
0.0142167,35.1631
0.0142682,35.3047
0.014319,35.4473
0.0143686,35.5908
0.0144139,35.7344
0.014458,35.8789
0.0145017,36.0234
0.014545,36.168
0.0145903,36.3135
0.0146314,36.459
0.0146747,36.6055
0.0147212,36.751
0.0147706,36.8974
0.0148264,37.043
0.0148793,37.1885
0.014927,37.334
0.0149723,37.4785
0.0150157,37.624
0.0150655,37.7676
0.015113,37.9121
0.0151575,38.0566
0.0151983,38.2012
0.0152443,38.3457
0.0152925,38.4912
0.0153438,38.6357
0.0153922,38.7812
0.0154367,38.9267
0.0154777,39.0723
0.0155161,39.2178
0.0155583,39.3633
0.015601,39.5078
0.0156437,39.6533
0.0156828,39.7988
0.0157245,39.9443
0.015766,40.0898
0.0158099,40.2353
0.0158621,40.3818
0.0159081,40.5273
0.0159529,40.6748
0.0159996,40.8213
0.0160428,40.9697
0.0160888,41.1172
0.0161351,41.2646
0.0161782,41.4121
0.0162199,41.5605
0.0162643,41.709
0.0163115,41.8574
0.0163616,42.0058
0.0164114,42.1543
0.0164581,42.3027
0.0165051,42.4512
0.0165523,42.5996
0.0165997,42.748
0.0166498,42.8965
0.0166965,43.0449
0.0167426,43.1943
0.0167867,43.3447
0.0168355,43.4951
0.0168866,43.6455
0.0169397,43.7969
0.0169855,43.9482
0.0170325,44.1016
0.0170751,44.2549
0.0171195,44.4092
0.0171657,44.5635
0.0172075,44.7187
0.0172506,44.875
0.0172897,45.0312
0.0173396,45.1885
0.0173882,45.3457
0.0174411,45.5039
0.0174874,45.6631
0.0175353,45.8223
0.0175794,45.9824
0.0176283,46.1426
0.0176738,46.3027
0.0177184,46.4639
0.0177625,46.625
0.0178119,46.7861
0.0178669,46.9482
0.0179194,47.1094
0.0179714,47.2705
0.0180176,47.4326
0.0180615,47.5937
0.0181065,47.7539
0.0181528,47.9141
0.0181995,48.0742
0.0182413,48.2344
0.0182897,48.3926
0.0183388,48.5517
0.0183938,48.7109
0.0184494,48.8691
0.0184997,49.0273
0.0185445,49.1855
0.0185929,49.3428
0.018642,49.5
0.0186947,49.6572
0.0187379,49.8144
0.0187834,49.9726
0.0188311,50.1299
0.018885,50.2881
0.018936,50.4463
0.0189896,50.6035
0.0190404,50.7617
0.0190912,50.9199
0.0191449,51.0781
0.0192018,51.2353
0.0192536,51.3935
0.0193051,51.5508
0.0193594,51.708
0.0194193,51.8662
0.0194765,52.0234
0.0195394,52.1816
0.0195995,52.3389
0.0196594,52.4971
0.0197156,52.6553
0.0197721,52.8135
0.0198289,52.9707
0.0198837,53.1279
0.0199424,53.2851
0.0200017,53.4414
0.0200699,53.5986
0.0201386,53.7549
0.0202039,53.9111
0.0202688,54.0683
0.0203336,54.2246
0.0203999,54.3818
0.0204652,54.54
0.0205229,54.6992
0.0205849,54.8584
0.0206521,55.0185
0.0207222,55.1787
0.0207976,55.3379
0.0208705,55.498
0.0209406,55.6582
0.0210083,55.8174
0.0210822,55.9766
0.0211576,56.1357
0.0212291,56.2939
0.0213054,56.4502
0.0213917,56.6064
0.0214799,56.7617
0.0215672,56.916
0.0216564,57.0693
0.0217417,57.2226
0.0218295,57.374
0.0219162,57.5244
0.0220054,57.6728
0.0220941,57.8213
0.0221818,57.9687
0.0222748,58.1142
0.0223716,58.2598
0.0224703,58.4043
0.0225643,58.5488
0.0226568,58.6924
0.0227507,58.8349
0.0228451,58.9775
0.0229376,59.1191
0.0230273,59.2617
0.023116,59.4033
0.0232075,59.5459
0.0233067,59.6875
0.0234068,59.8291
0.0235103,59.9687
0.0236152,60.1055
0.0237239,60.2402
0.0238431,60.3701
0.02397,60.4971
0.0241044,60.6206
0.0242408,60.7402
0.0243858,60.8555
0.0245479,60.9668
