"Maximum force",6.79921,"N"
"Gage length ",0.49152,"mm"
"Strain energy",0.0186142,"mJ"
"Deformation at maximum force",0.00618838,"mm"
"Standard travel","Standard force"
"mm","N"
0,0.267244
1.58697e-006,0.267881
3.36766e-006,0.268411
5.14835e-006,0.268945
6.98864e-006,0.269449
8.89599e-006,0.269918
1.06841e-005,0.270448
9.29832e-006,0.271108
1.07214e-005,0.271806
1.18907e-005,0.272631
1.29189e-005,0.273516
1.08774e-005,0.274485
1.17826e-005,0.275427
9.68158e-006,0.276419
1.06129e-005,0.277353
1.16485e-005,0.278238
9.8604e-006,0.279085
1.12835e-005,0.279783
1.0002e-005,0.280394
1.18423e-005,0.280897
1.10339e-005,0.28128
1.34926e-005,0.281485
1.31256e-005,0.281665
1.30255e-005,0.281712
1.57971e-005,0.281775
1.56174e-005,0.281861
1.54684e-005,0.281932
1.82847e-005,0.281971
1.80109e-005,0.282104
1.76793e-005,0.282261
2.00635e-005,0.282503
1.93259e-005,0.282856
1.85138e-005,0.28324
1.73887e-005,0.28377
1.91769e-005,0.284296
1.7955e-005,0.284876
1.6666e-005,0.285486
1.52877e-005,0.286139
1.41775e-005,0.286661
1.29705e-005,0.287234
1.20243e-005,0.287682
1.12122e-005,0.288067
1.0564e-005,0.288372
1.01654e-005,0.288561
9.88415e-006,0.288694
1.00481e-005,0.288616
1.03126e-005,0.288491
1.06776e-005,0.288319
1.11414e-005,0.288099
1.45985e-005,0.287834
1.49766e-005,0.287661
1.53566e-005,0.287481
1.54241e-005,0.287449
1.54742e-005,0.287425
1.53252e-005,0.287495
1.47477e-005,0.287768
1.40846e-005,0.288083
1.32874e-005,0.288458
1.21996e-005,0.288973
1.11193e-005,0.289485
1.0039e-005,0.289992
9.03315e-006,0.290473
8.25084e-006,0.290841
7.56911e-006,0.291161
7.13698e-006,0.291366
6.95537e-006,0.291452
6.95462e-006,0.291453
7.25265e-006,0.291313
7.76674e-006,0.291069
8.44474e-006,0.290749
9.07431e-006,0.290451
9.70389e-006,0.290154
1.02999e-005,0.289872
1.07488e-005,0.289659
1.09817e-005,0.289549
1.12629e-005,0.289416
1.12145e-005,0.289439
1.0868e-005,0.289603
1.03726e-005,0.289838
9.83986e-006,0.290088
9.04637e-006,0.290464
8.07035e-006,0.290927
7.13903e-006,0.291366
6.34181e-006,0.291742
5.54833e-006,0.292118
4.76974e-006,0.292486
4.12154e-006,0.292791
3.64098e-006,0.29302
3.42491e-006,0.293121
3.3085e-006,0.293177
3.63818e-006,0.29302
4.2007e-006,0.292755
4.74832e-006,0.292496
5.39652e-006,0.29219
6.08943e-006,0.29186
6.7041e-006,0.291571
7.3672e-006,0.291258
7.99677e-006,0.29096
8.42891e-006,0.290756
8.52902e-006,0.290708
8.42984e-006,0.290755
7.99957e-006,0.290958
7.5693e-006,0.291162
6.80561e-006,0.291523
6.19467e-006,0.291813
5.39745e-006,0.292188
4.58534e-006,0.292572
3.80675e-006,0.29294
3.01327e-006,0.293318
2.57927e-006,0.293521
2.18253e-006,0.293709
2.08194e-006,0.293756
2.03189e-006,0.29378
2.41187e-006,0.293601
2.69313e-006,0.293467
3.27427e-006,0.293192
4.03423e-006,0.292832
4.73086e-006,0.292504
5.36043e-006,0.292206
5.82609e-006,0.291986
6.38861e-006,0.291721
6.6885e-006,0.291579
6.90457e-006,0.291476
6.70619e-006,0.29157
6.40817e-006,0.29171
8.70295e-006,0.291993
7.93926e-006,0.292361
7.09362e-006,0.29276
6.26661e-006,0.293152
5.42097e-006,0.293551
4.57533e-006,0.293952
3.97928e-006,0.294234
3.54715e-006,0.294438
3.26589e-006,0.294571
3.09918e-006,0.29465
6.19862e-006,0.294556
6.58419e-006,0.294376
7.13181e-006,0.294118
7.57884e-006,0.293906
1.10955e-005,0.293616
1.16618e-005,0.293351
1.21256e-005,0.29313
1.24571e-005,0.292973
1.56162e-005,0.292848
1.5795e-005,0.29277
1.57461e-005,0.292793
1.53158e-005,0.292996
1.76702e-005,0.293253
1.70779e-005,0.293536
1.62844e-005,0.293913
1.83258e-005,0.294319
1.74653e-005,0.294728
1.65563e-005,0.295159
1.86723e-005,0.295527
1.79682e-005,0.295863
2.03375e-005,0.296114
2.00134e-005,0.296272
1.98309e-005,0.296358
2.27664e-005,0.296342
2.58509e-005,0.296257
2.60074e-005,0.296186
2.64041e-005,0.295998
2.97867e-005,0.295771
3.01071e-005,0.295622
3.33704e-005,0.29545
3.63656e-005,0.29541
3.64175e-005,0.295387
3.93381e-005,0.295379
3.92911e-005,0.295402
4.19286e-005,0.295527
4.15523e-005,0.295707
4.38769e-005,0.295982
4.30685e-005,0.296365
4.23533e-005,0.296701
4.44692e-005,0.297071
4.37353e-005,0.297422
4.59258e-005,0.29776
4.79971e-005,0.298152
4.72781e-005,0.298496
4.67491e-005,0.298748
4.94164e-005,0.298858
4.94034e-005,0.298866
5.2473e-005,0.298787
5.27394e-005,0.298662
5.5958e-005,0.298514
5.63585e-005,0.298326
5.97262e-005,0.298106
6.0244e-005,0.297863
6.06072e-005,0.297691
6.38258e-005,0.297542
6.68061e-005,0.297502
6.66049e-005,0.297604
6.63069e-005,0.297745
6.87507e-005,0.297956
6.80876e-005,0.298276
7.01886e-005,0.298654
6.94175e-005,0.299022
7.14441e-005,0.299436
7.06506e-005,0.299814
7.27218e-005,0.300205
7.20811e-005,0.30051
7.43312e-005,0.300815
7.39437e-005,0.301005
7.6611e-005,0.301114
7.9636e-005,0.30106
7.98045e-005,0.300982
8.27848e-005,0.300942
8.31089e-005,0.300793
8.62232e-005,0.300692
8.64467e-005,0.30059
8.96207e-005,0.300457
8.98833e-005,0.300339
9.28784e-005,0.300292
9.56352e-005,0.300362
9.53502e-005,0.300503
9.49013e-005,0.300715
9.73302e-005,0.300934
9.94014e-005,0.301333
9.86117e-005,0.301708
0.000100579,0.302147
9.961e-005,0.302611
0.000101592,0.303042
0.000103462,0.303534
0.000102691,0.303904
0.000104688,0.304327
0.000104302,0.304515
0.000106895,0.304656
0.000106975,0.304625
0.000107008,0.304609
0.000109988,0.30457
0.000110213,0.304469
0.000113595,0.304242
0.000114128,0.303992
0.000117317,0.303857
0.000117649,0.303701
0.000120614,0.303669
0.00012064,0.303661
0.000123158,0.303841
0.000122901,0.303966
0.00012527,0.304216
0.000124532,0.304569
0.000126291,0.305111
0.000125106,0.305672
0.000126909,0.30619
0.000125874,0.306683
0.000127706,0.307186
0.000126708,0.307665
0.000128958,0.30797
0.000131208,0.308275
0.000131041,0.308362
0.000133753,0.308449
0.000136733,0.308418
0.000139713,0.308379
0.000142857,0.308269
0.000143079,0.308167
0.000146268,0.308034
0.000149278,0.307979
0.000149307,0.307971
0.000152108,0.308018
0.000154537,0.308245
0.000157041,0.308433
0.000156255,0.308808
0.000158371,0.309177
0.000160427,0.309577
0.000162409,0.310016
0.000164093,0.310596
0.000162908,0.31116
0.000164696,0.311683
0.000166574,0.312171
0.000165769,0.312555
0.00016787,0.31293
0.000170329,0.313142
0.000172966,0.313268
0.000172633,0.313432
0.000175345,0.313519
0.000178236,0.313527
0.00018135,0.313433
0.000184315,0.313402
0.000184456,0.313339
0.000190267,0.313339
0.000190037,0.313448
0.000189706,0.313605
0.00019212,0.313832
0.000194415,0.314122
0.000196501,0.314513
0.00019561,0.314936
0.000197413,0.315451
0.000199246,0.315962
0.000197995,0.316557
0.000199596,0.317168
0.000201377,0.317702
0.000200327,0.318202
0.000202249,0.318667
0.000204186,0.319121
0.000206377,0.319459
0.000208612,0.319779
0.0002111,0.319975
0.000213574,0.320179
0.000213235,0.320344
0.000216006,0.320406
0.000218659,0.320524
0.000221252,0.320673
0.000223815,0.320837
0.000226333,0.321017
0.000225929,0.321214
0.000228283,0.321471
0.000230205,0.321935
0.000232105,0.322412
0.000230921,0.322976
0.000232426,0.323632
0.000233908,0.324307
0.000235257,0.325044
0.000233558,0.325852
0.000234765,0.32665
0.000236047,0.327416
0.000237581,0.328069
0.000239288,0.328633
0.000238237,0.329133
0.000240264,0.329543
0.000242529,0.329848
0.000241895,0.330153
0.000244443,0.330319
0.000247036,0.330468
0.000249718,0.33057
0.000252252,0.33075
0.00025173,0.331
0.000253995,0.331297
0.000256036,0.331706
0.000258093,0.332114
0.000259739,0.332709
0.000258614,0.333239
0.000260157,0.333884
0.000261624,0.334563
0.00026,0.335333
0.00026123,0.336123
0.000262645,0.336829
0.000264091,0.337519
0.000265789,0.338091
0.000264433,0.338732
0.0002664,0.339173
0.000268367,0.339619
0.000267611,0.33998
0.000272618,0.340348
0.000272147,0.340584
0.000274635,0.34078
0.00027411,0.34103
0.000279504,0.341227
0.000278927,0.3415
0.0002814,0.341705
0.000280789,0.341995
0.000282741,0.342441
0.000284574,0.342948
0.000286452,0.343437
0.000288098,0.344032
0.000289745,0.344627
0.000288262,0.345333
0.000289491,0.346122
0.000287755,0.346946
0.000288732,0.347854
0.000289752,0.348747
0.000288135,0.349517
0.000289506,0.350238
0.000291019,0.350894
0.000292732,0.351459
0.000294349,0.352069
0.000293373,0.352533
0.000298291,0.352949
0.000297695,0.353239
0.000300034,0.353506
0.000302523,0.353702
0.000304951,0.353929
0.00030744,0.354125
0.000309764,0.354399
0.000311985,0.35472
0.000311188,0.355103
0.000313095,0.355574
0.000312044,0.356074
0.000313728,0.356646
0.000315427,0.357218
0.000316857,0.357916
0.000315375,0.358622
0.000319547,0.359389
0.000317923,0.360163
0.000319145,0.360957
0.000317677,0.361655
0.000319398,0.362212
0.000321216,0.362727
0.000323079,0.363223
0.000325001,0.363684
0.000327132,0.364052
0.000326357,0.36442
0.000328458,0.364796
0.000330783,0.365071
0.000333211,0.365299
0.000335521,0.365581
0.000334851,0.365901
0.000336639,0.366424
0.000338434,0.366951
0.00034017,0.367507
0.000338665,0.368221
0.000340006,0.368957
0.000341422,0.369663
0.000342651,0.370452
0.000343672,0.371349
0.000344775,0.3722
0.00034292,0.373077
0.000344328,0.373783
0.000345781,0.374473
0.000347338,0.37511
0.00034926,0.375572
0.00034853,0.375925
0.000350646,0.376293
0.000352806,0.376646
0.000355206,0.376889
0.000357679,0.377092
0.000360004,0.377367
0.000362388,0.37761
0.000364742,0.377875
0.000366992,0.37818
0.000369093,0.378565
0.000371001,0.379035
0.000372685,0.379614
0.000374152,0.380297
0.000372536,0.381064
0.000376678,0.381846
0.000375046,0.382624
0.000376209,0.383444
0.000377192,0.384356
0.000378146,0.385279
0.000379189,0.386157
0.000380292,0.387011
0.00038161,0.387763
0.000383205,0.388384
0.000385127,0.388846
0.000387027,0.389325
0.000388979,0.389771
0.00039111,0.390139
0.000393435,0.390414
0.000395729,0.390704
0.000397964,0.391024
0.00040014,0.391369
0.000402331,0.391705
0.000401626,0.392043
0.000403288,0.39263
0.000404949,0.393218
0.000406447,0.393885
0.000407877,0.394579
0.00040904,0.395403
0.000410291,0.396185
0.000411409,0.397032
0.000412489,0.397894
0.000410724,0.398734
0.000411849,0.399573
0.000413301,0.400263
0.000414747,0.40095
0.000416393,0.401549
0.000418174,0.402079
0.000419955,0.402613
0.000421862,0.403084
0.000423859,0.403515
0.000425811,0.403962
0.000427882,0.40436
0.000429924,0.404768
0.000431831,0.40524
0.000433798,0.405686
0.000435549,0.406231
0.000436912,0.40696
0.00043844,0.407612
0.000439773,0.408356
0.000440906,0.409195
0.000439088,0.410058
0.000440004,0.410996
0.000443789,0.411953
0.000441867,0.412869
0.000442705,0.413842
0.000443786,0.414704
0.000445037,0.415486
0.00044652,0.416161
0.000445201,0.416787
0.000447101,0.41726
0.000449202,0.417635
0.000451273,0.418034
0.000453479,0.418364
0.000455714,0.418685
0.000457934,0.419007
0.000457148,0.419383
0.000459309,0.419728
0.000461179,0.42022
0.000463079,0.420699
0.000464673,0.421317
0.000468875,0.422068
0.000467326,0.422816
0.000468287,0.423731
0.000469308,0.424624
0.000470291,0.425532
0.000468309,0.426474
0.000472034,0.427451
0.000473092,0.428332
0.000474042,0.429255
0.000475123,0.430117
0.000476576,0.430808
0.00047522,0.431448
0.000477023,0.431967
0.000478908,0.432454
0.000480919,0.432877
0.00048305,0.433238
0.000485315,0.433543
0.00048755,0.433863
0.000486857,0.434193
0.000492013,0.434498
0.000491176,0.434899
0.000493128,0.435345
0.000494961,0.435853
0.000496644,0.436433
0.000498187,0.437077
0.000496607,0.437829
0.000500631,0.43866
0.000498753,0.439561
0.000499818,0.44043
0.000500847,0.441315
0.000501979,0.442155
0.000502899,0.443093
0.00050395,0.443971
0.000505164,0.444772
0.000506528,0.4455
0.000508279,0.44605
0.000510104,0.446557
0.000509214,0.446982
0.00051121,0.447404
0.000513192,0.447842
0.000515114,0.448314
0.000517186,0.448705
0.000519302,0.449082
0.000521142,0.449582
0.000522923,0.450116
0.000524405,0.450787
0.000525851,0.451478
0.000527088,0.452271
0.000528168,0.453133
0.000529166,0.454034
0.000530217,0.454911
0.000531372,0.455743
0.0005324,0.456628
0.000533681,0.457394
0.000534732,0.458272
0.000536036,0.459031
0.000537317,0.459801
0.000538897,0.460427
0.00054061,0.460992
0.000542488,0.461478
0.000544395,0.461947
0.000546317,0.462411
0.000548433,0.462786
0.000550318,0.463273
0.000552464,0.463633
0.00055429,0.464141
0.000553321,0.464604
0.000555042,0.465161
0.000559393,0.46584
0.000557925,0.466546
0.000561919,0.4674
0.000560109,0.468262
0.000560876,0.46927
0.000561759,0.470231
0.000562459,0.471268
0.000563346,0.47223
0.000564344,0.47313
0.00056538,0.474015
0.000566676,0.474774
0.000568077,0.475488
0.000569753,0.476067
0.0005714,0.476662
0.000576198,0.477134
0.000575364,0.477542
0.000577584,0.477864
0.00058274,0.478169
0.000584647,0.478646
0.000586659,0.47907
0.000588469,0.479585
0.00059025,0.480119
0.000591949,0.480691
0.000593461,0.481351
0.000594743,0.482117
0.000598766,0.482964
0.000596896,0.483849
0.000600427,0.484917
0.000601135,0.485963
0.000601806,0.487023
0.000599615,0.488061
0.000603311,0.48906
0.000604059,0.490075
0.000605095,0.490964
0.000606272,0.49178
0.000607539,0.492554
0.000608902,0.493283
0.000610571,0.493871
0.000612412,0.494374
0.00061423,0.494889
0.000616256,0.495307
0.000618253,0.495738
0.000620309,0.496136
0.00062212,0.496651
0.000623856,0.497208
0.000628415,0.497796
0.000629891,0.498479
0.000628505,0.499139
0.000632558,0.499951
0.000633631,0.500829
0.000634488,0.501801
0.000635173,0.502847
0.00063584,0.503907
0.000639476,0.504937
0.00063727,0.505982
0.000638127,0.506951
0.000642061,0.507836
0.000643004,0.508767
0.000644352,0.509503
0.000648703,0.510194
0.000650149,0.510884
0.000651751,0.511502
0.000653397,0.512097
0.000658017,0.512662
0.000659745,0.513219
0.000661325,0.513844
0.000662874,0.514489
0.00066435,0.51516
0.000665616,0.515939
0.000666853,0.516728
0.000668015,0.517552
0.00067189,0.518468
0.000672761,0.519433
0.000673462,0.52047
0.000674132,0.521531
0.000674702,0.522637
0.0006781,0.523774
0.000678681,0.52488
0.000679217,0.525994
0.000679884,0.527055
0.000680603,0.528092
0.000681389,0.529092
0.000685353,0.529965
0.00068659,0.530755
0.000687856,0.531533
0.00068919,0.532277
0.000690672,0.532948
0.000695202,0.533551
0.000696804,0.534173
0.000698332,0.534821
0.000699844,0.535481
0.000701297,0.536172
0.000702482,0.536984
0.000703644,0.537808
0.000707667,0.538655
0.000708681,0.539548
0.000709336,0.540608
0.00070994,0.541699
0.00071061,0.54276
0.000711244,0.543835
0.000711799,0.544942
0.000712484,0.545995
0.00071618,0.546986
0.000716876,0.548039
0.000714991,0.548936
0.000718985,0.549783
0.000720438,0.550477
0.000721801,0.551209
0.000723232,0.551904
0.000724714,0.552579
0.000726428,0.553143
0.000728238,0.553658
0.000732738,0.554272
0.000734556,0.554795
0.000735972,0.555501
0.000737186,0.556302
0.000738304,0.557149
0.00073934,0.558034
0.000740275,0.558965
0.000741057,0.559964
0.000741728,0.561024
0.00074517,0.562146
0.00074283,0.56326
0.000743253,0.564427
0.00074671,0.565541
0.000744564,0.566556
0.000745444,0.567513
0.000749407,0.568375
0.000750659,0.569169
0.000751926,0.569943
0.000753311,0.570664
0.000754757,0.571355
0.000756485,0.571912
0.000758132,0.572507
0.00075986,0.573064
0.000761693,0.573571
0.000763385,0.574143
0.000764837,0.574834
0.000766253,0.575539
0.000767602,0.576276
0.000771685,0.577088
0.00077272,0.577977
0.000773443,0.579007
0.000774393,0.579934
0.000775242,0.580907
0.000775928,0.581952
0.000776699,0.582967
0.000780543,0.583882
0.000781355,0.584882
0.000782272,0.585828
0.000783486,0.586625
0.000784783,0.587388
0.000786303,0.588044
0.000787763,0.588727
0.000792203,0.589368
0.000790818,0.590035
0.000792375,0.590668
0.000796786,0.591321
0.00079841,0.591939
0.000800019,0.592549
0.000801383,0.593278
0.000802649,0.594056
0.000803819,0.594876
0.000804936,0.595723
0.000805838,0.596673
0.000806702,0.597634
0.00080744,0.598664
0.000808125,0.599709
0.00081188,0.600686
0.000812503,0.601762
0.000813251,0.602784
0.000816917,0.603791
0.000817763,0.604775
0.000818396,0.605843
0.000819379,0.606759
0.000820549,0.607579
0.000824692,0.608365
0.000823149,0.609101
0.000827292,0.609876
0.000828812,0.610543
0.000830131,0.611295
0.000831524,0.612008
0.000832939,0.612714
0.000834474,0.613362
0.000838587,0.614156
0.000839861,0.614938
0.000840777,0.61588
0.000841631,0.616849
0.000842331,0.617894
0.000843016,0.618939
0.000843769,0.619962
0.000847345,0.621014
0.000848161,0.622006
0.000848962,0.622998
0.000849863,0.623948
0.000850683,0.624932
0.000854766,0.625752
0.000856003,0.626542
0.000857433,0.62724
0.000858894,0.627923
0.000860413,0.628579
0.00086206,0.629178
0.000863438,0.629895
0.000864854,0.630601
0.000869205,0.631284
0.000870509,0.63205
0.000871627,0.632897
0.000872692,0.633767
0.000873676,0.634679
0.000874644,0.635594
0.000875493,0.636567
0.000876063,0.637666
0.000876682,0.638749
0.0008773,0.639832
0.00087787,0.640939
0.000878738,0.6419
0.000882553,0.642834
0.000883447,0.6438
0.000884397,0.644723
0.00088528,0.64568
0.000889214,0.646565
0.000890354,0.647404
0.00089162,0.648179
0.000892932,0.64893
0.000897372,0.649583
0.000898817,0.650269
0.000899987,0.651093
0.0009041,0.651894
0.000905188,0.652753
0.000906276,0.653615
0.000907289,0.654511
0.000908242,0.655434
0.000912057,0.656377
0.000909956,0.657376
0.000913339,0.658521
0.000913642,0.659749
0.000914242,0.66084
0.000914749,0.661977
0.00091825,0.663068
0.000919059,0.664059
0.000919826,0.665074
0.000923671,0.665997
0.00092455,0.666962
0.000925418,0.667924
0.000926513,0.668778
0.000927698,0.669595
0.0009319,0.670354
0.000933338,0.671052
0.000934716,0.671773
0.000938799,0.672581
0.000940006,0.673394
0.000941057,0.674271
0.000944961,0.675164
0.000945996,0.67606
0.000946782,0.67706
0.000947699,0.678002
0.000951126,0.679131
0.000951514,0.680322
0.000951884,0.681519
0.000952122,0.682778
0.000955176,0.684083
0.000955536,0.685288
0.00095602,0.686433
0.000959522,0.687524
0.000960234,0.688561
0.000960852,0.689645
0.000961672,0.690629
0.000965456,0.69159
0.000969301,0.692513
0.000967334,0.693456
0.000971298,0.694325
0.000972318,0.695218
0.000976282,0.69608
0.000980216,0.69698
0.000981032,0.697964
0.000981851,0.698956
0.000985458,0.699994
0.000986229,0.701009
0.000986765,0.70213
0.000987365,0.703214
0.000987804,0.704381
0.000990978,0.705632
0.000991154,0.706921
0.000991226,0.708264
0.0009944,0.709508
0.000994558,0.710812
0.000997702,0.712071
0.000998138,0.713239
0.000998656,0.714368
0.00100216,0.715459
0.00100294,0.716466
0.00100383,0.717416
0.00100777,0.718297
0.00100887,0.719159
0.00101006,0.719971
0.00101142,0.7207
0.00101562,0.721452
0.00101668,0.72234
0.00101761,0.723271
0.00101838,0.724278
0.00102178,0.725415
0.00102219,0.726598
0.00102525,0.727902
0.00102549,0.729161
0.00102557,0.730504
0.00102554,0.731892
0.00102834,0.733304
0.00102849,0.734616
0.00103166,0.73586
0.00103215,0.737004
0.00103589,0.737988
0.00103384,0.738965
0.00103774,0.739861
0.00103881,0.740731
0.00104284,0.741574
0.00104397,0.742413
0.00104814,0.743192
0.00104918,0.744069
0.00105034,0.744897
0.00105418,0.745824
0.0010549,0.746861
0.00105552,0.747945
0.00105872,0.749173
0.00105888,0.750478
0.00105907,0.751759
0.00105928,0.753041
0.00106235,0.75433
0.00106264,0.755566
0.00106291,0.756818
0.00106327,0.758023
0.0010666,0.75919
0.00106711,0.760327
0.00106776,0.761388
0.00107149,0.762379
0.00107224,0.763394
0.00107304,0.764394
0.00107674,0.765385
0.00107461,0.766408
0.00107803,0.767529
0.00107861,0.768636
0.00108205,0.769749
0.00108275,0.770795
0.00108637,0.771832
0.00108704,0.772885
0.00108773,0.773938
0.00109116,0.775067
0.00109171,0.776181
0.00109203,0.777402
0.00109257,0.778523
0.00109576,0.779759
0.00109616,0.780942
0.00109926,0.782216
0.0010996,0.783444
0.00109982,0.784711
0.00110286,0.786023
0.00110308,0.787289
0.00110337,0.788525
0.00110677,0.789662
0.00110742,0.790738
0.00111119,0.791703
0.00111201,0.792687
0.00111293,0.793629
0.00111671,0.794587
0.00111766,0.79551
0.00112163,0.796372
0.00112275,0.797227
0.0011239,0.798058
0.0011278,0.798951
0.00112843,0.800042
0.00112883,0.801225
0.00112912,0.80246
0.00113502,0.803796
0.00113506,0.805146
0.00113509,0.806512
0.00113513,0.80787
0.00113511,0.809243
0.00113801,0.810624
0.00113808,0.811967
0.00114132,0.81318
0.0011389,0.814332
0.00114248,0.815385
0.00114629,0.816323
0.00114734,0.817208
0.0011485,0.818032
0.0011524,0.818925
0.00115348,0.819802
0.00115708,0.82084
0.00115793,0.821816
0.00116159,0.822831
0.00116226,0.823891
0.00116285,0.82499
0.00116628,0.826119
0.0011665,0.827386
0.00116647,0.828774
0.00116945,0.830102
0.00116946,0.831483
0.00116966,0.832764
0.00117265,0.834092
0.00117299,0.835305
0.00117335,0.836518
0.00117667,0.837693
0.00117699,0.838914
0.00117741,0.840089
0.00118097,0.841149
0.00118154,0.842263
0.00118232,0.843262
0.00118609,0.844228
0.001187,0.845177
0.0011878,0.846169
0.00119148,0.847169
0.00119213,0.848244
0.00119281,0.849297
0.0011935,0.850343
0.00119414,0.851418
0.00119768,0.852486
0.00119813,0.853654
0.00119845,0.854874
0.00119877,0.856095
0.00120181,0.857407
0.00120201,0.858689
0.00120515,0.859956
0.00120539,0.861214
0.00120571,0.862435
0.00120619,0.86358
0.00120675,0.864693
0.00121028,0.865769
0.00121091,0.866845
0.00121149,0.867944
0.00121243,0.868882
0.00121349,0.869752
0.00121755,0.87058
0.00121876,0.871381
0.00122281,0.872212
0.0012239,0.873074
0.00122482,0.874013
0.00122569,0.874978
0.00122948,0.875932
0.00123035,0.876897
0.00123094,0.877995
0.00123129,0.879201
0.00123154,0.880452
0.00123452,0.881795
0.00123753,0.883115
0.00123741,0.884549
0.00124043,0.885869
0.00124061,0.887158
0.00124383,0.888379
0.00124427,0.889546
0.00124476,0.890691
0.00124833,0.891751
0.00124895,0.892834
0.00125276,0.893777
0.00125367,0.894723
0.0012576,0.895619
0.00125856,0.896534
0.00125952,0.897457
0.0012632,0.898457
0.00126381,0.899548
0.00126727,0.900662
0.00126769,0.901837
0.00127095,0.903034
0.00127101,0.904392
0.00127397,0.905728
0.00127401,0.907093
0.00127687,0.908489
0.00127688,0.909863
0.00127975,0.911251
0.00127971,0.91264
0.00127973,0.914005
0.00128279,0.91531
0.00128302,0.916577
0.00128641,0.917713
0.00128698,0.918827
0.00129039,0.919964
0.00129089,0.921101
0.00129134,0.92226
0.00129486,0.923336
0.00129565,0.924343
0.00129656,0.925293
0.00130031,0.926262
0.0013011,0.927262
0.00130469,0.928314
0.00130531,0.929398
0.00130594,0.930466
0.00130625,0.931702
0.00130956,0.932884
0.00131278,0.934105
0.00131294,0.93541
0.00131308,0.936714
0.00131305,0.938103
0.00131599,0.939461
0.00131589,0.94088
0.00131879,0.942253
0.00131897,0.94355
0.00131951,0.944672
0.00132292,0.945793
0.00132352,0.946892
0.00132435,0.947876
0.00132501,0.948937
0.00132872,0.949928
0.0013295,0.950936
0.00133337,0.951847
0.00133427,0.952805
0.00133509,0.953789
0.00133867,0.954849
0.00133923,0.955956
0.00133969,0.957115
0.00133978,0.958443
0.00134289,0.959717
0.00134306,0.961014
0.00134322,0.962319
0.0013434,0.9636
0.00134634,0.964958
0.0013464,0.966301
0.00134661,0.967583
0.00134972,0.968849
0.00135016,0.970024
0.00135069,0.971146
0.00135418,0.972244
0.00135483,0.973313
0.00135575,0.974251
0.00135938,0.975281
0.00136023,0.976258
0.00136401,0.977215
0.0013648,0.978214
0.00136552,0.979252
0.00136916,0.980274
0.00136977,0.981365
0.00137034,0.982472
0.00137367,0.983639
0.00137387,0.984921
0.00137401,0.986233
0.00137715,0.987492
0.00137721,0.988842
0.00137738,0.990132
0.00138054,0.99139
0.0013807,0.992687
0.0013839,0.993916
0.00138419,0.995159
0.00138463,0.996327
0.00138527,0.997395
0.00138593,0.998455
0.00138946,0.999531
0.00139033,1.0005
0.00139407,1.00148
0.00139488,1.00246
0.00139569,1.00346
0.00139941,1.00445
0.0014002,1.00546
0.00140379,1.0065
0.00140428,1.00764
0.00140493,1.00871
0.00140545,1.00984
0.00140863,1.01108
0.00140883,1.01237
0.00141188,1.01366
0.00141211,1.01493
0.00141228,1.01623
0.00141246,1.01752
0.00141553,1.01881
0.00141592,1.02
0.00141898,1.0213
0.00141922,1.02257
0.00141964,1.02374
0.00142298,1.02491
0.00142348,1.02605
0.00142694,1.02716
0.00142768,1.02818
0.00143133,1.02921
0.00143191,1.03031
0.00143244,1.03143
0.00143604,1.03248
0.00143677,1.03351
0.00144024,1.03461
0.00144086,1.03569
0.00144145,1.03679
0.00144186,1.03797
0.00144497,1.03924
0.00144509,1.04057
0.00144819,1.04184
0.00144824,1.0432
0.00144851,1.04444
0.00145161,1.04572
0.00145471,1.047
0.00145201,1.04829
0.00145499,1.04962
0.00145515,1.05093
0.00145532,1.05222
0.00145864,1.05339
0.00145923,1.05449
0.00146287,1.05552
0.00146352,1.05658
0.00146414,1.05766
0.00146766,1.05875
0.00146812,1.05991
0.00147165,1.06098
0.00147505,1.06213
0.00147564,1.06322
0.00147603,1.06441
0.00147911,1.0657
0.00148198,1.06709
0.00148178,1.06857
0.00148442,1.07006
0.00148427,1.07151
0.00148704,1.07294
0.00148692,1.07438
0.00148978,1.07578
0.00149245,1.07726
0.00149525,1.07868
0.00149533,1.08002
0.00149829,1.08136
0.00150136,1.08266
0.00150144,1.084
0.0015047,1.0852
0.00150525,1.08632
0.00150846,1.08755
0.00150855,1.08888
0.00151162,1.09017
0.00151169,1.09152
0.00151453,1.09293
0.00151452,1.09431
0.00151746,1.09566
0.00151751,1.09702
0.00152008,1.09854
0.00152263,1.10009
0.00152228,1.10163
0.00152207,1.1031
0.00152466,1.10462
0.00152462,1.10602
0.00152744,1.10743
0.00152734,1.10886
0.00153022,1.11024
0.00153019,1.11163
0.00153325,1.11293
0.00153311,1.11437
0.00153901,1.1157
0.00153928,1.11695
0.00154263,1.11811
0.00154286,1.11938
0.00154604,1.12063
0.00154919,1.12188
0.00154921,1.12325
0.0015521,1.12463
0.00155194,1.12608
0.00155486,1.12744
0.00155473,1.12888
0.00155741,1.13036
0.00155703,1.13192
0.00155664,1.13348
0.00155923,1.13499
0.00156187,1.1365
0.00156168,1.13797
0.00156454,1.13936
0.0015674,1.14075
0.00156741,1.14213
0.00156748,1.14347
0.0015705,1.14478
0.00157055,1.14614
0.00157357,1.14745
0.00157646,1.14883
0.00157664,1.15013
0.00157979,1.15139
0.00158001,1.15266
0.00158024,1.15392
0.00158325,1.15524
0.0015862,1.15659
0.00158621,1.15797
0.00158913,1.15934
0.00159202,1.16071
0.001592,1.1621
0.00159183,1.16356
0.00159444,1.16507
0.00159704,1.16659
0.00159953,1.16816
0.00159905,1.16977
0.00160163,1.1713
0.00160132,1.17281
0.00160418,1.17421
0.00160412,1.17561
0.00160706,1.17696
0.00160998,1.17834
0.00161297,1.17967
0.00161309,1.18098
0.00161338,1.18223
0.00161663,1.18343
0.00161973,1.18472
0.0016228,1.18602
0.00162284,1.18737
0.00162565,1.18878
0.00162551,1.19023
0.0016281,1.19176
0.00162781,1.19327
0.00163042,1.19478
0.00163022,1.19625
0.00163282,1.19776
0.00163257,1.19926
0.00163805,1.20079
0.00163773,1.20232
0.00164032,1.20383
0.00164009,1.20532
0.00164295,1.20672
0.00164294,1.2081
0.00164571,1.20953
0.00164551,1.21101
0.00164841,1.21238
0.00165142,1.2137
0.00165149,1.21505
0.00165454,1.21635
0.00165469,1.21766
0.00165491,1.21893
0.0016579,1.22026
0.00165799,1.2216
0.00166093,1.22295
0.00166096,1.22431
0.00166087,1.22573
0.00166355,1.2272
0.00166635,1.22863
0.00166894,1.23015
0.00166866,1.23167
0.0016685,1.23312
0.00167116,1.2346
0.00167387,1.23607
0.00167377,1.2375
0.00167669,1.23885
0.00167664,1.24026
0.00167954,1.24163
0.00167966,1.24296
0.0016827,1.24426
0.00168289,1.24555
0.00168578,1.24693
0.00168879,1.24825
0.00168884,1.24961
0.00168886,1.25097
0.00169169,1.25237
0.00169471,1.2537
0.00169756,1.2551
0.00170033,1.25653
0.00170006,1.25804
0.00170273,1.25952
0.00170819,1.26106
0.00170789,1.26258
0.00171032,1.26418
0.00171273,1.26579
0.00171509,1.26742
0.00171445,1.2691
0.00171667,1.2708
0.00171901,1.27244
0.00172151,1.274
0.00172406,1.27554
0.00172665,1.27707
0.00172921,1.27861
0.00173194,1.28007
0.0017347,1.28151
0.00173744,1.28297
0.00173721,1.28445
0.00174288,1.28588
0.00174261,1.28739
0.00174498,1.28902
0.00174441,1.29066
0.00174671,1.29232
0.00174891,1.29402
0.00175113,1.29572
0.00175032,1.29749
0.00175238,1.29926
0.00175167,1.30097
0.00175384,1.30269
0.00175608,1.30438
0.00175843,1.30601
0.00175794,1.30763
0.00176025,1.30928
0.00176255,1.31094
0.00176487,1.31258
0.00176448,1.31416
0.00176701,1.3157
0.00176956,1.31724
0.00177212,1.31878
0.00177452,1.32039
0.00177411,1.32197
0.00177643,1.32361
0.0017788,1.32524
0.00178135,1.32678
0.00178085,1.3284
0.00178305,1.3301
0.00178527,1.3318
0.00178737,1.33356
0.00178664,1.33528
0.00178874,1.33703
0.00179098,1.33872
0.00179324,1.34039
0.0017956,1.34203
0.0017949,1.34374
0.00179715,1.34542
0.00179949,1.34706
0.00180166,1.34878
0.00180102,1.35046
0.00180324,1.35216
0.00180846,1.35381
0.00180797,1.35542
0.00181041,1.35702
0.00181001,1.35858
0.00181267,1.36006
0.00181509,1.36167
0.00181768,1.3632
0.00182023,1.36474
0.00182272,1.36631
0.00182219,1.36794
0.00182743,1.36958
0.00182675,1.37128
0.00182896,1.37298
0.00182824,1.3747
0.00183032,1.37646
0.00183245,1.3782
0.00183465,1.37991
0.00183399,1.3816
0.00183637,1.38321
0.00183875,1.38483
0.00184126,1.3864
0.00184085,1.38797
0.00184327,1.38957
0.00184574,1.39115
0.00184825,1.39272
0.00184794,1.39423
0.00185046,1.39579
0.00185311,1.39729
0.00185269,1.39886
0.00185528,1.40038
0.00185771,1.40198
0.00185993,1.40368
0.00186227,1.40532
0.00186451,1.40701
0.00186676,1.40869
0.00186595,1.41045
0.00186805,1.41221
0.00186714,1.41402
0.00186918,1.41579
0.00186845,1.41752
0.0018707,1.4192
0.00187308,1.42081
0.00187548,1.42243
0.00187494,1.42407
0.00187726,1.42571
0.00187983,1.42725
0.00188229,1.42883
0.00188197,1.43036
0.00188746,1.43189
0.00188713,1.43342
0.00188985,1.43488
0.00188969,1.43633
0.0018923,1.43784
0.00189206,1.43933
0.00189456,1.4409
0.0018971,1.44244
0.0018968,1.44396
0.0018993,1.44553
0.00190173,1.44712
0.00190417,1.44872
0.00190632,1.45045
0.00190845,1.45219
0.00191065,1.4539
0.00190993,1.45562
0.00191238,1.45721
0.00191473,1.45884
0.00191706,1.46049
0.00191941,1.46212
0.0019219,1.4637
0.00192418,1.46536
0.00192383,1.46691
0.00192637,1.46845
0.00192897,1.46997
0.00192862,1.47152
0.001931,1.47313
0.00193349,1.47471
0.00193593,1.4763
0.00193836,1.4779
0.00193792,1.47948
0.00194023,1.48114
0.00193973,1.48275
0.00194201,1.48442
0.0019443,1.48608
0.00194658,1.48776
0.00194603,1.48939
0.00194827,1.49107
0.00195059,1.49273
0.00195006,1.49435
0.00195231,1.49603
0.00195186,1.49763
0.00195425,1.49924
0.0019566,1.50088
0.00195912,1.50243
0.00196156,1.50403
0.00196126,1.50555
0.00196678,1.50705
0.00196654,1.50855
0.00196913,1.51007
0.00197176,1.51157
0.00197131,1.51316
0.00197371,1.51477
0.00197333,1.51633
0.0019757,1.51795
0.00197833,1.51946
0.00198068,1.5211
0.00198015,1.52273
0.00198243,1.52439
0.00198479,1.52602
0.00198429,1.52764
0.00198672,1.52924
0.00198915,1.53084
0.00198865,1.53245
0.00199105,1.53406
0.00199345,1.53567
0.00199592,1.53725
0.00199838,1.53883
0.00200084,1.54043
0.00200048,1.54197
0.00200297,1.54353
0.00200556,1.54506
0.00200809,1.54661
0.00201063,1.54816
0.00201304,1.54977
0.00201264,1.55133
0.00201518,1.55288
0.00201758,1.55449
0.00201712,1.55609
0.00202239,1.55771
0.00202175,1.5594
0.00202406,1.56105
0.00202642,1.56268
0.00202585,1.56432
0.00202807,1.56602
0.00202733,1.56775
0.00202936,1.56953
0.00203152,1.57126
0.00203365,1.573
0.00203301,1.57468
0.00203542,1.57629
0.00203792,1.57785
0.00204043,1.57941
0.00203996,1.58102
0.00204245,1.58258
0.00204489,1.58418
0.00204466,1.58566
0.00204722,1.5872
0.00204989,1.58868
0.00205229,1.59029
0.00205183,1.5919
0.00205409,1.59357
0.00205628,1.59528
0.00205871,1.59688
0.00205828,1.59846
0.00206074,1.60004
0.00206301,1.60172
0.00206529,1.60339
0.00206469,1.60505
0.002067,1.6067
0.00206621,1.60845
0.00206854,1.61009
0.00207091,1.61173
0.00207329,1.61335
0.00207278,1.61496
0.00207526,1.61653
0.00207796,1.61801
0.00207785,1.61943
0.00208051,1.62093
0.00208317,1.62242
0.00208577,1.62393
0.00208831,1.62548
0.00209082,1.62705
0.00209035,1.62864
0.00209266,1.6303
0.00209491,1.63198
0.00209407,1.63375
0.00209616,1.63551
0.00209838,1.63721
0.00210074,1.63885
0.00210015,1.6405
0.00210242,1.64217
0.0021048,1.64379
0.00210422,1.64544
0.00210662,1.64705
0.00210908,1.64864
0.00211142,1.65028
0.00211373,1.65194
0.00211602,1.65361
0.00211547,1.65524
0.00211793,1.65682
0.00212336,1.65838
0.00212288,1.65998
0.00212519,1.66163
0.0021275,1.66329
0.00212971,1.665
0.00212906,1.66668
0.00213135,1.66835
0.00213363,1.67001
0.00213584,1.67172
0.00213801,1.67343
0.00214011,1.67519
0.00213935,1.67693
0.00214161,1.6786
0.00214385,1.68029
0.00214321,1.68198
0.00214543,1.68367
0.00214765,1.68537
0.00214979,1.6871
0.00215197,1.68882
0.00215414,1.69054
0.0021535,1.69223
0.00215567,1.69394
0.00215791,1.69564
0.00216023,1.69728
0.00215972,1.6989
0.00216195,1.70059
0.00216406,1.70234
0.00216617,1.70409
0.0021683,1.70583
0.00217043,1.70758
0.00217252,1.70933
0.00217465,1.71108
0.00217383,1.71284
0.00217299,1.71461
0.00217809,1.71632
0.0021775,1.71797
0.00217978,1.71965
0.00218208,1.72131
0.00218418,1.72306
0.00218634,1.72479
0.00218846,1.72653
0.00219054,1.7283
0.00218975,1.73005
0.00219188,1.73179
0.00219392,1.73357
0.00219591,1.73537
0.00219523,1.73708
0.00220017,1.73885
0.00219964,1.74049
0.0022018,1.74221
0.00220393,1.74395
0.00220621,1.74562
0.00220831,1.74738
0.00221031,1.74918
0.0022094,1.75099
0.0022114,1.75279
0.0022133,1.75463
0.00221546,1.75637
0.00221746,1.75817
0.00221673,1.75989
0.00221887,1.76162
0.0022208,1.76345
0.00222293,1.7652
0.00222219,1.76692
0.00222429,1.76867
0.00222653,1.77037
0.00222875,1.77207
0.00223095,1.77378
0.0022332,1.77546
0.00223542,1.77716
0.00223772,1.77882
0.00223995,1.78051
0.00223943,1.78214
0.00224168,1.78382
0.00224388,1.78553
0.00224603,1.78726
0.00224813,1.78901
0.0022473,1.79078
0.00224937,1.79254
0.00225129,1.79438
0.00225329,1.79618
0.00225541,1.79793
0.00225455,1.79972
0.00225659,1.8015
0.00225885,1.80318
0.00226086,1.80497
0.00226292,1.80675
0.00226514,1.80845
0.0022672,1.81022
0.00226657,1.8119
0.00226885,1.81356
0.00227112,1.81524
0.00227326,1.81697
0.00227554,1.81864
0.00227757,1.82044
0.00227986,1.8221
0.00227923,1.82378
0.00228132,1.82553
0.00228349,1.82726
0.00228555,1.82903
0.00228466,1.83083
0.00228667,1.83262
0.00228867,1.83443
0.00229077,1.83618
0.00229303,1.83786
0.00229235,1.83956
0.00229442,1.84132
0.00229655,1.84306
0.00229867,1.84481
0.00230083,1.84654
0.00230013,1.84825
0.00230229,1.84997
0.00230169,1.85163
0.00230395,1.8533
0.00230623,1.85498
0.00230847,1.85666
0.00231091,1.85826
0.00231041,1.85988
0.00231278,1.8615
0.00231527,1.86308
0.00231463,1.86475
0.00231679,1.86647
0.00231901,1.86817
0.00232099,1.86998
0.00232297,1.8718
0.00232506,1.87356
0.00232716,1.87532
0.00232627,1.87711
0.0023314,1.87879
0.00233052,1.8806
0.00233273,1.8823
0.00233496,1.88399
0.00233705,1.88575
0.00233914,1.88751
0.00233828,1.88929
0.00234028,1.89109
0.00234222,1.89292
0.0023442,1.89474
0.0023461,1.89659
0.00234805,1.89842
0.00234995,1.90026
0.00235185,1.90212
0.00235382,1.90393
0.00235572,1.90578
0.0023576,1.90764
0.00235947,1.9095
0.00236136,1.91136
0.00236328,1.9132
0.00236502,1.91512
0.0023668,1.91703
0.00236866,1.9189
0.0023706,1.92073
0.00236946,1.92264
0.00237417,1.92453
0.00237602,1.92642
0.0023778,1.92832
0.00237969,1.93018
0.00238154,1.93205
0.00238049,1.93392
0.00238256,1.93569
0.00238742,1.9375
0.00238651,1.93932
0.00238855,1.9411
0.00239065,1.94285
0.00239256,1.9447
0.00239167,1.9465
0.00239356,1.94834
0.00239549,1.95019
0.00239733,1.95206
0.00239905,1.954
0.00240081,1.95591
0.00240262,1.9578
0.00240449,1.95967
0.00240639,1.96152
0.00240838,1.96333
0.00240736,1.96519
0.00240924,1.96704
0.00241119,1.96887
0.00241319,1.97067
0.00241524,1.97245
0.00241434,1.97425
0.00241641,1.97602
0.0024185,1.97778
0.00242066,1.9795
0.00242299,1.98116
0.00242513,1.98289
0.00242438,1.98462
0.00242644,1.98639
0.00242844,1.98819
0.0024303,1.99007
0.00243215,1.99194
0.00243395,1.99384
0.0024358,1.99571
0.0024375,1.99765
0.00243931,1.99954
0.00244118,2.00141
0.00244022,2.00324
0.00244222,2.00504
0.00244419,2.00686
0.00244621,2.00865
0.00244822,2.01045
0.0024503,2.01221
0.00245226,2.01403
0.0024543,2.01582
0.00245641,2.01757
0.00245845,2.01935
0.00245775,2.02106
0.00245981,2.02283
0.00246194,2.02457
0.00246392,2.02638
0.00246599,2.02815
0.00246802,2.02994
0.00247,2.03176
0.00247212,2.0335
0.00247394,2.03539
0.00247587,2.03723
0.00247479,2.03911
0.00247655,2.04103
0.00247837,2.04291
0.00248028,2.04476
0.00248217,2.04661
0.00248391,2.04854
0.00248579,2.05039
0.00248751,2.05233
0.00248945,2.05416
0.00249136,2.056
0.00249329,2.05784
0.00249533,2.05963
0.00249456,2.06137
0.00249661,2.06314
0.00249859,2.06495
0.00250073,2.06668
0.00250279,2.06846
0.00250476,2.07028
0.00250388,2.07208
0.00250583,2.07389
0.00250786,2.07569
0.00250973,2.07756
0.00251153,2.07945
0.00251351,2.08126
0.00251256,2.08309
0.00251445,2.08493
0.00251632,2.0868
0.00251838,2.08857
0.00251726,2.09049
0.00251912,2.09235
0.00252096,2.09423
0.00252303,2.096
0.00252234,2.0977
0.00252454,2.0994
0.00252678,2.10109
0.0025291,2.10274
0.00252849,2.10441
0.00253073,2.1061
0.00253316,2.10769
0.0025355,2.10934
0.00253779,2.111
0.0025372,2.11266
0.00253926,2.11443
0.00254134,2.11619
0.00254356,2.11789
0.00254266,2.1197
0.0025476,2.12148
0.00254676,2.12326
0.0025487,2.12508
0.00255074,2.12686
0.00255275,2.12866
0.00255464,2.13052
0.0025567,2.13229
0.00255852,2.13418
0.00256045,2.13602
0.00256247,2.1378
0.00256459,2.13955
0.00256666,2.14132
0.00256882,2.14305
0.00257088,2.14482
0.00257289,2.14662
0.00257485,2.14844
0.00257668,2.15032
0.00257874,2.1521
0.00258064,2.15395
0.00258248,2.15583
0.00258441,2.15766
0.00258625,2.15954
0.00258515,2.16144
0.00258974,2.16339
0.00258849,2.16535
0.00259323,2.16724
0.0025951,2.1691
0.00259671,2.17108
0.00259838,2.17304
0.00260008,2.17499
0.00259881,2.17697
0.00260045,2.17893
0.00260492,2.18094
0.00260382,2.18285
0.00260861,2.1847
0.00261045,2.18658
0.00260927,2.18851
0.00261389,2.19044
0.00261571,2.19234
0.00261746,2.19425
0.00261914,2.19621
0.00261809,2.19808
0.00261982,2.20001
0.00262158,2.20193
0.00262333,2.20384
0.00262501,2.2058
0.00262684,2.20768
0.00262877,2.20952
0.00262762,2.21144
0.0026323,2.21334
0.0026312,2.21524
0.00263585,2.21715
0.00263777,2.219
0.00263663,2.22092
0.00263833,2.22286
0.00264027,2.22469
0.00264201,2.22662
0.00264386,2.2285
0.00264576,2.23034
0.00264766,2.23219
0.00264958,2.23403
0.00265146,2.23589
0.00265332,2.23777
0.00265531,2.23957
0.00265721,2.24141
0.00265893,2.24335
0.00265798,2.24517
0.00265985,2.24704
0.00266164,2.24894
0.00266337,2.25087
0.0026651,2.2528
0.00266672,2.25477
0.00266569,2.25665
0.00266757,2.2585
0.00266941,2.26039
0.0026712,2.26228
0.00267303,2.26417
0.00267481,2.26607
0.00267673,2.26792
0.00267858,2.26979
0.00268048,2.27164
0.00268247,2.27344
0.00268441,2.27527
0.00268333,2.27716
0.00268519,2.27902
0.00268704,2.2809
0.00268902,2.28271
0.00269093,2.28456
0.00269273,2.28646
0.00269466,2.28829
0.00269653,2.29016
0.0026954,2.29206
0.00269713,2.29399
0.00269893,2.29589
0.00270074,2.29779
0.00270261,2.29965
0.00270138,2.30161
0.00270615,2.30347
0.00270807,2.30531
0.00270705,2.30718
0.00270892,2.30903
0.00271378,2.31085
0.00271286,2.31267
0.00271484,2.31448
0.002717,2.3162
0.00271905,2.31798
0.00272113,2.31974
0.00272304,2.32159
0.00272499,2.32342
0.00272409,2.32522
0.00272603,2.32704
0.00272807,2.32883
0.00272984,2.33074
0.00273172,2.3326
0.00273051,2.33455
0.00273229,2.33646
0.00273411,2.33834
0.00273304,2.34023
0.00273487,2.3421
0.00273671,2.34399
0.00273851,2.34588
0.00274043,2.34772
0.00274253,2.34947
0.00274462,2.35124
0.00274663,2.35303
0.00274873,2.35478
0.0027508,2.35655
0.00275301,2.35826
0.00275516,2.36
0.00275451,2.36168
0.00275673,2.36338
0.00275883,2.36513
0.00276081,2.36694
0.00275974,2.36883
0.0027617,2.37064
0.00276357,2.37251
0.00276538,2.3744
0.00276704,2.37637
0.00276872,2.37831
0.00277034,2.3803
0.00277198,2.38227
0.00277083,2.3842
0.00277271,2.38605
0.00277745,2.38793
0.00277653,2.38974
0.00277848,2.39156
0.00277767,2.39332
0.00277972,2.3951
0.00278176,2.39689
0.00278381,2.39866
0.00278612,2.40032
0.00278831,2.40203
0.00279028,2.40385
0.00279238,2.4056
0.00279138,2.40746
0.00279328,2.4093
0.00279518,2.41115
0.00279715,2.41297
0.0027991,2.4148
0.00279814,2.41663
0.00280003,2.41847
0.00280181,2.42038
0.00280372,2.42223
0.0028056,2.42409
0.00280752,2.42593
0.00280942,2.42778
0.00281137,2.42961
0.0028104,2.43144
0.00281248,2.4332
0.00281456,2.43496
0.00281642,2.43684
0.00281849,2.43861
0.0028177,2.44036
0.00281977,2.44212
0.00282183,2.4439
0.00282408,2.44558
0.00282615,2.44734
0.00282828,2.44909
0.00283022,2.45092
0.00282927,2.45275
0.00283113,2.45462
0.00283301,2.45648
0.00283769,2.45838
0.00283669,2.46024
0.00283858,2.46208
0.00283748,2.46398
0.00284225,2.46585
0.00284122,2.46771
0.00284305,2.46959
0.0028448,2.47151
0.00284672,2.47335
0.00284857,2.47522
0.00285054,2.47705
0.00285253,2.47885
0.00285453,2.48065
0.00285671,2.48237
0.00285861,2.48422
0.00286051,2.48607
0.00286244,2.4879
0.00286456,2.48965
0.00286654,2.49147
0.00286834,2.49336
0.00287019,2.49523
0.00287193,2.49716
0.00287373,2.49906
0.00287234,2.50109
0.00287408,2.50301
0.00287588,2.50491
0.00287774,2.50679
0.0028795,2.50869
0.00287837,2.51061
0.00288032,2.51242
0.00288213,2.51432
0.00288395,2.51621
0.00288581,2.51808
0.00288786,2.51985
0.00288998,2.5216
0.00289193,2.52342
0.00289382,2.52528
0.00289573,2.52713
0.00289754,2.52902
0.00289914,2.531
0.00290092,2.53292
0.00290267,2.53484
0.00290434,2.53679
0.00290589,2.53881
0.00290726,2.54091
0.00290592,2.54293
0.00290755,2.54489
0.00291194,2.54694
0.00291067,2.54892
0.00291246,2.55082
0.0029142,2.55274
0.00291584,2.55471
0.00291766,2.55661
0.00291948,2.5585
0.0029214,2.56034
0.00292326,2.56221
0.00292509,2.56409
0.00292709,2.56589
0.00292903,2.56772
0.00292808,2.56954
0.00292998,2.57139
0.00293197,2.5732
0.00293383,2.57508
0.00293573,2.57692
0.00293755,2.57881
0.00293945,2.58065
0.00294135,2.58251
0.0029431,2.58443
0.00294492,2.58631
0.0029467,2.58822
0.0029455,2.59017
0.00295009,2.59211
0.00294895,2.59403
0.00295056,2.59602
0.00295236,2.59791
0.00295404,2.59986
0.00295564,2.60185
0.00295746,2.60375
0.00295941,2.60557
0.00296137,2.60739
0.0029604,2.60923
0.00296261,2.61093
0.00296462,2.61273
0.00296675,2.61447
0.00296873,2.61627
0.00297082,2.61804
0.00297013,2.61975
0.00297208,2.62156
0.00297406,2.62337
0.00297603,2.62519
0.00297806,2.62699
0.00297984,2.62889
0.00298166,2.63078
0.00298338,2.63272
0.00298224,2.63463
0.00298685,2.63656
0.00298861,2.63849
0.00298758,2.64035
0.00298934,2.64227
0.00299109,2.64418
0.00299285,2.6461
0.00299475,2.64794
0.00299675,2.64975
0.00299881,2.65153
0.00300091,2.65328
0.00300296,2.65505
0.00300499,2.65685
0.00300693,2.65869
0.00300597,2.66051
0.00300795,2.66232
0.00301001,2.66409
0.00301193,2.66593
0.00301375,2.66782
0.00301549,2.66975
0.00301726,2.67166
0.00301889,2.67362
0.00301781,2.67552
0.00302249,2.67742
0.00302432,2.67932
0.00302329,2.68118
0.00302503,2.6831
0.00302681,2.68501
0.00302861,2.6869
0.00303047,2.68878
0.00303224,2.69068
0.00303411,2.69255
0.00303591,2.69445
0.00303777,2.69631
0.00303964,2.69818
0.00304146,2.70007
0.00304334,2.70192
0.00304521,2.70378
0.00304706,2.70566
0.00304598,2.70755
0.00304771,2.70948
0.00305239,2.71138
0.00305111,2.71337
0.00305576,2.71528
0.00305753,2.7172
0.00305632,2.71916
0.00306076,2.72116
0.00306232,2.72317
0.00306097,2.72518
0.00306263,2.72715
0.00306429,2.72912
0.00306586,2.73112
0.00306768,2.73301
0.0030693,2.735
0.00307099,2.73694
0.00306976,2.73889
0.00307157,2.74079
0.0030736,2.74257
0.00307564,2.74436
0.00307753,2.74622
0.00307949,2.74803
0.00308148,2.74985
0.00308332,2.75173
0.00308514,2.75362
0.00308675,2.7556
0.00308849,2.75753
0.00309022,2.75946
0.00309178,2.76147
0.00309333,2.76348
0.00309487,2.7655
0.00309657,2.76744
0.00309819,2.76943
0.00309976,2.77143
0.00310133,2.77344
0.00310314,2.77533
0.00310195,2.77727
0.00310371,2.77919
0.00310551,2.78108
0.00310735,2.78296
0.00310925,2.78481
0.003111,2.78673
0.0031127,2.78868
0.00311474,2.79045
0.00311671,2.79227
0.00311862,2.79412
0.00312046,2.796
0.00312226,2.7979
0.00312103,2.79985
0.00312281,2.80176
0.00312454,2.80369
0.00312645,2.80553
0.00312827,2.80742
0.00312988,2.80941
0.00313147,2.8114
0.00313312,2.81337
0.00313182,2.81536
0.00313347,2.81732
0.00313809,2.81927
0.00313688,2.82122
0.00314153,2.82314
0.00314313,2.82512
0.00314205,2.82701
0.00314682,2.82888
0.00314869,2.83074
0.00315044,2.83267
0.00315231,2.83453
0.00315413,2.83642
0.00315595,2.83831
0.00315483,2.84021
0.00315951,2.84212
0.00316128,2.84403
0.00316297,2.84598
0.00316447,2.84801
0.00316314,2.85002
0.00316463,2.85207
0.00316609,2.85411
0.00316763,2.85614
0.00316913,2.85817
0.00317068,2.86019
0.00317219,2.86223
0.00317376,2.86423
0.00317526,2.86627
0.00317691,2.86824
0.00317862,2.87019
0.00318321,2.87213
0.00318211,2.87403
0.00318372,2.87602
0.00318552,2.87791
0.00318723,2.87985
0.00318906,2.88173
0.00319064,2.88373
0.00319235,2.88568
0.003194,2.88764
0.00319544,2.8897
0.00319695,2.89175
0.00320133,2.89379
0.00320004,2.89578
0.00320148,2.89784
0.00320297,2.89988
0.00320443,2.90194
0.00320607,2.90393
0.00320762,2.90594
0.00320924,2.90792
0.00321101,2.90984
0.00321269,2.91178
0.00321436,2.91374
0.00321596,2.91574
0.00321765,2.91769
0.00321948,2.91957
0.0032211,2.92155
0.00322281,2.9235
0.00322439,2.92549
0.00322585,2.92755
0.00322725,2.92963
0.00323175,2.93163
0.00323024,2.93372
0.00323459,2.93578
0.00323309,2.93787
0.00323437,2.94001
0.0032386,2.94213
0.00323993,2.94425
0.0032413,2.94635
0.00324269,2.94844
0.00324406,2.95053
0.00324838,2.95261
0.00324696,2.95467
0.00325125,2.95674
0.00325252,2.95891
0.00325391,2.961
0.00325526,2.96311
0.00325669,2.96518
0.00325817,2.96723
0.00325973,2.96924
0.00326121,2.97129
0.00326259,2.97338
0.00326405,2.97544
0.00326834,2.97754
0.00326994,2.97953
0.0032713,2.98163
0.00327265,2.98374
0.00327393,2.98589
0.00327515,2.98805
0.00327647,2.99018
0.00327772,2.99234
0.00328189,2.99448
0.00328038,2.99657
0.00328465,2.99868
0.003286,3.0008
0.00328728,3.00293
0.00328871,3.00501
0.00328996,3.00716
0.00329431,3.00922
0.00329266,3.01139
0.00329698,3.01346
0.00329838,3.01555
0.00329982,3.01761
0.00330122,3.0197
0.00330259,3.02181
0.00330401,3.02388
0.0033053,3.02602
0.00330675,3.02808
0.00330811,3.03018
0.00330959,3.03223
0.00331096,3.03433
0.00331236,3.03643
0.00331377,3.0385
0.00331513,3.04061
0.00331646,3.04273
0.00331785,3.04482
0.00332203,3.04697
0.00332343,3.04904
0.00332192,3.05113
0.00332621,3.05323
0.00332771,3.05527
0.00332937,3.05724
0.00332796,3.05927
0.00333255,3.06122
0.00333129,3.0632
0.00333582,3.06517
0.00333759,3.06709
0.00333919,3.06907
0.00334085,3.07104
0.00334245,3.07304
0.00334701,3.07499
0.00334553,3.07708
0.00334691,3.07917
0.00334833,3.08125
0.00334979,3.08331
0.00335119,3.08538
0.00335536,3.08753
0.00335664,3.08969
0.00335789,3.09184
0.00335915,3.09399
0.00336047,3.09611
0.00336195,3.09817
0.00336636,3.1002
0.00336794,3.10221
0.0033694,3.10426
0.00337098,3.10627
0.00337266,3.10822
0.0033744,3.11015
0.00337623,3.11203
0.00337795,3.11396
0.0033796,3.11593
0.00338126,3.1179
0.00338278,3.11993
0.00338411,3.12203
0.00338558,3.12409
0.003387,3.12617
0.00339135,3.12823
0.00338978,3.13035
0.00339386,3.13253
0.00339526,3.13464
0.0033967,3.1367
0.003398,3.13883
0.00339945,3.14089
0.00340093,3.14294
0.00340238,3.145
0.00340375,3.1471
0.0034052,3.14916
0.00340678,3.15118
0.00340845,3.15313
0.00341,3.15515
0.00341154,3.15716
0.00341321,3.15911
0.00341482,3.16111
0.0034192,3.16314
0.00341802,3.1651
0.00341966,3.16706
0.00342116,3.16911
0.00342275,3.17111
0.00342411,3.17321
0.00342557,3.17526
0.00342689,3.17738
0.00342832,3.17947
0.00342969,3.18156
0.00343126,3.18357
0.00343543,3.18571
0.00343677,3.18783
0.00343814,3.18994
0.00343961,3.19198
0.0034412,3.19398
0.00344273,3.19601
0.00344437,3.19798
0.00344878,3.20001
0.00344742,3.20204
0.00345168,3.20413
0.00345321,3.20617
0.0034548,3.20817
0.00345645,3.21014
0.00345792,3.21218
0.00345936,3.21426
0.00346091,3.21627
0.00346226,3.21838
0.00346368,3.22045
0.00346508,3.22253
0.00346953,3.22456
0.0034679,3.22671
0.00346933,3.22877
0.00347368,3.23083
0.00347213,3.23295
0.00347639,3.23504
0.00347767,3.23719
0.00347908,3.23928
0.0034805,3.24136
0.00348195,3.24342
0.00348341,3.24548
0.00348502,3.24746
0.00348642,3.24955
0.0034877,3.25169
0.00349214,3.25372
0.00349081,3.25572
0.00349528,3.25773
0.0034968,3.25976
0.00349834,3.26177
0.00349979,3.26383
0.00350111,3.26597
0.00350255,3.26803
0.00350392,3.27014
0.00350541,3.27218
0.00350679,3.27427
0.00350819,3.27635
0.00350955,3.27847
0.00351089,3.28057
0.00351203,3.28279
0.00351632,3.28488
0.00351488,3.28694
0.00351637,3.28898
0.0035207,3.29106
0.00352222,3.29309
0.00352376,3.2951
0.00352532,3.29711
0.00352695,3.2991
0.00352855,3.30108
0.00353022,3.30305
0.00353472,3.30503
0.0035363,3.30705
0.00353782,3.30908
0.00353937,3.31108
0.00353799,3.31312
0.00354234,3.31517
0.00354086,3.31726
0.00354216,3.31938
0.00354356,3.32147
0.00354779,3.32359
0.00354899,3.32577
0.00355035,3.32788
0.00355168,3.33
0.00355313,3.33206
0.00355445,3.33418
0.00355589,3.33625
0.00355737,3.3383
0.00355889,3.34033
0.0035605,3.34231
0.0035621,3.34431
0.00356385,3.34623
0.00356552,3.34819
0.00356707,3.3502
0.0035688,3.35213
0.00357038,3.35413
0.00357196,3.35613
0.00357357,3.35813
0.00357526,3.36007
0.0035767,3.36213
0.00357527,3.36419
0.00357959,3.36625
0.00358119,3.36825
0.00358278,3.37025
0.00358135,3.37231
0.00358588,3.37428
0.00358459,3.37628
0.00358619,3.37826
0.00359075,3.38023
0.0035924,3.3822
0.00359435,3.38403
0.0035961,3.38594
0.00359776,3.38791
0.00359951,3.38983
0.00360127,3.39174
0.00360294,3.39369
0.00360469,3.39562
0.00360637,3.39758
0.00360797,3.39956
0.00360959,3.40155
0.00361106,3.40361
0.00361276,3.40555
0.00361438,3.40753
0.003616,3.40952
0.00361752,3.41155
0.00361914,3.41353
0.00362066,3.41556
0.00362217,3.41759
0.00362363,3.41965
0.00362533,3.42159
0.00362689,3.4236
0.00362836,3.42565
0.00362985,3.42771
0.00363141,3.42971
0.00363292,3.43175
0.00363464,3.43368
0.00363611,3.43572
0.00363791,3.43763
0.00363967,3.43954
0.00364423,3.44149
0.0036459,3.44346
0.00364754,3.44544
0.00364926,3.44738
0.00364786,3.44941
0.00365245,3.45136
0.00365392,3.45342
0.00365259,3.45542
0.00365405,3.45748
0.00365841,3.45954
0.00365997,3.46155
0.0036614,3.46363
0.00366296,3.46564
0.00366433,3.46773
0.00366606,3.46967
0.00366763,3.47167
0.00366927,3.47364
0.00367097,3.47559
0.00367262,3.47756
0.00367429,3.47951
0.00367594,3.48148
0.00367766,3.48342
0.0036765,3.48535
0.00367836,3.48721
0.00368011,3.48913
0.00368203,3.49097
0.00368674,3.49286
0.00368849,3.49478
0.00369024,3.49671
0.00369191,3.49866
0.00369342,3.50071
0.0036951,3.50265
0.00369664,3.50467
0.00369813,3.50671
0.00370233,3.50885
0.00370371,3.51095
0.00370503,3.51307
0.0037064,3.51518
0.00370772,3.5173
0.00370926,3.51932
0.00371081,3.52133
0.00371234,3.52336
0.00371393,3.52536
0.00371837,3.52737
0.00372002,3.52934
0.00372154,3.53137
0.00372312,3.53337
0.00372475,3.53535
0.00372621,3.53741
0.00372764,3.53949
0.00372918,3.5415
0.00373063,3.54356
0.00372905,3.54568
0.00373063,3.54768
0.00373206,3.54976
0.00373352,3.55182
0.0037351,3.55382
0.0037367,3.55581
0.0037355,3.55776
0.00373724,3.55967
0.00373902,3.56159
0.0037408,3.5635
0.00373987,3.56531
0.00374159,3.56724
0.00374359,3.56904
0.0037456,3.57084
0.00374761,3.57264
0.0037495,3.5745
0.00375145,3.57632
0.00375327,3.57821
0.00375517,3.58006
0.00375709,3.58189
0.00375627,3.58366
0.0037582,3.58549
0.00376025,3.58728
0.00376206,3.58916
0.00376108,3.59101
0.00376303,3.59282
0.00376491,3.59469
0.00376674,3.59657
0.00376855,3.59846
0.00377056,3.60026
0.00377235,3.60216
0.00377442,3.60393
0.00377624,3.60583
0.00377539,3.6076
0.00378027,3.6094
0.00378228,3.6112
0.00378144,3.61299
0.00378357,3.61473
0.00378562,3.6165
0.00378746,3.61838
0.0037894,3.62021
0.00379135,3.62204
0.0037933,3.62386
0.0037953,3.62566
0.00379422,3.62755
0.00379902,3.62939
0.00380081,3.63131
0.00380253,3.63325
0.00380421,3.63519
0.0038059,3.63714
0.00380755,3.63911
0.00380917,3.6411
0.00381101,3.64297
0.00380976,3.64494
0.00381434,3.64689
0.00381606,3.64882
0.00381797,3.65068
0.0038169,3.65256
0.0038217,3.65441
0.00382067,3.65627
0.00382253,3.65814
0.00382428,3.66005
0.00382597,3.66201
0.00382777,3.66391
0.00382962,3.66578
0.00383147,3.66765
0.00383311,3.66962
0.00383188,3.67158
0.00383647,3.67353
0.00383802,3.67554
0.0038368,3.6775
0.0038413,3.67948
0.00384304,3.68142
0.00384476,3.68336
0.00384652,3.68526
0.00384815,3.68725
0.00384707,3.68914
0.00384877,3.69107
0.00385052,3.69299
0.00384947,3.69488
0.00385125,3.69677
0.00385318,3.69861
0.00385783,3.70052
0.00385967,3.70241
0.00386152,3.70428
0.0038633,3.70619
0.00386512,3.70807
0.00386691,3.70998
0.00386874,3.71186
0.00387056,3.71375
0.0038694,3.71568
0.00387121,3.71757
0.00387289,3.71952
0.00387437,3.72156
0.00387595,3.72356
0.00388042,3.72556
0.00387918,3.72754
0.00388088,3.72948
0.0038825,3.73147
0.00388419,3.73341
0.00388575,3.73543
0.00388735,3.73741
0.00388894,3.73941
0.00389068,3.74134
0.00389237,3.74328
0.00389416,3.74519
0.00389575,3.74717
0.00390037,3.74911
0.00390202,3.75108
0.00390361,3.75308
0.00390535,3.75501
0.00390692,3.75701
0.0039086,3.75896
0.00391024,3.76095
0.00390886,3.76298
0.00391333,3.76497
0.00391201,3.76697
0.00391344,3.76905
0.00391771,3.77115
0.00391921,3.77318
0.0039208,3.77518
0.00391947,3.7772
0.00392397,3.77918
0.00392274,3.78115
0.00392721,3.78315
0.00392879,3.78515
0.00392751,3.78713
0.0039321,3.78908
0.00393112,3.79093
0.00393286,3.79284
0.00393442,3.79486
0.00393612,3.7968
0.0039377,3.7988
0.00393928,3.8008
0.00394097,3.80275
0.00394249,3.80478
0.00394705,3.80673
0.00394583,3.8087
0.00394737,3.81071
0.00394891,3.81274
0.00395332,3.81477
0.00395474,3.81685
0.00395624,3.81889
0.00395764,3.82097
0.00395908,3.82304
0.0039607,3.82503
0.00396508,3.82707
0.00396648,3.82916
0.00396804,3.83117
0.0039696,3.83319
0.00397125,3.83514
0.00397284,3.83714
0.00397448,3.83912
0.00397608,3.84111
0.00397782,3.84305
0.00397938,3.84504
0.00398094,3.84706
0.00398254,3.84906
0.00398406,3.85109
0.0039855,3.85315
0.00398702,3.85518
0.0039885,3.85722
0.00398994,3.8593
0.00399131,3.86139
0.00399265,3.86351
0.00399382,3.86571
0.00399808,3.86781
0.0039994,3.86993
0.00400059,3.87211
0.00400193,3.87423
0.00400327,3.87636
0.00400469,3.87843
0.00400621,3.88046
0.00401065,3.88247
0.00401211,3.88453
0.0040138,3.88649
0.00401536,3.8885
0.00401705,3.89046
0.0040188,3.89237
0.00402052,3.89431
0.0040191,3.89635
0.0040206,3.89838
0.00402489,3.90047
0.00402347,3.90253
0.00402486,3.90462
0.00402612,3.90677
0.00402757,3.90883
0.00402892,3.91094
0.00403318,3.91305
0.00403163,3.91517
0.00403592,3.91724
0.00403751,3.91924
0.00403911,3.92124
0.0040407,3.92324
0.00404241,3.92518
0.00404416,3.9271
0.00404576,3.92908
0.00404741,3.93105
0.00404893,3.93308
0.00405052,3.93508
0.00405199,3.93714
0.00405625,3.93923
0.00405764,3.94134
0.00405907,3.94341
0.00406319,3.94558
0.00406448,3.94773
0.00406275,3.94991
0.00406686,3.95208
0.0040681,3.95424
0.00406938,3.9564
0.00407075,3.9585
0.00407205,3.96062
0.00407322,3.96282
0.00407435,3.96503
0.00407561,3.96718
0.00407667,3.96944
0.00408084,3.97158
0.00408198,3.97379
0.00408318,3.97597
0.0040872,3.9782
0.00408836,3.9804
0.00408953,3.9826
0.00409077,3.98476
0.00409196,3.98694
0.00409323,3.9891
0.00409749,3.9912
0.00409876,3.99334
0.00410003,3.99549
0.00410134,3.99763
0.00410267,3.99973
0.00410396,4.00188
0.00410522,4.00403
0.00410656,4.00615
0.00410783,4.00829
0.0041091,4.01044
0.00411033,4.01261
0.00411162,4.01475
0.00411291,4.01688
0.00411413,4.01905
0.00411552,4.02114
0.00411691,4.02324
0.00411837,4.0253
0.00411975,4.02739
0.00412123,4.02944
0.00412562,4.03148
0.00412727,4.03345
0.00412592,4.03547
0.00412757,4.03744
0.0041293,4.03937
0.00413091,4.04135
0.00413266,4.04328
0.00413722,4.04523
0.00413605,4.04717
0.00413758,4.04918
0.00413913,4.0512
0.00414072,4.0532
0.00414214,4.05527
0.00414369,4.05729
0.00414505,4.05941
0.00414647,4.06148
0.00414786,4.06357
0.00414928,4.06565
0.00415069,4.06772
0.00415225,4.06974
0.00415384,4.07174
0.00415825,4.07377
0.00415998,4.0757
0.0041586,4.07773
0.00416325,4.07965
0.00416498,4.08158
0.00416662,4.08355
0.00416826,4.08553
0.00416984,4.08753
0.00417141,4.08953
0.00417299,4.09154
0.00417444,4.0936
0.00417596,4.09563
0.00417755,4.09763
0.00417907,4.09966
0.00418042,4.10177
0.00418187,4.10383
0.00418329,4.1059
0.00418474,4.10796
0.00418626,4.10999
0.00418774,4.11205
0.00418927,4.11406
0.00419356,4.11616
0.00419216,4.1182
0.0041936,4.12026
0.0041981,4.12226
0.00419975,4.12423
0.00420143,4.12618
0.00420302,4.12818
0.0042045,4.13022
0.00420594,4.1323
0.00420736,4.13437
0.0042088,4.13643
0.00421007,4.13859
0.00421149,4.14066
0.00421279,4.1428
0.00421405,4.14495
0.00421512,4.14719
0.00421923,4.14936
0.00422042,4.15156
0.00422168,4.15371
0.00422298,4.15584
0.00422431,4.15796
0.00422584,4.15998
0.00422717,4.1621
0.0042315,4.16417
0.00423291,4.16627
0.00423441,4.16829
0.00423582,4.17038
0.00423728,4.17243
0.0042388,4.17446
0.00424036,4.17647
0.00424181,4.17853
0.00424313,4.18067
0.00424453,4.18274
0.00424602,4.18479
0.00425023,4.18691
0.00425151,4.18908
0.00425283,4.1912
0.00425429,4.19324
0.0042556,4.19538
0.00425692,4.1975
0.00425834,4.19957
0.00425976,4.20165
0.00426116,4.20374
0.00426247,4.20588
0.00426386,4.20797
0.00426534,4.21001
0.00426677,4.21209
0.004271,4.21421
0.00426943,4.21633
0.00427084,4.2184
0.00427226,4.22048
0.0042738,4.22249
0.00427529,4.22454
0.00427681,4.22657
0.0042784,4.22857
0.0042799,4.23061
0.00428142,4.23264
0.00428285,4.23472
0.00428436,4.23675
0.00428585,4.23879
0.00428737,4.24082
0.00428872,4.24293
0.00429018,4.24499
0.00429156,4.24708
0.00429292,4.2492
0.00429721,4.25127
0.00429854,4.25339
0.00429708,4.25547
0.00430146,4.2575
0.00430304,4.25951
0.00430461,4.26153
0.00430625,4.26349
0.00430781,4.26551
0.00431222,4.26754
0.00431376,4.26957
0.00431537,4.27155
0.00431718,4.27344
0.0043188,4.27543
0.0043202,4.2775
0.00432154,4.27962
0.00432286,4.28174
0.00432415,4.28388
0.00432539,4.28605
0.00432676,4.28815
0.00432805,4.29029
0.00432928,4.29246
0.00433034,4.2947
0.00433151,4.2969
0.00433287,4.299
0.00433713,4.30111
0.00433847,4.30323
0.00433986,4.30532
0.00434121,4.30742
0.00434253,4.30955
0.004344,4.3116
0.00434545,4.31366
0.00434704,4.31566
0.00434861,4.31766
0.00435016,4.31968
0.00435165,4.32172
0.00435313,4.32377
0.00435459,4.32583
0.00435888,4.32792
0.00435743,4.32999
0.0043586,4.33217
0.00435982,4.33436
0.00436121,4.33645
0.00436257,4.33855
0.00436674,4.34069
0.00436533,4.34275
0.00436968,4.34479
0.0043711,4.34688
0.00436959,4.34897
0.00437388,4.35106
0.00437546,4.35306
0.00437705,4.35506
0.00437847,4.35714
0.00438013,4.35911
0.00437876,4.36112
0.00438317,4.36315
0.00438175,4.36521
0.00438321,4.36727
0.00438477,4.36928
0.00438642,4.37124
0.00438807,4.3732
0.00438971,4.37519
0.0043884,4.37719
0.00438987,4.37923
0.0043915,4.38122
0.00439306,4.38321
0.00439455,4.38526
0.00439634,4.38717
0.00439811,4.38908
0.00439699,4.39099
0.00439877,4.39289
0.00440052,4.39481
0.00440226,4.39674
0.00440406,4.39863
0.00440596,4.40048
0.00440481,4.4024
0.00440685,4.40418
0.00440867,4.40607
0.00441054,4.40793
0.00441236,4.40983
0.004414,4.41179
0.0044157,4.41374
0.0044175,4.41564
0.00441924,4.41757
0.00442093,4.41951
0.00442279,4.42138
0.00442447,4.42333
0.0044261,4.42531
0.00442773,4.42728
0.00442648,4.42925
0.00443125,4.43112
0.00443014,4.43303
0.00443183,4.43497
0.00443355,4.4369
0.0044353,4.43883
0.00443699,4.44078
0.00443881,4.44266
0.00444064,4.44455
0.00444239,4.44646
0.00444411,4.4484
0.00444593,4.45029
0.00444788,4.45212
0.0044497,4.454
0.00445147,4.45591
0.00445312,4.45788
0.00445479,4.45984
0.00445336,4.4619
0.00445492,4.4639
0.00445936,4.46591
0.00446092,4.46794
0.00446219,4.47008
0.00446345,4.47223
0.0044648,4.47435
0.0044632,4.47647
0.00446749,4.47856
0.00446593,4.48068
0.00447043,4.48268
0.00447195,4.48471
0.00447347,4.48674
0.00447785,4.48878
0.00447655,4.49078
0.00448102,4.49276
0.00447961,4.49482
0.00448399,4.49687
0.00448268,4.49887
0.00448423,4.50088
0.00448849,4.50299
0.00448993,4.50506
0.00448829,4.5072
0.00449257,4.50931
0.00449382,4.51147
0.00449501,4.51365
0.00449647,4.51571
0.00449783,4.51781
0.00449904,4.51998
0.00450031,4.52213
0.00450162,4.52427
0.00450277,4.52647
0.00450404,4.52862
0.00450816,4.53078
0.00450954,4.53289
0.00451085,4.53501
0.00451207,4.53719
0.00451621,4.53934
0.00451748,4.5415
0.00451579,4.54368
0.00451685,4.54592
0.00452099,4.54807
0.0045222,4.55025
0.00452341,4.55244
0.00452451,4.55466
0.00452868,4.5568
0.00452985,4.55901
0.00453095,4.56124
0.00453224,4.56338
0.00453335,4.5656
0.00453449,4.56782
0.00453842,4.57006
0.00453958,4.57227
0.00454054,4.57456
0.00454146,4.57688
0.00454242,4.57917
0.00454342,4.58144
0.00454455,4.58367
0.00454845,4.58593
0.00454963,4.58813
0.00455061,4.59042
0.00455451,4.59269
0.00455556,4.59495
0.00455672,4.59714
0.00455786,4.59936
0.00456188,4.60157
0.0045602,4.60375
0.00456137,4.60595
0.00456241,4.60819
0.00456622,4.61051
0.00456726,4.61277
0.00456815,4.6151
0.00456907,4.61741
0.00457008,4.61968
0.0045741,4.62191
0.00457516,4.62415
0.00457614,4.62644
0.00457708,4.62875
0.00457513,4.63105
0.00457906,4.63329
0.00458023,4.6355
0.00457855,4.63767
0.00458275,4.63979
0.00458416,4.64188
0.00458545,4.64402
0.00458682,4.64612
0.00458802,4.64831
0.00458936,4.65041
0.00459073,4.65252
0.00459211,4.65461
0.0045934,4.65674
0.00459477,4.65885
0.00459889,4.66102
0.00460006,4.66321
0.00460118,4.66544
0.00460225,4.66769
0.00460348,4.66985
0.00460458,4.67208
0.00460582,4.67425
0.00460978,4.67649
0.00461099,4.67867
0.00461213,4.68088
0.00461341,4.68302
0.00461465,4.68517
0.00461601,4.68729
0.00461738,4.68938
0.0046187,4.6915
0.00461996,4.69366
0.00462411,4.69581
0.00462534,4.69799
0.00462659,4.70014
0.00462778,4.70234
0.00463171,4.70458
0.00463273,4.70685
0.00463381,4.7091
0.00463484,4.71136
0.00463586,4.71363
0.00463687,4.7159
0.00464068,4.71821
0.00464173,4.72047
0.00464573,4.72269
0.004647,4.72484
0.00464816,4.72704
0.0046494,4.72921
0.00465044,4.73147
0.00465443,4.7337
0.00465547,4.73595
0.00465649,4.73823
0.00465765,4.74042
0.00465877,4.74264
0.0046628,4.74485
0.00466374,4.74717
0.00466184,4.74944
0.00466568,4.75173
0.00466661,4.75405
0.0046677,4.75628
0.00466884,4.75849
0.00467004,4.76067
0.00467122,4.76287
0.00467252,4.76499
0.00467357,4.76725
0.00467461,4.76951
0.00467873,4.77167
0.00468011,4.77378
0.00468437,4.77589
0.00468274,4.77802
0.00468706,4.7801
0.00468849,4.78219
0.00468978,4.78432
0.00469108,4.78644
0.00469228,4.78863
0.00469375,4.79069
0.00469784,4.79287
0.00469902,4.79507
0.00470019,4.79726
0.00470424,4.79945
0.00470536,4.80169
0.00470648,4.8039
0.00470765,4.8061
0.00470868,4.80836
0.00470978,4.81058
0.00471363,4.81289
0.00471482,4.81507
0.00471581,4.81736
0.00471977,4.8196
0.00472073,4.82191
0.00472158,4.82424
0.00472247,4.82658
0.00472325,4.82896
0.00472696,4.83132
0.00472782,4.83367
0.00472872,4.83599
0.00473239,4.83837
0.00473333,4.84067
0.00473423,4.84299
0.00473522,4.84528
0.00473618,4.84757
0.00474002,4.84988
0.00474115,4.85209
0.00474222,4.85433
0.00474329,4.85657
0.00474431,4.85885
0.00474539,4.86108
0.00474649,4.8633
0.0047477,4.86549
0.00474583,4.86774
0.00474986,4.86996
0.00475095,4.8722
0.0047491,4.87444
0.00475032,4.87661
0.00475455,4.87873
0.00475295,4.88087
0.0047573,4.88293
0.00475866,4.88503
0.00475717,4.88712
0.00475859,4.8892
0.004763,4.89123
0.00476166,4.89324
0.0047632,4.89526
0.00476474,4.89727
0.00476617,4.89934
0.00477064,4.90136
0.00476921,4.90342
0.00477359,4.90545
0.00477509,4.90749
0.00477668,4.90949
0.00477822,4.91152
0.0047797,4.91357
0.00477831,4.9156
0.00478263,4.91767
0.00478412,4.91971
0.00478557,4.92177
0.00478701,4.92385
0.00478846,4.92591
0.0047926,4.92806
0.00479391,4.9302
0.00479228,4.93235
0.00479666,4.93439
0.00479796,4.93653
0.00479636,4.93867
0.0048006,4.94079
0.0048019,4.94291
0.00480311,4.94509
0.00480446,4.9472
0.00480597,4.94924
0.00480747,4.95127
0.00480882,4.95338
0.0048101,4.95553
0.00481141,4.95765
0.00481277,4.95975
0.00481703,4.96187
0.00481837,4.96398
0.00481987,4.96603
0.00482116,4.96816
0.00482234,4.97034
0.00482347,4.97257
0.00482471,4.97472
0.00482601,4.97686
0.0048303,4.97895
0.00482876,4.98106
0.00483296,4.98318
0.00483429,4.98531
0.00483263,4.98748
0.0048368,4.98962
0.00483818,4.99172
0.00483965,4.99377
0.00484104,4.99586
0.00484227,4.99802
0.00484355,5.00017
0.00484495,5.00225
0.00484636,5.00434
0.00485077,5.00637
0.00485207,5.00851
0.00485341,5.01063
0.00485455,5.01284
0.00485559,5.0151
0.00485666,5.01733
0.00486068,5.01954
0.00486188,5.02174
0.00486003,5.02398
0.00486402,5.02622
0.00486493,5.02854
0.00486602,5.03077
0.00486716,5.03298
0.0048713,5.03515
0.00486972,5.03727
0.00487104,5.03939
0.00487524,5.04153
0.0048766,5.04363
0.00487792,5.04575
0.00487913,5.04793
0.00488051,5.05002
0.00488187,5.05213
0.00488312,5.05428
0.00488422,5.05651
0.00488831,5.05871
0.00488933,5.06097
0.00489042,5.06321
0.00489142,5.06548
0.00489255,5.06769
0.00489355,5.06997
0.00489449,5.07227
0.00489831,5.07458
0.00489644,5.07685
0.0049005,5.07905
0.00490161,5.08127
0.00490287,5.08343
0.0049042,5.08555
0.00490552,5.08767
0.00490664,5.08988
0.00490803,5.09197
0.00490935,5.09411
0.00491064,5.09624
0.00491187,5.09841
0.00491319,5.10053
0.00491448,5.10267
0.00491577,5.1048
0.0049169,5.10702
0.00492092,5.10923
0.00491918,5.11144
0.00492028,5.11367
0.00492138,5.1159
0.00492259,5.11808
0.0049267,5.12025
0.00492789,5.12244
0.00492921,5.12456
0.00493043,5.12673
0.00493169,5.12888
0.00493292,5.13105
0.00493432,5.13314
0.00493561,5.13528
0.0049369,5.13741
0.00493811,5.13959
0.00494225,5.14175
0.00494358,5.14388
0.00494479,5.14605
0.00494601,5.14822
0.00494727,5.15037
0.00494864,5.15247
0.00494988,5.15464
0.00495402,5.15679
0.0049553,5.15894
0.0049566,5.16108
0.00495772,5.16329
0.00495884,5.16552
0.00496003,5.1677
0.00496114,5.16993
0.00496516,5.17213
0.00496612,5.17443
0.00496725,5.17666
0.0049684,5.17885
0.00496952,5.18107
0.00497354,5.18328
0.00497482,5.18543
0.00497599,5.18763
0.00497715,5.18984
0.00497822,5.19207
0.00497944,5.19425
0.00498076,5.19637
0.00498197,5.19855
0.00498316,5.20074
0.00498435,5.20292
0.00498542,5.20516
0.00498659,5.20736
0.00499067,5.20954
0.00499181,5.21175
0.00499583,5.21397
0.00499406,5.21619
0.00499786,5.21851
0.00499902,5.22071
0.00499998,5.22301
0.00500105,5.22526
0.0050022,5.22745
0.00500324,5.22971
0.0050043,5.23196
0.00500829,5.2342
0.00500954,5.23635
0.00501056,5.23862
0.00501179,5.24079
0.0050157,5.24306
0.00501698,5.2452
0.0050181,5.24743
0.00501927,5.24961
0.00502327,5.25184
0.00502424,5.25414
0.00502513,5.25646
0.0050289,5.2588
0.0050298,5.26113
0.00503069,5.26345
0.00503153,5.2658
0.00503521,5.26818
0.00503594,5.27059
0.00503669,5.27299
0.00504018,5.27546
0.00504095,5.27784
0.00504172,5.28022
0.00504252,5.2826
0.00504352,5.28487
0.00504729,5.28721
0.00504828,5.2895
0.00504928,5.29177
0.00505319,5.29404
0.00505117,5.29638
0.00505532,5.29853
0.00505658,5.30068
0.00505781,5.30285
0.00505913,5.30497
0.00505744,5.30715
0.00505874,5.30929
0.00506005,5.31141
0.00506128,5.31357
0.00505972,5.3157
0.00506115,5.31776
0.00506239,5.31992
0.00506361,5.32209
0.00506499,5.32418
0.00506638,5.32627
0.00506762,5.32844
0.00507191,5.33053
0.00507312,5.33271
0.00507461,5.33475
0.00507613,5.33678
0.00507761,5.33883
0.00507917,5.34084
0.0050807,5.34287
0.00508505,5.34493
0.0050835,5.34704
0.005085,5.34908
0.00508637,5.35117
0.00509075,5.35322
0.00508926,5.35531
0.00509355,5.3574
0.00509486,5.35953
0.00509621,5.36164
0.00509753,5.36376
0.00509886,5.36588
0.00510015,5.36802
0.00510138,5.37018
0.00510261,5.37235
0.00510392,5.37449
0.00510804,5.37665
0.00510921,5.37885
0.00511046,5.381
0.00511168,5.38319
0.00511297,5.38532
0.00511717,5.38744
0.00511564,5.38956
0.00511993,5.39164
0.00512121,5.39379
0.00512239,5.39597
0.00512357,5.39817
0.00512774,5.40032
0.00512899,5.40249
0.00513016,5.40467
0.00513131,5.40688
0.00513245,5.40908
0.00513651,5.41128
0.00513753,5.41355
0.00513846,5.41587
0.00513941,5.41816
0.00514037,5.42046
0.00514146,5.42269
0.00514258,5.4249
0.00514657,5.42713
0.00514483,5.42934
0.00514581,5.43162
0.00514677,5.43392
0.00514784,5.43616
0.00514915,5.43828
0.00515039,5.44045
0.00515179,5.44254
0.00515587,5.44472
0.00515722,5.44685
0.0051585,5.44898
0.00515952,5.45125
0.00516064,5.45347
0.00516478,5.45563
0.00516601,5.4578
0.00516719,5.45998
0.00516838,5.46218
0.0051694,5.46444
0.00517049,5.46668
0.00517137,5.46902
0.0051753,5.47126
0.00517644,5.47349
0.00517744,5.47576
0.00517852,5.478
0.00518251,5.48022
0.00518365,5.48244
0.00518483,5.48463
0.00518606,5.48679
0.0051872,5.48901
0.00518824,5.49126
0.00519208,5.49355
0.00519587,5.4959
0.00519692,5.49815
0.00519791,5.50043
0.00519881,5.50275
0.0051997,5.50507
0.00520337,5.50747
0.00520409,5.50988
0.00520773,5.51227
0.00520853,5.51464
0.0052093,5.51704
0.00521023,5.51934
0.00521107,5.52169
0.00521198,5.52401
0.00521298,5.52628
0.00521391,5.5286
0.0052148,5.53092
0.00521588,5.53315
0.00521985,5.53539
0.00522084,5.53768
0.00521911,5.53988
0.00522026,5.54208
0.00522443,5.54423
0.00522272,5.54641
0.00522379,5.54865
0.005225,5.55083
0.00522618,5.55302
0.00522725,5.55526
0.00522838,5.55747
0.00522971,5.55959
0.00523088,5.56179
0.00523514,5.5639
0.0052364,5.56605
0.00523749,5.56829
0.0052416,5.57046
0.00524279,5.57265
0.00524394,5.57485
0.00524503,5.57708
0.00524617,5.57929
0.00524731,5.5815
0.00524861,5.58364
0.00524975,5.58584
0.00525095,5.58803
0.00525235,5.59011
0.00525353,5.59231
0.00525484,5.59443
0.00525612,5.59658
0.0052576,5.59862
0.00525899,5.60071
0.00526036,5.60282
0.00526176,5.6049
0.00526308,5.60703
0.00526439,5.60915
0.00526841,5.61137
0.0052697,5.61352
0.00527091,5.61568
0.00527211,5.61787
0.00527331,5.62005
0.0052774,5.62223
0.00527863,5.62441
0.00527967,5.62666
0.00528076,5.6289
0.00528473,5.63114
0.00528583,5.63337
0.00528707,5.63554
0.00528817,5.63776
0.0052895,5.63988
0.00529358,5.64207
0.00529188,5.64425
0.00529602,5.64642
0.00529739,5.64852
0.00529861,5.65069
0.00529998,5.65279
0.00530128,5.65491
0.00529954,5.65713
0.00530356,5.65932
0.0053047,5.66155
0.00530297,5.66375
0.00530712,5.66589
0.0053085,5.66799
0.00530967,5.67019
0.00531089,5.67236
0.00531211,5.67454
0.00531337,5.67669
0.00531467,5.67883
0.00531603,5.68093
0.00532032,5.68302
0.00531873,5.68516
0.00532305,5.68722
0.00532431,5.68937
0.00532574,5.69144
0.00532712,5.69355
0.00532843,5.69567
0.00532971,5.69781
0.00533102,5.69994
0.00533237,5.70205
0.00533661,5.70417
0.00533795,5.70629
0.00533906,5.7085
0.00534013,5.71075
0.00534395,5.71307
0.0053451,5.71528
0.00534624,5.71748
0.00534753,5.71963
0.00534875,5.72179
0.00534997,5.72396
0.00535098,5.72623
0.00535222,5.7284
0.00535624,5.73061
0.0053574,5.73281
0.00535867,5.73496
0.00535967,5.73724
0.00536075,5.73948
0.00536462,5.74175
0.00536578,5.74397
0.00536699,5.74615
0.00536824,5.7483
0.00536938,5.75051
0.00536764,5.75271
0.00537172,5.75489
0.00537288,5.7571
0.00537425,5.75919
0.00537551,5.76136
0.00537688,5.76345
0.00537805,5.76565
0.00537916,5.76788
0.00538031,5.77007
0.00538436,5.77227
0.00538266,5.77447
0.00538383,5.77666
0.00538508,5.77882
0.00538629,5.781
0.00538759,5.78312
0.00538891,5.78526
0.00539038,5.7873
0.00539195,5.78931
0.00539351,5.79131
0.00539209,5.79337
0.00539367,5.79536
0.00539534,5.79733
0.00539689,5.79934
0.00539846,5.80134
0.0054,5.80337
0.00540158,5.80537
0.00540309,5.8074
0.00540462,5.80943
0.00540613,5.81145
0.00540745,5.81358
0.00540887,5.81567
0.00541012,5.81782
0.00541161,5.81986
0.005413,5.82195
0.00541453,5.82397
0.00541594,5.82606
0.00541736,5.82813
0.00541867,5.83027
0.00542302,5.83231
0.00542171,5.83433
0.00542601,5.8364
0.00542767,5.83837
0.00542928,5.84035
0.00543077,5.8424
0.00543231,5.84443
0.00543672,5.84646
0.00543814,5.84853
0.0054396,5.85059
0.0054409,5.85273
0.00544225,5.85484
0.00544374,5.85688
0.00544508,5.859
0.00544913,5.8612
0.00544749,5.86335
0.00544866,5.86555
0.00544986,5.86773
0.00545111,5.86988
0.00545227,5.87209
0.00545354,5.87423
0.00545501,5.87629
0.00545645,5.87835
0.00545775,5.88049
0.00546204,5.88258
0.0054635,5.88464
0.00546199,5.88673
0.00546634,5.88879
0.00546781,5.89085
0.00546929,5.89291
0.00547062,5.89501
0.00547183,5.89719
0.00547295,5.89941
0.0054742,5.90157
0.00547549,5.90371
0.00547964,5.90586
0.00548089,5.90803
0.00548203,5.91024
0.00548317,5.91244
0.00548431,5.91465
0.00548543,5.91686
0.00548652,5.91911
0.00548777,5.92126
0.00549188,5.92342
0.00549311,5.92561
0.00549442,5.92773
0.00549573,5.92986
0.00549987,5.93201
0.00550103,5.93423
0.00550219,5.93642
0.00550341,5.93861
0.00550468,5.94074
0.00550592,5.94291
0.00550704,5.94512
0.00550831,5.94727
0.0055094,5.9495
0.00551327,5.95179
0.0055143,5.95406
0.00551539,5.95629
0.00551655,5.95849
0.00551775,5.96067
0.00552187,5.96285
0.00552298,5.96507
0.00552416,5.96726
0.00552518,5.96952
0.00552619,5.97179
0.00552721,5.97407
0.0055312,5.9763
0.00553226,5.97855
0.00553613,5.98084
0.00553718,5.98309
0.00553806,5.98542
0.00553902,5.98771
0.00553992,5.99004
0.00554077,5.99238
0.00554468,5.99465
0.0055458,5.99688
0.00554701,5.99906
0.00554825,6.00121
0.00555242,6.00336
0.00555372,6.0055
0.00555518,6.00756
0.00555655,6.00965
0.00555793,6.01176
0.00555948,6.01377
0.00556092,6.01585
0.00556515,6.01795
0.00556355,6.02009
0.00556471,6.02229
0.00556595,6.02445
0.00557003,6.02663
0.0055713,6.02879
0.00557254,6.03095
0.00557389,6.03306
0.0055751,6.03524
0.00557933,6.03736
0.00558068,6.03947
0.00558202,6.04159
0.00558344,6.04366
0.00558486,6.04574
0.00558615,6.04787
0.00558732,6.05007
0.00559149,6.05221
0.00559271,6.05441
0.00559409,6.0565
0.00559533,6.05866
0.00559658,6.06081
0.00559785,6.06295
0.00559908,6.06513
0.00560322,6.06728
0.00560457,6.0694
0.00560583,6.07156
0.00560702,6.07374
0.00560831,6.07587
0.00560936,6.07813
0.00561053,6.08031
0.00561195,6.08241
0.00561322,6.08454
0.00561737,6.08671
0.00561856,6.08889
0.00561986,6.09103
0.00562406,6.09315
0.00562543,6.09527
0.0056266,6.09747
0.00562794,6.09957
0.00562919,6.10172
0.00563017,6.10401
0.00563147,6.10615
0.00563294,6.10821
0.00563714,6.11033
0.00563821,6.11259
0.00563631,6.11486
0.00563733,6.11712
0.00564138,6.11932
0.00564254,6.12153
0.0056436,6.12377
0.00564783,6.12589
0.00564882,6.12818
0.00564982,6.13046
0.00565095,6.13267
0.00565218,6.13483
0.00565332,6.13703
0.00565738,6.13923
0.00565861,6.14141
0.00565969,6.14364
0.00566097,6.14579
0.00566212,6.14799
0.00566629,6.15014
0.00566737,6.15238
0.00566841,6.15464
0.00566942,6.15691
0.00567056,6.15913
0.00567166,6.16134
0.0056728,6.16355
0.00567688,6.16575
0.00567797,6.16798
0.00567901,6.17023
0.00567998,6.17252
0.00568107,6.17477
0.00568503,6.17701
0.00568615,6.17922
0.00568736,6.1814
0.00568851,6.1836
0.00568962,6.18583
0.00569368,6.18804
0.00569485,6.19022
0.00569594,6.19247
0.00569705,6.19469
0.00569814,6.19692
0.00570213,6.19915
0.00570335,6.20133
0.00570444,6.20356
0.00570557,6.20577
0.00570672,6.20798
0.00570771,6.21026
0.00570876,6.2125
0.00571273,6.21474
0.00571385,6.21697
0.00571481,6.21928
0.0057158,6.22155
0.00571961,6.22387
0.00572058,6.22616
0.00572157,6.22843
0.00572251,6.23074
0.00572356,6.23299
0.00572747,6.23527
0.00572853,6.23751
0.00573235,6.23983
0.00573354,6.24201
0.00573455,6.24429
0.0057357,6.2465
0.00573975,6.24868
0.00574086,6.25092
0.00574191,6.25318
0.00574296,6.25542
0.0057441,6.25764
0.0057453,6.25982
0.00574638,6.26206
0.00574753,6.26426
0.00574889,6.26637
0.00575006,6.26856
0.00575408,6.27077
0.00575541,6.2729
0.00575666,6.27505
0.00576083,6.2772
0.00576201,6.2794
0.00576316,6.28159
0.0057645,6.28371
0.00576571,6.2859
0.00576702,6.28802
0.00577128,6.29012
0.00576981,6.2922
0.00577113,6.29432
0.00577539,6.29642
0.00577377,6.29858
0.00577519,6.30065
0.00577933,6.3028
0.00577772,6.30495
0.00578198,6.30704
0.00578326,6.3092
0.00578455,6.31133
0.00578584,6.31347
0.00578701,6.31567
0.00578841,6.31776
0.00578982,6.31983
0.00579114,6.32197
0.00579253,6.32406
0.0057941,6.32606
0.00579557,6.32812
0.00579715,6.33012
0.00579872,6.33212
0.00580023,6.33416
0.00580196,6.33608
0.00580634,6.33813
0.00580791,6.34014
0.00580949,6.34214
0.00581113,6.34411
0.00581272,6.34611
0.00581425,6.34814
0.0058157,6.3502
0.00581703,6.35232
0.00581857,6.35435
0.00582,6.35641
0.00582447,6.35842
0.00582596,6.36047
0.00582748,6.3625
0.00582887,6.36459
0.00583026,6.36668
0.00583173,6.36872
0.00583303,6.37086
0.00583457,6.37289
0.00583596,6.37498
0.00584028,6.37705
0.00584157,6.37919
0.00584304,6.38123
0.00584425,6.38342
0.00584845,6.38555
0.00584693,6.38766
0.00585113,6.38978
0.00585252,6.39187
0.00585384,6.394
0.00585513,6.39614
0.00585633,6.39832
0.00585755,6.40049
0.00585886,6.40261
0.00586016,6.40475
0.00586168,6.40678
0.00586294,6.40893
0.00586434,6.41102
0.0058657,6.41312
0.00586695,6.41528
0.00586821,6.41744
0.00586951,6.41956
0.00587087,6.42167
0.00587492,6.42387
0.00587645,6.42591
0.00587789,6.42797
0.00587937,6.43002
0.00588074,6.43212
0.00588518,6.43414
0.00588664,6.4362
0.00588806,6.43829
0.00588953,6.44033
0.00589095,6.44241
0.00589257,6.44439
0.00589388,6.44653
0.00589499,6.44874
0.00589612,6.45095
0.00589734,6.45313
0.00589838,6.45539
0.00589958,6.45756
0.00590379,6.45969
0.00590485,6.46194
0.00590604,6.46413
0.00590703,6.46641
0.00591105,6.46864
0.00591241,6.47074
0.00591375,6.47285
0.00591504,6.475
0.00591623,6.47718
0.00591756,6.47929
0.0059188,6.48145
0.00592321,6.48348
0.0059247,6.48554
0.00592893,6.48765
0.00592749,6.48971
0.00593164,6.49187
0.00593294,6.49401
0.00593409,6.49621
0.00593263,6.49828
0.00593687,6.50039
0.00593806,6.50259
0.00593911,6.50483
0.00594015,6.50709
0.00594134,6.50927
0.00594243,6.51151
0.00594367,6.51366
0.00594769,6.51589
0.00594895,6.51804
0.00595012,6.52024
0.00595423,6.52241
0.0059556,6.52451
0.00595703,6.52659
0.00595841,6.52868
0.00595981,6.53077
0.00596125,6.53283
0.00596266,6.53492
0.00596405,6.53701
0.00596538,6.53913
0.00596659,6.54131
0.0059707,6.54348
0.00597179,6.54572
0.00597281,6.54798
0.00597381,6.55025
0.00597489,6.5525
0.0059787,6.5548
0.00597971,6.55709
0.00598073,6.55935
0.00598466,6.56162
0.0059857,6.56388
0.00598674,6.56614
0.00598786,6.56835
0.00598909,6.57052
0.00599026,6.57272
0.00599141,6.57491
0.00599552,6.57708
0.00599669,6.57929
0.00599786,6.58149
0.00599905,6.58367
0.00600031,6.58582
0.00600153,6.58799
0.0060028,6.59014
0.00600392,6.59235
0.00600523,6.59449
0.00600642,6.59667
0.00601056,6.59884
0.00601162,6.60108
0.00601576,6.60325
0.00601697,6.60543
0.00601808,6.60764
0.00601631,6.60987
0.00602028,6.6121
0.00602144,6.61431
0.00602259,6.61651
0.00602375,6.61871
0.00602789,6.62087
0.00602908,6.62305
0.0060303,6.62524
0.00603147,6.62742
0.00603279,6.62955
0.00603691,6.63172
0.00603834,6.6338
0.00603956,6.63596
0.00604079,6.63813
0.00603906,6.64033
0.00604016,6.64256
0.00604451,6.64462
0.00604584,6.64674
0.00604719,6.64884
0.00604855,6.65096
0.00604985,6.65308
0.00605099,6.6553
0.00605231,6.65742
0.00605654,6.65954
0.00605799,6.66161
0.00606222,6.66372
0.00606339,6.66592
0.00606461,6.6681
0.00606604,6.67017
0.00606434,6.67236
0.00606857,6.67446
0.00606999,6.67654
0.00607148,6.67858
0.0060728,6.68072
0.00607411,6.68284
0.00607545,6.68496
0.00607695,6.687
0.00607826,6.68912
0.00608234,6.69131
0.00608376,6.6934
0.00608499,6.69556
0.00608621,6.69773
0.00608729,6.69997
0.00608831,6.70223
0.00609218,6.70452
0.00609314,6.70682
0.0060941,6.70911
0.00609524,6.71132
0.00609643,6.71351
0.00609747,6.71576
0.00610155,6.71796
0.00610277,6.72013
0.00610394,6.72233
0.0061082,6.72443
0.00610954,6.72655
0.00611103,6.7286
0.00611251,6.73064
0.00611677,6.73275
0.00611794,6.73495
0.00611915,6.73713
0.00612026,6.73934
0.00612129,6.7416
0.00612242,6.74383
0.00612357,6.74602
0.00612474,6.74822
0.00612879,6.75042
0.00612974,6.75272
0.00613065,6.75504
0.00613156,6.75736
0.00613251,6.75966
0.00613365,6.76186
0.00613486,6.76404
0.00613909,6.76616
0.0061404,6.76829
0.00614466,6.77039
0.00614602,6.77251
0.00614734,6.77463
0.00614867,6.77675
0.00615296,6.77884
0.00615433,6.78095
0.0061557,6.78304
0.00615718,6.7851
0.00615859,6.78718
0.00615995,6.78928
0.00616128,6.7914
0.00616273,6.79346
0.00616816,6.79502
0.0061714,6.79623
0.00617497,6.7973
0.00617908,6.79811
0.00618343,6.79879
0.00618838,6.79921
0.00619449,6.79907
0.00620155,6.79848
0.00620924,6.79757
0.00622044,6.7964
0.00622843,6.79538
0.0062335,6.79437
0.00624464,6.79322
0.00625281,6.79208
0.00626098,6.79099
0.00626884,6.79
0.00627606,6.78936
0.00627999,6.78887
0.00628699,6.78831
0.00629701,6.78633
