"Maximum force",5.12576,"N"
"Gage length ",0.464485,"mm"
"Strain energy",0.0129585,"mJ"
"Deformation at maximum force",0.00576311,"mm"
"Standard travel","Standard force"
"mm","N"
0,0.25872
-5.43892e-007,0.258978
-1.05798e-006,0.259222
-1.80677e-006,0.259573
-2.35066e-006,0.259832
-2.04891e-007,0.260185
-5.56931e-007,0.260358
-1.02073e-006,0.260577
1.69128e-006,0.260663
1.55345e-006,0.260734
1.37091e-006,0.26082
1.37028e-006,0.26082
1.07226e-006,0.260961
9.89374e-007,0.261
6.26158e-007,0.261172
3.598e-007,0.261298
3.17612e-006,0.261338
3.03363e-006,0.261408
3.09975e-006,0.261377
2.62291e-006,0.261604
2.22244e-006,0.261792
1.55934e-006,0.262105
1.09554e-006,0.262325
7.30466e-007,0.262496
3.65388e-007,0.262669
2.825e-007,0.262709
2.7859e-006,0.262897
2.77425e-006,0.262905
2.50976e-006,0.26303
2.59171e-006,0.262991
2.54235e-006,0.263014
2.49253e-006,0.263038
2.70766e-006,0.262936
2.67483e-006,0.262952
2.80708e-006,0.262889
2.49416e-006,0.263037
2.2278e-006,0.263163
1.87949e-006,0.263328
1.5647e-006,0.263477
1.23315e-006,0.263633
9.68652e-007,0.263758
9.34426e-007,0.263774
8.18476e-007,0.263829
7.35588e-007,0.263868
7.18941e-007,0.263876
6.52817e-007,0.263908
6.36053e-007,0.263916
5.36867e-007,0.263963
5.20104e-007,0.26397
5.36518e-007,0.263963
3.87507e-007,0.264033
2.71557e-007,0.264088
-7.48951e-008,0.264252
-2.58366e-007,0.264339
-6.71873e-007,0.264534
-1.08724e-006,0.26473
-1.21949e-006,0.264793
-1.51751e-006,0.264934
-1.6181e-006,0.264981
-1.78387e-006,0.265059
-1.78389e-006,0.26506
-1.88308e-006,0.265107
-1.75083e-006,0.265044
-1.66794e-006,0.265005
-1.50217e-006,0.264927
-1.15572e-006,0.264763
-1.07143e-006,0.264723
-9.39183e-007,0.26466
-1.08726e-006,0.26473
-1.51753e-006,0.264934
-1.66748e-006,0.265005
-2.18157e-006,0.265247
-2.49635e-006,0.265397
-2.77761e-006,0.265529
-3.10916e-006,0.265686
-3.20928e-006,0.265733
-3.39089e-006,0.26582
-3.37517e-006,0.265812
-3.4576e-006,0.265851
-3.09438e-006,0.265679
-3.01056e-006,0.26564
-2.38099e-006,0.265342
-2.09973e-006,0.265209
-1.91719e-006,0.265123
-1.52044e-006,0.264935
-1.66759e-006,0.265004
-1.75048e-006,0.265044
-1.86643e-006,0.265099
-2.01544e-006,0.265169
-2.03244e-006,0.265177
-2.34723e-006,0.265326
-2.57913e-006,0.265436
-2.97587e-006,0.265623
-3.19194e-006,0.265725
-3.70603e-006,0.265968
-3.75608e-006,0.265992
-3.69043e-006,0.265961
-3.69001e-006,0.265961
-3.44228e-006,0.265843
-3.40829e-006,0.265828
-3.27604e-006,0.265765
-6.07746e-006,0.265718
-6.01646e-006,0.265687
-5.76872e-006,0.265569
-5.70167e-006,0.265538
-5.60202e-006,0.265491
-5.78362e-006,0.265577
-5.88328e-006,0.265624
-6.19806e-006,0.265773
-6.56314e-006,0.265944
-6.61297e-006,0.265969
-6.95942e-006,0.266133
-6.84533e-006,0.266078
-7.0763e-006,0.266188
-6.89562e-006,0.266102
-6.96082e-006,0.266133
-6.87839e-006,0.266094
-6.86175e-006,0.266086
-6.87816e-006,0.266094
-6.76221e-006,0.266039
-6.69609e-006,0.266008
-6.56384e-006,0.265945
-6.61297e-006,0.265969
-6.81134e-006,0.266062
-6.86163e-006,0.266086
-7.14289e-006,0.266219
-7.09376e-006,0.266196
-7.19295e-006,0.266243
-7.0281e-006,0.266165
-6.99434e-006,0.266149
-6.99425e-006,0.266149
-6.94465e-006,0.266125
-6.84547e-006,0.266078
-6.59774e-006,0.265961
-6.46456e-006,0.265898
-6.34814e-006,0.265843
-6.18237e-006,0.265765
-6.29785e-006,0.26582
-6.19866e-006,0.265773
-6.39704e-006,0.265867
-6.49669e-006,0.265914
-6.89343e-006,0.266102
-7.32556e-006,0.266305
-7.62359e-006,0.266446
-8.07062e-006,0.266658
-8.00543e-006,0.266627
-8.18704e-006,0.266713
-8.03896e-006,0.266643
-8.05502e-006,0.26665
-7.83989e-006,0.266549
-7.67411e-006,0.266471
-7.35932e-006,0.266322
-6.91229e-006,0.26611
-6.54721e-006,0.265937
-6.18213e-006,0.265766
-6.03312e-006,0.265695
-6.06595e-006,0.26571
-5.91694e-006,0.26564
-6.29692e-006,0.265819
-6.33114e-006,0.265835
-6.72789e-006,0.266023
-6.97748e-006,0.266141
-7.32393e-006,0.266305
-7.67225e-006,0.26647
-7.92184e-006,0.266587
-8.35211e-006,0.266791
-8.4527e-006,0.266838
-8.76748e-006,0.266987
-8.60264e-006,0.266909
-8.43686e-006,0.266831
-8.2208e-006,0.266729
-7.79053e-006,0.266525
-7.70717e-006,0.266486
-7.24337e-006,0.266267
-7.20985e-006,0.266251
-6.82987e-006,0.26607
-6.59704e-006,0.265961
-6.51368e-006,0.265922
-6.4145e-006,0.265875
-6.81124e-006,0.266063
-6.94442e-006,0.266125
-7.42498e-006,0.266352
-7.60659e-006,0.266438
-7.85432e-006,0.266556
-8.08808e-006,0.266666
-8.18727e-006,0.266713
-8.35305e-006,0.266791
-8.20497e-006,0.266721
-8.23733e-006,0.266737
-8.08832e-006,0.266666
-7.88995e-006,0.266572
-7.60869e-006,0.266439
-7.21008e-006,0.266252
-7.2925e-006,0.26629
-7.07737e-006,0.266188
-7.0606e-006,0.26618
-7.19285e-006,0.266243
-7.27574e-006,0.266282
-7.45828e-006,0.266368
-7.50787e-006,0.266392
-4.78096e-006,0.26647
-4.96536e-006,0.266564
-5.09854e-006,0.266627
-5.11542e-006,0.266635
-4.91705e-006,0.266541
-4.98271e-006,0.266572
-4.68468e-006,0.266432
-4.70098e-006,0.266439
-4.41972e-006,0.266306
-4.36966e-006,0.266282
-4.30354e-006,0.266251
-4.13776e-006,0.266173
-4.3855e-006,0.26629
-4.48515e-006,0.266337
-4.86513e-006,0.266517
-5.19668e-006,0.266673
-5.41368e-006,0.266775
-5.69493e-006,0.266909
-5.86071e-006,0.266987
-5.87782e-006,0.266995
-5.74558e-006,0.266933
-5.66269e-006,0.266893
-5.39819e-006,0.266768
-5.06664e-006,0.266612
-4.78538e-006,0.266478
-4.27129e-006,0.266235
-3.93974e-006,0.266079
-3.52437e-006,0.265883
-3.3586e-006,0.265804
-6.44314e-006,0.26589
-6.69459e-006,0.266007
-7.12673e-006,0.266211
-7.37446e-006,0.266329
-7.88855e-006,0.266572
-8.27039e-006,0.266752
-8.61684e-006,0.266916
-9.21289e-006,0.267198
-9.36376e-006,0.267269
-9.67855e-006,0.267418
-9.48111e-006,0.267324
-9.39776e-006,0.267285
-9.06621e-006,0.267129
-8.60241e-006,0.26691
-8.07342e-006,0.26666
-7.5109e-006,0.266393
-7.39215e-006,0.266337
-6.82963e-006,0.266072
-6.72905e-006,0.266024
-6.48132e-006,0.265906
-6.24849e-006,0.265797
-6.28132e-006,0.265812
-6.28152e-006,0.265812
-6.926e-006,0.266117
-7.29108e-006,0.26629
-7.83869e-006,0.266547
-8.07153e-006,0.266658
-8.48503e-006,0.266853
-8.71786e-006,0.266963
-8.81705e-006,0.267011
-9.1486e-006,0.267167
-9.03312e-006,0.267113
-8.95023e-006,0.267074
-8.60378e-006,0.26691
-8.12321e-006,0.266683
-7.74137e-006,0.266502
-7.22728e-006,0.266259
-6.96279e-006,0.266133
-6.63124e-006,0.265977
-6.46453e-006,0.265898
-6.28199e-006,0.265812
-6.29805e-006,0.26582
-6.64451e-006,0.265984
-6.61307e-006,0.265969
-7.00982e-006,0.266157
-7.19236e-006,0.266243
-7.52391e-006,0.266399
-7.92065e-006,0.266587
-8.15441e-006,0.266697
-8.43567e-006,0.26683
-8.43627e-006,0.266831
-8.58528e-006,0.266901
-8.4372e-006,0.266831
-8.38667e-006,0.266807
-8.15477e-006,0.266697
-7.93964e-006,0.266596
-7.82322e-006,0.266541
-7.46001e-006,0.266369
-7.49144e-006,0.266384
-7.25954e-006,0.266274
-7.19342e-006,0.266243
-7.09376e-006,0.266196
-6.92799e-006,0.266118
-7.12636e-006,0.266211
-7.22601e-006,0.266258
-7.37502e-006,0.266329
-7.40855e-006,0.266345
-7.42508e-006,0.266353
-7.44173e-006,0.26636
-7.44177e-006,0.26636
-7.62338e-006,0.266446
-7.64061e-006,0.266454
-7.67367e-006,0.26647
-7.62431e-006,0.266447
-7.55818e-006,0.266415
-7.45853e-006,0.266368
-7.22663e-006,0.266259
-7.24282e-006,0.266266
-7.06121e-006,0.266181
-7.19252e-006,0.266243
-7.07751e-006,0.266188
-6.96156e-006,0.266133
-7.15993e-006,0.266227
-7.14351e-006,0.266219
-7.39125e-006,0.266337
-7.35911e-006,0.266321
-7.34235e-006,0.266313
-7.30929e-006,0.266298
-7.2264e-006,0.266259
-7.12722e-006,0.266212
-7.01127e-006,0.266157
-6.92838e-006,0.266118
-6.63035e-006,0.265977
-6.51394e-006,0.265922
-6.36493e-006,0.265852
-6.3644e-006,0.265851
-6.64566e-006,0.265984
-6.58e-006,0.265953
-6.82773e-006,0.26607
-6.91109e-006,0.26611
-7.04333e-006,0.266172
-7.09363e-006,0.266196
-7.22587e-006,0.266258
-7.20981e-006,0.266251
-7.0608e-006,0.266181
-6.94485e-006,0.266126
-6.71295e-006,0.266016
-6.44845e-006,0.265891
-6.28175e-006,0.265812
-5.95019e-006,0.265656
-5.98302e-006,0.265671
-5.95019e-006,0.265655
-5.96649e-006,0.265663
-5.9169e-006,0.26564
-5.86731e-006,0.265616
-6.19699e-006,0.265773
-6.26452e-006,0.265804
-6.75998e-006,0.266039
-6.8119e-006,0.266063
-7.32227e-006,0.266305
-7.35882e-006,0.266321
-7.44171e-006,0.26636
-7.47477e-006,0.266376
-7.47492e-006,0.266376
-7.50798e-006,0.266392
-7.22672e-006,0.266259
-6.99482e-006,0.266149
-6.79552e-006,0.266055
-6.46397e-006,0.265899
-6.23207e-006,0.265788
-5.76827e-006,0.265569
-5.83393e-006,0.2656
-5.61879e-006,0.265499
-5.60203e-006,0.265491
-5.48608e-006,0.265436
-5.51891e-006,0.265451
-5.73404e-006,0.265553
-5.76757e-006,0.265569
-5.99947e-006,0.265679
-6.03277e-006,0.265694
-6.2805e-006,0.265812
-6.29808e-006,0.26582
-6.57934e-006,0.265952
-6.92765e-006,0.266117
-7.09343e-006,0.266195
-7.04407e-006,0.266172
-6.94488e-006,0.266125
-6.79587e-006,0.266055
-6.69622e-006,0.266008
-6.28271e-006,0.265812
-6.21565e-006,0.265781
-6.01635e-006,0.265687
-5.73509e-006,0.265554
-5.53579e-006,0.265459
-5.27129e-006,0.265334
-5.23753e-006,0.265318
-5.08852e-006,0.265248
-5.27013e-006,0.265334
-5.30342e-006,0.26535
-5.60145e-006,0.26549
-5.80075e-006,0.265585
-5.76792e-006,0.265569
-6.1479e-006,0.265748
-5.90203e-006,0.265632
-6.18143e-006,0.265765
-6.08271e-006,0.265718
-6.31461e-006,0.265828
-6.14976e-006,0.265749
-6.23172e-006,0.265788
-6.38073e-006,0.265859
-6.24848e-006,0.265796
-6.24837e-006,0.265796
-5.88516e-006,0.265625
-5.70169e-006,0.265538
-5.63556e-006,0.265506
-5.53591e-006,0.265459
-5.48609e-006,0.265436
-5.37014e-006,0.265381
-5.35337e-006,0.265373
-5.10564e-006,0.265256
-4.97246e-006,0.265193
-5.13731e-006,0.265271
-5.08818e-006,0.265248
-5.50169e-006,0.265443
-5.6181e-006,0.265498
-5.96642e-006,0.265662
-6.03254e-006,0.265694
-6.13219e-006,0.265741
-6.24814e-006,0.265796
-6.16572e-006,0.265757
-6.3138e-006,0.265827
-6.21554e-006,0.265781
-6.31426e-006,0.265827
-6.28167e-006,0.265812
-6.01717e-006,0.265687
-5.81787e-006,0.265593
-5.50308e-006,0.265444
-5.48597e-006,0.265436
-5.02217e-006,0.265216
-5.10459e-006,0.265255
-4.90622e-006,0.265162
-4.78981e-006,0.265107
-4.74021e-006,0.265083
-4.45895e-006,0.264951
-4.49132e-006,0.264966
-4.49143e-006,0.264966
-4.80622e-006,0.265114
-5.00459e-006,0.265208
-5.33614e-006,0.265365
-5.68445e-006,0.26553
-5.8167e-006,0.265592
-6.0812e-006,0.265717
-6.08262e-006,0.265718
-6.16504e-006,0.265757
-6.13245e-006,0.265741
-6.03326e-006,0.265694
-5.85072e-006,0.265608
-5.63559e-006,0.265507
-5.48658e-006,0.265436
-5.0563e-006,0.265233
-4.75828e-006,0.265092
-4.65723e-006,0.265044
-4.42533e-006,0.264934
-4.55758e-006,0.264997
-4.50822e-006,0.264974
-4.67307e-006,0.265052
-4.67375e-006,0.265052
-4.7897e-006,0.265107
-4.92195e-006,0.265169
-4.93895e-006,0.265177
-5.26864e-006,0.265334
-5.12149e-006,0.265263
-2.43928e-006,0.265365
-2.41378e-006,0.265357
-2.62892e-006,0.265459
-2.81146e-006,0.265545
-2.64661e-006,0.265468
-2.67874e-006,0.265483
-2.61309e-006,0.265452
-2.67874e-006,0.265483
-2.61309e-006,0.265452
-2.59609e-006,0.265444
-2.7451e-006,0.265514
-2.67898e-006,0.265483
1.22441e-007,0.26553
2.92873e-007,0.265451
1.44793e-007,0.265522
1.28146e-007,0.26553
3.04877e-006,0.265522
2.78614e-006,0.265647
2.70325e-006,0.265687
2.48812e-006,0.265788
2.66973e-006,0.265702
5.53075e-006,0.265718
5.39478e-006,0.265788
8.13659e-006,0.265859
7.6225e-006,0.266108
7.4055e-006,0.266211
9.75988e-006,0.266469
9.5997e-006,0.266548
1.23117e-005,0.266634
1.20752e-005,0.266752
1.17939e-005,0.266885
1.44314e-005,0.267011
1.45003e-005,0.266979
1.44011e-005,0.267026
1.75453e-005,0.266909
1.78209e-005,0.266784
1.79532e-005,0.266721
2.10675e-005,0.266619
2.09269e-005,0.266689
2.39816e-005,0.266619
2.37004e-005,0.266752
2.35681e-005,0.266815
2.61013e-005,0.266986
2.56953e-005,0.267183
2.52985e-005,0.267371
2.74145e-005,0.267739
2.70606e-005,0.267911
2.92063e-005,0.268264
2.88729e-005,0.268428
2.8329e-005,0.268686
3.09367e-005,0.26882
3.09007e-005,0.268844
3.37468e-005,0.268868
3.38725e-005,0.268813
3.67484e-005,0.268821
3.69617e-005,0.268727
3.71442e-005,0.268641
4.02139e-005,0.268562
4.02991e-005,0.268523
4.3175e-005,0.268531
4.33045e-005,0.268476
4.5942e-005,0.268601
4.56663e-005,0.268735
4.81995e-005,0.268906
4.76295e-005,0.269181
5.01776e-005,0.269346
5.25022e-005,0.269619
5.21148e-005,0.269807
5.1651e-005,0.270027
5.11853e-005,0.270246
5.36589e-005,0.27045
5.59984e-005,0.270715
5.57395e-005,0.270842
5.82727e-005,0.271015
5.82635e-005,0.271023
6.10649e-005,0.27107
6.1087e-005,0.271062
6.1236e-005,0.270992
6.40524e-005,0.271031
6.71071e-005,0.27096
6.98191e-005,0.271054
6.98229e-005,0.271054
7.27286e-005,0.271054
7.24492e-005,0.271187
7.52655e-005,0.271227
7.46583e-005,0.271516
7.73107e-005,0.271634
7.65396e-005,0.272002
7.9043e-005,0.27219
8.13676e-005,0.272464
8.10248e-005,0.272628
8.36475e-005,0.272762
8.31855e-005,0.272981
8.59869e-005,0.273029
8.5512e-005,0.273256
8.82538e-005,0.273326
8.80042e-005,0.273451
9.08354e-005,0.273483
9.06109e-005,0.273593
9.3323e-005,0.273679
9.6035e-005,0.273773
9.59265e-005,0.273828
9.85789e-005,0.273945
0.000101321,0.274024
0.000100978,0.274188
0.000103809,0.27422
0.000103403,0.274415
0.000103204,0.27451
0.000105931,0.274588
0.000105745,0.274682
0.000108413,0.274792
0.000107956,0.275011
0.000110653,0.275105
0.000110283,0.275285
0.000113233,0.275262
0.000112974,0.275387
0.000115657,0.275489
0.000115581,0.275528
0.000115019,0.275794
0.000117745,0.275873
0.000117146,0.276163
0.000119888,0.276234
0.000119522,0.276414
0.000119405,0.276469
0.000122102,0.276563
0.00012474,0.276688
0.000124671,0.276727
0.000127219,0.276891
0.000127345,0.276837
0.000129997,0.276954
0.000130052,0.276931
0.000133003,0.276908
0.00013567,0.277017
0.000135337,0.277182
0.000137691,0.277439
0.000140299,0.277581
0.000139872,0.277785
0.000142242,0.278034
0.000141834,0.278232
0.000141387,0.278443
0.00014386,0.278647
0.00014614,0.278937
0.000145857,0.279078
0.000148509,0.279196
0.0001482,0.279344
0.000150942,0.279415
0.000153758,0.279462
0.000153912,0.279392
0.000154044,0.279329
0.00015698,0.279313
0.000157166,0.279228
0.000159774,0.279368
0.000159825,0.279345
0.000162343,0.279524
0.000165279,0.279509
0.000164843,0.27972
0.000164412,0.279924
0.000166856,0.280136
0.000166111,0.280496
0.000168525,0.280723
0.00016797,0.280988
0.000170652,0.281092
0.000173081,0.281319
0.000172806,0.281452
0.000175383,0.281601
0.000175,0.281789
0.000177771,0.281852
0.000180394,0.281984
0.000180347,0.282009
0.000183104,0.282079
0.000185816,0.282165
0.000185861,0.28215
0.000188439,0.282299
0.00018842,0.282314
0.000191087,0.282424
0.000193859,0.282487
0.000196556,0.282589
0.000196262,0.28273
0.000198885,0.282862
0.000201284,0.283098
0.000200948,0.283262
0.000203139,0.2836
0.000202876,0.283724
0.00020535,0.283929
0.000207823,0.284132
0.000207529,0.284273
0.000209824,0.284555
0.000212536,0.28465
0.000215114,0.284806
0.000214988,0.284869
0.000214673,0.285018
0.000217341,0.285127
0.000219993,0.285245
0.000219624,0.285425
0.000222321,0.285519
0.000222116,0.285621
0.000227928,0.285621
0.000227797,0.285684
0.000227431,0.285855
0.000230188,0.285926
0.000232721,0.286099
0.000235478,0.28617
0.000235074,0.286365
0.000237741,0.286475
0.000237253,0.28671
0.000239533,0.287
0.000241724,0.287335
0.000243974,0.28765
0.000243452,0.2879
0.000245523,0.288293
0.000244849,0.288613
0.000247263,0.288841
0.000249588,0.289116
0.000249154,0.289327
0.000251538,0.28957
0.000254145,0.289711
0.00025379,0.289884
0.000256174,0.290127
0.000258975,0.290174
0.000258773,0.290275
0.000261649,0.290284
0.000264033,0.290534
0.000263609,0.290738
0.000265874,0.291035
0.000268094,0.291363
0.000270359,0.291663
0.000269662,0.291998
0.000271972,0.292273
0.000273842,0.292765
0.000275742,0.293244
0.000274721,0.29373
0.000276606,0.294209
0.000278841,0.294522
0.000280957,0.294898
0.000280501,0.295118
0.000282915,0.295345
0.000285344,0.295573
0.000287803,0.295784
0.000287497,0.295933
0.000290224,0.296011
0.000292727,0.296207
0.000295246,0.296387
0.000294642,0.296677
0.000296937,0.296959
0.000299247,0.297242
0.00030105,0.297764
0.000303166,0.298142
0.000302011,0.298691
0.000303851,0.299191
0.00030546,0.299801
0.000304522,0.30025
0.000306474,0.300696
0.000308292,0.301215
0.000310378,0.301598
0.000309446,0.302044
0.000311801,0.302304
0.000314006,0.302632
0.000316361,0.302891
0.000318849,0.303095
0.000318452,0.303283
0.000320851,0.303518
0.000323191,0.303785
0.000325709,0.303973
0.000325035,0.304293
0.000327181,0.304646
0.000326417,0.305014
0.000328354,0.305468
0.000330425,0.305861
0.000332266,0.306368
0.000331338,0.306809
0.000333178,0.307309
0.000334929,0.307858
0.000336986,0.308259
0.000335868,0.308789
0.000338088,0.309113
0.00033712,0.309575
0.000339161,0.309975
0.000341128,0.310421
0.000340063,0.310929
0.000342134,0.311322
0.000340964,0.311879
0.00034609,0.312191
0.000344921,0.312756
0.000344123,0.313132
0.000345964,0.313632
0.000347916,0.31408
0.000349898,0.31452
0.000348862,0.315012
0.000351082,0.315335
0.000350032,0.315834
0.000352267,0.316149
0.000354338,0.31654
0.000353522,0.316933
0.000355757,0.317246
0.000357724,0.317692
0.000356897,0.318085
0.000359028,0.318446
0.000361189,0.318799
0.000363186,0.31923
0.000362187,0.319706
0.00036399,0.320221
0.000365726,0.320778
0.0003675,0.321312
0.000366434,0.32182
0.000368103,0.3224
0.000370189,0.322787
0.000371843,0.323382
0.000374034,0.323719
0.000373006,0.324212
0.000375211,0.324534
0.000377506,0.324824
0.000376906,0.325114
0.00038239,0.325263
0.000381827,0.325536
0.00038436,0.32571
0.00038626,0.326187
0.000385467,0.326562
0.000387374,0.327033
0.000389184,0.327548
0.000391032,0.328052
0.000392396,0.328781
0.000391025,0.329429
0.000392239,0.33023
0.000393588,0.330966
0.000395033,0.331657
0.0003937,0.33229
0.000395599,0.332761
0.000397231,0.333364
0.000399392,0.333717
0.000401478,0.334102
0.000403832,0.334367
0.000403303,0.334619
0.000405583,0.334909
0.000408146,0.335074
0.000410307,0.335425
0.000409573,0.335778
0.00041151,0.336234
0.000413291,0.336764
0.000415086,0.33729
0.000413552,0.338019
0.000415355,0.338534
0.000416658,0.339297
0.000418283,0.3399
0.000419505,0.340697
0.000418268,0.341284
0.000420123,0.34178
0.000421919,0.342307
0.000421159,0.342667
0.000423245,0.34305
0.000425569,0.343325
0.00042773,0.343678
0.000429891,0.344029
0.000432171,0.344328
0.000434361,0.344664
0.000436745,0.344916
0.000438682,0.34537
0.000440783,0.345753
0.000442378,0.346371
0.000443764,0.347092
0.000445373,0.347702
0.000446774,0.348416
0.000451423,0.348965
0.000449873,0.349701
0.000454224,0.350384
0.000455536,0.351143
0.00045412,0.351819
0.000458382,0.352547
0.000459998,0.353157
0.000461794,0.353684
0.00046347,0.354264
0.000465199,0.354821
0.000466831,0.355423
0.000471331,0.356041
0.000470116,0.356621
0.000471457,0.357357
0.000475868,0.35801
0.00047744,0.358651
0.00047899,0.359292
0.000483311,0.35999
0.000484787,0.360672
0.000486351,0.361306
0.000487916,0.361943
0.000489413,0.362606
0.000493943,0.363202
0.000492833,0.363743
0.000497661,0.364199
0.000499308,0.364802
0.000501185,0.365288
0.000502817,0.365891
0.00050158,0.366478
0.000502973,0.367192
0.000507235,0.36792
0.000508606,0.368649
0.000509753,0.369481
0.000511087,0.370224
0.00051219,0.371079
0.000513471,0.371846
0.000514656,0.372662
0.00051587,0.373459
0.000517286,0.374165
0.000521548,0.374886
0.000520318,0.375481
0.000524997,0.376008
0.000526674,0.376595
0.000528358,0.377175
0.000529818,0.377858
0.00053142,0.378476
0.000532731,0.379227
0.000534348,0.379837
0.00053849,0.380623
0.000539951,0.381314
0.000541098,0.382142
0.000539384,0.382958
0.000543646,0.383679
0.000544734,0.384549
0.000543199,0.385277
0.000547431,0.386021
0.000548795,0.38675
0.000550374,0.387379
0.000551805,0.388073
0.000553503,0.388646
0.000554949,0.389336
0.000556662,0.389901
0.000558041,0.390622
0.000559508,0.391304
0.000560887,0.392025
0.000562191,0.392785
0.000566542,0.393475
0.000567592,0.394352
0.000565976,0.395119
0.000567048,0.395981
0.000571072,0.396821
0.000572174,0.397683
0.000573389,0.39848
0.000571891,0.399193
0.000573232,0.399929
0.000577584,0.400612
0.000579014,0.401318
0.000580564,0.401959
0.000579342,0.402539
0.000580698,0.403267
0.000582449,0.403817
0.000584028,0.404442
0.000585742,0.405007
0.000587351,0.405621
0.000591822,0.406247
0.000593401,0.40688
0.000594735,0.407624
0.000596165,0.408322
0.000597447,0.409092
0.000598997,0.409733
0.000600576,0.410359
0.000601746,0.411183
0.000603161,0.411889
0.000604257,0.412743
0.000605575,0.413495
0.000606693,0.414341
0.000607952,0.415116
0.000609353,0.415829
0.000610672,0.416581
0.000612035,0.417309
0.000615939,0.418206
0.000617422,0.418885
0.000618688,0.419663
0.000620022,0.420407
0.000621535,0.421063
0.000622928,0.421776
0.000624679,0.422326
0.000626057,0.423047
0.000630498,0.423687
0.000632025,0.424347
0.00063356,0.425
0.00063502,0.425679
0.000636369,0.426415
0.000638067,0.426987
0.000639498,0.427685
0.000640995,0.428353
0.000642314,0.429104
0.000643655,0.429841
0.000645108,0.430531
0.000646338,0.431321
0.000647723,0.432042
0.000648982,0.43282
0.000650167,0.433632
0.000651419,0.434418
0.000652369,0.435341
0.00065368,0.436093
0.000657554,0.437012
0.000658806,0.437794
0.000659991,0.438611
0.000661272,0.439377
0.000662688,0.440083
0.00066122,0.440781
0.000665899,0.441311
0.000667374,0.441987
0.000666439,0.442435
0.000671059,0.442988
0.000672899,0.443499
0.00067456,0.444087
0.000676058,0.444754
0.000677853,0.445277
0.00067915,0.446036
0.000680484,0.446784
0.00068137,0.447737
0.00068232,0.448664
0.000683274,0.449587
0.000684108,0.450564
0.000688042,0.451453
0.000688996,0.452376
0.000690113,0.453223
0.000691261,0.454054
0.000692729,0.454737
0.000694405,0.455317
0.000696037,0.45592
0.000697974,0.456374
0.000699695,0.456938
0.000701476,0.457468
0.000703316,0.457972
0.000707786,0.458598
0.000709433,0.4592
0.000707838,0.459963
0.00071213,0.460669
0.000713315,0.461489
0.000714596,0.46226
0.000715796,0.463065
0.000716898,0.463919
0.00071818,0.464686
0.000719096,0.465628
0.000720713,0.466238
0.000722143,0.466937
0.000723559,0.467642
0.000725101,0.468283
0.000726532,0.468981
0.000728168,0.469587
0.000729598,0.470281
0.000731208,0.470895
0.000732675,0.471574
0.000734188,0.472234
0.000735648,0.472917
0.00073687,0.473714
0.000738345,0.474389
0.000739329,0.475297
0.00074073,0.47601
0.000742011,0.476777
0.000743374,0.477506
0.000744857,0.478181
0.000746221,0.47891
0.000747808,0.479535
0.000749037,0.480329
0.000750549,0.480985
0.00075198,0.481683
0.000753694,0.482248
0.00075531,0.482858
0.000759632,0.483556
0.000758246,0.484224
0.000759617,0.484944
0.000760935,0.485696
0.000762284,0.486432
0.000763551,0.487207
0.000768051,0.487828
0.000769414,0.488557
0.000768148,0.48916
0.00077232,0.489919
0.00077384,0.490586
0.000775255,0.491292
0.000776671,0.491994
0.000778333,0.492582
0.000782654,0.493287
0.000784137,0.493962
0.000785373,0.494752
0.000786618,0.495538
0.000787884,0.496312
0.00078892,0.497197
0.000790246,0.497941
0.00079412,0.498853
0.000795402,0.499627
0.000796505,0.500482
0.000797972,0.501165
0.000799366,0.501878
0.000800766,0.502591
0.000805266,0.503209
0.000806697,0.503907
0.000808366,0.504495
0.000809714,0.505231
0.000811093,0.505952
0.000812687,0.50657
0.000814058,0.507299
0.000818469,0.507959
0.000819646,0.508779
0.00082086,0.50958
0.000821911,0.510457
0.000822895,0.511365
0.000824072,0.512181
0.000825204,0.513021
0.000826687,0.513692
0.000827737,0.514569
0.000832059,0.515275
0.000833027,0.516195
0.000831343,0.516992
0.000835456,0.517793
0.000836775,0.518544
0.000838258,0.51922
0.000839703,0.519906
0.000841148,0.520597
0.000839763,0.521257
0.000841007,0.522039
0.00084249,0.522714
0.000844017,0.523362
0.000845768,0.523912
0.000847392,0.524514
0.000848957,0.525151
0.000853427,0.525777
0.000851996,0.526468
0.000853501,0.527124
0.000857435,0.528009
0.000858888,0.528699
0.000857309,0.529451
0.000861451,0.530229
0.000862666,0.531034
0.000863504,0.53201
0.000864621,0.532861
0.000865389,0.533868
0.000866551,0.534692
0.000867572,0.535588
0.000868883,0.53634
0.000870105,0.537137
0.000871551,0.537828
0.000872996,0.538518
0.000877496,0.539136
0.000876379,0.53967
0.000877891,0.540326
0.000879582,0.540899
0.000884112,0.541494
0.000882905,0.542085
0.000887435,0.54268
0.000889044,0.543298
0.000890214,0.544122
0.000891578,0.544851
0.000892494,0.545789
0.000893828,0.546533
0.000894811,0.547445
0.000896123,0.548196
0.000897106,0.549104
0.000898239,0.549943
0.000899371,0.550782
0.000900474,0.551637
0.000901852,0.552358
0.000903104,0.55314
0.000904616,0.5538
0.000908938,0.554502
0.000907753,0.555066
0.000912134,0.555734
0.000913684,0.556382
0.000915248,0.557019
0.00091653,0.557786
0.00091796,0.558484
0.000919011,0.559362
0.000920255,0.560144
0.000921656,0.560857
0.000923004,0.561593
0.000924316,0.562349
0.000925537,0.563146
0.000926767,0.563939
0.0009281,0.564683
0.000929628,0.565332
0.000933949,0.566037
0.000932534,0.566713
0.000934106,0.567338
0.000938427,0.568036
0.000939656,0.568834
0.000940893,0.569627
0.000941921,0.570512
0.00094321,0.571279
0.000944343,0.572118
0.000945557,0.572919
0.000946675,0.573762
0.000950936,0.574495
0.000951912,0.57541
0.000953075,0.576234
0.000954528,0.576921
0.000955824,0.577684
0.000957389,0.578317
0.000958737,0.579053
0.000960116,0.579774
0.000961613,0.580442
0.000962947,0.581186
0.000964176,0.581975
0.000965376,0.582784
0.000969548,0.583551
0.000967849,0.584367
0.000972051,0.585118
0.000973296,0.585908
0.000974398,0.586763
0.00097571,0.587518
0.000976775,0.588388
0.000980888,0.589185
0.000982065,0.590009
0.000983332,0.590783
0.000984546,0.591584
0.000985679,0.59242
0.00098696,0.59319
0.000990954,0.594052
0.000989322,0.594827
0.000993226,0.59572
0.000994403,0.596543
0.000995796,0.597257
0.000996884,0.598119
0.000998046,0.598939
0.000999052,0.599843
0.00100013,0.600705
0.00100112,0.601613
0.00100514,0.60246
0.00100634,0.603265
0.00100439,0.604192
0.0010085,0.604989
0.00100945,0.605916
0.00101085,0.60663
0.00101491,0.60745
0.00101605,0.608289
0.0010174,0.609025
0.00101852,0.609872
0.0010198,0.610639
0.00102096,0.61147
0.00102234,0.612191
0.00102642,0.613008
0.00102477,0.61379
0.00102871,0.614675
0.00102984,0.615514
0.00103087,0.616399
0.00103195,0.617261
0.00103312,0.618085
0.00103423,0.61894
0.00103804,0.61987
0.00103921,0.620702
0.00104019,0.62161
0.00104135,0.622441
0.00104259,0.623223
0.00104388,0.623994
0.0010482,0.624688
0.0010494,0.625505
0.00105081,0.62621
0.00105211,0.62697
0.00105343,0.627721
0.00105456,0.62856
0.00105574,0.629377
0.00105989,0.630159
0.00106083,0.631093
0.00106195,0.63194
0.00106291,0.632856
0.00106388,0.633771
0.00106462,0.634793
0.00106547,0.63577
0.00106648,0.636663
0.00107045,0.637532
0.00106866,0.638387
0.00106972,0.639257
0.00107083,0.640104
0.00107202,0.64092
0.00107598,0.641782
0.00107741,0.642492
0.00107872,0.643247
0.00108307,0.643933
0.00108436,0.644704
0.00108559,0.645494
0.00108694,0.64623
0.00108793,0.647134
0.0010892,0.647908
0.00109002,0.648893
0.00109402,0.649751
0.00109486,0.650727
0.00109581,0.651654
0.00109969,0.65257
0.00110054,0.653543
0.00110433,0.654496
0.00110505,0.655534
0.00110606,0.656427
0.00110715,0.657289
0.00110828,0.658128
0.00111222,0.659013
0.00111317,0.659936
0.00111429,0.660783
0.00111524,0.661706
0.00111617,0.662641
0.00111996,0.663594
0.00112093,0.664514
0.00112188,0.665437
0.00112268,0.666429
0.00112662,0.667318
0.00112759,0.668233
0.00112847,0.669191
0.00113232,0.670114
0.00113318,0.671086
0.00113449,0.671838
0.00113852,0.672677
0.00113978,0.673463
0.00114072,0.674394
0.00114165,0.675325
0.00114536,0.676316
0.00114304,0.677423
0.00114676,0.678407
0.00114739,0.679483
0.0011482,0.680474
0.00115181,0.681512
0.00115248,0.682573
0.00115315,0.683633
0.00115678,0.684655
0.00115774,0.685582
0.00115861,0.686547
0.00115994,0.687291
0.00116393,0.688146
0.00116506,0.688993
0.00116615,0.689855
0.00116984,0.690847
0.001168,0.691728
0.00117173,0.692704
0.00117257,0.693681
0.00117351,0.694619
0.00117741,0.695512
0.0011782,0.696519
0.0011789,0.697564
0.00117964,0.698587
0.00118044,0.699586
0.00118127,0.700563
0.00118214,0.701528
0.00118594,0.702478
0.00118709,0.703309
0.00119083,0.704286
0.00118897,0.705175
0.00119271,0.706144
0.00119378,0.707013
0.00119464,0.707986
0.00119544,0.708978
0.0011992,0.709954
0.00120015,0.710878
0.001201,0.71185
0.00120187,0.712812
0.0012026,0.713842
0.0012035,0.714788
0.0012042,0.715825
0.00120504,0.716809
0.00120591,0.717775
0.00120981,0.718675
0.00121091,0.719529
0.00121191,0.72043
0.00121298,0.721299
0.00121383,0.722272
0.00121485,0.723165
0.00121863,0.724122
0.00121984,0.724927
0.00122092,0.725789
0.00122202,0.726644
0.00122321,0.72746
0.00122708,0.728368
0.00122806,0.729284
0.00122887,0.730275
0.0012297,0.73126
0.00123071,0.732152
0.00123453,0.733094
0.00123585,0.733846
0.00123684,0.734754
0.001238,0.735578
0.00123891,0.736524
0.0012427,0.737474
0.0012408,0.738382
0.00124186,0.739251
0.00124603,0.74003
0.00124709,0.740899
0.00124816,0.741769
0.00124896,0.742761
0.00124991,0.743688
0.00125385,0.744565
0.00125176,0.745565
0.00125584,0.746366
0.00125677,0.747316
0.00125797,0.74812
0.00125891,0.749055
0.00126272,0.749994
0.00126348,0.751008
0.00126421,0.752038
0.00126508,0.753003
0.00126873,0.754018
0.00126975,0.754914
0.00127049,0.755944
0.00127437,0.75686
0.00127504,0.757913
0.00127577,0.758943
0.00127675,0.759854
0.00127766,0.760801
0.00127872,0.76167
0.00127985,0.76251
0.00128388,0.763356
0.00128493,0.764234
0.00128586,0.765165
0.00128968,0.766107
0.0012906,0.767045
0.0012916,0.767945
0.00129242,0.76893
0.00129337,0.76986
0.00129424,0.770822
0.00129493,0.771875
0.00129856,0.772897
0.00129939,0.773889
0.00130022,0.774865
0.0013011,0.775823
0.0013049,0.776769
0.00130609,0.777585
0.00130716,0.778455
0.00130832,0.779279
0.00130933,0.780179
0.00131046,0.781018
0.00131445,0.781873
0.00131547,0.782773
0.00131652,0.783651
0.00131747,0.784574
0.00131853,0.785443
0.0013222,0.786451
0.00132304,0.787435
0.00132388,0.788411
0.00132448,0.789502
0.00132513,0.79057
0.00132866,0.791639
0.00132949,0.79263
0.00133029,0.793622
0.00133126,0.794542
0.00133228,0.795434
0.00133608,0.796384
0.00133715,0.797254
0.0013382,0.798131
0.00133952,0.798883
0.0013408,0.799653
0.00134188,0.800515
0.00134599,0.801313
0.00134417,0.802182
0.00134801,0.803106
0.00134886,0.804082
0.00134956,0.805127
0.00135046,0.806077
0.00135113,0.80713
0.00135487,0.808114
0.00135567,0.809106
0.00135667,0.81001
0.00135754,0.810975
0.00135857,0.81186
0.00135967,0.812715
0.00136084,0.813539
0.00136234,0.814202
0.00136624,0.815095
0.00136484,0.81577
0.00136898,0.816545
0.00136996,0.817472
0.00137099,0.818357
0.00137174,0.819371
0.00137264,0.820321
0.00137339,0.821344
0.00137715,0.822313
0.0013778,0.823381
0.00137862,0.824365
0.00137927,0.825433
0.00137999,0.826463
0.00138396,0.827329
0.00138493,0.828252
0.0013889,0.829122
0.00139005,0.829953
0.00139115,0.830808
0.00139229,0.831647
0.00139315,0.832608
0.00139421,0.833486
0.00139505,0.834459
0.00139881,0.835431
0.00139967,0.836404
0.0014005,0.837381
0.00140122,0.838418
0.00140175,0.839532
0.00140531,0.8406
0.00140603,0.841638
0.00140982,0.842591
0.00141076,0.843526
0.00141178,0.844411
0.00141584,0.845235
0.00141683,0.846151
0.00141789,0.84702
0.00141911,0.847818
0.00142295,0.848745
0.00142395,0.849652
0.0014247,0.850667
0.00142849,0.851628
0.00142913,0.852697
0.00142968,0.85381
0.00143007,0.855001
0.00143052,0.85616
0.00143383,0.857343
0.00143424,0.858533
0.00143497,0.859555
0.00143573,0.860578
0.00143953,0.861524
0.00144053,0.862424
0.00144154,0.863321
0.00144278,0.86411
0.00144403,0.864896
0.00144528,0.865678
0.00144948,0.86643
0.00145081,0.867181
0.00145195,0.86802
0.00145569,0.868997
0.00145651,0.869989
0.00145681,0.871217
0.00145727,0.872377
0.00146047,0.873605
0.00146075,0.874849
0.00146115,0.876039
0.00146425,0.877313
0.00146468,0.878488
0.00146504,0.879693
0.00146565,0.880777
0.00146926,0.881814
0.00147035,0.88268
0.00147428,0.883569
0.00147547,0.884381
0.00147961,0.885175
0.00148072,0.886022
0.00148181,0.88688
0.00148272,0.887822
0.00148341,0.888868
0.00148713,0.889859
0.00148754,0.891042
0.00148804,0.892179
0.00149122,0.893422
0.00149154,0.894643
0.00149163,0.895978
0.00149458,0.897329
0.00149504,0.898488
0.00149543,0.899678
0.00149908,0.900693
0.00149982,0.901723
0.00150368,0.90265
0.0015047,0.903542
0.00150573,0.904427
0.00150958,0.905351
0.00151046,0.906316
0.00151436,0.907208
0.0015152,0.908193
0.00151583,0.909268
0.00151649,0.910336
0.00151987,0.911481
0.00152041,0.912595
0.00152065,0.913861
0.00152107,0.915036
0.00152136,0.916272
0.00152489,0.917348
0.00152547,0.918454
0.00152896,0.919545
0.00152972,0.920567
0.00153038,0.921628
0.00153397,0.922673
0.00153475,0.923688
0.00153829,0.924748
0.00153919,0.92571
0.00153999,0.926701
0.00154364,0.927724
0.00154412,0.928876
0.00154468,0.929974
0.00154792,0.931195
0.0015483,0.932393
0.00154865,0.933598
0.00155193,0.934796
0.00155237,0.935964
0.00155269,0.937184
0.001556,0.938367
0.00155645,0.939526
0.00155699,0.940648
0.00156054,0.941716
0.00156135,0.942708
0.00156507,0.9437
0.00156584,0.944707
0.00156936,0.94579
0.00157002,0.946858
0.00157031,0.948094
0.00157365,0.949262
0.0015739,0.950513
0.00157715,0.951726
0.00157722,0.953069
0.00158029,0.954366
0.00158047,0.955655
0.00158079,0.956876
0.00158414,0.958035
0.00158467,0.959165
0.00158537,0.96021
0.00158895,0.96127
0.00158967,0.9623
0.00159065,0.963212
0.0015944,0.964185
0.00159536,0.965108
0.00159594,0.966206
0.00159646,0.967336
0.00159967,0.968564
0.00160006,0.969754
0.00160324,0.970998
0.00160341,0.972295
0.00160357,0.973592
0.00160359,0.974957
0.00160664,0.976254
0.00160684,0.977544
0.00160703,0.978825
0.00161044,0.979955
0.00161095,0.981091
0.00161451,0.982159
0.00161536,0.983132
0.00161627,0.984078
0.00162008,0.985013
0.00162089,0.986012
0.00162186,0.986932
0.00162244,0.98803
0.00162609,0.989045
0.00162652,0.99022
0.00162986,0.991387
0.00163015,0.992623
0.00163322,0.99392
0.0016333,0.995263
0.00163609,0.996682
0.00163616,0.998032
0.00163631,0.999337
0.00163948,1.00058
0.00164002,1.0017
0.00164036,1.00292
0.00164389,1.00399
0.00164449,1.00508
0.00164511,1.00617
0.00164868,1.00723
0.00165238,1.00822
0.00165309,1.00926
0.00165363,1.01038
0.00165722,1.01143
0.00165781,1.01253
0.00166128,1.01363
0.00166167,1.01482
0.00166189,1.0161
0.00166233,1.01727
0.00166559,1.01846
0.00166614,1.01959
0.00166654,1.02077
0.0016699,1.02193
0.00167046,1.02304
0.00167088,1.02422
0.00167154,1.02527
0.00167496,1.02641
0.00167566,1.02745
0.00167631,1.02851
0.00167989,1.02957
0.00168055,1.03063
0.00168112,1.03174
0.00168462,1.03282
0.00168502,1.03401
0.00168546,1.03518
0.00168891,1.03629
0.00168947,1.03741
0.00169019,1.03845
0.00169353,1.03961
0.00169405,1.04074
0.00169739,1.04191
0.00169783,1.04308
0.00170115,1.04425
0.00170166,1.04539
0.00170236,1.04643
0.0017058,1.04755
0.00170641,1.04864
0.00170976,1.0498
0.00171017,1.05098
0.00171346,1.05217
0.00171377,1.0534
0.00171435,1.0545
0.00171472,1.0557
0.00171811,1.05684
0.00171837,1.0581
0.00172156,1.05933
0.00172481,1.06055
0.00172505,1.06181
0.00172835,1.063
0.00172879,1.06416
0.00173215,1.06532
0.00173241,1.06657
0.0017357,1.06777
0.00173617,1.06892
0.00173961,1.07004
0.001743,1.07118
0.00174328,1.07243
0.00174355,1.07367
0.00174675,1.07491
0.00174703,1.07615
0.00174734,1.07738
0.00175039,1.07868
0.00175333,1.08005
0.00175332,1.08142
0.001756,1.08289
0.00175603,1.08426
0.00175897,1.08562
0.00175922,1.08688
0.00175941,1.08817
0.00176259,1.0894
0.00176289,1.09064
0.00176624,1.0918
0.00176698,1.09283
0.00176742,1.09399
0.00177104,1.09502
0.00177156,1.09615
0.00177506,1.09725
0.00177549,1.09842
0.00177873,1.09963
0.00177901,1.10088
0.00178197,1.10222
0.00178211,1.10354
0.00178506,1.10488
0.00178527,1.10616
0.0017883,1.10748
0.00178824,1.10888
0.0017885,1.11013
0.00179155,1.11144
0.00179198,1.11261
0.00179243,1.11377
0.00179583,1.11491
0.00179647,1.11598
0.00179974,1.11719
0.00180019,1.11835
0.00180345,1.11955
0.00180407,1.12064
0.00180735,1.12183
0.00180778,1.123
0.00180824,1.12416
0.00181153,1.12535
0.00181193,1.12653
0.00181482,1.12792
0.00181507,1.12917
0.00181501,1.13058
0.00181515,1.13189
0.00181822,1.13318
0.00181838,1.13448
0.00182158,1.13571
0.00182178,1.13699
0.00182497,1.13824
0.00182536,1.13943
0.00182886,1.14051
0.00182938,1.14164
0.00183004,1.14271
0.00183069,1.14378
0.00183406,1.14493
0.00183748,1.14606
0.00183778,1.14729
0.00183807,1.14853
0.00183831,1.1498
0.0018415,1.15103
0.00184184,1.15225
0.00184516,1.15342
0.00184557,1.1546
0.00184898,1.15573
0.00184928,1.15697
0.00185265,1.15812
0.00185294,1.15936
0.00185613,1.1606
0.00185641,1.16184
0.00185966,1.16305
0.00186002,1.16426
0.00186321,1.1655
0.00186347,1.16675
0.00186356,1.16808
0.00186677,1.16931
0.00186696,1.17059
0.00187022,1.1718
0.00187071,1.17295
0.00187103,1.17417
0.00187434,1.17535
0.00187466,1.17658
0.00187488,1.17784
0.00187828,1.17898
0.00187874,1.18014
0.00187948,1.18117
0.0018829,1.1823
0.00188366,1.18331
0.0018871,1.18443
0.00188765,1.18555
0.00188791,1.1868
0.0018911,1.18804
0.00189165,1.18916
0.00189191,1.19041
0.00189499,1.19169
0.00189522,1.19296
0.00189819,1.1943
0.00189842,1.19557
0.00189858,1.19687
0.00190195,1.19802
0.00190531,1.19918
0.00190597,1.20025
0.00190648,1.20138
0.00190999,1.20247
0.00191071,1.2035
0.00191392,1.20473
0.00191454,1.20581
0.001915,1.20697
0.00191839,1.20811
0.00191881,1.20929
0.00191913,1.21051
0.00192251,1.21166
0.00192286,1.21287
0.00192609,1.21409
0.00192619,1.21542
0.0019265,1.21665
0.00192687,1.21785
0.00193009,1.21907
0.00193065,1.22019
0.00193397,1.22136
0.00193461,1.22244
0.00193778,1.22368
0.00193811,1.2249
0.00193851,1.22608
0.00194195,1.2272
0.00194534,1.22835
0.00194567,1.22957
0.00194884,1.23082
0.00194905,1.23209
0.00194911,1.23345
0.00195213,1.23476
0.00195231,1.23605
0.00195576,1.23716
0.00195607,1.2384
0.00195936,1.23959
0.00196257,1.24082
0.00196293,1.24202
0.00196323,1.24325
0.00196345,1.24452
0.00196678,1.2457
0.00196722,1.24687
0.00196744,1.24813
0.00196771,1.24938
0.00197097,1.25058
0.0019715,1.25171
0.00197181,1.25294
0.00197503,1.25416
0.00197527,1.25543
0.00197573,1.25659
0.00197917,1.2577
0.00197954,1.2589
0.00198319,1.25992
0.00198355,1.26112
0.00198402,1.26228
0.0019872,1.26353
0.0019878,1.26461
0.00199148,1.26562
0.00199221,1.26665
0.00199288,1.26771
0.00199617,1.2689
0.0019965,1.27012
0.00199682,1.27135
0.00199987,1.27264
0.00200023,1.27385
0.00200047,1.27512
0.00200381,1.27628
0.00200393,1.2776
0.0020042,1.27884
0.00200726,1.28014
0.00200759,1.28137
0.00201093,1.28253
0.00201128,1.28374
0.0020119,1.28482
0.00201535,1.28594
0.00201593,1.28704
0.00201943,1.28813
0.00202001,1.28923
0.00202065,1.29031
0.002024,1.29147
0.00202459,1.29257
0.00202803,1.29369
0.00202847,1.29485
0.00202886,1.29604
0.00203185,1.29737
0.00203219,1.29859
0.00203225,1.29994
0.0020325,1.30119
0.00203556,1.30249
0.00203592,1.3037
0.00203925,1.30486
0.00203947,1.30615
0.00204295,1.30724
0.00204328,1.30846
0.00204679,1.30955
0.00204722,1.31072
0.00205059,1.31188
0.00205113,1.31299
0.00205444,1.31418
0.00205503,1.31527
0.00205812,1.31656
0.00205841,1.3178
0.00206133,1.31916
0.00206156,1.32043
0.00206457,1.32176
0.00206468,1.32308
0.00206772,1.32439
0.00206786,1.32569
0.00207096,1.32697
0.00207118,1.32825
0.00207125,1.32959
0.00207449,1.3308
0.00207475,1.33205
0.00207806,1.33324
0.00207845,1.33444
0.0020789,1.3356
0.0020823,1.33672
0.00208262,1.33796
0.00208299,1.33916
0.00208604,1.34045
0.0020865,1.34161
0.00208984,1.34278
0.00209028,1.34395
0.00209351,1.34517
0.00209375,1.34644
0.00209698,1.34765
0.00209701,1.34902
0.00209996,1.35037
0.00210016,1.35165
0.00210322,1.35295
0.00210339,1.35424
0.00210642,1.35556
0.00210673,1.35679
0.00210975,1.3581
0.00210991,1.35941
0.00211285,1.36076
0.00211299,1.36207
0.00211624,1.36327
0.00211649,1.36454
0.00211973,1.36575
0.00211986,1.36707
0.00212281,1.36842
0.00212278,1.36981
0.00212568,1.37119
0.00212883,1.37244
0.00212889,1.3738
0.00213215,1.37499
0.00213243,1.37624
0.00213549,1.37753
0.00213562,1.37885
0.00213873,1.38012
0.00213907,1.38135
0.00214209,1.38266
0.00214247,1.38386
0.0021457,1.38508
0.00214605,1.38629
0.00214915,1.38757
0.00214898,1.38902
0.00215208,1.39031
0.002152,1.39172
0.00215503,1.39304
0.00215507,1.39439
0.00215811,1.3957
0.00215817,1.39705
0.00216095,1.39848
0.0021639,1.39983
0.0021639,1.40121
0.00216414,1.40247
0.00216704,1.40384
0.00216732,1.40509
0.00217036,1.4064
0.00217045,1.40773
0.00217352,1.40902
0.00217632,1.41045
0.0021762,1.41188
0.002179,1.4133
0.0021789,1.41473
0.00218187,1.41607
0.00218189,1.41744
0.00218481,1.4188
0.00218476,1.4202
0.00218766,1.42158
0.00218769,1.42294
0.00218776,1.42428
0.00219106,1.42547
0.00219124,1.42676
0.00219458,1.42793
0.00219774,1.42918
0.00219809,1.43039
0.00220116,1.43169
0.00220143,1.43293
0.00220458,1.43419
0.00220477,1.43548
0.00220788,1.43675
0.00220792,1.43811
0.00221093,1.43943
0.00221374,1.44084
0.00221357,1.44231
0.00221334,1.44379
0.00221608,1.44524
0.00221601,1.44665
0.00221881,1.44807
0.00221886,1.44943
0.00222198,1.45069
0.00222196,1.45208
0.00222499,1.4534
0.00222498,1.45477
0.00222809,1.45605
0.00222838,1.45729
0.00223161,1.4585
0.00223492,1.45969
0.00223525,1.46092
0.00223841,1.46217
0.00223852,1.46349
0.00224156,1.4648
0.00224167,1.46613
0.00224459,1.46748
0.00224475,1.46879
0.00224757,1.4702
0.0022477,1.47151
0.00224754,1.47296
0.00225045,1.47434
0.00225327,1.47575
0.00225321,1.47716
0.00225625,1.47846
0.00225634,1.4798
0.00225943,1.48108
0.00225951,1.48242
0.00226252,1.48375
0.00226258,1.48509
0.00226536,1.48652
0.00226541,1.48788
0.00226829,1.48927
0.00227128,1.49059
0.0022742,1.49196
0.00227429,1.4933
0.00227733,1.49461
0.00228011,1.49603
0.00228028,1.49733
0.00228308,1.49875
0.00228322,1.50007
0.00228617,1.50142
0.00228635,1.50271
0.00228939,1.50402
0.00228937,1.5054
0.00229218,1.50681
0.00229197,1.50829
0.00229483,1.50969
0.00229467,1.51114
0.0022975,1.51254
0.00229762,1.51387
0.00230038,1.51531
0.00230036,1.5167
0.0023031,1.51815
0.00230604,1.5195
0.00230894,1.52088
0.0023091,1.52218
0.00231219,1.52347
0.00231244,1.52473
0.00231553,1.52601
0.00231575,1.52728
0.00231867,1.52865
0.00232159,1.53002
0.00232138,1.53149
0.00232447,1.53277
0.00232452,1.53413
0.00232733,1.53554
0.00232735,1.53692
0.00233017,1.53832
0.00233,1.53978
0.00233258,1.54131
0.00233249,1.54273
0.00233528,1.54416
0.00233536,1.54549
0.00233813,1.54693
0.00233805,1.54835
0.00234118,1.5496
0.00234384,1.5511
0.00234388,1.55246
0.00234669,1.55387
0.00234665,1.55527
0.00235246,1.55665
0.00235224,1.55813
0.00235526,1.55944
0.00235501,1.56094
0.00235779,1.56237
0.0023604,1.56388
0.00236042,1.56524
0.00236309,1.56673
0.00236298,1.56817
0.00236593,1.56951
0.00236862,1.57098
0.0023715,1.57237
0.00237122,1.57388
0.00237398,1.57532
0.00237389,1.57674
0.0023737,1.57821
0.00237657,1.5796
0.00237643,1.58104
0.00237937,1.5824
0.00237927,1.58382
0.0023822,1.58517
0.00238514,1.58654
0.00238515,1.58791
0.00238816,1.58923
0.00239097,1.59064
0.00239095,1.59204
0.00239384,1.59342
0.00239355,1.59493
0.00239632,1.59637
0.00239602,1.59788
0.00239879,1.59932
0.00239864,1.60077
0.00240152,1.60216
0.00240436,1.60356
0.00240724,1.60495
0.00240718,1.60634
0.00240684,1.60789
0.00240993,1.60917
0.00241256,1.61067
0.00241547,1.61204
0.00241832,1.61345
0.00241838,1.6148
0.00242121,1.6162
0.00242093,1.61771
0.00242359,1.6192
0.00242628,1.62067
0.00242627,1.62206
0.0024291,1.62346
0.00242932,1.62474
0.00243239,1.62604
0.00243233,1.62743
0.00243502,1.6289
0.00243782,1.63033
0.00243775,1.63174
0.00244061,1.63314
0.0024405,1.63457
0.00244333,1.63597
0.00244319,1.63742
0.00244581,1.63892
0.00244551,1.64044
0.00244821,1.64191
0.00245114,1.64327
0.00245386,1.64474
0.00245389,1.6461
0.00245678,1.64748
0.00245973,1.64883
0.00245972,1.65021
0.00246245,1.65167
0.0024624,1.65307
0.00246512,1.65453
0.00246784,1.65599
0.00246749,1.65753
0.00247016,1.65901
0.00247004,1.66044
0.00247295,1.66182
0.00247594,1.66315
0.00247579,1.6646
0.00247873,1.66595
0.00247863,1.66738
0.00248158,1.66873
0.00248168,1.67007
0.00248454,1.67145
0.00248454,1.67283
0.00248706,1.67438
0.00248683,1.67587
0.00248925,1.67747
0.00248907,1.67893
0.00249184,1.68036
0.0024946,1.68181
0.0024975,1.68319
0.00249747,1.68458
0.00250061,1.68584
0.00250065,1.6872
0.00250361,1.68854
0.00250363,1.68991
0.00250664,1.69124
0.00250675,1.69256
0.00250965,1.69393
0.00250977,1.69526
0.00251261,1.69666
0.0025124,1.69813
0.00251518,1.69957
0.00251511,1.70097
0.00251815,1.70228
0.00252107,1.70365
0.00252122,1.70495
0.00252421,1.70629
0.002524,1.70776
0.00252389,1.70919
0.00252665,1.71063
0.0025296,1.71199
0.00252949,1.71341
0.00253243,1.71477
0.00253524,1.71618
0.00253509,1.71763
0.002535,1.71905
0.00253768,1.72053
0.0025378,1.72185
0.00254075,1.7232
0.00254093,1.72449
0.00254412,1.72573
0.00254416,1.72709
0.00254713,1.72842
0.00254993,1.72985
0.00255001,1.73119
0.00255275,1.73264
0.00255569,1.734
0.00255563,1.7354
0.00255557,1.73681
0.00255846,1.73819
0.0025583,1.73964
0.00256128,1.74097
0.00256139,1.7423
0.00256147,1.74364
0.00256457,1.74491
0.00256486,1.74616
0.00256807,1.74738
0.00256837,1.74862
0.00257153,1.74987
0.00257155,1.75123
0.00257458,1.75255
0.0025747,1.75387
0.00257748,1.7553
0.00257759,1.75663
0.00258032,1.75809
0.00258028,1.75948
0.00258296,1.76095
0.00258301,1.7623
0.00258595,1.76366
0.00258606,1.76499
0.00258898,1.76635
0.00258901,1.76771
0.00259216,1.76897
0.00259249,1.77019
0.00259567,1.77144
0.00259604,1.77263
0.00259911,1.77393
0.00259931,1.77521
0.00260221,1.77659
0.00260231,1.77791
0.0026053,1.77925
0.00260533,1.78062
0.00260835,1.78193
0.00261111,1.78337
0.00261404,1.78473
0.00261674,1.78621
0.0026166,1.78765
0.00261937,1.78908
0.00261929,1.7905
0.00262218,1.79188
0.00262476,1.79341
0.00262462,1.79485
0.00262706,1.79644
0.00262969,1.79795
0.00262931,1.79951
0.00263186,1.80104
0.00263475,1.80243
0.00263448,1.80393
0.00263728,1.80535
0.00263999,1.80681
0.00263994,1.80822
0.00264286,1.80958
0.00264565,1.81102
0.00264846,1.81243
0.00264848,1.8138
0.00265121,1.81525
0.00265091,1.81678
0.00265357,1.81826
0.00265633,1.81971
0.00265591,1.82128
0.00265857,1.82276
0.00265801,1.82441
0.00266094,1.82577
0.00266366,1.82723
0.0026634,1.82873
0.00266603,1.83023
0.00266588,1.83168
0.00266846,1.8332
0.00267096,1.83477
0.00267078,1.83623
0.00267342,1.83773
0.00267604,1.83924
0.00267567,1.8408
0.00267816,1.84236
0.00267799,1.84382
0.00268348,1.84534
0.00268319,1.84686
0.00268581,1.84836
0.00268554,1.84987
0.00268822,1.85134
0.00269088,1.85283
0.00269074,1.85428
0.00269336,1.85578
0.00269588,1.85734
0.00269563,1.85884
0.00269822,1.86036
0.0027009,1.86184
0.00270059,1.86336
0.00270338,1.86479
0.00270597,1.86631
0.00270548,1.86792
0.00270799,1.86948
0.00271034,1.87111
0.00271007,1.87263
0.00271229,1.87431
0.00271479,1.87588
0.00271424,1.87752
0.0027168,1.87906
0.00271628,1.88067
0.00271879,1.88224
0.00272168,1.88362
0.0027216,1.88503
0.00272447,1.88642
0.0027273,1.88783
0.00272711,1.8893
0.0027299,1.89072
0.00273254,1.89223
0.00273225,1.89374
0.00273462,1.89536
0.00273397,1.89705
0.00273621,1.89873
0.00273838,1.90046
0.0027378,1.90211
0.00274015,1.90374
0.00274275,1.90526
0.00274526,1.90682
0.002745,1.90832
0.00274777,1.90976
0.00274758,1.91122
0.00275064,1.91252
0.00275037,1.91403
0.0027532,1.91543
0.0027557,1.917
0.0027553,1.91856
0.00275788,1.9201
0.00275749,1.92165
0.00276013,1.92315
0.00276265,1.92471
0.00276251,1.92615
0.00276493,1.92776
0.0027675,1.92928
0.00276718,1.93081
0.00276986,1.93229
0.00276983,1.93368
0.00277258,1.93513
0.00277239,1.9366
0.00277775,1.93817
0.00277732,1.93976
0.00277699,1.94129
0.00277964,1.94278
0.00277963,1.94417
0.00278229,1.94565
0.0027852,1.94703
0.00278491,1.94854
0.0027875,1.95006
0.00279011,1.95157
0.00278986,1.95307
0.00279252,1.95456
0.00279223,1.95607
0.00279487,1.95756
0.00279475,1.959
0.00279738,1.9605
0.00279714,1.96199
0.00279968,1.96354
0.00280255,1.96493
0.00280244,1.96636
0.00280233,1.96778
0.00280521,1.96917
0.00280782,1.97068
0.00280762,1.97216
0.00281013,1.97371
0.00280994,1.97518
0.00281241,1.97675
0.00281523,1.97817
0.00281495,1.97968
0.00281753,1.98121
0.00281746,1.98262
0.0028202,1.98407
0.00282321,1.98539
0.00282332,1.98672
0.00282629,1.98805
0.00282636,1.9894
0.0028292,1.9908
0.00282909,1.99223
0.00283185,1.99367
0.00283168,1.99513
0.00283435,1.99661
0.002837,1.99811
0.00283673,1.99961
0.00283926,2.00116
0.00284193,2.00265
0.00284165,2.00416
0.00284442,2.00559
0.00284725,2.007
0.00284708,2.00846
0.0028528,2.00987
0.00285254,2.01137
0.00285223,2.01289
0.00285484,2.01441
0.00285752,2.01589
0.0028571,2.01746
0.00285977,2.01894
0.00286245,2.02042
0.00286207,2.02199
0.00286484,2.02342
0.00286754,2.02489
0.00287035,2.02631
0.00287026,2.02773
0.0028701,2.02918
0.00287288,2.03062
0.00287557,2.03209
0.00287524,2.03362
0.0028777,2.0352
0.00287715,2.03684
0.00287949,2.03848
0.00288189,2.04009
0.00288158,2.04162
0.00288134,2.0431
0.00288386,2.04465
0.00288647,2.04617
0.00288628,2.04764
0.00288622,2.04904
0.00288912,2.05041
0.00289233,2.05164
0.00289243,2.05298
0.00289539,2.05431
0.00289533,2.05572
0.00289813,2.05714
0.0028981,2.05854
0.00290078,2.06001
0.00290057,2.06149
0.00290316,2.06302
0.00290301,2.06447
0.0029056,2.06598
0.00290809,2.06755
0.00291074,2.06904
0.00291044,2.07057
0.00291025,2.07204
0.00291293,2.07351
0.00291567,2.07496
0.00291563,2.07636
0.00291855,2.07772
0.00291846,2.07914
0.0029213,2.08054
0.00292141,2.08187
0.00292442,2.08319
0.00292737,2.08454
0.00292733,2.08594
0.00293026,2.08729
0.00293026,2.08867
0.00293294,2.09015
0.00293273,2.09163
0.00293539,2.09312
0.00293524,2.09457
0.00293799,2.09601
0.00294057,2.09754
0.00294047,2.09897
0.00294323,2.10041
0.00294591,2.10189
0.00294587,2.10329
0.00294879,2.10464
0.00294887,2.10599
0.0029519,2.10731
0.00295186,2.10869
0.00295476,2.11007
0.00295479,2.11143
0.00295759,2.11285
0.00296011,2.11441
0.00296006,2.11581
0.00296256,2.11737
0.0029623,2.11888
0.00296486,2.12041
0.00296458,2.12192
0.00296724,2.1234
0.00296996,2.12486
0.00297271,2.12632
0.00297533,2.12782
0.00297538,2.12918
0.00297813,2.13062
0.00297824,2.13195
0.00298115,2.13331
0.00298103,2.13475
0.00298385,2.13616
0.00298378,2.13757
0.00298652,2.13902
0.0029863,2.1405
0.00298891,2.14202
0.00298869,2.1435
0.00298845,2.14499
0.00299122,2.14642
0.0029939,2.1479
0.00299666,2.14934
0.00299918,2.1509
0.00299889,2.15241
0.00300166,2.15385
0.00300151,2.15529
0.00300449,2.15663
0.00300722,2.15809
0.003007,2.15957
0.0030096,2.16109
0.0030094,2.16257
0.00301227,2.16395
0.0030121,2.1654
0.00301487,2.16684
0.00301736,2.16842
0.00301995,2.16994
0.00302223,2.17161
0.00302472,2.17318
0.00302428,2.17476
0.00302956,2.17637
0.00302911,2.17798
0.0030315,2.17959
0.00303119,2.18112
0.00303373,2.18265
0.00303349,2.18415
0.00303635,2.18555
0.00303935,2.18688
0.00304219,2.18828
0.0030421,2.1897
0.00304492,2.19111
0.00304773,2.19253
0.00304755,2.19399
0.00305032,2.19543
0.00304997,2.19697
0.0030525,2.19852
0.00305199,2.20013
0.00305442,2.20173
0.00305418,2.20322
0.00305671,2.20476
0.00305932,2.20629
0.00305902,2.20781
0.00306164,2.20931
0.00306432,2.21079
0.00306688,2.21232
0.00306683,2.21373
0.00306954,2.21519
0.00307229,2.21664
0.00307195,2.21818
0.00307177,2.21964
0.00307438,2.22115
0.00307684,2.22273
0.00307936,2.22429
0.00308191,2.22584
0.0030818,2.22726
0.00308434,2.2288
0.00308672,2.23043
0.00308629,2.23201
0.00308862,2.23366
0.0030882,2.23524
0.00309043,2.23691
0.00309309,2.23841
0.00309563,2.23996
0.00309806,2.24155
0.00309753,2.24319
0.00309993,2.2448
0.0031026,2.24628
0.00310516,2.24782
0.00310495,2.2493
0.00310738,2.2509
0.00311005,2.25238
0.00310955,2.25399
0.00311194,2.25561
0.00311444,2.25717
0.00311672,2.25884
0.00311912,2.26046
0.00311864,2.26206
0.00312108,2.26366
0.00312366,2.26518
0.00312339,2.26668
0.00312592,2.26823
0.00312555,2.26979
0.0031281,2.27132
0.00312767,2.27291
0.00313043,2.27435
0.00313011,2.27588
0.0031326,2.27744
0.00313513,2.279
0.00313468,2.28059
0.00313703,2.28222
0.00313672,2.28374
0.00313922,2.28531
0.00313902,2.28678
0.0031416,2.28831
0.0031441,2.28986
0.00314387,2.29135
0.00314668,2.29277
0.00314933,2.29427
0.00315188,2.29581
0.00315451,2.29731
0.00315409,2.29889
0.00315681,2.30035
0.00315944,2.30186
0.00315914,2.30337
0.00316179,2.30486
0.00316128,2.30649
0.00316371,2.30808
0.00316606,2.30971
0.00316856,2.31128
0.00317095,2.3129
0.0031705,2.31449
0.0031727,2.31619
0.00317497,2.31787
0.00317446,2.3195
0.00317683,2.32111
0.0031794,2.32265
0.00318192,2.3242
0.0031845,2.32573
0.00318437,2.32717
0.00318709,2.32863
0.00318702,2.33004
0.00318969,2.33152
0.00319224,2.33307
0.0031948,2.3346
0.00319706,2.33628
0.00319665,2.33785
0.00319908,2.33945
0.00319858,2.34106
0.00320089,2.34272
0.00320315,2.3444
0.00320535,2.34611
0.00320475,2.34776
0.00320721,2.34935
0.00320672,2.35095
0.00320936,2.35245
0.00321185,2.35403
0.00321136,2.35564
0.00321394,2.35716
0.00321912,2.35882
0.00321874,2.36039
0.00322123,2.36195
0.00322091,2.36349
0.00322344,2.36503
0.00322599,2.36657
0.00322841,2.36818
0.00323066,2.36986
0.00323003,2.37154
0.00323224,2.37324
0.0032345,2.37492
0.00323697,2.3765
0.00323644,2.37813
0.00323888,2.37972
0.00324121,2.38136
0.00324071,2.38298
0.00324317,2.38457
0.00324273,2.38615
0.00324537,2.38764
0.00324814,2.38908
0.003248,2.39053
0.00325047,2.3921
0.00325305,2.39363
0.00325543,2.39525
0.00325482,2.39692
0.0032572,2.39854
0.00325954,2.40018
0.00326196,2.40179
0.00326422,2.40346
0.00326371,2.40508
0.00326622,2.40664
0.00326859,2.40826
0.00326798,2.40993
0.00327042,2.41153
0.003273,2.41305
0.0032755,2.41461
0.00327511,2.41618
0.00328048,2.41775
0.00327998,2.41938
0.00328224,2.42105
0.00328442,2.42277
0.00328383,2.42442
0.00328619,2.42606
0.00328841,2.42776
0.00329066,2.42944
0.00329289,2.43113
0.00329236,2.43276
0.00329458,2.43446
0.00329708,2.43602
0.00329658,2.43764
0.00329902,2.43922
0.0033016,2.44076
0.00330407,2.44233
0.00330376,2.44385
0.00330621,2.44545
0.00330862,2.44705
0.00331105,2.44865
0.00331358,2.4502
0.00331301,2.45185
0.00331523,2.45354
0.00331757,2.45519
0.00331975,2.4569
0.0033221,2.45854
0.00332147,2.46022
0.00332376,2.46188
0.00332326,2.46349
0.00332557,2.46515
0.00332782,2.46683
0.00333022,2.46844
0.00332977,2.47004
0.0033323,2.47158
0.00333467,2.47321
0.00333435,2.47474
0.00333686,2.4763
0.00333955,2.47777
0.00334197,2.47938
0.00334162,2.48092
0.00334426,2.48242
0.00334676,2.48399
0.00334639,2.48553
0.00334849,2.48728
0.00335095,2.48888
0.00335308,2.49062
0.00335539,2.49227
0.00335472,2.49397
0.00335716,2.49556
0.00335933,2.49728
0.00336161,2.49895
0.00336115,2.50054
0.00336345,2.5022
0.00336605,2.50371
0.00336863,2.50525
0.00336837,2.50675
0.00337105,2.50822
0.0033736,2.50976
0.00337322,2.51133
0.00337581,2.51285
0.0033783,2.51441
0.00337769,2.51608
0.00338009,2.51769
0.00338519,2.51939
0.00338454,2.52109
0.00338679,2.52277
0.00338608,2.52448
0.0033882,2.52622
0.00339041,2.52793
0.00339252,2.52968
0.00339471,2.53139
0.00339411,2.53306
0.00339633,2.53474
0.00339886,2.5363
0.00340126,2.53791
0.00340356,2.53957
0.00340298,2.54123
0.00340545,2.5428
0.00340784,2.54443
0.00341013,2.54609
0.00341265,2.54764
0.003412,2.54933
0.00341727,2.55094
0.00341646,2.55272
0.00341862,2.55444
0.00342092,2.5561
0.00342029,2.55778
0.00342258,2.55944
0.00342483,2.56113
0.00342444,2.56268
0.00342665,2.56438
0.00342908,2.56598
0.0034314,2.56763
0.00343105,2.56918
0.00343342,2.5708
0.00343574,2.57246
0.00343784,2.57421
0.00343997,2.57595
0.00343924,2.57767
0.00344139,2.57941
0.00344047,2.58121
0.00344279,2.58286
0.00344503,2.58456
0.00344742,2.58617
0.0034499,2.58774
0.00345225,2.58938
0.00345182,2.59096
0.00345432,2.59252
0.00345397,2.59406
0.00345628,2.59572
0.00345891,2.59722
0.00346128,2.59885
0.00346069,2.60051
0.00346585,2.60219
0.00346505,2.60395
0.0034674,2.60557
0.00346955,2.60731
0.0034689,2.60899
0.003471,2.61074
0.00347328,2.61242
0.00347552,2.6141
0.00347765,2.61585
0.00347704,2.61751
0.00347919,2.61924
0.00348163,2.62083
0.00348393,2.6225
0.00348641,2.62407
0.00348599,2.62565
0.00348856,2.62718
0.00349106,2.62874
0.00349346,2.63036
0.00349589,2.63195
0.00349525,2.63364
0.00350043,2.6353
0.00349986,2.63695
0.00350192,2.63872
0.00350409,2.64045
0.00350601,2.64228
0.00350804,2.64407
0.00350998,2.64591
0.00350906,2.64772
0.00351122,2.64944
0.00351341,2.65115
0.0035156,2.65287
0.0035178,2.65458
0.00352011,2.65623
0.00352247,2.65787
0.00352469,2.65956
0.00352406,2.66124
0.00352642,2.66286
0.00353172,2.66448
0.00353121,2.6661
0.0035335,2.66776
0.00353556,2.66953
0.00353457,2.67139
0.00353946,2.67319
0.00353842,2.67506
0.00354028,2.67692
0.00354225,2.67874
0.00354414,2.68059
0.00354621,2.68237
0.00354791,2.68431
0.00354986,2.68614
0.00354912,2.68787
0.00355124,2.6896
0.00355341,2.69133
0.00355574,2.69297
0.00355814,2.69459
0.00355741,2.69631
0.00355954,2.69805
0.00356152,2.69986
0.00356366,2.7016
0.00356576,2.70335
0.0035678,2.70513
0.0035699,2.70689
0.00357194,2.70867
0.003574,2.71045
0.00357322,2.7122
0.00357528,2.71397
0.00357733,2.71574
0.00357938,2.71752
0.00358146,2.71928
0.00358082,2.72097
0.00358585,2.72271
0.00358514,2.72443
0.0035873,2.72615
0.0035894,2.7279
0.00358843,2.72974
0.00359066,2.73142
0.00359012,2.73306
0.00359236,2.73475
0.00359469,2.73639
0.00359383,2.73817
0.00359615,2.73982
0.00359824,2.74158
0.00360055,2.74324
0.00359995,2.7449
0.00360247,2.74645
0.00360493,2.74805
0.00360734,2.74965
0.00360976,2.75126
0.00361211,2.75288
0.00361448,2.75452
0.00361373,2.75625
0.00361601,2.75792
0.00361843,2.75952
0.0036205,2.76128
0.00361968,2.76305
0.00362465,2.76481
0.00362381,2.7666
0.00362584,2.76839
0.00362779,2.77021
0.00363,2.77191
0.00362944,2.77356
0.0036319,2.77514
0.00363429,2.77676
0.00363384,2.77834
0.00363635,2.77991
0.00363855,2.78162
0.00364105,2.78317
0.00364342,2.7848
0.00364322,2.78628
0.00364564,2.78788
0.00364807,2.78948
0.00365039,2.79112
0.00365261,2.79282
0.00365203,2.79448
0.00365415,2.79622
0.00365652,2.79785
0.00365572,2.79961
0.00365806,2.80124
0.00366033,2.80292
0.00366255,2.80462
0.0036619,2.8063
0.00366418,2.80798
0.0036665,2.80962
0.00366891,2.81123
0.00366855,2.81277
0.00367114,2.81429
0.00367376,2.8158
0.0036736,2.81726
0.00367601,2.81886
0.00367849,2.82044
0.00368093,2.82203
0.00368335,2.82364
0.00368294,2.82521
0.00368528,2.82685
0.00368473,2.82849
0.00368702,2.83015
0.00368921,2.83186
0.00369131,2.83361
0.00369062,2.83532
0.00369296,2.83696
0.00369492,2.83877
0.00369717,2.84046
0.00369643,2.84219
0.00369874,2.84385
0.003701,2.84552
0.00370315,2.84725
0.00370249,2.84894
0.00370761,2.85064
0.00370985,2.85233
0.00371207,2.85403
0.00371153,2.85566
0.0037166,2.85738
0.00371571,2.85918
0.00371776,2.86096
0.00371983,2.86273
0.00371913,2.86444
0.0037215,2.86606
0.00372384,2.86771
0.00372623,2.86932
0.00372854,2.87097
0.00373084,2.87263
0.00373021,2.87431
0.0037324,2.87602
0.00373479,2.87764
0.00373414,2.87933
0.00373631,2.88104
0.0037384,2.8828
0.00374038,2.88461
0.00374242,2.8864
0.00374452,2.88815
0.00374673,2.88986
0.0037488,2.89163
0.00375099,2.89334
0.00375007,2.89516
0.00375226,2.89687
0.0037544,2.8986
0.00375649,2.90036
0.00375874,2.90205
0.00376091,2.90376
0.00376029,2.90543
0.00376246,2.90715
0.00376485,2.90877
0.00376719,2.91041
0.00376924,2.91219
0.00377124,2.91399
0.00377013,2.9159
0.00377211,2.91771
0.00377406,2.91953
0.00377595,2.92139
0.00377777,2.92328
0.0037768,2.92511
0.00377874,2.92694
0.00378079,2.92872
0.00378307,2.93039
0.00378535,2.93205
0.00378479,2.9337
0.00378734,2.93523
0.00378681,2.93687
0.00379221,2.93842
0.00379179,2.94001
0.00379425,2.94159
0.00379653,2.94326
0.00379583,2.94497
0.0037981,2.94664
0.00379729,2.9484
0.00379974,2.94999
0.00380166,2.95183
0.0038038,2.95357
0.00380577,2.95538
0.00380475,2.95724
0.00380658,2.95912
0.0038086,2.96091
0.00381074,2.96265
0.00381302,2.96432
0.00381246,2.96596
0.00381476,2.96762
0.00381707,2.96928
0.00381956,2.97085
0.00382192,2.97247
0.00382161,2.974
0.003824,2.97562
0.00382644,2.97721
0.00382584,2.97887
0.00382803,2.98058
0.00383016,2.98232
0.00383228,2.98407
0.00383156,2.98579
0.00383663,2.9875
0.00383593,2.98922
0.00383811,2.99094
0.00384028,2.99265
0.00384255,2.99433
0.00384469,2.99607
0.00384672,2.99786
0.00384612,2.99951
0.00384812,3.00132
0.00385032,3.00302
0.00385243,3.00478
0.00385471,3.00644
0.00385398,3.00816
0.00385632,3.0098
0.00385848,3.01153
0.00386067,3.01324
0.0038601,3.01489
0.00386229,3.0166
0.00386465,3.01823
0.00386684,3.01994
0.00386889,3.02172
0.00387101,3.02347
0.00387028,3.02519
0.00387251,3.02688
0.00387476,3.02856
0.00387715,3.03018
0.00387928,3.03192
0.00387863,3.03361
0.00388361,3.03536
0.00388565,3.03716
0.00388494,3.03888
0.0038869,3.04069
0.00388902,3.04243
0.00389116,3.04417
0.00389337,3.04587
0.00389273,3.04756
0.0038949,3.04927
0.00389425,3.05096
0.00389647,3.05265
0.00389875,3.05432
0.00389806,3.05603
0.00390049,3.05762
0.00390283,3.05926
0.00390484,3.06106
0.00390407,3.0628
0.0039061,3.0646
0.00390834,3.06627
0.00391053,3.06799
0.00391282,3.06965
0.00391229,3.07129
0.00391468,3.0729
0.00391415,3.07453
0.00391642,3.0762
0.00391879,3.07783
0.00392105,3.0795
0.00392324,3.08122
0.00392264,3.08288
0.00392203,3.08454
0.0039244,3.08616
0.00392683,3.08777
0.00392625,3.08941
0.00392862,3.09104
0.00393092,3.0927
0.00393056,3.09425
0.00393302,3.09583
0.00393561,3.09736
0.00393813,3.09891
0.00393781,3.10044
0.00394015,3.10208
0.00393955,3.10374
0.00394192,3.10536
0.00394425,3.10702
0.00394672,3.1086
0.0039463,3.11017
0.00394867,3.11179
0.00395125,3.11332
0.00395078,3.11492
0.00395297,3.11663
0.00395249,3.11824
0.00395499,3.1198
0.00395751,3.12136
0.00395702,3.12296
0.00395962,3.12448
0.00396209,3.12606
0.00396479,3.12753
0.00396424,3.12917
0.00396691,3.13065
0.00396663,3.13216
0.00396922,3.13368
0.00397177,3.13523
0.00397146,3.13675
0.00397401,3.13828
0.00397638,3.13991
0.00397587,3.14153
0.00397799,3.14327
0.00398039,3.14489
0.00397989,3.14651
0.0039824,3.14806
0.0039849,3.14963
0.00398443,3.15123
0.00398677,3.15287
0.00398915,3.15449
0.00399146,3.15614
0.00399092,3.15778
0.00399327,3.15941
0.00399572,3.161
0.00399801,3.16266
0.00399744,3.16431
0.00399987,3.16591
0.00400221,3.16755
0.00400181,3.16912
0.00400417,3.17074
0.00400673,3.17229
0.00400914,3.17389
0.00401157,3.17549
0.00401101,3.17713
0.00401331,3.17879
0.00401571,3.18041
0.00401492,3.18216
0.00401714,3.18385
0.00401932,3.18558
0.00401884,3.18717
0.00402126,3.18878
0.00402372,3.19036
0.00402625,3.19191
0.00402573,3.19353
0.00402819,3.19512
0.0040305,3.19677
0.00403299,3.19835
0.00403262,3.1999
0.00403497,3.20153
0.00403744,3.20311
0.00403684,3.20477
0.00403927,3.20637
0.0040387,3.20801
0.00403832,3.20956
0.00404076,3.21116
0.00404327,3.21271
0.00404565,3.21434
0.00404507,3.21599
0.00404752,3.21758
0.00404978,3.21926
0.00405205,3.22094
0.00405163,3.22251
0.00405398,3.22414
0.0040565,3.2257
0.00405607,3.22729
0.00405854,3.22886
0.00406122,3.23034
0.00406079,3.23192
0.00406322,3.23352
0.00406564,3.23512
0.00406807,3.23672
0.00407038,3.23837
0.00406982,3.24002
0.00407498,3.24169
0.00407714,3.24342
0.00407645,3.24512
0.00407856,3.24687
0.00408085,3.24854
0.00408321,3.25017
0.00408551,3.25184
0.00408494,3.25348
0.00408702,3.25524
0.00408928,3.25692
0.00409137,3.25868
0.00409353,3.2604
0.00409275,3.26215
0.00409502,3.26383
0.00409737,3.26546
0.00409965,3.26713
0.00410198,3.26878
0.00410138,3.27045
0.00410364,3.27212
0.00410307,3.27376
0.00410523,3.27549
0.00410758,3.27712
0.00410961,3.27891
0.00411183,3.28062
0.00411107,3.28235
0.00411326,3.28406
0.00411531,3.28584
0.00411455,3.28757
0.00411686,3.28923
0.00411907,3.29093
0.00412141,3.29257
0.00412367,3.29425
0.00412619,3.29581
0.0041284,3.29751
0.00412757,3.29928
0.00412978,3.30098
0.00412907,3.30269
0.00413138,3.30435
0.00413369,3.30601
0.00413314,3.30764
0.0041356,3.30923
0.00413783,3.31092
0.0041372,3.31259
0.00413942,3.31428
0.00414174,3.31594
0.00414114,3.3176
0.00414357,3.3192
0.00414577,3.3209
0.00414493,3.32268
0.00414718,3.32435
0.0041493,3.3261
0.00415162,3.32776
0.004154,3.32937
0.00415619,3.33108
0.00415576,3.33267
0.00415794,3.33439
0.00416031,3.33601
0.00415947,3.33779
0.00416171,3.33947
0.00416375,3.34126
0.00416593,3.34297
0.0041681,3.34469
0.00416735,3.34643
0.00416982,3.34801
0.00417492,3.34971
0.0041742,3.35144
0.00417628,3.35319
0.00417859,3.35486
0.00418077,3.35657
0.00418284,3.35834
0.00418222,3.36001
0.00418432,3.36175
0.00418647,3.36349
0.00418851,3.36528
0.00419064,3.36702
0.00419005,3.36867
0.00419209,3.37045
0.0041971,3.3722
0.00419645,3.37389
0.00419877,3.37554
0.00419799,3.37729
0.00420003,3.37906
0.00420204,3.38086
0.00420391,3.38273
0.00420593,3.38452
0.00420797,3.38631
0.00421019,3.388
0.00421256,3.38963
0.00421192,3.39131
0.00421401,3.39307
0.00421594,3.3949
0.00421803,3.39667
0.00422016,3.39841
0.00422241,3.40009
0.00422451,3.40185
0.00422368,3.40362
0.00422578,3.40536
0.00422766,3.40722
0.0042296,3.40906
0.00422876,3.41083
0.00423368,3.41263
0.00423302,3.41431
0.00423492,3.41616
0.00423713,3.41786
0.00423908,3.41969
0.00424105,3.42151
0.00423999,3.42338
0.00424488,3.4252
0.00424678,3.42705
0.00424889,3.42879
0.00425105,3.43052
0.00425014,3.43233
0.00425229,3.43406
0.00425421,3.4359
0.00425609,3.43776
0.0042581,3.43955
0.00426007,3.44137
0.00425916,3.44318
0.00426123,3.44494
0.00426321,3.44675
0.00426525,3.44854
0.00426714,3.4504
0.00426916,3.45218
0.00427099,3.45407
0.00427295,3.45589
0.00427191,3.45776
0.00427394,3.45955
0.00427593,3.46136
0.00427793,3.46316
0.00427984,3.465
0.00428182,3.46681
0.0042838,3.46863
0.00428562,3.47051
0.0042876,3.47232
0.00428972,3.47407
0.00429186,3.4758
0.00429395,3.47757
0.00429583,3.47943
0.00429771,3.48128
0.00429665,3.48317
0.00429852,3.48502
0.00430338,3.48685
0.00430261,3.48859
0.0043048,3.4903
0.00430381,3.49215
0.00430858,3.49401
0.00431036,3.49592
0.00430935,3.49777
0.00431131,3.49959
0.00431325,3.50142
0.00431531,3.5032
0.00431724,3.50503
0.00431914,3.50688
0.00432087,3.50882
0.00432288,3.51061
0.00432472,3.51249
0.0043265,3.51439
0.00432837,3.51626
0.00433016,3.51816
0.00432919,3.51999
0.00433093,3.52192
0.00433273,3.52381
0.00433452,3.52572
0.00433632,3.52761
0.00433811,3.52952
0.00434006,3.53134
0.00434208,3.53313
0.00434126,3.5349
0.00434609,3.53673
0.00434529,3.53849
0.0043471,3.54038
0.004349,3.54223
0.00435097,3.54404
0.00435309,3.54579
0.00435237,3.54751
0.0043544,3.54929
0.00435656,3.55102
0.00435563,3.55284
0.00435766,3.55462
0.00435952,3.55649
0.00436154,3.55828
0.00436073,3.56005
0.00436274,3.56184
0.00436478,3.56362
0.00436681,3.56541
0.00436602,3.56716
0.00436795,3.56899
0.00437014,3.57071
0.0043694,3.57243
0.00437164,3.57412
0.00437395,3.57578
0.00437621,3.57746
0.00437842,3.57916
0.00437772,3.58086
0.00437972,3.58267
0.00438187,3.5844
0.00438395,3.58616
0.00438605,3.58792
0.00438816,3.58967
0.00439036,3.59138
0.00439252,3.59311
0.00439455,3.59489
0.0043937,3.59667
0.00439565,3.59849
0.00439771,3.60027
0.00439969,3.60208
0.00440187,3.6038
0.00440409,3.6055
0.00440327,3.60727
0.00440523,3.60908
0.00440715,3.61091
0.0044092,3.61271
0.00441119,3.61451
0.0044132,3.6163
0.00441532,3.61805
0.00441738,3.61983
0.00441653,3.6216
0.00441846,3.62343
0.00442048,3.62523
0.00441962,3.62701
0.00442178,3.62874
0.00442403,3.63042
0.00442618,3.63215
0.00442837,3.63387
0.00443052,3.6356
0.00443266,3.63734
0.00443461,3.63916
0.00443655,3.64099
0.00443849,3.64283
0.00444051,3.64461
0.00444242,3.64646
0.00444141,3.64832
0.00444333,3.65015
0.00444525,3.65199
0.00444715,3.65385
0.00444609,3.65572
0.00444805,3.65753
0.00445007,3.65934
0.00445209,3.66112
0.00445399,3.66298
0.00445322,3.66472
0.00445511,3.66657
0.00445723,3.66832
0.00445925,3.6701
0.00446137,3.67185
0.00446351,3.67359
0.00446274,3.67533
0.00446475,3.67712
0.00446684,3.67888
0.00446887,3.68067
0.00447076,3.68253
0.0044728,3.68431
0.00447469,3.68616
0.00447374,3.68799
0.00447577,3.68978
0.0044778,3.69156
0.00447996,3.6933
0.00448203,3.69506
0.00448117,3.69684
0.00448591,3.69872
0.004488,3.70048
0.00449005,3.70226
0.00449206,3.70405
0.00449409,3.70585
0.00449303,3.70773
0.00449496,3.70955
0.00449671,3.71149
0.00449856,3.71335
0.00450039,3.71524
0.00450235,3.71706
0.00450419,3.71894
0.00450603,3.72082
0.00450513,3.72262
0.0045099,3.72448
0.00451182,3.72632
0.00451082,3.72818
0.0045128,3.72998
0.00451514,3.73162
0.00451729,3.73335
0.00451952,3.73504
0.00452154,3.73684
0.00452356,3.73864
0.00452531,3.74055
0.00452712,3.74245
0.00452885,3.74438
0.0045306,3.7463
0.00453244,3.74818
0.00453386,3.75026
0.00453256,3.75224
0.00453419,3.75423
0.00453584,3.75618
0.00453766,3.75808
0.00453961,3.7599
0.0045417,3.76166
0.00454377,3.76343
0.00454306,3.76514
0.004545,3.76697
0.00454716,3.76871
0.00454929,3.77045
0.00454831,3.77228
0.00455041,3.77403
0.0045524,3.77584
0.00455427,3.77771
0.00455622,3.77953
0.0045581,3.78139
0.00455997,3.78325
0.00456179,3.78514
0.00456066,3.78705
0.00456543,3.78891
0.00456757,3.79065
0.00456683,3.79238
0.00457163,3.79423
0.00457101,3.7959
0.00457298,3.79771
0.00457492,3.79954
0.00457389,3.80141
0.00457872,3.80324
0.00458067,3.80507
0.00457963,3.80694
0.00458147,3.80881
0.00458313,3.81078
0.00458491,3.81269
0.00458658,3.81464
0.00458815,3.81664
0.00459007,3.8185
0.00459185,3.82039
0.00459388,3.82218
0.00459572,3.82406
0.00459775,3.82585
0.00459962,3.82771
0.00460169,3.82949
0.00460382,3.83123
0.00460587,3.83301
0.00460807,3.83472
0.00461005,3.83652
0.00461206,3.83832
0.00461106,3.84018
0.00461298,3.84201
0.00461467,3.84396
0.00461938,3.84585
0.00461825,3.84777
0.00461996,3.8497
0.00462173,3.85161
0.00462349,3.85354
0.00462512,3.85551
0.00462697,3.85738
0.00462875,3.85929
0.00463064,3.86114
0.00462976,3.86294
0.00463183,3.8647
0.00463396,3.86644
0.00463615,3.86815
0.00463834,3.86986
0.00464037,3.87166
0.0046395,3.87345
0.00464427,3.87531
0.0046433,3.87714
0.00464527,3.87897
0.00464705,3.88087
0.00464873,3.88282
0.0046504,3.88477
0.00464919,3.88672
0.00465082,3.88869
0.00465261,3.89061
0.0046546,3.89241
0.00465672,3.89416
0.00465882,3.89591
0.00466097,3.89764
0.00466316,3.89936
0.0046652,3.90114
0.00466713,3.90298
0.00466904,3.90482
0.00467099,3.90665
0.00467305,3.90842
0.00467479,3.91035
0.00467656,3.91226
0.00467823,3.91421
0.00467968,3.91627
0.00468124,3.91829
0.00468272,3.92033
0.00468439,3.92229
0.00468604,3.92425
0.00468778,3.92619
0.00468955,3.9281
0.00469155,3.92991
0.00469342,3.93177
0.00469533,3.93361
0.00469749,3.93534
0.00469941,3.93718
0.00470151,3.93893
0.00470348,3.94075
0.00470252,3.94259
0.00470726,3.94446
0.00470889,3.94644
0.00471041,3.94847
0.00470894,3.95054
0.00471038,3.9526
0.00471192,3.95462
0.00471354,3.9566
0.00471529,3.95853
0.00471694,3.96048
0.00471878,3.96238
0.00472065,3.96424
0.00471973,3.96605
0.00471884,3.96785
0.00472096,3.96959
0.0047234,3.97118
0.00472273,3.97288
0.00472492,3.97458
0.00472687,3.97641
0.00472893,3.97819
0.00472811,3.97996
0.00473005,3.98178
0.00473215,3.98353
0.00473144,3.98525
0.00473358,3.98698
0.00473258,3.98883
0.00473738,3.99067
0.00473683,3.99231
0.00473908,3.99399
0.00473859,3.99561
0.00474093,3.99724
0.00474349,3.99878
0.00474311,4.00034
0.00474558,4.00192
0.00474788,4.00358
0.00474731,4.00522
0.00474982,4.00678
0.00475204,4.00848
0.00475152,4.01011
0.00475381,4.01177
0.00475303,4.01352
0.00475816,4.0152
0.0047574,4.01694
0.0047596,4.01864
0.00475902,4.0203
0.00476148,4.02189
0.00476395,4.02346
0.00476652,4.02499
0.00476614,4.02656
0.00476873,4.02807
0.00476853,4.02955
0.00477106,4.03109
0.00477367,4.03261
0.00477333,4.03415
0.00477577,4.03573
0.00477811,4.03737
0.00478018,4.03914
0.00478233,4.04088
0.00478151,4.04265
0.00478353,4.04443
0.0047855,4.04625
0.0047875,4.04806
0.00478663,4.04984
0.00478875,4.05158
0.00479108,4.05324
0.00479341,4.05488
0.00479586,4.05647
0.00479808,4.05816
0.00480042,4.05981
0.00480273,4.06146
0.00480517,4.06306
0.0048075,4.06471
0.0048069,4.06637
0.00480899,4.06812
0.00481109,4.06988
0.0048129,4.07177
0.00481203,4.07356
0.00481393,4.0754
0.00481606,4.07714
0.00481532,4.07887
0.00481458,4.08059
0.00481674,4.08232
0.00481896,4.08402
0.00481829,4.08571
0.00482078,4.08729
0.00482061,4.08874
0.00482344,4.09014
0.00482626,4.09156
0.00482903,4.093
0.00482873,4.09453
0.00483126,4.09607
0.00483372,4.09765
0.00483331,4.09923
0.00483584,4.10077
0.00483817,4.10242
0.00484031,4.10415
0.00484233,4.10595
0.00484162,4.10766
0.0048437,4.10942
0.00484579,4.11118
0.00484806,4.11286
0.00485031,4.11455
0.00484974,4.11619
0.00485213,4.1178
0.00485447,4.11945
0.00485688,4.12105
0.00485916,4.12272
0.00486153,4.12436
0.00486088,4.12604
0.0048603,4.12768
0.00486248,4.1294
0.00486491,4.131
0.00486433,4.13265
0.00486936,4.13438
0.00486858,4.13614
0.00486774,4.13791
0.00486984,4.13965
0.00487191,4.14143
0.004874,4.14319
0.00487631,4.14484
0.00487832,4.14665
0.00488038,4.14842
0.00488249,4.15017
0.00488474,4.15185
0.00488684,4.15361
0.00488914,4.15526
0.00488845,4.15697
0.00489074,4.15864
0.00489302,4.16031
0.00489493,4.16215
0.00489711,4.16387
0.00489629,4.16563
0.00489833,4.16741
0.00490043,4.16916
0.00489972,4.17088
0.004902,4.17255
0.00490417,4.17427
0.00490367,4.17589
0.00490576,4.17764
0.00490823,4.17922
0.00491059,4.18085
0.00490991,4.18255
0.00491224,4.18419
0.00491461,4.18583
0.00491705,4.18742
0.00491923,4.18913
0.00491863,4.19079
0.00492071,4.19256
0.0049229,4.19427
0.00492488,4.19608
0.00492676,4.19794
0.0049258,4.19977
0.00492775,4.2016
0.00492959,4.20347
0.00493159,4.20527
0.00493348,4.20714
0.00493553,4.20891
0.0049376,4.21068
0.00494007,4.21226
0.00493961,4.21386
0.00494213,4.21541
0.0049474,4.21703
0.00494677,4.21872
0.00494892,4.22045
0.00495096,4.22223
0.00495303,4.224
0.00495494,4.22584
0.00495686,4.22768
0.00495579,4.22957
0.00495757,4.23147
0.0049594,4.23335
0.00496123,4.23523
0.00496309,4.2371
0.0049623,4.23885
0.00496433,4.24064
0.00496642,4.24241
0.00496846,4.24418
0.00497056,4.24594
0.00497252,4.24775
0.00497463,4.24951
0.0049739,4.25123
0.00497612,4.25293
0.0049811,4.25469
0.00498303,4.25653
0.00498221,4.25829
0.0049871,4.26011
0.00498602,4.26199
0.00498771,4.26394
0.00498934,4.26592
0.00499116,4.2678
0.00498994,4.26976
0.00499168,4.27168
0.00499353,4.27355
0.00499545,4.2754
0.0049973,4.27727
0.0049991,4.27916
0.005001,4.28101
0.00500293,4.28285
0.00500498,4.28462
0.00500689,4.28647
0.00500896,4.28824
0.00500804,4.29005
0.00500982,4.29196
0.00501164,4.29384
0.00501338,4.29577
0.00501242,4.29761
0.00501431,4.29946
0.00501617,4.30132
0.00501786,4.30327
0.00501966,4.30517
0.00502135,4.30712
0.00502025,4.30902
0.00502228,4.3108
0.00502432,4.31258
0.00502623,4.31443
0.00502826,4.31622
0.00503013,4.31808
0.00502923,4.31988
0.00503124,4.32168
0.00503314,4.32353
0.00503509,4.32535
0.00503699,4.32721
0.00503893,4.32904
0.00504085,4.33087
0.00504009,4.33261
0.00504194,4.33449
0.00504683,4.33629
0.00504587,4.33812
0.00504782,4.33995
0.00504982,4.34175
0.00505175,4.34358
0.00505378,4.34537
0.00505573,4.3472
0.00505763,4.34905
0.0050596,4.35087
0.00506145,4.35274
0.00506344,4.35454
0.00506534,4.3564
0.00506722,4.35826
0.00506904,4.36014
0.00507071,4.3621
0.00507234,4.36408
0.0050739,4.36609
0.00507558,4.36805
0.00507424,4.37006
0.00507601,4.37196
0.00507791,4.37382
0.00508265,4.37568
0.00508162,4.37756
0.00508347,4.37943
0.0050855,4.38122
0.00508745,4.38305
0.00508957,4.38479
0.00509146,4.38665
0.00509353,4.38841
0.00509262,4.39022
0.00509442,4.39212
0.00509638,4.39393
0.00509536,4.3958
0.00509731,4.39762
0.0050991,4.39952
0.00510094,4.4014
0.0051,4.40322
0.00510204,4.405
0.00510393,4.40686
0.00510315,4.40861
0.00510534,4.41031
0.00510757,4.41201
0.00510996,4.41363
0.00510955,4.4152
0.00511189,4.41683
0.00511426,4.41846
0.00511645,4.42017
0.00511578,4.42187
0.00511807,4.42353
0.00512016,4.42528
0.00512232,4.42701
0.00512155,4.42875
0.00512385,4.43042
0.00512592,4.43218
0.00512836,4.43378
0.00512794,4.43535
0.00513024,4.43702
0.00513249,4.4387
0.00513192,4.44035
0.0051343,4.44196
0.00513664,4.44361
0.00513602,4.44528
0.00513817,4.44701
0.00514043,4.44868
0.0051427,4.45036
0.00514186,4.45213
0.00514414,4.4538
0.00514633,4.45551
0.00514846,4.45725
0.0051507,4.45894
0.00515287,4.46067
0.00515502,4.4624
0.00515712,4.46415
0.0051591,4.46596
0.00516113,4.46775
0.00516332,4.46946
0.0051656,4.47114
0.00516505,4.47278
0.00516744,4.47439
0.00516975,4.47605
0.00517194,4.47776
0.00517126,4.47946
0.00517324,4.48127
0.00517553,4.48293
0.00517771,4.48465
0.00517992,4.48636
0.0051818,4.48821
0.00518095,4.48999
0.00518289,4.49181
0.00518496,4.49359
0.00518706,4.49534
0.00518921,4.49708
0.00518856,4.49875
0.00519072,4.50048
0.0051927,4.50229
0.00519485,4.50403
0.00519412,4.50575
0.00519627,4.50748
0.00519834,4.50924
0.00520049,4.51098
0.00520278,4.51264
0.00520506,4.51431
0.00520745,4.51594
0.00520946,4.51773
0.00520865,4.51949
0.00521057,4.52132
0.00520979,4.52307
0.00521462,4.5249
0.00521383,4.52666
0.00521591,4.52842
0.005218,4.53018
0.00522,4.53198
0.00522196,4.5338
0.00522136,4.53547
0.00522367,4.53712
0.00522598,4.53878
0.00522828,4.54043
0.00523059,4.54209
0.00523286,4.54377
0.00523204,4.54553
0.0052341,4.5473
0.00523625,4.54903
0.00523854,4.5507
0.00524063,4.55246
0.00523995,4.55416
0.00524184,4.55601
0.0052467,4.55784
0.00524574,4.55967
0.00524781,4.56143
0.00524678,4.56329
0.00524886,4.56505
0.00525081,4.56688
0.00525294,4.56862
0.00525511,4.57035
0.00525736,4.57203
0.00525976,4.57364
0.005262,4.57533
0.00526139,4.577
0.00526351,4.57874
0.00526589,4.58036
0.0052679,4.58217
0.00527009,4.58387
0.00526927,4.58565
0.00527412,4.58746
0.00527317,4.58929
0.00527509,4.59113
0.00527718,4.59289
0.00527932,4.59462
0.00528131,4.59643
0.00528341,4.59819
0.00528551,4.59994
0.00528453,4.60178
0.00528623,4.60373
0.00528821,4.60554
0.00529005,4.60742
0.00528912,4.60924
0.00529098,4.6111
0.00529276,4.613
0.00529473,4.61482
0.00529362,4.61673
0.0052954,4.61863
0.00529721,4.62052
0.00529915,4.62234
0.00530121,4.62413
0.00530331,4.62588
0.00530259,4.6276
0.00530463,4.62938
0.00530699,4.63101
0.00530905,4.63279
0.00530853,4.6344
0.00531092,4.63602
0.00531333,4.63762
0.00531273,4.6393
0.0053148,4.64106
0.00531685,4.64284
0.00531884,4.64465
0.00532086,4.64644
0.00532269,4.64832
0.00532192,4.65006
0.00532395,4.65185
0.00532312,4.65362
0.00532516,4.6554
0.00532732,4.65712
0.00532931,4.65893
0.00533151,4.66064
0.00533368,4.66237
0.00533314,4.66399
0.00533538,4.66568
0.00533757,4.66739
0.00533982,4.66908
0.00534196,4.67081
0.00534421,4.6725
0.00534345,4.67424
0.0053457,4.67592
0.00534501,4.67762
0.00534708,4.67939
0.00534926,4.6811
0.00535137,4.68286
0.00535341,4.68464
0.00535239,4.6865
0.00535447,4.68825
0.00535657,4.69001
0.00535869,4.69175
0.00536085,4.69349
0.00536304,4.6952
0.00536248,4.69684
0.00536459,4.69859
0.00536671,4.70034
0.00536599,4.70205
0.00536821,4.70375
0.0053704,4.70546
0.00537241,4.70726
0.00537463,4.70896
0.00537681,4.71068
0.00537883,4.71247
0.0053778,4.71433
0.00538263,4.71616
0.00538173,4.71797
0.00538354,4.71985
0.00538554,4.72166
0.00538737,4.72355
0.00538935,4.72535
0.00539122,4.72722
0.00539305,4.7291
0.00539515,4.73086
0.00539435,4.73261
0.00539662,4.73429
0.00539879,4.73601
0.00540115,4.73765
0.00540311,4.73946
0.00540521,4.74122
0.00540718,4.74303
0.00540908,4.74489
0.00540802,4.74676
0.00540988,4.74863
0.00541184,4.75045
0.00541383,4.75226
0.00541587,4.75404
0.00541794,4.75581
0.0054202,4.75748
0.00541944,4.75922
0.00542178,4.76086
0.00542409,4.76252
0.0054267,4.76404
0.00542892,4.76573
0.0054312,4.76741
0.00543027,4.76922
0.0054325,4.77091
0.00543191,4.77257
0.00543426,4.7742
0.00543658,4.77585
0.00543875,4.77758
0.00544088,4.77932
0.00543975,4.78122
0.00544169,4.78306
0.00544364,4.78488
0.0054457,4.78666
0.00544771,4.78845
0.0054467,4.79031
0.00544867,4.79212
0.00545073,4.7939
0.00545284,4.79564
0.00545497,4.79738
0.00545715,4.7991
0.00545944,4.80077
0.00546162,4.80249
0.00546077,4.80427
0.0054628,4.80605
0.0054648,4.80785
0.00546672,4.8097
0.00546866,4.81153
0.00547056,4.81337
0.00547243,4.81524
0.00547427,4.81711
0.00547602,4.81904
0.00547782,4.82094
0.00547974,4.82278
0.00548166,4.82461
0.00548369,4.8264
0.00548278,4.82822
0.00548478,4.83002
0.00548681,4.8318
0.00548888,4.83357
0.00549096,4.83533
0.00549293,4.83716
0.00549199,4.83897
0.00549676,4.84083
0.00549857,4.84273
0.00549742,4.84465
0.00549928,4.84652
0.00550123,4.84834
0.00550312,4.8502
0.00550502,4.85205
0.005507,4.85386
0.00550615,4.85564
0.00550825,4.85738
0.00551043,4.85911
0.00551256,4.86085
0.00551182,4.86257
0.00551385,4.86436
0.00551582,4.86618
0.00551781,4.86798
0.00551709,4.8697
0.00551916,4.87147
0.00552134,4.87319
0.00552341,4.87495
0.00552566,4.87664
0.0055248,4.87842
0.00552681,4.88022
0.00552889,4.88198
0.00552811,4.88373
0.00553329,4.8854
0.00553542,4.88714
0.00553474,4.88884
0.00553687,4.89058
0.00553909,4.89227
0.00553822,4.89406
0.00554036,4.8958
0.00554252,4.89752
0.00554178,4.89925
0.00554392,4.90098
0.00554595,4.90277
0.00554823,4.90444
0.00555039,4.90617
0.0055525,4.90792
0.00555464,4.90966
0.00555686,4.91136
0.00555921,4.91299
0.00555875,4.91459
0.005561,4.91627
0.00556338,4.91789
0.00556563,4.91957
0.0055677,4.92134
0.00556684,4.92313
0.00556884,4.92493
0.00557074,4.92677
0.00557267,4.92862
0.00557179,4.93041
0.0055736,4.9323
0.00557565,4.93407
0.00557466,4.93593
0.00557954,4.93773
0.00558151,4.93954
0.00558077,4.94128
0.00558294,4.94299
0.00558525,4.94465
0.00558752,4.94633
0.00558968,4.94806
0.00559181,4.9498
0.00559387,4.95157
0.00559579,4.95341
0.00559798,4.95512
0.00560004,4.95689
0.00560223,4.95861
0.00560416,4.96045
0.00560609,4.96228
0.00560792,4.96416
0.00560977,4.96604
0.00560872,4.96791
0.00561073,4.96971
0.00561287,4.97144
0.00561493,4.97322
0.00561703,4.97497
0.00561623,4.97673
0.00562136,4.97842
0.0056206,4.98016
0.00562283,4.98185
0.00562502,4.98356
0.00562721,4.98527
0.00562924,4.98707
0.00562842,4.98883
0.00563033,4.99067
0.0056325,4.99239
0.00563442,4.99422
0.00563654,4.99597
0.00563866,4.99772
0.00564071,4.9995
0.00564278,5.00127
0.0056419,5.00307
0.00564394,5.00484
0.00564294,5.00669
0.00564496,5.00849
0.00564987,5.01028
0.00564896,5.01209
0.00565105,5.01385
0.00565597,5.01564
0.00565531,5.01733
0.00565731,5.01913
0.00565947,5.02086
0.00566144,5.02268
0.00566346,5.02447
0.00566256,5.02627
0.00566736,5.02811
0.0056666,5.02986
0.00566862,5.03165
0.00567065,5.03344
0.00567262,5.03525
0.00567466,5.03704
0.00567668,5.03883
0.00567881,5.04056
0.00567814,5.04227
0.00568321,5.04399
0.00568245,5.04572
0.00568725,5.04757
0.00568909,5.04945
0.00568808,5.05131
0.00568992,5.05318
0.00569198,5.05496
0.00569406,5.05672
0.00569329,5.05846
0.00569522,5.06029
0.00569719,5.06211
0.00569914,5.06393
0.00570118,5.06572
0.00570333,5.06745
0.00570558,5.06914
0.00570783,5.07082
0.00571004,5.07253
0.00570926,5.07427
0.00571134,5.07603
0.0057164,5.07776
0.00571565,5.0795
0.00571784,5.08121
0.00571714,5.08292
0.00571921,5.08468
0.00572112,5.08652
0.00572299,5.08839
0.0057249,5.09023
0.00572683,5.09206
0.00572879,5.09389
0.00573071,5.09573
0.00572981,5.09753
0.00573184,5.09932
0.00573398,5.10105
0.00573611,5.10279
0.0057383,5.10451
0.00574051,5.10621
0.0057427,5.10792
0.00574498,5.1096
0.00574721,5.11129
0.00574967,5.11287
0.00574916,5.11449
0.00575149,5.11614
0.00575375,5.11781
0.00575593,5.11953
0.00575842,5.12111
0.00576076,5.12275
0.00576051,5.12424
0.00576311,5.12576
0.00594144,5.04422
