"Maximum force",3.05763,"N"
"Gage length ",0.466104,"mm"
"Strain energy",0.0074488,"mJ"
"Deformation at maximum force",0.00465261,"mm"
"Standard travel","Standard force"
"mm","N"
0,0.277665
2.35438e-006,0.277915
1.72481e-006,0.27822
1.12876e-006,0.278502
2.83122e-007,0.278903
2.5481e-006,0.2792
1.74716e-006,0.279584
1.2666e-006,0.279812
6.18398e-007,0.280117
-1.60187e-007,0.280485
2.03028e-006,0.280823
8.90344e-007,0.28136
-1.15484e-007,0.281841
-1.29268e-006,0.282394
-2.17557e-006,0.282812
-3.03611e-006,0.28322
-3.78489e-006,0.283573
-4.39584e-006,0.283863
-1.96695e-006,0.284082
-2.5183e-006,0.284347
-2.95043e-006,0.284552
-3.36394e-006,0.284748
-3.48082e-006,0.284803
-3.64659e-006,0.284882
-6.81262e-007,0.284851
-6.08154e-007,0.284819
-5.74859e-007,0.284804
-8.06758e-007,0.284913
-1.10478e-006,0.285053
-1.36928e-006,0.285179
-1.89827e-006,0.285429
-2.18139e-006,0.285564
-2.71038e-006,0.285813
-3.12575e-006,0.28601
-3.7218e-006,0.286292
-4.53391e-006,0.286676
-5.36465e-006,0.287067
-6.07618e-006,0.287404
-6.69085e-006,0.287694
-7.0876e-006,0.287883
-7.17142e-006,0.287922
-7.33719e-006,0.288
-7.45314e-006,0.288055
-7.56909e-006,0.28811
-7.81682e-006,0.288227
-7.81798e-006,0.288228
-7.83451e-006,0.288236
-7.85104e-006,0.288243
-7.80145e-006,0.28822
-7.58631e-006,0.288119
-7.65197e-006,0.288149
-7.96676e-006,0.288298
-8.34674e-006,0.288478
-8.71182e-006,0.288651
-9.0266e-006,0.2888
-9.21007e-006,0.288886
-9.49133e-006,0.289019
-9.82288e-006,0.289176
-1.02867e-005,0.289395
-1.11472e-005,0.289802
-1.17097e-005,0.290069
-1.21605e-005,0.29028
-1.2574e-005,0.290477
-1.3021e-005,0.290687
-1.3006e-005,0.29068
-1.32379e-005,0.29079
-1.33869e-005,0.29086
-1.34698e-005,0.2909
-1.3685e-005,0.291001
-1.34056e-005,0.290869
-1.33045e-005,0.290822
-1.29245e-005,0.290641
-1.26582e-005,0.290516
-1.22614e-005,0.290329
-1.24086e-005,0.290398
-1.24752e-005,0.29043
-1.25581e-005,0.290469
-1.2938e-005,0.290649
-1.32212e-005,0.290782
-1.37017e-005,0.29101
-1.40985e-005,0.291197
-1.45939e-005,0.291432
-1.52086e-005,0.291722
-1.57376e-005,0.291972
-1.63374e-005,0.292254
-1.66186e-005,0.292389
-1.68347e-005,0.292491
-1.66857e-005,0.29242
-1.64044e-005,0.292287
-1.63211e-005,0.292248
-1.61395e-005,0.292162
-1.61716e-005,0.292177
-1.57246e-005,0.291966
-1.56417e-005,0.291926
-1.53939e-005,0.291809
-1.51443e-005,0.291691
-1.49618e-005,0.291606
-1.48296e-005,0.291543
-1.48952e-005,0.291574
-1.51597e-005,0.291699
-1.55732e-005,0.291895
-1.58396e-005,0.29202
-1.62214e-005,0.2922
-1.65362e-005,0.292349
-1.66852e-005,0.29242
-1.71993e-005,0.292662
-1.75458e-005,0.292827
-1.79611e-005,0.293023
-1.83262e-005,0.293195
-1.84422e-005,0.293251
-1.85418e-005,0.293298
-1.84925e-005,0.293274
-1.83434e-005,0.293204
-1.81609e-005,0.293118
-1.80617e-005,0.293071
-1.79453e-005,0.293016
-1.79122e-005,0.293
-1.78956e-005,0.292992
-1.76805e-005,0.292891
-1.74486e-005,0.292781
-1.71673e-005,0.292647
-1.70835e-005,0.292608
-1.72818e-005,0.292702
-1.73815e-005,0.292749
-1.77615e-005,0.292929
-1.80446e-005,0.293062
-1.84581e-005,0.293258
-1.87394e-005,0.293392
-1.90057e-005,0.293517
-1.9354e-005,0.293682
-1.95692e-005,0.293783
-1.99343e-005,0.293956
-2.00991e-005,0.294034
-2.0216e-005,0.294089
-2.00344e-005,0.294003
-1.97196e-005,0.293855
-1.94383e-005,0.293721
-1.91235e-005,0.293572
-1.89075e-005,0.29347
-1.85424e-005,0.293299
-1.85915e-005,0.293321
-1.85422e-005,0.293298
-1.84923e-005,0.293274
-1.83764e-005,0.293219
-1.82106e-005,0.293141
-1.8293e-005,0.29318
-1.84756e-005,0.293266
-1.88555e-005,0.293446
-1.92709e-005,0.293642
-1.96192e-005,0.293807
-1.9867e-005,0.293924
-1.9934e-005,0.293956
-2.005e-005,0.294011
-2.02819e-005,0.29412
-2.06618e-005,0.2943
-2.09617e-005,0.294442
-2.10609e-005,0.294489
-2.10944e-005,0.294504
-2.09296e-005,0.294426
-2.07638e-005,0.294348
-2.0449e-005,0.294199
-2.02162e-005,0.29409
-2.01003e-005,0.294035
-1.99019e-005,0.293941
-1.98018e-005,0.293893
-1.94218e-005,0.293713
-1.92057e-005,0.293612
-1.89897e-005,0.29351
-1.90225e-005,0.293525
-1.91054e-005,0.293564
-1.91715e-005,0.293595
-1.96018e-005,0.293799
-1.99501e-005,0.293964
-2.03468e-005,0.294151
-2.06635e-005,0.2943
-2.10267e-005,0.294473
-2.11934e-005,0.294551
-2.13256e-005,0.294614
-2.15734e-005,0.294731
-2.16248e-005,0.294755
-2.18064e-005,0.294841
-2.1527e-005,0.294708
-2.12775e-005,0.294591
-2.09627e-005,0.294442
-2.04672e-005,0.294207
-2.00518e-005,0.294011
-1.97203e-005,0.293855
-1.95042e-005,0.293752
-1.92062e-005,0.293611
-1.92214e-005,0.293619
-1.91886e-005,0.293603
-1.9089e-005,0.293556
-1.92049e-005,0.293611
-1.92878e-005,0.29365
-1.96194e-005,0.293807
-2.02154e-005,0.294089
-2.08263e-005,0.294379
-2.13404e-005,0.294621
-2.16236e-005,0.294755
-2.18238e-005,0.294849
-2.17742e-005,0.294826
-2.19726e-005,0.294919
-2.18571e-005,0.294865
-2.19067e-005,0.294888
-2.49614e-005,0.294959
-2.4682e-005,0.294826
-2.42834e-005,0.294638
-2.38531e-005,0.294434
-2.3421e-005,0.294231
-2.31397e-005,0.294097
-2.28753e-005,0.293972
-2.29235e-005,0.293995
-2.29733e-005,0.294019
-2.30394e-005,0.29405
-2.28084e-005,0.293941
-2.28076e-005,0.29394
-2.29566e-005,0.29401
-2.29403e-005,0.294003
-2.33873e-005,0.294214
-2.38176e-005,0.294418
-2.4313e-005,0.294652
-2.46129e-005,0.294794
-2.46639e-005,0.294818
-2.47631e-005,0.294865
-2.47799e-005,0.294873
-2.48791e-005,0.29492
-2.48465e-005,0.294904
-2.50616e-005,0.295006
-2.49624e-005,0.294959
-2.46309e-005,0.294803
-2.43496e-005,0.294669
-2.39026e-005,0.294458
-2.37033e-005,0.294363
-2.32898e-005,0.294168
-2.3123e-005,0.294089
-2.3073e-005,0.294066
-2.31223e-005,0.294089
-2.31554e-005,0.294105
-2.30898e-005,0.294074
-2.31389e-005,0.294097
-2.31555e-005,0.294105
-2.33874e-005,0.294214
-2.3719e-005,0.294371
-2.4315e-005,0.294653
-2.78019e-005,0.294926
-2.80338e-005,0.295037
-2.82657e-005,0.295147
-2.825e-005,0.295139
-2.81671e-005,0.2951
-2.80348e-005,0.295038
-2.79352e-005,0.29499
-2.77862e-005,0.29492
-2.75878e-005,0.294826
-2.72227e-005,0.294654
-2.67925e-005,0.29445
-2.63454e-005,0.294238
-2.58965e-005,0.294027
-2.55333e-005,0.293854
-2.57792e-005,0.293971
-2.60288e-005,0.294089
-2.64926e-005,0.294308
-2.67571e-005,0.294433
-2.70216e-005,0.294559
-2.73215e-005,0.2947
-2.74705e-005,0.294771
-2.7802e-005,0.294927
-2.81168e-005,0.295076
-2.86793e-005,0.295343
-2.89121e-005,0.295452
-2.90123e-005,0.295499
-2.87804e-005,0.29539
-2.85326e-005,0.295272
-2.81508e-005,0.295092
-2.79524e-005,0.294998
-2.79351e-005,0.29499
-2.78191e-005,0.294935
-2.7753e-005,0.294904
-2.76534e-005,0.294857
-2.73218e-005,0.294701
-2.70741e-005,0.294583
-2.68263e-005,0.294465
-2.67253e-005,0.294418
-2.67416e-005,0.294426
-2.68245e-005,0.294465
-2.69567e-005,0.294528
-2.7238e-005,0.294661
-2.72554e-005,0.294669
-2.7305e-005,0.294692
-2.74373e-005,0.294755
-2.78024e-005,0.294928
-2.80836e-005,0.29506
-2.86461e-005,0.295327
-2.90783e-005,0.29553
-2.93931e-005,0.295679
-2.95588e-005,0.295758
-2.95097e-005,0.295735
-2.94436e-005,0.295704
-2.91623e-005,0.295571
-2.90133e-005,0.2955
-2.88308e-005,0.295414
-2.88797e-005,0.295437
-2.84494e-005,0.295234
-2.80843e-005,0.295061
-2.77043e-005,0.294881
-2.4292e-005,0.294638
-2.41672e-005,0.294583
-2.41832e-005,0.294591
-2.44813e-005,0.294731
-2.49954e-005,0.294974
-2.53269e-005,0.29513
-2.2898e-005,0.295351
-2.32482e-005,0.295522
-2.3563e-005,0.295671
-2.38442e-005,0.295805
-2.43583e-005,0.296048
-2.48389e-005,0.296275
-2.52375e-005,0.296463
-2.54694e-005,0.296573
-2.52552e-005,0.296471
-2.50233e-005,0.296362
-2.15215e-005,0.296081
-2.13045e-005,0.295978
-2.12712e-005,0.295962
-2.11716e-005,0.295915
-2.13699e-005,0.296009
-1.82258e-005,0.295892
-1.82154e-005,0.295891
-1.5116e-005,0.295797
-1.50606e-005,0.295774
-1.5143e-005,0.295813
-1.27439e-005,0.296047
-1.33288e-005,0.29633
-1.3828e-005,0.296565
-1.13991e-005,0.296785
-8.61255e-006,0.296847
-8.99253e-006,0.297027
-9.32408e-006,0.297184
-6.77598e-006,0.297349
-7.2286e-006,0.297568
-4.72521e-006,0.297756
-5.15175e-006,0.29796
-2.36524e-006,0.298015
-2.39527e-006,0.298031
6.14762e-007,0.297976
5.9404e-007,0.297991
3.55937e-006,0.29796
3.63295e-006,0.297929
6.31515e-006,0.298031
6.19222e-006,0.298093
8.96384e-006,0.298156
8.98176e-006,0.298148
9.04789e-006,0.298117
1.1745e-005,0.29821
1.42633e-005,0.298398
1.38181e-005,0.29861
1.59937e-005,0.298955
1.53008e-005,0.299283
1.47532e-005,0.299543
1.71225e-005,0.299793
1.95066e-005,0.300036
1.91881e-005,0.300193
2.16766e-005,0.300389
2.13656e-005,0.300537
2.11011e-005,0.300663
2.09511e-005,0.300734
2.40953e-005,0.300617
2.44194e-005,0.300468
2.77125e-005,0.30028
2.81223e-005,0.300092
3.12963e-005,0.299959
3.14592e-005,0.299888
3.11631e-005,0.300028
3.39943e-005,0.30006
3.37372e-005,0.300185
3.64642e-005,0.300264
3.60805e-005,0.300452
3.56669e-005,0.300647
3.80064e-005,0.300914
3.72129e-005,0.30129
3.94779e-005,0.301587
3.87776e-005,0.301925
4.13406e-005,0.302081
4.39334e-005,0.30223
4.38603e-005,0.30227
4.38434e-005,0.302278
4.6764e-005,0.30227
4.66671e-005,0.302317
4.94686e-005,0.302364
5.24041e-005,0.302348
5.25457e-005,0.302286
5.56451e-005,0.302192
5.87445e-005,0.302098
5.87237e-005,0.302113
6.14804e-005,0.302184
6.10837e-005,0.302372
6.06702e-005,0.302567
6.3263e-005,0.302708
6.29463e-005,0.302865
6.55987e-005,0.302983
6.80276e-005,0.30321
6.75657e-005,0.303429
7.00542e-005,0.303625
7.25129e-005,0.303836
7.48523e-005,0.304103
7.43122e-005,0.304361
7.6905e-005,0.304503
7.94531e-005,0.304675
8.22396e-005,0.30473
8.19881e-005,0.304855
8.17879e-005,0.30495
8.43062e-005,0.30513
8.67351e-005,0.305357
8.65069e-005,0.305467
8.92636e-005,0.305537
9.21843e-005,0.30553
9.50751e-005,0.305538
9.50439e-005,0.305553
9.4961e-005,0.305592
9.76283e-005,0.305702
0.000100415,0.305757
0.000103291,0.305773
0.000103183,0.305827
0.00010594,0.305898
0.000105775,0.305976
0.000105511,0.306101
0.000107776,0.306399
0.000110011,0.306719
0.000111963,0.307167
0.000111248,0.307511
0.000113408,0.307856
0.000115614,0.308194
0.000115219,0.308381
0.000117618,0.308617
0.000117329,0.308758
0.000119728,0.308993
0.000122544,0.30904
0.00012548,0.309025
0.000125666,0.308939
0.000129004,0.308735
0.000129336,0.308578
0.000132644,0.308383
0.000135594,0.308366
0.000135431,0.308445
0.00013786,0.308664
0.000140289,0.308891
0.000139603,0.309219
0.00014166,0.309619
0.000140937,0.309965
0.000142919,0.310396
0.000141958,0.310857
0.000143813,0.311349
0.000145638,0.311861
0.000144998,0.312166
0.000147382,0.312409
0.000147438,0.312386
0.000150404,0.312355
0.000150709,0.312214
0.000153689,0.312175
0.000156416,0.312261
0.000159262,0.312292
0.000159065,0.312386
0.000161941,0.312394
0.000164638,0.312496
0.00016726,0.312629
0.000169466,0.312957
0.000168587,0.313381
0.000170457,0.313867
0.000172193,0.31442
0.000174324,0.314782
0.000173526,0.315168
0.000175806,0.315458
0.000178235,0.315685
0.000177732,0.315928
0.000180146,0.316155
0.000182471,0.316429
0.000182102,0.31661
0.00018474,0.316735
0.000187541,0.316782
0.00018745,0.316829
0.000190028,0.316978
0.000192606,0.317134
0.000192055,0.317399
0.0001942,0.317752
0.000196465,0.318059
0.000195962,0.318301
0.000198391,0.318521
0.00020079,0.318764
0.000200596,0.318858
0.000202876,0.319148
0.000205275,0.319391
0.000204735,0.31965
0.000206955,0.31997
0.000206532,0.320175
0.000211837,0.320401
0.000211233,0.320699
0.000213454,0.321021
0.000212682,0.321389
0.000217481,0.321859
0.000216445,0.322358
0.000218487,0.322761
0.000217443,0.323261
0.000219693,0.323568
0.000221899,0.323896
0.000224343,0.324116
0.000226891,0.324289
0.000229484,0.324437
0.00022907,0.324633
0.000231648,0.324783
0.000234345,0.324884
0.000237072,0.324971
0.000239888,0.32501
0.000239635,0.325135
0.000242094,0.325347
0.000244195,0.325722
0.000243114,0.326237
0.000244686,0.326867
0.000246184,0.32753
0.000247697,0.32819
0.000249477,0.328721
0.000251027,0.329365
0.000252636,0.329976
0.000251258,0.330636
0.000253024,0.331166
0.000254961,0.331622
0.000256913,0.332078
0.000259237,0.332352
0.00025885,0.33254
0.000261428,0.332689
0.000263857,0.332916
0.000266122,0.333221
0.000265332,0.333597
0.000267448,0.333965
0.00026943,0.334404
0.00027133,0.334882
0.000270603,0.335228
0.000272511,0.335697
0.000274209,0.336269
0.000275707,0.336933
0.000274269,0.337616
0.000275744,0.338291
0.000277309,0.338924
0.00027897,0.339511
0.000277935,0.340007
0.000279738,0.340522
0.000281585,0.341026
0.000283314,0.341583
0.000282409,0.342014
0.000284316,0.342483
0.000286402,0.342866
0.000288742,0.343134
0.000288209,0.343393
0.000287598,0.343683
0.000292605,0.344051
0.00029205,0.344326
0.00029433,0.344616
0.000296639,0.344896
0.000295876,0.345266
0.000298096,0.345586
0.000300316,0.345907
0.000299415,0.346338
0.000301292,0.346824
0.000302872,0.34745
0.000301486,0.34811
0.000302812,0.348854
0.000304138,0.349598
0.000305554,0.350303
0.000304191,0.350952
0.00030583,0.351547
0.000304489,0.352184
0.000306083,0.352802
0.000307879,0.353328
0.000309905,0.353744
0.000309182,0.354087
0.000311522,0.354354
0.000313981,0.354567
0.00031638,0.354802
0.00031857,0.355137
0.000320567,0.355568
0.000322325,0.356118
0.000321282,0.35661
0.000325872,0.357174
0.000324695,0.357747
0.000326282,0.358365
0.000327682,0.359078
0.000329001,0.359829
0.00033026,0.360608
0.000331713,0.361298
0.000333106,0.362008
0.000334872,0.362549
0.000336653,0.363083
0.000338649,0.363514
0.000340706,0.363915
0.000339752,0.364369
0.00034464,0.3648
0.00034651,0.365292
0.000345571,0.36574
0.000347627,0.366141
0.000349594,0.36658
0.000351435,0.367087
0.000353163,0.367644
0.000354795,0.368247
0.000356359,0.36888
0.000357939,0.369509
0.000359653,0.370074
0.000358297,0.370715
0.000360085,0.371241
0.000364555,0.371867
0.000363385,0.372431
0.00036501,0.373034
0.000366477,0.373717
0.000367856,0.374438
0.000369174,0.375189
0.000370523,0.375926
0.000371767,0.376711
0.000370404,0.37736
0.000371656,0.378134
0.000375977,0.37884
0.000377474,0.379508
0.000376044,0.38019
0.000377884,0.38069
0.000379695,0.381209
0.000381766,0.3816
0.000384076,0.381882
0.000386266,0.38222
0.000385502,0.382588
0.000387425,0.38305
0.000389272,0.383549
0.000390986,0.384114
0.000392826,0.384617
0.000394473,0.385212
0.000396052,0.385838
0.000397401,0.386574
0.000398291,0.387532
0.000399305,0.388424
0.00039742,0.389317
0.000398485,0.390187
0.000399767,0.390957
0.00040113,0.391686
0.00040268,0.392327
0.000404304,0.39293
0.000406055,0.393479
0.000407769,0.394044
0.00040975,0.394475
0.000411837,0.394867
0.000410916,0.395306
0.000413062,0.395659
0.000414902,0.396166
0.000416728,0.396678
0.000418225,0.397341
0.000419574,0.398078
0.000420937,0.398806
0.000422241,0.399569
0.000420706,0.400298
0.000421876,0.40111
0.000423396,0.40177
0.000424789,0.402484
0.000426339,0.403124
0.000427807,0.403807
0.000429416,0.404418
0.000431115,0.40499
0.000432829,0.405554
0.000434766,0.40601
0.000433782,0.406479
0.00043861,0.406933
0.000437411,0.407513
0.000439013,0.408124
0.000443453,0.408768
0.000442037,0.409447
0.000443654,0.410054
0.000445323,0.410641
0.000446865,0.411282
0.000448467,0.4119
0.000449644,0.412716
0.000450948,0.413476
0.000452342,0.414189
0.000453862,0.414849
0.000455374,0.415505
0.000456872,0.416173
0.000458354,0.416844
0.000459636,0.417615
0.000461066,0.418313
0.000459263,0.419167
0.000460522,0.419941
0.000461871,0.420678
0.000463234,0.421406
0.000461983,0.422001
0.000463592,0.422612
0.00046547,0.4231
0.000467004,0.423749
0.000468882,0.424237
0.000470543,0.424824
0.000472451,0.425294
0.000474582,0.425662
0.000476593,0.426085
0.000478515,0.426549
0.000480304,0.427079
0.000481816,0.427739
0.000483098,0.428505
0.000481399,0.429314
0.000485422,0.430142
0.000483582,0.431027
0.000484707,0.431866
0.000485705,0.43277
0.00048955,0.433693
0.000487538,0.434659
0.000491025,0.435742
0.000492016,0.436654
0.000493148,0.437493
0.000494549,0.438206
0.000496009,0.438889
0.000497693,0.439469
0.000499541,0.439969
0.000501284,0.440518
0.000502968,0.441098
0.000504697,0.441655
0.000506738,0.442063
0.00050881,0.442454
0.000510695,0.44294
0.000512602,0.443411
0.000514189,0.444037
0.000515701,0.444693
0.000516767,0.445563
0.000517922,0.446395
0.000519002,0.447257
0.000520082,0.448119
0.000521133,0.448996
0.00052228,0.449828
0.000523435,0.450659
0.000524568,0.451495
0.0005257,0.452334
0.000527011,0.453085
0.000528449,0.453784
0.000530245,0.45431
0.000532122,0.454796
0.000534074,0.455243
0.000535915,0.45575
0.000537509,0.456372
0.000536258,0.456967
0.000540698,0.4576
0.000542367,0.458195
0.000540929,0.458878
0.000542389,0.459561
0.000543686,0.46032
0.000544803,0.461167
0.000546033,0.461957
0.000547039,0.462857
0.000548089,0.463738
0.000549102,0.464631
0.000550451,0.465367
0.000551934,0.466038
0.000556463,0.466645
0.000558118,0.46724
0.000559563,0.46793
0.000561061,0.468594
0.000562342,0.469361
0.000563907,0.469998
0.000565553,0.470593
0.00056723,0.471173
0.000568697,0.471856
0.000570098,0.472569
0.000571149,0.473446
0.000575202,0.474267
0.000576185,0.475186
0.00057737,0.475998
0.000578517,0.47683
0.000582809,0.477543
0.000583859,0.478428
0.000585036,0.479245
0.000585923,0.480198
0.000589738,0.481141
0.000590878,0.48198
0.000591846,0.482895
0.000593113,0.48367
0.00059426,0.484501
0.000598552,0.485222
0.000599751,0.486031
0.000600951,0.486836
0.000602113,0.48766
0.000603194,0.488522
0.000604482,0.489289
0.000605779,0.490048
0.00061016,0.490723
0.000608834,0.491356
0.00061045,0.491963
0.000614593,0.492745
0.000615673,0.493615
0.000616806,0.494454
0.000617908,0.495308
0.000619324,0.496014
0.000623526,0.496773
0.000624741,0.497571
0.000625631,0.498528
0.000626216,0.499627
0.000629643,0.500748
0.000630358,0.501786
0.00063126,0.502736
0.000632407,0.503567
0.00063351,0.504422
0.000634672,0.505242
0.000635577,0.506192
0.000636673,0.507046
0.00063779,0.507893
0.000641963,0.508668
0.000643341,0.509389
0.000641992,0.510029
0.000646344,0.510712
0.000647722,0.511441
0.000648974,0.512227
0.000652878,0.513127
0.00065103,0.514004
0.000654755,0.514981
0.000655649,0.515938
0.000656759,0.516785
0.000657549,0.517785
0.000658317,0.518799
0.000661833,0.519883
0.000662377,0.520997
0.000662981,0.522088
0.000663834,0.523064
0.000664795,0.52398
0.000668878,0.524796
0.000670122,0.525586
0.000671337,0.526387
0.000672536,0.527192
0.000673765,0.527985
0.000675047,0.528752
0.000679368,0.52945
0.000680838,0.53014
0.000682246,0.530842
0.000683714,0.531525
0.000684847,0.532364
0.000686061,0.533162
0.000687097,0.53405
0.000688177,0.534909
0.000689082,0.535859
0.000689984,0.536808
0.000693679,0.5378
0.000694573,0.538758
0.000692457,0.539757
0.000696048,0.540802
0.000696864,0.541794
0.00069768,0.542786
0.000698448,0.543793
0.000699595,0.544629
0.000700765,0.545449
0.00070221,0.546139
0.000703723,0.546799
0.000705287,0.547432
0.000706852,0.548066
0.000708253,0.548779
0.000709616,0.549507
0.000711128,0.550167
0.00071279,0.550755
0.000714243,0.551445
0.000718773,0.552048
0.000719875,0.552903
0.000720632,0.553917
0.000721582,0.554844
0.000722267,0.555897
0.0007234,0.556733
0.000724562,0.557557
0.000728377,0.558495
0.000729338,0.559422
0.000730191,0.560395
0.00073091,0.561425
0.000731938,0.562313
0.000733354,0.563019
0.000734359,0.563919
0.000735723,0.564648
0.000737071,0.565384
0.000738383,0.566136
0.000742615,0.56688
0.000743606,0.567791
0.000744738,0.568631
0.000745975,0.56942
0.000747286,0.570172
0.000748635,0.570908
0.000753016,0.571583
0.000754387,0.572312
0.000752688,0.57312
0.000756771,0.573925
0.000757754,0.574841
0.000758857,0.575695
0.000759967,0.576542
0.000760824,0.577515
0.000761692,0.57848
0.000762444,0.579495
0.000763178,0.580525
0.000763763,0.581616
0.000764285,0.582745
0.000764937,0.583813
0.000766069,0.584652
0.00077048,0.585305
0.000768952,0.586041
0.000773512,0.586621
0.00077226,0.587223
0.000773654,0.587937
0.000778094,0.588585
0.000779592,0.589253
0.000781283,0.589825
0.000782848,0.590458
0.000784278,0.591156
0.000785344,0.592026
0.000786249,0.592976
0.000786867,0.594052
0.000787324,0.595211
0.000788039,0.596249
0.000788628,0.597348
0.000789477,0.59832
0.000790211,0.599343
0.000790997,0.60035
0.000794663,0.601357
0.000795508,0.602333
0.000799412,0.603234
0.000800612,0.604046
0.000801945,0.60479
0.000803421,0.605465
0.000807742,0.606163
0.000809389,0.606766
0.000810737,0.607502
0.000814909,0.608281
0.000815815,0.609227
0.00081688,0.610096
0.000818028,0.610928
0.000819063,0.611813
0.000820143,0.612675
0.00082103,0.613633
0.000821932,0.614579
0.000822453,0.615708
0.000822971,0.616837
0.000826652,0.617836
0.000827546,0.618794
0.000828283,0.619816
0.000829133,0.620793
0.000830116,0.621701
0.000833767,0.622715
0.000834661,0.623677
0.000835644,0.624585
0.000839608,0.625447
0.000841031,0.62616
0.000845084,0.626992
0.000846582,0.627655
0.000848094,0.628315
0.000849413,0.629067
0.000850363,0.629994
0.000854163,0.63094
0.000854941,0.631947
0.000855675,0.632977
0.000856443,0.633984
0.000857128,0.635037
0.0008606,0.636143
0.00086114,0.637265
0.000861381,0.638523
0.000864629,0.639729
0.000865177,0.64085
0.000865911,0.64188
0.000869651,0.642857
0.000870649,0.643761
0.000871633,0.644669
0.000875388,0.645642
0.000876341,0.646565
0.000877161,0.647549
0.000881035,0.648468
0.000885178,0.649254
0.000886191,0.650154
0.000887309,0.651001
0.000888124,0.651986
0.000888795,0.653046
0.000892163,0.654198
0.000892658,0.655342
0.000893291,0.656411
0.000896823,0.657486
0.000897769,0.658421
0.000898354,0.65952
0.000899155,0.660511
0.000902538,0.661656
0.000903152,0.662747
0.000903804,0.663807
0.0009075,0.664807
0.000908461,0.665734
0.000909232,0.666741
0.000912972,0.667717
0.000913557,0.668816
0.00091406,0.669953
0.000917606,0.671021
0.000918206,0.672119
0.000919007,0.673111
0.000922613,0.674157
0.000923533,0.675095
0.000924349,0.676079
0.000925318,0.676998
0.000929118,0.677948
0.000929993,0.678913
0.000933778,0.679867
0.00093462,0.680844
0.000935618,0.681748
0.000939284,0.682755
0.000939947,0.683823
0.000940565,0.684906
0.000940869,0.686135
0.000944162,0.687325
0.000944385,0.688599
0.000944722,0.689812
0.000945158,0.690979
0.000948689,0.692055
0.000949367,0.693108
0.000950153,0.694115
0.000953953,0.695061
0.000954762,0.696053
0.000955711,0.696984
0.000956777,0.697853
0.00096086,0.698666
0.000962134,0.699444
0.000963311,0.700257
0.000964201,0.701214
0.000967986,0.702168
0.000968709,0.703205
0.00096951,0.704197
0.00096995,0.705365
0.000973466,0.706448
0.000973729,0.707699
0.000974247,0.708828
0.000974535,0.710064
0.000974973,0.711232
0.000978311,0.712399
0.000978721,0.713581
0.000979253,0.714703
0.000979857,0.715794
0.000983672,0.716736
0.000984715,0.717621
0.000985683,0.718541
0.000989483,0.719487
0.000990437,0.720414
0.000991457,0.721306
0.000995302,0.722229
0.000996412,0.723084
0.000997492,0.723946
0.00100143,0.724823
0.00100245,0.725724
0.00100317,0.726754
0.00100697,0.727707
0.00100757,0.728806
0.0010111,0.729874
0.00101163,0.731003
0.00101224,0.732087
0.00101288,0.733162
0.00101619,0.734345
0.00101658,0.735535
0.00101693,0.73674
0.00102027,0.737908
0.00102079,0.739037
0.0010215,0.740075
0.00102527,0.741043
0.00102607,0.742035
0.00102711,0.742924
0.00102799,0.743882
0.00103193,0.744767
0.00103285,0.745705
0.00103393,0.746567
0.0010381,0.747345
0.00104195,0.748268
0.0010428,0.749245
0.00104343,0.750321
0.00104398,0.751435
0.00104735,0.752587
0.00104747,0.753907
0.0010478,0.75512
0.00104811,0.756356
0.0010514,0.757546
0.00105151,0.758866
0.00105199,0.76001
0.00105533,0.761177
0.00105579,0.762337
0.00105642,0.763413
0.00106003,0.764458
0.00106118,0.76529
0.00106218,0.76619
0.00106315,0.767105
0.001067,0.768032
0.00106794,0.768963
0.00106892,0.769871
0.00107262,0.770863
0.0010735,0.771832
0.00107432,0.772816
0.00107495,0.773892
0.00107857,0.774922
0.00108193,0.776081
0.00108241,0.777233
0.0010828,0.778424
0.00108338,0.779522
0.00108379,0.780705
0.00108439,0.781796
0.00108509,0.782841
0.00108859,0.783924
0.00108943,0.784909
0.0010929,0.786015
0.00109369,0.787014
0.0010945,0.788014
0.00109807,0.789067
0.00109593,0.790089
0.00109959,0.791096
0.00110049,0.79205
0.0011041,0.793087
0.00110495,0.794064
0.00110559,0.795132
0.00110624,0.7962
0.00110998,0.797177
0.00111088,0.79813
0.0011118,0.799069
0.0011156,0.800019
0.00111646,0.800988
0.00111714,0.80204
0.00111768,0.803154
0.00112106,0.804299
0.00112148,0.805481
0.00112201,0.806603
0.00112531,0.807793
0.00112855,0.809006
0.00113191,0.810173
0.00113215,0.811432
0.00113545,0.812615
0.00113594,0.813759
0.00113961,0.814774
0.00114345,0.815705
0.00114426,0.816697
0.00114813,0.817616
0.00114895,0.8186
0.00115277,0.819546
0.00115645,0.820553
0.00115729,0.82153
0.00116076,0.822636
0.00116421,0.82375
0.00116754,0.824925
0.00116762,0.826268
0.00117073,0.827534
0.00117057,0.828991
0.00117328,0.830456
0.00117312,0.831906
0.00117587,0.833355
0.00117583,0.834751
0.00117596,0.836064
0.00117908,0.83733
0.0011793,0.838604
0.00117965,0.839817
0.00118303,0.840962
0.00118652,0.84206
0.00118738,0.843029
0.00119114,0.844002
0.00119223,0.844864
0.001196,0.845826
0.00119673,0.846848
0.00120024,0.847939
0.00120068,0.849106
0.00120109,0.850289
0.00120134,0.851548
0.00120463,0.852738
0.00120486,0.854004
0.00120788,0.855324
0.00120792,0.856675
0.00121064,0.858139
0.00121064,0.859513
0.00121065,0.860886
0.00121391,0.862084
0.00121438,0.863243
0.00121785,0.86435
0.00121826,0.865532
0.00122148,0.866753
0.0012219,0.867928
0.00122515,0.869133
0.0012257,0.870255
0.0012292,0.871346
0.00122988,0.872406
0.00123332,0.873528
0.00123368,0.874733
0.00123415,0.875885
0.00123744,0.877076
0.00123794,0.878212
0.00123839,0.879372
0.00124172,0.880547
0.00124244,0.881577
0.00124567,0.882798
0.00124604,0.884003
0.00124914,0.885277
0.00124955,0.88646
0.00124972,0.887757
0.00125273,0.889077
0.00125592,0.89032
0.00125623,0.891549
0.00125956,0.892723
0.00126272,0.893975
0.00126312,0.895157
0.00126355,0.896332
0.00126699,0.897454
0.00126751,0.898583
0.00127104,0.899659
0.001272,0.900586
0.00127264,0.901654
0.0012763,0.902668
0.00127698,0.903721
0.00128056,0.904782
0.00128122,0.905842
0.00128164,0.907017
0.00128211,0.908169
0.00128548,0.909321
0.00128581,0.910542
0.00128913,0.911717
0.00128937,0.912976
0.00128965,0.914227
0.00129281,0.915478
0.00129604,0.916691
0.00129642,0.917889
0.00129705,0.918965
0.00129768,0.920048
0.00130119,0.921131
0.00130184,0.9222
0.00130531,0.923306
0.0013062,0.924263
0.00130988,0.925263
0.00131064,0.926285
0.00131146,0.927269
0.00131214,0.928322
0.00131582,0.929322
0.00131644,0.930413
0.00131983,0.931549
0.00132033,0.932694
0.0013207,0.933892
0.00132395,0.935097
0.0013271,0.936364
0.0013275,0.937554
0.00132754,0.938912
0.00132782,0.940148
0.00133091,0.941429
0.00133119,0.942681
0.00133451,0.943856
0.0013351,0.944947
0.0013386,0.946038
0.00133919,0.947136
0.00133986,0.948197
0.00134346,0.949242
0.00134419,0.950272
0.00134498,0.951271
0.00134551,0.952393
0.00134927,0.953369
0.00134989,0.954445
0.00135341,0.955529
0.00135392,0.956665
0.00135449,0.957772
0.00135793,0.958893
0.00135827,0.960106
0.00135872,0.961266
0.00136197,0.962471
0.00136243,0.963631
0.00136284,0.964814
0.00136594,0.966088
0.00136632,0.967293
0.00136661,0.968529
0.00136994,0.969696
0.00137032,0.970894
0.00137382,0.971985
0.00137446,0.973061
0.00137798,0.974137
0.00137879,0.975136
0.00137948,0.976181
0.00138322,0.977166
0.00138382,0.978249
0.00138749,0.979264
0.00138815,0.980332
0.0013918,0.981346
0.00139249,0.982399
0.00139301,0.983528
0.00139626,0.984734
0.00139656,0.98597
0.00139958,0.98729
0.00140277,0.988526
0.00140294,0.989823
0.00140613,0.991066
0.00140638,0.992318
0.00140947,0.993607
0.00140962,0.994912
0.00140994,0.996132
0.00141405,0.996937
0.00141544,0.997658
0.00141991,0.998284
0.00142161,0.998864
0.00142638,0.99935
0.00142833,0.999804
0.00143301,1.00034
0.00143483,1.00085
0.00143957,1.00136
0.00144138,1.00188
0.00144522,1.00281
0.00144604,1.0038
0.00144678,1.00483
0.00145021,1.00595
0.00145082,1.00703
0.00145119,1.00823
0.00145455,1.00939
0.00145486,1.01063
0.00145521,1.01183
0.00145861,1.01297
0.00145908,1.01413
0.00145961,1.01525
0.00145995,1.01646
0.00146052,1.01757
0.00146393,1.01869
0.00146458,1.01977
0.00146541,1.02075
0.00146921,1.0217
0.0014702,1.02261
0.00147109,1.02356
0.00147204,1.02449
0.00147574,1.02548
0.00147663,1.02644
0.0014804,1.0274
0.00148118,1.02841
0.00148199,1.02939
0.00148551,1.03048
0.00148604,1.03161
0.00148639,1.03281
0.00148656,1.03411
0.00148986,1.0353
0.00149011,1.03655
0.00149366,1.03762
0.00149421,1.03874
0.00149488,1.03979
0.00149533,1.04095
0.00149887,1.04202
0.00149977,1.04298
0.00150044,1.04404
0.00150435,1.04493
0.0015053,1.04586
0.0015065,1.04667
0.00151037,1.04759
0.00151119,1.04857
0.0015149,1.04956
0.00151269,1.05061
0.00151633,1.05164
0.001517,1.05269
0.00152076,1.05367
0.00152126,1.0548
0.0015217,1.05597
0.00152197,1.05722
0.00152223,1.05847
0.00152538,1.05973
0.00152558,1.06101
0.00152896,1.06215
0.00152955,1.06325
0.00153307,1.06433
0.00153386,1.06533
0.00153455,1.06639
0.0015383,1.06736
0.00153911,1.06835
0.00154271,1.0694
0.00154357,1.07036
0.00154428,1.0714
0.00154789,1.07244
0.00154835,1.0736
0.0015518,1.07471
0.00155219,1.0759
0.00155263,1.07707
0.00155594,1.07825
0.00155623,1.0795
0.00155969,1.0806
0.00156019,1.08174
0.00156086,1.0828
0.0015642,1.08397
0.00156457,1.08517
0.00156471,1.08648
0.00156488,1.08777
0.00156815,1.08897
0.00156843,1.09022
0.00156887,1.09138
0.00157212,1.09259
0.0015727,1.0937
0.00157615,1.0948
0.00157664,1.09595
0.00157734,1.09699
0.00157826,1.09793
0.0015822,1.09882
0.0015833,1.09967
0.00158717,1.10059
0.00158819,1.10149
0.00159176,1.10254
0.00159242,1.10361
0.00159292,1.10474
0.00159653,1.10578
0.00159699,1.10694
0.00160029,1.10812
0.00160057,1.10937
0.00160064,1.11071
0.00160091,1.11196
0.0016039,1.11329
0.00160426,1.11449
0.00160448,1.11577
0.00160493,1.11693
0.00160557,1.118
0.00160924,1.11901
0.00161019,1.11994
0.00161388,1.12094
0.00161469,1.12194
0.00161547,1.12294
0.00161655,1.1238
0.00161754,1.12471
0.00162153,1.12556
0.00162243,1.12652
0.00162318,1.12754
0.00162658,1.12867
0.00162693,1.12989
0.0016272,1.13113
0.0016277,1.13227
0.00163097,1.13347
0.0016314,1.13465
0.00163463,1.13586
0.001635,1.13706
0.00163545,1.13822
0.00163585,1.13941
0.00163652,1.14047
0.00164002,1.14155
0.00164102,1.14247
0.00164468,1.14347
0.00164564,1.1444
0.00164647,1.14538
0.00164729,1.14637
0.00165103,1.14735
0.00165173,1.14839
0.00165538,1.14941
0.00165606,1.15047
0.00165982,1.15144
0.00166044,1.15251
0.00166101,1.15362
0.00166456,1.15469
0.00166504,1.15584
0.00166851,1.15695
0.0016689,1.15814
0.00167233,1.15927
0.00167281,1.16041
0.00167612,1.16159
0.00167641,1.16283
0.00167972,1.16401
0.00167996,1.16527
0.00168316,1.16651
0.00168342,1.16776
0.00168394,1.16889
0.00168732,1.17003
0.001688,1.17109
0.00168854,1.17221
0.00169219,1.17323
0.00169293,1.17425
0.00169362,1.1753
0.00169752,1.1762
0.00169834,1.17719
0.00169928,1.17813
0.00170285,1.17919
0.00170355,1.18022
0.00170409,1.18135
0.00170738,1.18254
0.00170777,1.18373
0.00171089,1.185
0.00171117,1.18624
0.00171129,1.18756
0.00171436,1.18885
0.00171449,1.19017
0.00171741,1.19153
0.00171783,1.19271
0.00171798,1.19402
0.00172151,1.19509
0.00172199,1.19624
0.00172576,1.19721
0.00172946,1.19821
0.00173026,1.19921
0.00173104,1.20021
0.00173484,1.20116
0.00173569,1.20213
0.00173629,1.20322
0.00173992,1.20425
0.00174051,1.20534
0.00174082,1.20658
0.00174393,1.20785
0.00174394,1.20923
0.00174689,1.21057
0.00174689,1.21195
0.00174987,1.21329
0.00174726,1.21453
0.00175042,1.21577
0.00175085,1.21696
0.00175405,1.21818
0.00175469,1.21925
0.00175828,1.22031
0.00175899,1.22135
0.00176278,1.2223
0.00176366,1.22326
0.00176446,1.22425
0.00176521,1.22528
0.00176873,1.22636
0.00176932,1.22745
0.00177266,1.22862
0.00177314,1.22977
0.00177627,1.23104
0.00177682,1.23216
0.00177702,1.23343
0.00177731,1.23467
0.00178034,1.23599
0.00178061,1.23723
0.0017838,1.23847
0.00178406,1.23973
0.00178735,1.24092
0.00178779,1.24208
0.00179111,1.24326
0.00179157,1.24442
0.00179491,1.24559
0.0017955,1.24668
0.00179589,1.24787
0.00179913,1.24908
0.00179967,1.25021
0.00180306,1.25135
0.00180378,1.25238
0.00180436,1.25348
0.001808,1.25451
0.00180857,1.25562
0.00180924,1.25667
0.00181282,1.25773
0.00181354,1.25877
0.00181714,1.25981
0.00181768,1.26093
0.00182118,1.26202
0.00182143,1.26328
0.00182167,1.26454
0.00182469,1.26586
0.00182483,1.26717
0.00182807,1.26838
0.00182821,1.26969
0.00182865,1.27085
0.00182894,1.2721
0.00183232,1.27324
0.00183274,1.27442
0.00183618,1.27554
0.00183691,1.27657
0.00184049,1.27763
0.00184122,1.27865
0.00184181,1.27975
0.00184534,1.28083
0.00184893,1.28187
0.00184941,1.28302
0.00184998,1.28413
0.00185042,1.2853
0.00185111,1.28635
0.00185447,1.2875
0.00185497,1.28865
0.00185527,1.28987
0.00185845,1.29112
0.00185874,1.29236
0.00186176,1.29367
0.00186215,1.29486
0.00186527,1.29614
0.00186563,1.29734
0.00186878,1.2986
0.00186898,1.29988
0.00187231,1.30106
0.00187283,1.30219
0.00187637,1.30325
0.00187706,1.30431
0.00188075,1.3053
0.00188158,1.30629
0.0018823,1.30732
0.00188601,1.30831
0.00188671,1.30936
0.00188731,1.31045
0.00189078,1.31156
0.00189113,1.31277
0.00189451,1.31391
0.00189479,1.31516
0.001895,1.31644
0.00189512,1.31775
0.00189829,1.319
0.00189825,1.32039
0.00189841,1.3217
0.00190162,1.32292
0.00190184,1.3242
0.00190538,1.32526
0.00190593,1.32638
0.00190946,1.32746
0.00191022,1.32847
0.00191373,1.32956
0.00191434,1.33065
0.00191799,1.33167
0.00191884,1.33264
0.00192258,1.33362
0.00192332,1.33465
0.00192384,1.33578
0.00192705,1.33701
0.00192445,1.33824
0.00192745,1.33956
0.00193064,1.34081
0.00193096,1.34203
0.00193421,1.34323
0.00193443,1.34452
0.00193745,1.34583
0.00193771,1.34709
0.00194081,1.34836
0.00194126,1.34953
0.00194179,1.35065
0.00194523,1.35177
0.00194589,1.35284
0.00194911,1.35406
0.00194975,1.35514
0.00195307,1.35631
0.00195635,1.35751
0.00195958,1.35872
0.00196005,1.35988
0.00196055,1.36102
0.00196383,1.36222
0.00196437,1.36334
0.00196474,1.36454
0.00196819,1.36565
0.00196837,1.36694
0.00197157,1.36817
0.00197203,1.36933
0.00197519,1.37059
0.00197548,1.37182
0.00197871,1.37303
0.00197898,1.37429
0.00198184,1.37569
0.00198198,1.37699
0.00198205,1.37834
0.00198514,1.37962
0.00198543,1.38085
0.00198862,1.3821
0.00198911,1.38324
0.0019896,1.38439
0.00198994,1.3856
0.00199347,1.38668
0.00199702,1.38774
0.00200043,1.38888
0.00200115,1.38992
0.0020018,1.39098
0.0020053,1.39207
0.00200867,1.39323
0.00200919,1.39436
0.00201219,1.39569
0.00201219,1.39706
0.00201498,1.39849
0.00201505,1.39984
0.0020153,1.40109
0.00201529,1.40247
0.00201819,1.40384
0.00201826,1.40518
0.00202125,1.40652
0.00202121,1.40792
0.00202446,1.40912
0.002025,1.41024
0.00202849,1.41134
0.00202918,1.41239
0.00203256,1.41353
0.00203331,1.41456
0.00203668,1.41571
0.0020372,1.41684
0.00203789,1.41789
0.00204151,1.41893
0.00204204,1.42005
0.00204545,1.42118
0.00204588,1.42236
0.00204898,1.42363
0.00204907,1.42498
0.00204919,1.42629
0.00205239,1.42752
0.00205267,1.42877
0.00205286,1.43005
0.00205596,1.43133
0.00205632,1.43254
0.00205936,1.43385
0.00205964,1.43509
0.00206287,1.4363
0.00206363,1.43733
0.00206713,1.43841
0.00206774,1.4395
0.00207123,1.4406
0.0020718,1.44171
0.00207538,1.44276
0.00207582,1.44393
0.00207932,1.44502
0.0020797,1.44622
0.00208017,1.44737
0.00208342,1.44857
0.00208659,1.44983
0.00208698,1.45102
0.00208723,1.45227
0.00209027,1.45359
0.00208747,1.45491
0.00209069,1.45613
0.00209101,1.45736
0.00209427,1.45856
0.00209462,1.45977
0.00209779,1.46102
0.0020982,1.46221
0.00210143,1.46342
0.00210193,1.46456
0.00210555,1.46559
0.00210619,1.46667
0.00210993,1.46765
0.00211078,1.46862
0.00211451,1.46961
0.00211527,1.47062
0.00211878,1.47171
0.00211927,1.47285
0.00212253,1.47405
0.00212295,1.47524
0.00212327,1.47646
0.00212648,1.47769
0.00212652,1.47904
0.0021264,1.48048
0.00212649,1.48181
0.00212942,1.48316
0.00212962,1.48445
0.00213293,1.48563
0.00213346,1.48675
0.00213705,1.4878
0.00213748,1.48898
0.00214102,1.49005
0.00214177,1.49107
0.00214254,1.49208
0.00214613,1.49313
0.00214685,1.49417
0.00215046,1.49521
0.00215104,1.4963
0.00215178,1.49733
0.0021551,1.49851
0.00215559,1.49965
0.00215903,1.50077
0.00215932,1.50201
0.00215994,1.50309
0.00216046,1.50422
0.00216399,1.50529
0.00216731,1.50647
0.00216783,1.5076
0.00216807,1.50887
0.00217142,1.51003
0.00217206,1.5111
0.00217248,1.51228
0.00217305,1.51338
0.00217635,1.51457
0.00217677,1.51575
0.00218012,1.51691
0.00218073,1.51799
0.00218429,1.51906
0.00218496,1.52012
0.00218579,1.5211
0.0021894,1.52214
0.00219025,1.52311
0.00219105,1.5241
0.00219174,1.52516
0.00219539,1.52618
0.00219607,1.52723
0.00219966,1.52828
0.00220009,1.52945
0.00220058,1.5306
0.00220378,1.53182
0.00220415,1.53303
0.00220432,1.53433
0.00220751,1.53556
0.00220783,1.53678
0.00221113,1.53797
0.00221155,1.53915
0.00221223,1.5402
0.00221569,1.54132
0.00221642,1.54234
0.00221991,1.54344
0.00222074,1.54443
0.00222169,1.54535
0.0022226,1.54629
0.00222663,1.54714
0.00223044,1.54807
0.00223139,1.549
0.00223204,1.55008
0.00223279,1.55109
0.0022363,1.55218
0.0022368,1.55332
0.00223732,1.55445
0.00224042,1.55572
0.0022408,1.55692
0.0022438,1.55826
0.00224395,1.55955
0.00224684,1.56093
0.00224692,1.56228
0.00224716,1.56354
0.00225042,1.56473
0.00225108,1.5658
0.00225453,1.56692
0.00225528,1.56794
0.00225881,1.56901
0.00225932,1.57015
0.00226286,1.57123
0.00226367,1.57222
0.00226748,1.57315
0.00226833,1.57414
0.00226898,1.57521
0.00227251,1.57628
0.00227286,1.57749
0.00227623,1.57865
0.00227654,1.57987
0.00228004,1.58097
0.00228047,1.58214
0.00228373,1.58334
0.00228413,1.58453
0.00228432,1.58582
0.00228751,1.58705
0.00228754,1.58842
0.00229074,1.58965
0.00229112,1.59085
0.00229443,1.59203
0.002295,1.59313
0.00229854,1.5942
0.00229653,1.59516
0.0022999,1.59631
0.00230362,1.59729
0.00230439,1.59832
0.00230527,1.59927
0.00230918,1.60017
0.00230983,1.60123
0.00231354,1.60223
0.00231416,1.60332
0.00231468,1.60445
0.00231779,1.60571
0.00231811,1.60694
0.00232125,1.60821
0.00232148,1.60947
0.00232469,1.61069
0.00232476,1.61204
0.00232795,1.61328
0.00232811,1.61458
0.0023283,1.61587
0.00233148,1.61711
0.00233194,1.61827
0.00233547,1.61933
0.00233613,1.6204
0.00233694,1.6214
0.00234065,1.62239
0.00234148,1.62337
0.00234528,1.62432
0.00234609,1.62532
0.00234686,1.62633
0.00235054,1.62733
0.0023513,1.62835
0.00235212,1.62934
0.00235562,1.63043
0.00235894,1.6316
0.00235918,1.63287
0.00235935,1.63417
0.00235949,1.63547
0.00236259,1.63675
0.002363,1.63793
0.00236625,1.63914
0.00236655,1.64038
0.00236682,1.64163
0.00237011,1.64282
0.0023706,1.64396
0.0023741,1.64505
0.00237516,1.64593
0.00237611,1.64685
0.00237722,1.6477
0.00238089,1.6487
0.00238172,1.6497
0.00238549,1.65066
0.00238621,1.65169
0.00238704,1.65267
0.00239077,1.65366
0.00239177,1.65456
0.00239539,1.65559
0.00239598,1.65669
0.0023966,1.65777
0.00240007,1.65888
0.00240061,1.66
0.00240138,1.66101
0.00240525,1.66193
0.00240619,1.66286
0.00240715,1.66378
0.00241089,1.66476
0.00241178,1.66571
0.00241283,1.66659
0.00241673,1.66749
0.00241788,1.66832
0.00241922,1.66907
0.00242315,1.66994
0.00242445,1.67071
0.00242839,1.6716
0.00242968,1.67237
0.00243349,1.6733
0.00243447,1.67422
0.00243533,1.67519
0.0024391,1.67615
0.00243993,1.67713
0.00244051,1.67823
0.00244127,1.67926
0.00244462,1.68042
0.00244513,1.68154
0.00244557,1.68272
0.0024492,1.68374
0.00245013,1.68468
0.00245406,1.68556
0.00245811,1.68639
0.0024595,1.68712
0.0024608,1.68788
0.00246221,1.68859
0.00246635,1.68937
0.00246785,1.69004
0.00247208,1.69078
0.00247345,1.69152
0.00247457,1.69236
0.00247862,1.69319
0.00247936,1.69422
0.00248297,1.69526
0.00248359,1.69635
0.00248403,1.69751
0.00248461,1.6986
0.00248831,1.6996
0.00248897,1.70067
0.00248972,1.70169
0.00249311,1.70283
0.0024937,1.70393
0.00249747,1.70489
0.00249843,1.70582
0.00249945,1.70671
0.00250031,1.70767
0.00250425,1.70856
0.00250507,1.70954
0.00250581,1.71057
0.00250929,1.71167
0.00251008,1.71267
0.00251084,1.71369
0.00251429,1.7148
0.0025149,1.71589
0.00251841,1.71698
0.00251924,1.71796
0.00251981,1.71907
0.00252327,1.72018
0.00252402,1.72119
0.00252479,1.72221
0.0025285,1.72319
0.00252913,1.72428
0.00253009,1.7252
0.0025307,1.72629
0.00253432,1.72732
0.00253488,1.72843
0.00253829,1.72957
0.00253869,1.73075
0.00253913,1.73192
0.00254257,1.73304
0.00254337,1.73403
0.00254688,1.73512
0.00254745,1.73623
0.00254824,1.73723
0.00254907,1.73821
0.00255284,1.73918
0.00255389,1.74005
0.00255506,1.74087
0.00255905,1.74173
0.00256008,1.74263
0.00256364,1.74369
0.00256448,1.74467
0.00256802,1.74573
0.00256861,1.74684
0.00256911,1.74797
0.00257245,1.74914
0.00257297,1.75027
0.00257326,1.75151
0.00257361,1.75271
0.00257676,1.75398
0.00257718,1.75515
0.00257778,1.75624
0.00257848,1.75728
0.00258221,1.75827
0.00258299,1.75927
0.00258391,1.76021
0.00258761,1.76121
0.00258857,1.76213
0.00258957,1.76304
0.00259065,1.7639
0.00259458,1.76478
0.00259564,1.76566
0.00259654,1.76661
0.00260031,1.76757
0.00260087,1.76869
0.00260165,1.76969
0.00260224,1.77079
0.00260593,1.77178
0.00260652,1.77288
0.00260729,1.7739
0.00260794,1.77496
0.00261128,1.77613
0.0026119,1.77721
0.00261245,1.77832
0.00261334,1.77928
0.002617,1.78029
0.00261793,1.78123
0.00261871,1.78223
0.00261953,1.78322
0.0026204,1.78419
0.00262415,1.78516
0.00262532,1.78598
0.00262626,1.78691
0.00262732,1.78778
0.00262847,1.78861
0.00263243,1.78948
0.00263353,1.79034
0.00263466,1.79118
0.00263573,1.79205
0.00263957,1.79299
0.00264044,1.79395
0.00264101,1.79505
0.00264163,1.79613
0.00264507,1.79725
0.00264547,1.79843
0.00264571,1.7997
0.002649,1.80089
0.00264924,1.80215
0.0026527,1.80326
0.00265317,1.80442
0.0026539,1.80545
0.00265775,1.80637
0.00265894,1.80719
0.00266314,1.80794
0.00266437,1.80874
0.00266869,1.80945
0.00266974,1.81032
0.00267109,1.81106
0.00267511,1.81191
0.00267607,1.81283
0.00267691,1.8138
0.00268017,1.81501
0.00268051,1.81622
0.0026806,1.81756
0.00268368,1.81884
0.00268383,1.82015
0.00268709,1.82135
0.00268728,1.82265
0.00268763,1.82385
0.00269109,1.82497
0.00269173,1.82603
0.00269263,1.82699
0.00269358,1.82791
0.00269766,1.82873
0.00269885,1.82954
0.0027029,1.83037
0.00270407,1.83119
0.00270507,1.8321
0.00270872,1.83311
0.00270943,1.83416
0.00270992,1.8353
0.00271044,1.83643
0.00271373,1.83762
0.002714,1.83886
0.00271722,1.84008
0.00271747,1.84135
0.00272069,1.84257
0.00272388,1.84381
0.00272446,1.84491
0.00272506,1.846
0.00272876,1.847
0.00272942,1.84806
0.00273303,1.8491
0.00273368,1.85017
0.00273699,1.85135
0.00273761,1.85244
0.00273805,1.8536
0.00274158,1.85468
0.00274206,1.85583
0.00274243,1.85703
0.00274589,1.85814
0.00274652,1.85921
0.00274998,1.86032
0.00275054,1.86144
0.00275132,1.86244
0.00275491,1.86349
0.00275563,1.86453
0.00275928,1.86554
0.00275992,1.86662
0.00276058,1.86769
0.00276393,1.86885
0.00276428,1.87006
0.00276479,1.87119
0.00276806,1.87239
0.00276844,1.87358
0.00276876,1.8748
0.00277206,1.87599
0.00277225,1.87728
0.00277252,1.87853
0.00277585,1.87969
0.00277633,1.88085
0.00277998,1.88187
0.00278056,1.88298
0.00278437,1.88391
0.00278511,1.88494
0.00278598,1.88591
0.00278972,1.88688
0.00279043,1.88793
0.00279403,1.88896
0.00279467,1.89004
0.00279802,1.8912
0.00279838,1.89241
0.00279867,1.89364
0.00280177,1.89492
0.00280483,1.89623
0.00280493,1.89756
0.00280794,1.89888
0.00280827,1.9001
0.0028087,1.90127
0.00281194,1.90248
0.00281243,1.90363
0.00281595,1.90471
0.00281676,1.9057
0.00281748,1.90674
0.00282126,1.90769
0.00282207,1.90869
0.00282284,1.9097
0.00282668,1.91063
0.0028274,1.91167
0.00283102,1.9127
0.00283162,1.91379
0.00283196,1.91501
0.00283523,1.91621
0.00283549,1.91746
0.00283865,1.91872
0.00283889,1.91997
0.00284208,1.92121
0.00284213,1.92257
0.00284233,1.92384
0.00284556,1.92506
0.00284606,1.9262
0.00284952,1.92731
0.00285297,1.92843
0.00285353,1.92954
0.00285418,1.93061
0.00285474,1.93172
0.00285541,1.93278
0.00285889,1.93388
0.00285978,1.93483
0.00286316,1.93598
0.00286383,1.93704
0.00286719,1.93819
0.00286762,1.93936
0.00287116,1.94044
0.00287155,1.94163
0.00287204,1.94277
0.00287246,1.94395
0.00287593,1.94506
0.00287639,1.94622
0.00287689,1.94735
0.00288035,1.94847
0.00288082,1.94962
0.00288435,1.95069
0.0028846,1.95195
0.00288789,1.95314
0.0028883,1.95433
0.00288867,1.95552
0.00289217,1.95661
0.00289248,1.95784
0.00289601,1.95892
0.00289638,1.96012
0.00289687,1.96127
0.00290023,1.96242
0.00290096,1.96346
0.00290186,1.9644
0.00290556,1.9654
0.00290648,1.96634
0.00291019,1.96733
0.00291098,1.96833
0.00291161,1.96941
0.00291218,1.97052
0.00291589,1.9715
0.00291935,1.97262
0.00291997,1.9737
0.00292027,1.97493
0.00292361,1.9761
0.00292381,1.97739
0.00292683,1.9787
0.00292715,1.97993
0.00292756,1.98111
0.00293104,1.9822
0.00293152,1.98336
0.00293505,1.98443
0.00293573,1.98549
0.00293934,1.98653
0.00294024,1.98748
0.00294398,1.98846
0.0029449,1.9894
0.0029457,1.99039
0.00294939,1.99139
0.00294991,1.99253
0.00295334,1.99365
0.00295381,1.9948
0.00295401,1.99609
0.00295723,1.99731
0.00295739,1.99861
0.0029606,1.99984
0.00296079,2.00112
0.00296091,2.00244
0.00296395,2.00375
0.00296438,2.00492
0.00296488,2.00606
0.00296843,2.00712
0.00296924,2.00812
0.00297011,2.00909
0.0029738,2.01008
0.00297459,2.01109
0.00297534,2.01211
0.00297914,2.01306
0.0029799,2.01408
0.00298356,2.01509
0.00298427,2.01613
0.00298486,2.01723
0.00298541,2.01834
0.00298598,2.01945
0.00298932,2.02061
0.00298983,2.02175
0.00299299,2.023
0.00299349,2.02414
0.00299395,2.0253
0.00299745,2.02639
0.00299799,2.0275
0.00299853,2.02862
0.00300198,2.02974
0.00300237,2.03093
0.00300594,2.03199
0.00300672,2.033
0.00300757,2.03397
0.00301105,2.03507
0.00301163,2.03617
0.00301516,2.03725
0.00301551,2.03846
0.00301885,2.03963
0.00301919,2.04085
0.00301961,2.04202
0.00302003,2.0432
0.00302326,2.04441
0.00302379,2.04554
0.00302716,2.04669
0.00302776,2.04779
0.00303094,2.04903
0.00303157,2.05011
0.00303205,2.05125
0.00303538,2.05243
0.00303597,2.05352
0.00303637,2.0547
0.00303691,2.05582
0.0030403,2.05696
0.0030407,2.05815
0.00304132,2.05923
0.00304485,2.06031
0.0030456,2.06133
0.00304907,2.06244
0.00304998,2.06339
0.00305063,2.06446
0.0030544,2.06542
0.00305517,2.06642
0.00305592,2.06745
0.00305971,2.0684
0.00306041,2.06944
0.00306123,2.07043
0.00306462,2.07158
0.00306514,2.07271
0.00306848,2.07387
0.0030687,2.07515
0.00306895,2.0764
0.00307188,2.07776
0.00307207,2.07905
0.00307529,2.08028
0.00307568,2.08147
0.00307899,2.08265
0.00307949,2.08379
0.00308011,2.08487
0.00308081,2.08591
0.00308469,2.08683
0.00308564,2.08775
0.00308957,2.08864
0.00309067,2.08949
0.00309434,2.0905
0.003095,2.09157
0.00309554,2.09269
0.00309614,2.09377
0.00309954,2.09491
0.00309992,2.09611
0.0031034,2.09721
0.00310364,2.09848
0.00310693,2.09967
0.00310714,2.10094
0.00310736,2.10222
0.00311065,2.10341
0.00311102,2.10461
0.00311159,2.10571
0.00311224,2.10677
0.00311592,2.10778
0.0031165,2.10889
0.00312014,2.10991
0.00312074,2.111
0.00312123,2.11214
0.00312505,2.11309
0.00312561,2.1142
0.0031264,2.1152
0.00312696,2.11631
0.00313049,2.11738
0.00313093,2.11856
0.0031312,2.1198
0.00313451,2.12098
0.00313501,2.12212
0.0031386,2.12317
0.00313916,2.12428
0.00313991,2.1253
0.00314059,2.12635
0.00314398,2.12749
0.00314452,2.12861
0.00314793,2.12975
0.00314867,2.13078
0.00314924,2.13188
0.00315262,2.13303
0.00315323,2.13411
0.0031538,2.13522
0.00315435,2.13633
0.00315766,2.13752
0.0031584,2.13855
0.00315925,2.13952
0.00316013,2.14047
0.00316108,2.1414
0.00316479,2.14239
0.00316586,2.14326
0.00316952,2.14427
0.00317311,2.14532
0.0031737,2.14643
0.00317441,2.14746
0.003175,2.14855
0.0031782,2.14979
0.00317878,2.15089
0.00317908,2.15213
0.00318238,2.15332
0.00318265,2.15456
0.00318304,2.15575
0.0031835,2.1569
0.00318693,2.15803
0.00318743,2.15917
0.00319103,2.16021
0.00319188,2.16119
0.00319548,2.16223
0.00319622,2.16326
0.00319725,2.16415
0.00319804,2.16515
0.00319901,2.16606
0.00320269,2.16706
0.00320371,2.16796
0.00320474,2.16885
0.00320836,2.16988
0.00320906,2.17093
0.00320954,2.17207
0.00321018,2.17315
0.00321356,2.17429
0.00321424,2.17535
0.00321479,2.17646
0.00321824,2.17758
0.00321877,2.1787
0.00321918,2.17989
0.00321973,2.181
0.00322311,2.18214
0.00322388,2.18316
0.00322466,2.18417
0.00322828,2.1852
0.003229,2.18623
0.00322985,2.18721
0.00323362,2.18817
0.00323453,2.18912
0.00323531,2.19012
0.00323925,2.19101
0.00323719,2.19198
0.003241,2.19292
0.00324184,2.1939
0.00324269,2.19488
0.0032463,2.19591
0.00324694,2.19699
0.00324769,2.19801
0.00324829,2.1991
0.00324924,2.20003
0.00325283,2.20107
0.00325357,2.2021
0.0032543,2.20312
0.00325497,2.20419
0.00325859,2.20521
0.00325953,2.20615
0.00326038,2.20713
0.00326131,2.20806
0.00326226,2.20898
0.00326608,2.20991
0.00326691,2.21091
0.00326786,2.21183
0.00327154,2.21283
0.00327257,2.21373
0.00327335,2.21473
0.00327415,2.21573
0.00327494,2.21673
0.00327848,2.2178
0.00327903,2.21892
0.00327957,2.22004
0.00328024,2.22109
0.00328387,2.22212
0.00328452,2.2232
0.00328503,2.22432
0.00328863,2.22537
0.00328943,2.22637
0.00329008,2.22743
0.00329085,2.22845
0.00329166,2.22943
0.00329535,2.23044
0.00329619,2.23141
0.00329698,2.23241
0.00330079,2.23335
0.0033018,2.23426
0.00330557,2.23523
0.00330633,2.23624
0.00330714,2.23723
0.00331085,2.23822
0.00331164,2.23922
0.00331225,2.24031
0.0033157,2.24143
0.00331624,2.24255
0.00331959,2.24371
0.00331992,2.24493
0.00332331,2.24607
0.00332348,2.24737
0.0033268,2.24855
0.00332708,2.24979
0.00333024,2.25104
0.00333073,2.25219
0.00333418,2.2533
0.0033347,2.25443
0.00333824,2.2555
0.00333887,2.25658
0.00333971,2.25756
0.0033434,2.25856
0.00334419,2.25956
0.00334491,2.26059
0.00334876,2.26152
0.00334922,2.26268
0.00334979,2.26378
0.00335325,2.2649
0.00335375,2.26603
0.00335712,2.26718
0.00335722,2.26852
0.00336063,2.26965
0.00336105,2.27083
0.00336451,2.27195
0.00336493,2.27312
0.00336558,2.27418
0.00336661,2.27507
0.00336783,2.27587
0.0033723,2.2765
0.00337384,2.27715
0.00337551,2.27774
0.00338004,2.27833
0.00338154,2.279
0.00338601,2.27963
0.00338764,2.28024
0.00338942,2.28078
0.00339074,2.28153
0.00339464,2.28242
0.00339561,2.28334
0.00339943,2.28428
0.00340045,2.28518
0.00340432,2.28609
0.00340541,2.28696
0.00340642,2.28785
0.00341016,2.28883
0.00341097,2.28982
0.00341443,2.29094
0.00341523,2.29193
0.00341869,2.29304
0.00341951,2.29403
0.00342014,2.29511
0.00342368,2.29618
0.00342434,2.29724
0.00342785,2.29833
0.00342863,2.29934
0.00342932,2.30039
0.00343322,2.30128
0.00343426,2.30218
0.00343521,2.3031
0.00343617,2.30402
0.00343715,2.30493
0.00344103,2.30584
0.00344493,2.30674
0.00344584,2.30769
0.00344684,2.30859
0.0034505,2.3096
0.00345132,2.3106
0.0034547,2.31174
0.00345519,2.31289
0.00345563,2.31406
0.00345897,2.31522
0.00345943,2.31638
0.00345972,2.31762
0.00346306,2.31879
0.00346348,2.31996
0.00346412,2.32104
0.00346765,2.3221
0.00346844,2.32311
0.00347214,2.3241
0.00347282,2.32516
0.00347651,2.32616
0.00347728,2.32718
0.00347826,2.32809
0.00348191,2.3291
0.00348248,2.33022
0.00348613,2.33123
0.0034867,2.33234
0.00348724,2.33346
0.00349077,2.33454
0.00349146,2.33558
0.00349495,2.33668
0.00349528,2.3379
0.00349868,2.33904
0.00349914,2.3402
0.00349976,2.34128
0.00350296,2.34251
0.00350352,2.34362
0.00350416,2.3447
0.0035047,2.34582
0.0035082,2.34691
0.00350877,2.34801
0.00351253,2.34899
0.00351318,2.35005
0.00351392,2.35108
0.00351758,2.35208
0.00351826,2.35315
0.00352187,2.35419
0.00352236,2.35533
0.00352309,2.35636
0.00352364,2.35747
0.00352713,2.35857
0.00353038,2.35978
0.0035308,2.36096
0.00353132,2.36209
0.00353171,2.36328
0.00353511,2.36441
0.00353831,2.36565
0.00353872,2.36683
0.00353909,2.36804
0.00353951,2.36921
0.00354284,2.37038
0.00354337,2.37151
0.00354404,2.37256
0.00354752,2.37366
0.00354832,2.37467
0.00354913,2.37565
0.0035528,2.37666
0.00355377,2.37758
0.00355466,2.37854
0.00355554,2.37949
0.00355933,2.38045
0.00356023,2.3814
0.00356095,2.38243
0.00356151,2.38354
0.00356206,2.38465
0.00356541,2.38581
0.00356604,2.3869
0.00356659,2.38801
0.00356997,2.38916
0.00357067,2.3902
0.00357127,2.39129
0.00357477,2.39238
0.0035753,2.39351
0.00357607,2.39452
0.0035769,2.3955
0.00358072,2.39644
0.00358144,2.39747
0.00358203,2.39857
0.00358552,2.39967
0.00358603,2.40081
0.00358663,2.4019
0.00358738,2.40291
0.00359097,2.40396
0.00359179,2.40495
0.00359243,2.40602
0.00359605,2.40705
0.00359682,2.40807
0.0036006,2.40903
0.00360153,2.40997
0.0036024,2.41093
0.00360314,2.41194
0.00360686,2.41294
0.00360746,2.41404
0.00360802,2.41513
0.00361132,2.41632
0.00361182,2.41746
0.00361224,2.41864
0.00361573,2.41973
0.00361908,2.42089
0.00361968,2.42199
0.0036202,2.42312
0.0036207,2.42426
0.00362446,2.42523
0.00362515,2.42628
0.00362613,2.42719
0.00362983,2.42818
0.00363077,2.42912
0.00363432,2.43018
0.00363506,2.43121
0.00363575,2.43226
0.00363931,2.43332
0.00364275,2.43444
0.00364037,2.43557
0.00364362,2.43678
0.00364385,2.43805
0.00364693,2.43933
0.0036473,2.44054
0.00364762,2.44176
0.00365094,2.44294
0.00365131,2.44414
0.00365188,2.44524
0.00365555,2.44625
0.00365631,2.44727
0.00365723,2.44822
0.00366113,2.44911
0.00366213,2.45002
0.00366585,2.451
0.00366668,2.45199
0.00366756,2.45295
0.00367117,2.45399
0.00367202,2.45496
0.00367259,2.45607
0.00367326,2.45712
0.00367672,2.45823
0.00367719,2.45938
0.00368072,2.46046
0.00368127,2.46158
0.00368185,2.46268
0.00368534,2.46377
0.00368914,2.46473
0.00368692,2.46578
0.00369063,2.46677
0.00369131,2.46782
0.00369206,2.46884
0.00369582,2.46982
0.0036966,2.47082
0.00370037,2.47179
0.0037013,2.47272
0.00370493,2.47375
0.00370557,2.47482
0.00370607,2.47596
0.00370667,2.47705
0.00371028,2.47809
0.0037109,2.47917
0.00371155,2.48024
0.00371229,2.48126
0.00371585,2.48232
0.00371939,2.48341
0.00372,2.4845
0.00371787,2.4855
0.00372153,2.48652
0.00372511,2.48757
0.00372559,2.48872
0.00372633,2.48975
0.00372681,2.49089
0.0037303,2.49198
0.00373069,2.49318
0.00373131,2.49425
0.00373198,2.49532
0.0037355,2.4964
0.00373632,2.49738
0.00374006,2.49836
0.00374093,2.49933
0.00374457,2.50035
0.00374539,2.50134
0.00374623,2.50232
0.00374727,2.5032
0.00375115,2.50411
0.00375205,2.50507
0.00375282,2.50607
0.00375632,2.50716
0.00375693,2.50825
0.00375754,2.50934
0.00375811,2.51044
0.00376152,2.51157
0.00376203,2.51271
0.00376259,2.51382
0.003766,2.51495
0.00376642,2.51614
0.00376697,2.51725
0.00377057,2.51829
0.00377131,2.51932
0.00377221,2.52027
0.003773,2.52127
0.00377696,2.52214
0.00377769,2.52317
0.00377864,2.5241
0.00378219,2.52517
0.00378596,2.52613
0.00378664,2.52719
0.00378734,2.52822
0.00378811,2.52924
0.00378858,2.53039
0.00379195,2.53154
0.00379241,2.5327
0.00379311,2.53374
0.00379641,2.53493
0.00379694,2.53605
0.00379766,2.53709
0.0037984,2.53811
0.00380206,2.53913
0.00380276,2.54017
0.00380663,2.5411
0.00380747,2.54207
0.00380825,2.54307
0.00381181,2.54414
0.00381249,2.54519
0.00381629,2.54614
0.00381704,2.54716
0.00381761,2.54827
0.00382105,2.54939
0.00382154,2.55054
0.00382212,2.55164
0.0038257,2.55269
0.0038263,2.55378
0.00382697,2.55484
0.00383059,2.55587
0.00383133,2.5569
0.00383183,2.55804
0.0038326,2.55904
0.00383606,2.56016
0.00383681,2.56118
0.0038373,2.56232
0.00383793,2.56339
0.00384142,2.56449
0.00384183,2.56567
0.0038453,2.56678
0.00384591,2.56787
0.00384664,2.56889
0.00385029,2.56992
0.00385107,2.57092
0.00385179,2.57196
0.00385547,2.57296
0.00385639,2.5739
0.00385719,2.57489
0.00386107,2.57582
0.00386175,2.57686
0.00386223,2.57801
0.00386574,2.5791
0.00386614,2.58029
0.00386961,2.58139
0.00386992,2.58262
0.00387044,2.58375
0.00387079,2.58496
0.00387126,2.58611
0.00387475,2.58721
0.00387532,2.58831
0.00387908,2.58929
0.00387975,2.59034
0.00388343,2.59135
0.00388416,2.59238
0.00388517,2.59327
0.0038889,2.59426
0.0038897,2.59526
0.00389346,2.59623
0.00389413,2.59728
0.00389473,2.59837
0.00389533,2.59946
0.00389873,2.6006
0.00389936,2.60168
0.00390274,2.60282
0.00390311,2.60403
0.00390358,2.60519
0.00390405,2.60634
0.00390745,2.60747
0.0039081,2.60854
0.00390881,2.60958
0.00391213,2.61076
0.00391273,2.61185
0.00391617,2.61298
0.00391681,2.61404
0.00392049,2.61505
0.00392097,2.6162
0.0039217,2.61723
0.00392239,2.61828
0.00392286,2.61943
0.00392625,2.62057
0.00392687,2.62166
0.00393053,2.62266
0.00393126,2.6237
0.00393198,2.62473
0.00393547,2.62583
0.00393629,2.62682
0.00393684,2.62793
0.00394019,2.62909
0.00394084,2.63016
0.00394431,2.63127
0.0039449,2.63237
0.00394819,2.63356
0.00394846,2.6348
0.00395182,2.63596
0.00395208,2.63721
0.00395247,2.6384
0.00395279,2.63963
0.00395612,2.6408
0.00395955,2.64193
0.00396012,2.64303
0.00396078,2.6441
0.00396435,2.64516
0.00396512,2.64616
0.00396579,2.64722
0.00396944,2.64824
0.00397031,2.64921
0.00397407,2.65018
0.00397497,2.65113
0.00397576,2.65213
0.00397651,2.65315
0.00397703,2.65428
0.00398062,2.65532
0.00398114,2.65645
0.00398171,2.65756
0.00398239,2.65861
0.00398563,2.65982
0.00398624,2.66091
0.00398678,2.66204
0.00398736,2.66313
0.00398806,2.66417
0.00399186,2.66512
0.00399271,2.6661
0.0039937,2.667
0.00399464,2.66793
0.00399852,2.66885
0.00399955,2.66974
0.00400035,2.67073
0.00400417,2.67167
0.00400218,2.67262
0.00400585,2.67362
0.00400665,2.67463
0.0040074,2.67564
0.00401093,2.67672
0.00401148,2.67784
0.00401199,2.67896
0.00401265,2.68003
0.00401628,2.68106
0.00401694,2.68212
0.00401758,2.6832
0.00402115,2.68426
0.00402192,2.68527
0.00402257,2.68633
0.00402346,2.68729
0.00402431,2.68826
0.00402811,2.68921
0.00402888,2.69022
0.00402969,2.69122
0.00403049,2.69221
0.00403122,2.69324
0.00403206,2.69421
0.00403574,2.69522
0.0040366,2.69619
0.00403746,2.69716
0.00403832,2.69813
0.00404216,2.69905
0.00404015,2.70002
0.00404402,2.70092
0.00404497,2.70185
0.00404885,2.70276
0.00404975,2.70371
0.00405052,2.70472
0.00405137,2.7057
0.0040521,2.70672
0.00405583,2.70771
0.0040565,2.70876
0.00405735,2.70974
0.00405817,2.71072
0.00405894,2.71174
0.00406275,2.71268
0.00406371,2.7136
0.00406471,2.7145
0.00406567,2.71542
0.00406666,2.71633
0.00407077,2.71714
0.00407165,2.71809
0.00407266,2.71899
0.00407348,2.71997
0.00407442,2.72091
0.00407807,2.72192
0.0040789,2.72291
0.00407966,2.72392
0.00408038,2.72496
0.00408107,2.726
0.00408445,2.72715
0.00408533,2.72812
0.00408605,2.72915
0.00408683,2.73015
0.00409071,2.73107
0.00409156,2.73204
0.00409249,2.73298
0.00409344,2.7339
0.00409749,2.73473
0.00409873,2.73552
0.00409993,2.73633
0.00410117,2.73711
0.00410511,2.738
0.00410623,2.73884
0.004107,2.73985
0.00410779,2.74086
0.00410855,2.74186
0.00411212,2.74293
0.00411287,2.74395
0.00411635,2.74505
0.00411726,2.746
0.00411507,2.74704
0.00411894,2.74795
0.0041199,2.74887
0.00412374,2.74979
0.00412503,2.75057
0.00412622,2.75138
0.00413048,2.75211
0.00412853,2.75304
0.00413255,2.75388
0.00413328,2.75491
0.00413696,2.75592
0.00413762,2.75698
0.0041383,2.75803
0.004139,2.75908
0.00413944,2.76024
0.00414281,2.7614
0.00414344,2.76247
0.00414692,2.76357
0.00414752,2.76467
0.00414832,2.76566
0.00414928,2.76658
0.00415316,2.76749
0.00415414,2.76841
0.00415519,2.76928
0.0041591,2.77019
0.00416005,2.77111
0.00416373,2.77211
0.00416457,2.77309
0.00416524,2.77415
0.00416872,2.77525
0.0041693,2.77635
0.00416986,2.77747
0.00417036,2.7786
0.00417366,2.77979
0.00417429,2.78087
0.00417506,2.78188
0.00417873,2.78289
0.00417985,2.78373
0.00418083,2.78465
0.00418185,2.78554
0.00418557,2.78652
0.00418647,2.78747
0.00419032,2.7884
0.00419122,2.78935
0.00419198,2.79036
0.00419541,2.79149
0.0041959,2.79263
0.00419617,2.79388
0.00419937,2.79511
0.00419978,2.7963
0.00420016,2.79749
0.0042036,2.79862
0.0042041,2.79975
0.00420787,2.80072
0.00420857,2.80175
0.00420936,2.80276
0.00421318,2.8037
0.00421408,2.80465
0.00421512,2.80554
0.00421607,2.80646
0.00421694,2.80742
0.00421762,2.80847
0.00422126,2.8095
0.0042219,2.81057
0.00422234,2.81174
0.00422579,2.81286
0.00422622,2.81403
0.00422665,2.8152
0.00423016,2.81628
0.0042306,2.81745
0.00423132,2.81849
0.00423179,2.81964
0.00423518,2.82077
0.00423572,2.8219
0.00423655,2.82288
0.0042402,2.8239
0.00424094,2.82493
0.0042447,2.8259
0.00424527,2.827
0.00424903,2.82798
0.00424961,2.82908
0.0042504,2.83008
0.004254,2.83112
0.00425474,2.83214
0.00425835,2.83319
0.00425897,2.83427
0.00425964,2.83532
0.00426308,2.83645
0.00426363,2.83756
0.00426409,2.83872
0.0042674,2.8399
0.00426795,2.84102
0.0042684,2.84218
0.00426879,2.84337
0.00427209,2.84456
0.00427251,2.84573
0.00427586,2.84689
0.0042764,2.84801
0.00427699,2.84911
0.00428047,2.85021
0.00428418,2.8512
0.00428486,2.85226
0.00428566,2.85325
0.00428639,2.85428
0.00428992,2.85535
0.00429072,2.85636
0.00429434,2.85739
0.00429487,2.85852
0.00429553,2.85958
0.00429874,2.86081
0.0042992,2.86197
0.0043024,2.8632
0.0042999,2.86439
0.00430321,2.86557
0.00430383,2.86664
0.00430727,2.86776
0.00430786,2.86886
0.00431139,2.86994
0.00431202,2.87102
0.00431282,2.87201
0.00431657,2.87299
0.00431728,2.87403
0.00432096,2.87503
0.00432174,2.87604
0.00432253,2.87704
0.00432606,2.87812
0.00432676,2.87917
0.00433021,2.88028
0.0043306,2.88147
0.00433114,2.8826
0.00433136,2.88386
0.00433474,2.88501
0.00433512,2.8862
0.00433556,2.88737
0.0043389,2.88854
0.00433944,2.88966
0.00434291,2.89077
0.00434365,2.89179
0.00434746,2.89273
0.00434806,2.89383
0.00434889,2.89481
0.00435259,2.8958
0.00435326,2.89687
0.00435381,2.89798
0.00435704,2.8992
0.00435739,2.90041
0.00436038,2.90175
0.00436061,2.90301
0.0043636,2.90435
0.00436409,2.90549
0.00436437,2.90673
0.00436762,2.90793
0.0043682,2.90904
0.00437193,2.91002
0.0043727,2.91104
0.0043765,2.91199
0.00437447,2.91295
0.00437834,2.91385
0.0043792,2.91483
0.00438281,2.91588
0.00438332,2.917
0.00438677,2.91812
0.00438707,2.91936
0.00438716,2.92069
0.00438743,2.92194
0.00439052,2.92321
0.00439087,2.92443
0.004394,2.92569
0.0043944,2.92688
0.00439512,2.92791
0.00439886,2.9289
0.00440274,2.92981
0.00440377,2.9307
0.00440503,2.93147
0.00440915,2.93227
0.00441016,2.93317
0.00441403,2.93408
0.00441483,2.93508
0.00441555,2.93612
0.0044161,2.93723
0.00441953,2.93836
0.00441979,2.93961
0.00442009,2.94084
0.00442315,2.94215
0.00442334,2.94343
0.00442665,2.94461
0.00442722,2.94572
0.00443094,2.94671
0.00443199,2.94759
0.00443584,2.94851
0.0044369,2.94939
0.0044379,2.95029
0.00444204,2.95108
0.00444312,2.95194
0.00444425,2.95278
0.00444818,2.95367
0.00444885,2.95473
0.00445222,2.95588
0.0044525,2.95713
0.00445275,2.95838
0.00445597,2.9596
0.00445623,2.96085
0.00445659,2.96207
0.00445997,2.96321
0.00446045,2.96436
0.0044609,2.96552
0.00446186,2.96644
0.00446562,2.96741
0.00446657,2.96833
0.00447063,2.96917
0.0044717,2.97004
0.00447279,2.97089
0.00447655,2.97186
0.00447732,2.97287
0.00448103,2.97386
0.00448162,2.97496
0.00448511,2.97606
0.00448568,2.97717
0.00448633,2.97823
0.00448687,2.97935
0.00449037,2.98044
0.00449387,2.98154
0.00449442,2.98265
0.00449801,2.9837
0.00449867,2.98476
0.00450263,2.98564
0.00450336,2.98667
0.00450429,2.9876
0.00450797,2.9886
0.00450867,2.98966
0.00451214,2.99076
0.0045127,2.99188
0.00451614,2.993
0.00451952,2.99413
0.00451976,2.99541
0.00452004,2.99664
0.0045232,2.9979
0.00452367,2.99905
0.00452679,3.00032
0.0045302,3.00146
0.00453071,3.00259
0.00453143,3.00362
0.00453502,3.00468
0.00453579,3.00568
0.00453973,3.00657
0.00454057,3.00755
0.00454145,3.00851
0.00454495,3.00959
0.00454571,3.01062
0.0045463,3.01172
0.00454968,3.01286
0.00455021,3.01399
0.00455364,3.01511
0.00455394,3.01635
0.00455429,3.01755
0.00455756,3.01875
0.00455806,3.01989
0.00456156,3.02099
0.00456243,3.02195
0.00456607,3.02297
0.00456702,3.0239
0.00457079,3.02486
0.00457173,3.0258
0.00457576,3.02663
0.00457662,3.02761
0.00458044,3.02855
0.0045813,3.02952
0.00458504,3.0305
0.00458579,3.03152
0.00458931,3.03259
0.00459005,3.03362
0.0045935,3.03474
0.00459417,3.0358
0.00459473,3.0369
0.00459547,3.03793
0.00459632,3.03891
0.00460006,3.03988
0.00460095,3.04084
0.0046046,3.04186
0.0046057,3.04271
0.0046096,3.04361
0.00461066,3.04449
0.00461171,3.04537
0.00461555,3.0463
0.00461653,3.04721
0.00462032,3.04817
0.00462126,3.0491
0.00462201,3.05011
0.00462588,3.05103
0.00462693,3.05191
0.0046278,3.05288
0.00463194,3.05366
0.00463312,3.05449
0.00463747,3.05517
0.00463894,3.05586
0.00464335,3.05652
0.00464504,3.0571
0.00464719,3.05746
0.00465261,3.05763
0.00488054,2.95118
