"Maximum force",10.6603,"N"
"Gage length ",0.623002,"mm"
"Strain energy",0.0298637,"mJ"
"Deformation at maximum force",0.0066313,"mm"
"Standard travel","Standard force"
"mm","N"
0,0.273335
-2.75671e-007,0.274838
-3.20375e-007,0.276235
-1.65775e-007,0.277532
3.05288e-006,0.278752
3.41423e-006,0.279965
3.9991e-006,0.281056
4.81866e-006,0.282048
5.899e-006,0.28291
7.1954e-006,0.283669
8.90903e-006,0.284234
7.72439e-006,0.284799
9.48273e-006,0.28534
1.1323e-005,0.28584
1.31186e-005,0.286366
1.52048e-005,0.286752
1.7276e-005,0.28715
1.91983e-005,0.287614
1.7954e-005,0.288209
1.9623e-005,0.288789
1.82372e-005,0.289445
1.94516e-005,0.290246
1.79168e-005,0.290975
1.90269e-005,0.291821
1.74548e-005,0.292565
1.87661e-005,0.293317
1.70972e-005,0.294106
1.56518e-005,0.294789
1.7209e-005,0.295426
1.61584e-005,0.295926
1.80434e-005,0.296405
1.75219e-005,0.296657
1.7073e-005,0.296868
1.66744e-005,0.297056
1.65752e-005,0.297103
1.6443e-005,0.297166
1.65082e-005,0.297135
1.93245e-005,0.297174
1.91997e-005,0.297236
1.89017e-005,0.297378
2.15541e-005,0.297495
2.12113e-005,0.29766
2.06972e-005,0.297902
2.01534e-005,0.29816
1.93561e-005,0.298537
2.14572e-005,0.298913
2.05706e-005,0.299336
1.97436e-005,0.299727
1.88979e-005,0.300128
1.80523e-005,0.300527
2.02726e-005,0.300849
1.95834e-005,0.301177
1.91513e-005,0.301381
1.85217e-005,0.301679
1.80262e-005,0.301914
1.77431e-005,0.302048
1.76099e-005,0.302111
1.75762e-005,0.302126
2.05266e-005,0.302103
2.07641e-005,0.301993
2.09298e-005,0.301915
2.08637e-005,0.301946
2.37843e-005,0.301938
2.37536e-005,0.301954
2.37535e-005,0.301954
2.33903e-005,0.302126
2.31574e-005,0.302236
2.28091e-005,0.3024
2.20827e-005,0.302745
2.12706e-005,0.303128
2.01753e-005,0.303643
1.94303e-005,0.303998
1.85176e-005,0.304429
1.7821e-005,0.304759
1.68785e-005,0.305206
1.62303e-005,0.305511
1.8525e-005,0.305793
1.8091e-005,0.306005
1.80905e-005,0.306005
1.80905e-005,0.306005
1.8355e-005,0.30588
1.87369e-005,0.3057
1.92994e-005,0.305435
1.98619e-005,0.305168
2.06591e-005,0.304792
2.08417e-005,0.304705
2.09082e-005,0.304673
2.09248e-005,0.304665
2.08752e-005,0.304689
2.08587e-005,0.304697
2.02812e-005,0.304969
1.97336e-005,0.305229
1.87278e-005,0.305708
1.79082e-005,0.306091
1.67832e-005,0.306621
1.60381e-005,0.306976
1.53564e-005,0.307298
1.48758e-005,0.307525
1.46598e-005,0.307627
1.4345e-005,0.307776
1.43445e-005,0.307776
1.43611e-005,0.307768
1.45594e-005,0.307675
1.79271e-005,0.307455
1.84263e-005,0.307221
1.90894e-005,0.306908
1.95383e-005,0.306695
1.99686e-005,0.306492
2.00023e-005,0.306476
2.00354e-005,0.30646
2.00026e-005,0.306475
1.95723e-005,0.306679
1.92743e-005,0.30682
2.15988e-005,0.307094
2.11686e-005,0.307297
2.05241e-005,0.307603
1.98126e-005,0.30794
1.89334e-005,0.308356
1.84193e-005,0.308598
1.79536e-005,0.308818
1.75401e-005,0.309014
2.03267e-005,0.309069
2.02298e-005,0.309116
2.01138e-005,0.309171
2.01963e-005,0.309132
2.02624e-005,0.309101
2.04943e-005,0.308991
2.06433e-005,0.30892
2.08091e-005,0.308842
2.10903e-005,0.30871
2.45027e-005,0.308466
2.48417e-005,0.30831
2.50745e-005,0.3082
2.50422e-005,0.308215
2.78287e-005,0.30827
2.76173e-005,0.308371
2.73193e-005,0.308513
2.70874e-005,0.308622
2.68061e-005,0.308755
2.63423e-005,0.308975
2.55488e-005,0.309351
2.47851e-005,0.309711
2.38091e-005,0.310173
2.58655e-005,0.310574
2.54035e-005,0.310793
2.50552e-005,0.310957
2.53178e-005,0.310833
2.53353e-005,0.310825
2.55998e-005,0.3107
2.56336e-005,0.310684
2.87777e-005,0.310566
2.92024e-005,0.310371
2.97798e-005,0.310096
3.35647e-005,0.309682
3.38981e-005,0.309524
3.42632e-005,0.309352
3.40332e-005,0.309461
3.37351e-005,0.309602
3.59703e-005,0.309915
3.53668e-005,0.310205
3.48527e-005,0.310448
3.71624e-005,0.310721
3.65477e-005,0.31102
3.85743e-005,0.311434
3.76802e-005,0.311858
3.68532e-005,0.31225
3.91033e-005,0.312556
3.88798e-005,0.312666
3.87964e-005,0.312705
4.17915e-005,0.312658
4.19676e-005,0.31258
4.20835e-005,0.312525
4.51979e-005,0.312424
4.55685e-005,0.312251
4.86978e-005,0.312141
4.91224e-005,0.311946
4.94372e-005,0.311797
4.9834e-005,0.311608
5.28887e-005,0.311538
5.29243e-005,0.311522
5.55022e-005,0.311671
5.51688e-005,0.311835
5.47386e-005,0.312039
5.41239e-005,0.312329
5.36284e-005,0.312563
5.60573e-005,0.312783
5.56215e-005,0.312994
5.49583e-005,0.313307
5.72084e-005,0.313612
5.659e-005,0.313912
5.60275e-005,0.314177
5.85458e-005,0.314358
5.84508e-005,0.314405
5.85002e-005,0.314382
5.88317e-005,0.314226
6.17821e-005,0.314202
6.18539e-005,0.314171
6.19205e-005,0.314139
6.20527e-005,0.314077
6.51968e-005,0.313959
6.83559e-005,0.313842
6.88271e-005,0.313622
6.8844e-005,0.313614
7.1705e-005,0.31363
7.11723e-005,0.313887
7.35118e-005,0.314154
7.28524e-005,0.314467
7.50876e-005,0.31478
7.45139e-005,0.315055
7.68385e-005,0.315329
7.63095e-005,0.315581
7.54676e-005,0.31598
7.77773e-005,0.316254
7.70955e-005,0.316582
7.97181e-005,0.316717
7.97023e-005,0.316725
8.26229e-005,0.316717
8.28725e-005,0.3166
8.59422e-005,0.316522
8.62774e-005,0.316365
8.93322e-005,0.316294
8.94989e-005,0.316216
9.24642e-005,0.316185
9.267e-005,0.316091
9.29178e-005,0.315973
9.57639e-005,0.315996
9.57759e-005,0.315996
9.82793e-005,0.316184
9.77578e-005,0.316434
9.7009e-005,0.316787
9.91101e-005,0.317163
0.00010142,0.317445
0.000100932,0.317681
0.000100421,0.317924
0.000102671,0.318229
0.000102198,0.318457
0.000104702,0.318645
0.000104292,0.31884
0.000107019,0.318919
0.000106916,0.318974
0.000110135,0.318825
0.000110435,0.318685
0.000110716,0.318551
0.000113845,0.318441
0.00011693,0.318355
0.000116912,0.318371
0.000119609,0.318465
0.000119553,0.318496
0.00012225,0.31859
0.000122128,0.318652
0.000124661,0.318825
0.00012706,0.319067
0.000126203,0.319475
0.000125306,0.319897
0.000127332,0.320313
0.000129493,0.320666
0.000129016,0.320894
0.000131326,0.321166
0.000131091,0.321286
0.00013349,0.32152
0.000133235,0.321646
0.000132887,0.32181
0.000135897,0.321756
0.000138907,0.321709
0.000139212,0.321568
0.000142744,0.32127
0.000143031,0.321138
0.000146428,0.320902
0.000146353,0.320941
0.000149333,0.320902
0.000149044,0.321042
0.000151726,0.321145
0.000151354,0.321325
0.000153857,0.321513
0.000153265,0.321795
0.000154874,0.322405
0.000153742,0.322943
0.000155381,0.323542
0.000157258,0.324027
0.00015924,0.324458
0.000158443,0.324843
0.000160827,0.325086
0.000160538,0.325226
0.000163072,0.325399
0.000165664,0.325548
0.000168526,0.325572
0.000168577,0.325549
0.000171706,0.325439
0.000175074,0.32522
0.000175267,0.325133
0.000178352,0.325047
0.000181228,0.325063
0.000183627,0.325297
0.00018616,0.325478
0.000185586,0.325752
0.000188,0.325979
0.000190206,0.326307
0.000189461,0.326668
0.000188485,0.327131
0.000190601,0.327499
0.000192396,0.328022
0.000194192,0.328548
0.000193141,0.329048
0.000195213,0.329443
0.000194654,0.329708
0.000197068,0.329936
0.000199795,0.330023
0.000199372,0.330226
0.000202024,0.330344
0.000204438,0.330579
0.000207299,0.330595
0.000207262,0.330618
0.000210332,0.33054
0.000213565,0.330384
0.000216352,0.330438
0.000219168,0.330485
0.000218542,0.330783
0.000220911,0.331033
0.000223221,0.331315
0.000225576,0.331574
0.00022489,0.331902
0.000226976,0.332286
0.000229033,0.332686
0.000230672,0.333289
0.000229713,0.333745
0.000234273,0.334333
0.000233524,0.334693
0.000235506,0.335124
0.000237711,0.335452
0.000237361,0.335626
0.000240028,0.335735
0.000242666,0.33586
0.000245095,0.336087
0.000247762,0.336197
0.000247528,0.336315
0.000250479,0.336292
0.000253205,0.336378
0.000256052,0.336401
0.000258779,0.336487
0.000258093,0.336815
0.000260269,0.337161
0.000262176,0.337632
0.000264143,0.338078
0.0002632,0.338524
0.000265026,0.339032
0.000266933,0.339503
0.000268699,0.340044
0.00026738,0.34067
0.000268818,0.341361
0.000270398,0.341986
0.000272283,0.342474
0.00027422,0.342928
0.000273698,0.343178
0.000275889,0.343516
0.000275578,0.343666
0.000277932,0.343923
0.000280361,0.344151
0.000283013,0.344269
0.000285427,0.344503
0.000285346,0.344543
0.000287745,0.344778
0.000290368,0.344911
0.000292484,0.345287
0.000294332,0.345787
0.000295732,0.3465
0.000294332,0.347168
0.000295621,0.347927
0.000296932,0.348678
0.000295449,0.349384
0.000296597,0.350216
0.000297908,0.350967
0.000299026,0.351814
0.00030059,0.352447
0.000299353,0.353035
0.000301305,0.353483
0.000303332,0.353899
0.000305776,0.354118
0.00030545,0.354275
0.000307819,0.354525
0.000310442,0.354659
0.000312766,0.354933
0.000312446,0.35509
0.000314696,0.355395
0.000317021,0.35567
0.000319196,0.356015
0.000318347,0.356421
0.000320239,0.3569
0.000321722,0.357571
0.000323346,0.358178
0.000321834,0.358899
0.00032316,0.359643
0.000324605,0.360329
0.000323301,0.360951
0.000324874,0.361577
0.000326386,0.362237
0.000327772,0.362958
0.000329284,0.363614
0.000328152,0.364156
0.00032994,0.364682
0.000329016,0.365121
0.000331296,0.365411
0.000333486,0.365746
0.000335886,0.36599
0.000335282,0.36628
0.000337398,0.366648
0.000339678,0.366946
0.000341719,0.367354
0.0003409,0.367745
0.000342956,0.368144
0.000344893,0.3686
0.000346585,0.369179
0.000345132,0.369866
0.000346074,0.370793
0.000347289,0.37159
0.000348622,0.372334
0.000349919,0.373097
0.00034857,0.373738
0.000349889,0.374482
0.000351535,0.375077
0.000350135,0.375745
0.000351923,0.376271
0.0003538,0.376757
0.000356155,0.377015
0.00035839,0.377337
0.000360998,0.377478
0.00036362,0.377611
0.00036599,0.377861
0.000368508,0.37805
0.000370639,0.378418
0.000373127,0.378614
0.000375184,0.379013
0.000374364,0.379406
0.000376137,0.379936
0.000377821,0.380516
0.000379132,0.381267
0.000377225,0.382179
0.000378313,0.383033
0.000379248,0.383964
0.000380447,0.384773
0.000378562,0.385666
0.000379755,0.386471
0.000381252,0.387138
0.000382802,0.387783
0.000384344,0.388424
0.000386095,0.388973
0.000388196,0.389349
0.000390491,0.389639
0.0003928,0.389921
0.000395229,0.390149
0.000394622,0.390439
0.000399867,0.390696
0.000401939,0.391097
0.000400739,0.391669
0.000402579,0.392169
0.000404226,0.392764
0.00040594,0.393328
0.000407452,0.393988
0.000408935,0.39466
0.000410201,0.395438
0.000411431,0.396228
0.00040965,0.397074
0.000413763,0.397876
0.000412511,0.398471
0.000414254,0.399016
0.000416065,0.399535
0.000417712,0.40013
0.000419559,0.400634
0.000421251,0.401206
0.000423098,0.401705
0.000424909,0.402224
0.000427055,0.402585
0.000429394,0.40285
0.00043154,0.40321
0.000433686,0.403571
0.000435429,0.40412
0.000434446,0.404589
0.000438916,0.405215
0.000440652,0.405772
0.000442187,0.406424
0.000443647,0.407103
0.000444832,0.40792
0.000442775,0.408896
0.000443613,0.409873
0.000444332,0.410903
0.000445282,0.41183
0.00044605,0.412837
0.000447197,0.413672
0.000448479,0.414439
0.000447212,0.415042
0.000448918,0.415606
0.000450811,0.416085
0.000453001,0.416423
0.000455162,0.416775
0.000454659,0.417019
0.000459934,0.417262
0.000459723,0.417372
0.000462093,0.417622
0.000464492,0.417865
0.000463713,0.418233
0.000465375,0.418821
0.000466969,0.419439
0.000468199,0.420232
0.000469532,0.420976
0.000467848,0.421773
0.000468824,0.422681
0.000469957,0.42352
0.000470862,0.42447
0.000471831,0.425386
0.000472598,0.426393
0.000473894,0.427156
0.000472561,0.427793
0.000474133,0.428418
0.00047601,0.428907
0.000477821,0.429422
0.000480056,0.429736
0.000482112,0.430145
0.000484154,0.430551
0.000483465,0.430881
0.000485894,0.4311
0.000488352,0.431312
0.000490617,0.431617
0.000492644,0.432033
0.000491564,0.432548
0.000493136,0.433177
0.000494484,0.433913
0.000495833,0.43465
0.000497248,0.435355
0.000498582,0.436099
0.000499893,0.436851
0.00049818,0.437667
0.000499402,0.438457
0.000500601,0.439265
0.000502069,0.439944
0.000503499,0.440643
0.000505526,0.44106
0.000504408,0.441591
0.000506435,0.442001
0.000511471,0.442361
0.000510354,0.442899
0.00051241,0.443301
0.000514206,0.443824
0.000516217,0.444249
0.000518289,0.44464
0.000520271,0.445079
0.000522103,0.445586
0.000523862,0.446128
0.000522461,0.446796
0.000523608,0.447623
0.000524741,0.448463
0.000525609,0.449428
0.000526719,0.450275
0.000527919,0.45108
0.000528757,0.452056
0.000532631,0.452968
0.000533548,0.453918
0.000534583,0.454803
0.000535611,0.455688
0.00053696,0.456424
0.000535731,0.457011
0.000540767,0.457366
0.000542853,0.457759
0.000544984,0.458127
0.000547368,0.458377
0.000549529,0.45873
0.000551779,0.459035
0.000553761,0.459474
0.000556086,0.459748
0.000558261,0.460094
0.000560049,0.460624
0.000561599,0.461269
0.000562482,0.462222
0.000563532,0.4631
0.000564136,0.464191
0.000565004,0.465156
0.000565753,0.466171
0.000566505,0.467193
0.00056744,0.468124
0.000568439,0.469024
0.000569504,0.469894
0.000573557,0.470718
0.000575107,0.47137
0.000573892,0.47195
0.00057878,0.472373
0.000580896,0.472757
0.000582833,0.473211
0.00058483,0.473642
0.000586529,0.474214
0.000588175,0.474809
0.000590023,0.475309
0.000591819,0.475835
0.000593301,0.47651
0.000595097,0.477033
0.000596341,0.477819
0.000597511,0.478639
0.000601594,0.479455
0.000599522,0.480439
0.00060064,0.481282
0.000601381,0.482305
0.000602164,0.483312
0.000602901,0.484334
0.000603717,0.485326
0.000604421,0.486364
0.000605222,0.487363
0.000606288,0.488233
0.000607271,0.489141
0.000608851,0.489766
0.000610378,0.490419
0.000612278,0.490897
0.000617225,0.491306
0.000616189,0.491798
0.000620988,0.492276
0.000622798,0.492791
0.000624512,0.493356
0.00062621,0.493928
0.00063083,0.494485
0.000629325,0.495206
0.000633437,0.495996
0.000634227,0.497003
0.000634928,0.498048
0.00063558,0.499116
0.000636284,0.500154
0.00063695,0.501214
0.000637655,0.502259
0.000638616,0.503175
0.000639651,0.50406
0.000640702,0.504937
0.000639003,0.505746
0.000643146,0.506521
0.000645053,0.507001
0.000646878,0.507516
0.000648905,0.507932
0.000650827,0.508395
0.000652749,0.508857
0.000654657,0.509336
0.000656251,0.509954
0.000657898,0.510549
0.000659284,0.51127
0.000660744,0.511953
0.00066201,0.512727
0.000663076,0.513597
0.000664223,0.514428
0.000665095,0.515393
0.000665799,0.516431
0.000666533,0.517461
0.000667353,0.518445
0.000668269,0.519387
0.000669617,0.520124
0.000670683,0.520993
0.000671815,0.521833
0.000675839,0.522672
0.00067715,0.523431
0.00067867,0.524091
0.000680294,0.524694
0.000682194,0.525172
0.000684019,0.52568
0.000686284,0.525987
0.000687931,0.526582
0.000689511,0.527208
0.000691105,0.527829
0.000692357,0.528611
0.000693966,0.529222
0.000695084,0.530069
0.00069635,0.530843
0.000697252,0.531793
0.000697788,0.532914
0.000698325,0.534028
0.000698729,0.535218
0.000699679,0.536142
0.000697444,0.537194
0.000701437,0.538053
0.000702465,0.538945
0.000703762,0.539708
0.000705222,0.540387
0.000706593,0.541116
0.00070809,0.541784
0.000709901,0.542302
0.000711823,0.542764
0.000713924,0.543149
0.000715966,0.543555
0.000717866,0.544034
0.000719594,0.544587
0.000721092,0.545255
0.000722522,0.545953
0.000723804,0.54672
0.000724906,0.547574
0.000725949,0.548452
0.000726806,0.549424
0.000727674,0.55039
0.000728341,0.551442
0.000731932,0.552495
0.000729757,0.553525
0.000730397,0.554593
0.000731396,0.555497
0.0007353,0.556398
0.000733899,0.557065
0.000735307,0.557771
0.00073679,0.558442
0.000738422,0.559045
0.00074015,0.559602
0.000742087,0.560058
0.000743958,0.56055
0.000746178,0.560874
0.000748279,0.561258
0.00075041,0.561626
0.000752168,0.562167
0.000753502,0.562911
0.000754746,0.563693
0.00075862,0.564601
0.000759444,0.565593
0.000760062,0.566676
0.000760829,0.567691
0.000761219,0.568881
0.000761604,0.570071
0.000761761,0.571368
0.00076236,0.572459
0.000763079,0.573497
0.000763947,0.574462
0.000765363,0.575164
0.000766838,0.575839
0.000771696,0.576295
0.000773372,0.576875
0.000775086,0.57744
0.000776897,0.577955
0.000781695,0.578426
0.000780879,0.578826
0.000785707,0.579288
0.000787599,0.579767
0.000789082,0.580438
0.000790349,0.581216
0.000791429,0.582078
0.000792234,0.58307
0.000792971,0.5841
0.000793657,0.585145
0.000794309,0.586213
0.000794893,0.587312
0.000795478,0.588403
0.00079613,0.589471
0.000796633,0.590608
0.000797304,0.591668
0.000800984,0.592668
0.000802094,0.593526
0.000803488,0.594239
0.000805008,0.594896
0.000809508,0.595517
0.000811102,0.596135
0.000812734,0.596738
0.00081438,0.597333
0.000816109,0.59789
0.000820639,0.598493
0.000822293,0.599088
0.000823805,0.599748
0.000825154,0.600484
0.000826175,0.601377
0.000826976,0.602369
0.000827598,0.603452
0.000830861,0.60465
0.00083131,0.605817
0.000831483,0.607114
0.000831869,0.608304
0.000832256,0.609494
0.00083266,0.610677
0.000833145,0.611821
0.000833616,0.612973
0.000837207,0.614026
0.000838075,0.614988
0.000839372,0.615751
0.000840668,0.61651
0.000842285,0.61712
0.000846606,0.617826
0.000848037,0.618524
0.000849467,0.619222
0.000851084,0.619832
0.000852693,0.620443
0.000856836,0.621225
0.000858184,0.621972
0.000859134,0.622895
0.000860036,0.623845
0.000860587,0.624952
0.000860876,0.626195
0.000861181,0.627424
0.000864221,0.628728
0.000864463,0.629995
0.000864685,0.631261
0.000865236,0.632375
0.000865624,0.633565
0.000866257,0.634641
0.000869967,0.635633
0.000871018,0.636514
0.00087256,0.637159
0.000876941,0.63783
0.000875727,0.63841
0.000877403,0.63899
0.000879079,0.63957
0.000880711,0.640172
0.000882045,0.64092
0.000886277,0.641656
0.000887417,0.642503
0.000888728,0.643255
0.000889682,0.644178
0.000890337,0.645246
0.00089084,0.646375
0.000891144,0.647611
0.000891414,0.648854
0.000891669,0.650106
0.000892187,0.651235
0.000892608,0.65241
0.000893293,0.653463
0.000893845,0.654577
0.000894698,0.655549
0.000895633,0.65648
0.000896825,0.657289
0.000898263,0.657987
0.000899887,0.65859
0.000901854,0.659036
0.00090365,0.659562
0.000905512,0.660054
0.000907226,0.660619
0.000908835,0.661229
0.000910348,0.661889
0.000914639,0.662603
0.000915801,0.66343
0.000916692,0.664388
0.000917556,0.665353
0.000917979,0.666528
0.000918549,0.667627
0.000918853,0.668864
0.00091914,0.6701
0.000922329,0.671336
0.000922836,0.672472
0.000923704,0.673438
0.000924717,0.67433
0.000925738,0.675223
0.000926803,0.676096
0.000928331,0.676745
0.000929783,0.677435
0.000931363,0.678061
0.000932995,0.678664
0.000934768,0.679198
0.000939536,0.679684
0.00094125,0.680256
0.000942934,0.680836
0.000944312,0.681557
0.00094543,0.682404
0.000946234,0.683396
0.000947017,0.684395
0.000947918,0.685349
0.000948671,0.686364
0.000949159,0.687508
0.000952273,0.688782
0.000952491,0.690056
0.000952795,0.691285
0.000953279,0.692429
0.000953916,0.693505
0.000954884,0.694424
0.000956099,0.695221
0.00095738,0.695992
0.000958774,0.696705
0.000960189,0.697407
0.0009646,0.698067
0.000966291,0.698647
0.000967975,0.699227
0.000969815,0.699727
0.000971462,0.700325
0.000975843,0.700989
0.000976998,0.701828
0.000978048,0.702706
0.000978853,0.703698
0.00097959,0.704728
0.000980309,0.705758
0.000980943,0.706833
0.000981662,0.707871
0.00098497,0.709054
0.000985376,0.710236
0.000982679,0.71151
0.000985882,0.712739
0.000986356,0.713891
0.000990066,0.714882
0.00099131,0.715676
0.000992212,0.716622
0.000996205,0.717476
0.000997021,0.718468
0.000998317,0.719231
0.000999681,0.71996
0.00100406,0.720627
0.00100575,0.721215
0.00101025,0.721825
0.00101175,0.7225
0.00101288,0.72334
0.0010141,0.724137
0.00101487,0.725144
0.00101846,0.726197
0.00101886,0.727379
0.00101629,0.7286
0.00101942,0.729867
0.00101945,0.731225
0.00101935,0.732644
0.00101926,0.734063
0.0010193,0.735421
0.00102241,0.736687
0.00101977,0.737946
0.00102343,0.738961
0.00102441,0.739872
0.00102568,0.740647
0.00102988,0.741402
0.00103128,0.742123
0.00103563,0.74281
0.001037,0.743538
0.00103848,0.744214
0.00103975,0.744988
0.00104125,0.745656
0.00104503,0.746613
0.00104594,0.747559
0.00104629,0.748765
0.00104945,0.750016
0.00104967,0.75129
0.00104958,0.752709
0.00104974,0.754006
0.00105267,0.755364
0.00105298,0.756592
0.00105311,0.757912
0.00105633,0.759133
0.00105649,0.76043
0.00105711,0.761513
0.00106073,0.762551
0.0010619,0.763375
0.00106291,0.764267
0.00106682,0.76516
0.00106796,0.766007
0.0010688,0.766976
0.0010698,0.76788
0.00107354,0.768857
0.00107438,0.769833
0.00107523,0.77081
0.00107613,0.77176
0.00107959,0.772866
0.0010801,0.774003
0.00108042,0.775231
0.00108329,0.776612
0.00108355,0.777871
0.00108354,0.779244
0.0010866,0.780549
0.00108681,0.781823
0.00108689,0.783158
0.00108998,0.78444
0.00108993,0.785843
0.00109297,0.787156
0.00109324,0.788399
0.00109375,0.789536
0.0010944,0.790604
0.00109833,0.791489
0.00109952,0.792305
0.00110339,0.793213
0.00110433,0.794152
0.00110516,0.795128
0.00110632,0.795956
0.00111056,0.7967
0.0011116,0.797585
0.00111261,0.798478
0.00111307,0.799637
0.00111339,0.800858
0.00111612,0.802315
0.001116,0.80375
0.00111577,0.80523
0.00111839,0.806733
0.00111816,0.808228
0.00112074,0.809754
0.00112073,0.811135
0.0011235,0.812569
0.00112371,0.813843
0.00112407,0.815049
0.0011277,0.816079
0.00112874,0.816964
0.00112995,0.817765
0.00113418,0.818509
0.00113527,0.819371
0.00113647,0.820176
0.00114029,0.821118
0.0011412,0.822064
0.00114479,0.823117
0.00114536,0.824215
0.00114573,0.825421
0.00114876,0.826733
0.00114877,0.828106
0.00114846,0.829625
0.00115108,0.831128
0.0011507,0.832692
0.00115057,0.834126
0.00115346,0.835499
0.00115342,0.836895
0.00115645,0.838215
0.00115665,0.839489
0.00115711,0.840649
0.00115753,0.841824
0.00116101,0.842923
0.00116157,0.844037
0.00116246,0.844994
0.00116623,0.845959
0.00116731,0.846821
0.00116842,0.847664
0.00116908,0.848732
0.00116982,0.849755
0.0011732,0.850899
0.00117394,0.851929
0.00117456,0.853005
0.00117522,0.854073
0.0011756,0.855263
0.0011787,0.856545
0.00117874,0.857903
0.00117863,0.85933
0.0011787,0.860672
0.00117862,0.862084
0.0011786,0.863472
0.00118165,0.864769
0.00118183,0.866066
0.00118235,0.867188
0.0011825,0.868493
0.00118594,0.869614
0.00118645,0.870751
0.00119026,0.871693
0.00119162,0.872429
0.001193,0.87315
0.00119446,0.873829
0.00119566,0.874638
0.00119987,0.87539
0.00120083,0.876317
0.00120195,0.87716
0.00120262,0.87822
0.00120618,0.879273
0.00120672,0.880402
0.00120679,0.881745
0.00120975,0.88308
0.00120944,0.884614
0.00120918,0.886109
0.00120876,0.887681
0.00121141,0.889168
0.00121131,0.890595
0.0012144,0.891884
0.00121478,0.893082
0.00121807,0.894272
0.00121867,0.895363
0.00122225,0.896424
0.0012233,0.897301
0.00122435,0.898179
0.00122867,0.898884
0.00123013,0.899563
0.00123445,0.900261
0.00123553,0.901131
0.00123624,0.902169
0.00123983,0.903222
0.00124017,0.904435
0.00124346,0.905625
0.00124352,0.906975
0.00124347,0.908371
0.00124325,0.909852
0.00124566,0.911461
0.00124529,0.91301
0.00124776,0.914582
0.00124772,0.915978
0.00124771,0.917359
0.00125095,0.918572
0.00125148,0.919701
0.00125224,0.920716
0.00125604,0.921662
0.00125678,0.922684
0.00126049,0.923684
0.00126131,0.924668
0.00126239,0.925534
0.00126626,0.926442
0.00127,0.927426
0.00127091,0.92838
0.00127414,0.929593
0.00127452,0.93079
0.00127435,0.932248
0.00127743,0.933529
0.00127751,0.934872
0.00128044,0.936238
0.00128053,0.937565
0.00128314,0.939084
0.00128299,0.940533
0.0012854,0.942135
0.00128527,0.94357
0.00128805,0.945004
0.00128818,0.946324
0.00129113,0.947667
0.00129129,0.948971
0.0012945,0.9502
0.00129476,0.951451
0.00129818,0.95258
0.00129854,0.953785
0.00130211,0.954846
0.0013028,0.955899
0.00130648,0.956898
0.0013072,0.957936
0.00130776,0.95905
0.0013112,0.960164
0.00131424,0.961476
0.00131429,0.962834
0.00131404,0.964322
0.00131688,0.965725
0.00131635,0.96735
0.00131871,0.968983
0.00131819,0.970608
0.00132043,0.972287
0.00131982,0.973958
0.00131932,0.975567
0.00132198,0.977055
0.0013247,0.978512
0.00132497,0.979764
0.00132536,0.980954
0.00132609,0.981984
0.00132955,0.983098
0.00133014,0.984196
0.00133386,0.98518
0.0013375,0.986203
0.00133812,0.987286
0.00134153,0.988423
0.00134212,0.989522
0.00134541,0.990712
0.00134547,0.992062
0.00134818,0.993527
0.00134777,0.995091
0.0013502,0.996693
0.00135257,0.998311
0.00135493,0.999951
0.00135446,1.00155
0.00135655,1.00331
0.00135591,1.00499
0.00135799,1.00674
0.00135769,1.00827
0.00136032,1.00977
0.00136045,1.01108
0.00136351,1.01238
0.00136374,1.01365
0.00136728,1.01472
0.00136766,1.01592
0.0013714,1.0169
0.00137193,1.01802
0.00137552,1.01907
0.0013759,1.02027
0.00137919,1.02146
0.00138223,1.02277
0.00138204,1.02424
0.00138183,1.02571
0.00138407,1.02739
0.00138647,1.029
0.00138864,1.03073
0.00138784,1.03248
0.00138997,1.03423
0.0013894,1.03587
0.00139179,1.03749
0.00139149,1.03901
0.00139402,1.04055
0.00139664,1.04207
0.00139659,1.04346
0.0013997,1.04474
0.00140018,1.04589
0.0014034,1.04711
0.00140383,1.04828
0.00140705,1.0495
0.00140736,1.05074
0.00141046,1.05201
0.00141076,1.05325
0.00141391,1.05452
0.00141393,1.05587
0.00141377,1.05732
0.00141644,1.0588
0.00141622,1.06029
0.00141585,1.06184
0.00141493,1.06365
0.00141725,1.0653
0.00141672,1.06693
0.00141927,1.06846
0.00141897,1.06998
0.00141866,1.0715
0.00142148,1.07291
0.0014214,1.07433
0.00142149,1.07566
0.00142469,1.07689
0.0014255,1.07789
0.00142638,1.07885
0.00143018,1.0798
0.00143116,1.08071
0.00143484,1.08171
0.00143578,1.08265
0.0014362,1.08382
0.00143682,1.0849
0.00144011,1.08609
0.00144032,1.08737
0.00144018,1.08881
0.00144262,1.0904
0.00144505,1.092
0.00144433,1.09372
0.00144392,1.09529
0.0014461,1.097
0.00144586,1.09849
0.00144831,1.10008
0.0014484,1.10141
0.00145147,1.1027
0.00145178,1.10394
0.00145506,1.10514
0.0014554,1.10635
0.00145909,1.10734
0.00145976,1.10841
0.00146067,1.10935
0.00146431,1.11037
0.00146808,1.11134
0.00146863,1.11247
0.00146913,1.11359
0.00147253,1.11473
0.00147294,1.11591
0.00147329,1.11713
0.00147332,1.11848
0.00147637,1.11979
0.0014763,1.1212
0.00147901,1.12267
0.00147846,1.1243
0.00148089,1.1259
0.00148043,1.12749
0.00148295,1.12904
0.00148277,1.13051
0.0014856,1.13191
0.00148565,1.13326
0.00148862,1.13461
0.00148887,1.13586
0.00149222,1.13702
0.00149273,1.13816
0.00149355,1.13915
0.00149736,1.14009
0.00149832,1.14102
0.00150199,1.14203
0.00150537,1.14318
0.00150581,1.14434
0.00150584,1.14571
0.00150892,1.14699
0.00151166,1.14844
0.00151145,1.14993
0.00151103,1.1515
0.00151035,1.15319
0.00151265,1.15486
0.00151482,1.15657
0.00151441,1.15815
0.0015166,1.15986
0.00151625,1.1614
0.00151898,1.16285
0.00151923,1.16411
0.0015226,1.16526
0.00152574,1.16652
0.00152611,1.16773
0.0015294,1.16892
0.00153012,1.16996
0.00153349,1.17111
0.00153715,1.17212
0.00153771,1.17324
0.00153808,1.17444
0.00154095,1.17582
0.00154088,1.17724
0.00154346,1.17876
0.00154299,1.18036
0.00154535,1.18198
0.00154471,1.18367
0.00154711,1.18528
0.00154648,1.18695
0.0015487,1.18864
0.00154798,1.19037
0.00155023,1.19204
0.00154993,1.19356
0.00155287,1.19492
0.00155588,1.19625
0.00155601,1.19756
0.0015592,1.1988
0.00156231,1.20008
0.00156275,1.20124
0.00156593,1.20249
0.00156919,1.20369
0.00156969,1.20483
0.00157294,1.20604
0.00157608,1.2073
0.0015761,1.20868
0.00157867,1.21021
0.00157823,1.21179
0.0015806,1.21341
0.00158285,1.2151
0.00158225,1.21676
0.00158447,1.21845
0.00158639,1.2203
0.00158546,1.22211
0.00158744,1.22392
0.00158671,1.22564
0.00158914,1.22725
0.00159147,1.22889
0.00159428,1.23031
0.00159414,1.23175
0.00159438,1.23301
0.0015974,1.23433
0.00160055,1.23559
0.00160373,1.23683
0.00160385,1.23816
0.00160719,1.23932
0.00161026,1.24061
0.00161032,1.24196
0.00161289,1.2435
0.00161533,1.24509
0.0016176,1.24676
0.00161666,1.24859
0.00161856,1.25043
0.00161735,1.25238
0.00161941,1.25415
0.00161826,1.25608
0.00162018,1.25791
0.00162219,1.2597
0.00162139,1.26146
0.00162365,1.26313
0.00162599,1.26478
0.00162587,1.26622
0.00162881,1.26757
0.00162897,1.26887
0.00163206,1.27015
0.00163227,1.27144
0.00163542,1.27269
0.00163555,1.27401
0.0016385,1.27535
0.00164145,1.27671
0.00164157,1.27803
0.00164437,1.27945
0.00164437,1.28083
0.00164671,1.28247
0.00164883,1.28422
0.00164796,1.286
0.00164994,1.28781
0.00165206,1.28956
0.00165422,1.29128
0.00165346,1.29302
0.00165566,1.29472
0.00165788,1.29642
0.00165707,1.29819
0.00165941,1.29982
0.00166195,1.30137
0.00166185,1.30279
0.00166494,1.30408
0.00166796,1.3054
0.00166811,1.3067
0.00167117,1.30801
0.00167111,1.30941
0.00167418,1.3107
0.00167709,1.31207
0.00167726,1.31337
0.00168003,1.3148
0.00168283,1.31623
0.00168234,1.31784
0.00168458,1.31953
0.00168374,1.3213
0.00168555,1.32319
0.0016875,1.32502
0.00168917,1.32697
0.00168828,1.32877
0.00169033,1.33055
0.00169241,1.33231
0.00169153,1.33411
0.00169362,1.33586
0.00169624,1.33737
0.00169608,1.33882
0.00169914,1.34013
0.00170215,1.34145
0.00170548,1.34261
0.00170863,1.34388
0.00170893,1.34511
0.00171192,1.34645
0.0017147,1.34788
0.00171742,1.34934
0.00171984,1.35094
0.00171941,1.35253
0.00172167,1.3542
0.00172061,1.35609
0.0017252,1.35803
0.00172398,1.35998
0.00172549,1.36201
0.00172427,1.36397
0.00172617,1.36582
0.00172805,1.36768
0.00173015,1.36943
0.00173231,1.37115
0.00173465,1.3728
0.00173428,1.37435
0.00173678,1.37591
0.00173959,1.37733
0.00174249,1.37871
0.00174556,1.38001
0.00174562,1.38135
0.00174865,1.38267
0.00174844,1.38415
0.00175094,1.3857
0.00175336,1.38731
0.00175559,1.38901
0.00175796,1.39063
0.00175692,1.39251
0.0017588,1.39436
0.00176056,1.39628
0.00176226,1.39822
0.00176405,1.40012
0.00176562,1.40212
0.00176449,1.40404
0.0017663,1.40593
0.00176843,1.40767
0.00177028,1.40955
0.00176961,1.41124
0.0017718,1.41295
0.0017741,1.4146
0.00177668,1.41614
0.00177908,1.41775
0.00178188,1.41917
0.00178156,1.4207
0.00178429,1.42216
0.00178697,1.42364
0.00178683,1.42509
0.00178947,1.42658
0.00179166,1.4283
0.00179103,1.42996
0.00179284,1.43185
0.00179493,1.43362
0.0017968,1.43549
0.00179875,1.43731
0.00180045,1.43925
0.00180219,1.44118
0.00180111,1.44307
0.00180275,1.44504
0.00180195,1.44679
0.00180386,1.44863
0.00180632,1.45021
0.00180879,1.4518
0.00181124,1.45338
0.00181381,1.45492
0.00181355,1.45642
0.00181635,1.45784
0.00181632,1.45924
0.00181642,1.46056
0.00181945,1.46188
0.00181949,1.46323
0.00182238,1.46461
0.00182214,1.46609
0.00182183,1.46762
0.00182133,1.46923
0.00182371,1.47085
0.00182309,1.47253
0.00182538,1.47418
0.00182478,1.47584
0.00182703,1.47752
0.00182632,1.47924
0.00182554,1.48098
0.00182791,1.4826
0.00182762,1.48412
0.0018306,1.48545
0.00183063,1.48682
0.00183095,1.48804
0.0018342,1.48924
0.00183475,1.49036
0.0018381,1.49152
0.0018388,1.49258
0.00184243,1.4936
0.00184294,1.49474
0.00184367,1.49576
0.00184682,1.49702
0.00184707,1.49828
0.00184688,1.49975
0.00184937,1.50131
0.00185174,1.50294
0.00185121,1.50457
0.00185358,1.50619
0.00185296,1.50787
0.0018526,1.50941
0.00185499,1.51102
0.00185755,1.51256
0.00185752,1.51395
0.00185744,1.51536
0.00186071,1.51656
0.0018639,1.51781
0.00186458,1.51886
0.00186817,1.5199
0.00187164,1.52101
0.00187202,1.52221
0.00187528,1.52341
0.00187864,1.52458
0.00187866,1.52594
0.0018789,1.52721
0.00188164,1.52866
0.00188162,1.53004
0.00188415,1.53158
0.00188381,1.53313
0.00188349,1.53465
0.00188584,1.53628
0.00188822,1.53791
0.00188774,1.53951
0.00189045,1.54098
0.00189307,1.54248
0.00189271,1.54404
0.00189515,1.54562
0.0018977,1.54717
0.00190035,1.54866
0.00190019,1.55012
0.0019031,1.55149
0.00190614,1.55279
0.00190922,1.55409
0.00190926,1.55544
0.00191233,1.55674
0.0019125,1.55804
0.00191564,1.5593
0.00191578,1.56061
0.00191886,1.5619
0.00191895,1.56323
0.00191889,1.56464
0.00192127,1.56625
0.00192053,1.56798
0.00192267,1.56972
0.00192476,1.57148
0.00192406,1.57319
0.0019262,1.57492
0.0019254,1.57667
0.00192747,1.57844
0.00192964,1.58016
0.00192914,1.58177
0.00192873,1.58334
0.00193132,1.58486
0.00193432,1.5862
0.0019373,1.58753
0.00193764,1.58874
0.00194072,1.59003
0.00194087,1.59134
0.00194391,1.59265
0.00194387,1.59405
0.00194676,1.59543
0.00194943,1.59692
0.00194957,1.59822
0.00195204,1.5998
0.0019544,1.60143
0.00195351,1.60322
0.00195528,1.60514
0.00195715,1.60701
0.00195887,1.60893
0.00195808,1.61069
0.00195999,1.61253
0.00196222,1.61423
0.00196425,1.61601
0.0019666,1.61764
0.00196602,1.6193
0.00196852,1.62086
0.00197127,1.62231
0.00197117,1.62373
0.00197394,1.62517
0.00197662,1.62665
0.00197932,1.62813
0.00198184,1.62968
0.0019814,1.63126
0.00198366,1.63294
0.00198307,1.6346
0.00198538,1.63625
0.00198768,1.63791
0.00198979,1.63966
0.00198893,1.64145
0.00199079,1.64331
0.00199245,1.64528
0.00199412,1.64723
0.00199565,1.64926
0.00199442,1.65121
0.00199625,1.6531
0.00199817,1.65494
0.0020002,1.65672
0.0020023,1.65848
0.00200429,1.66029
0.00200365,1.66197
0.00200606,1.66357
0.0020087,1.66507
0.00200858,1.6665
0.00201136,1.66794
0.00201389,1.66949
0.00201336,1.67112
0.00201278,1.67277
0.00201494,1.67449
0.00201725,1.67615
0.00201931,1.67792
0.00201847,1.67969
0.0020203,1.68157
0.00202204,1.6835
0.00202061,1.68555
0.00202217,1.68756
0.00202369,1.68959
0.00202529,1.69157
0.00202439,1.69338
0.00202354,1.69516
0.00202597,1.69676
0.00202826,1.69842
0.00203072,1.7
0.00203041,1.70153
0.00203313,1.70299
0.00203604,1.70436
0.00203595,1.70578
0.00203883,1.70717
0.00204144,1.70868
0.00204407,1.71018
0.0020435,1.71183
0.00204574,1.71352
0.00204513,1.71519
0.0020473,1.7169
0.00204952,1.7186
0.00204866,1.72039
0.00205068,1.72217
0.00204951,1.72411
0.00205135,1.72598
0.00205315,1.72787
0.00205207,1.72977
0.00205413,1.73154
0.00205338,1.73327
0.00205552,1.735
0.00205783,1.73666
0.00205735,1.73826
0.00205987,1.73981
0.00206257,1.74129
0.00206217,1.74285
0.00206479,1.74435
0.00206753,1.7458
0.00207033,1.74723
0.00206992,1.74881
0.00207239,1.75038
0.00207469,1.75204
0.00207406,1.75372
0.00207626,1.75542
0.00207851,1.75711
0.00208066,1.75884
0.0020799,1.76058
0.0020819,1.76238
0.00208085,1.76425
0.00208254,1.7662
0.00208433,1.7681
0.0020833,1.76997
0.0020854,1.77171
0.00208762,1.77341
0.00208978,1.77514
0.00209234,1.77667
0.002092,1.77822
0.00209463,1.77972
0.00209723,1.78123
0.0021,1.78268
0.00210274,1.78413
0.00210249,1.78562
0.00210499,1.78718
0.00210736,1.78881
0.00210966,1.79047
0.00210873,1.79229
0.00211064,1.79414
0.00210933,1.79612
0.00211111,1.79803
0.00211012,1.79987
0.0021119,1.80178
0.00211375,1.80365
0.00211536,1.80563
0.0021171,1.80757
0.00211881,1.80951
0.00211781,1.81135
0.00212249,1.81326
0.00212485,1.81489
0.00212423,1.81657
0.00212652,1.81823
0.00212888,1.81985
0.00213113,1.82154
0.00213344,1.8232
0.00213572,1.82487
0.00213801,1.82654
0.00214034,1.82819
0.00214254,1.82989
0.00214159,1.83173
0.00214335,1.83363
0.00214504,1.83558
0.00214678,1.83751
0.00214537,1.83955
0.00214692,1.84157
0.00214852,1.84355
0.00215009,1.84555
0.00215176,1.84752
0.00215333,1.84952
0.00215486,1.85155
0.00215653,1.8535
0.00215554,1.85535
0.00215736,1.85724
0.00215951,1.85897
0.00216161,1.86072
0.00216353,1.86256
0.00216857,1.8643
0.00216752,1.86618
0.00216946,1.868
0.0021714,1.86983
0.00217338,1.87165
0.00217507,1.8736
0.00217692,1.87547
0.00217848,1.87749
0.00217994,1.87953
0.00217842,1.88164
0.00217963,1.8838
0.00218374,1.88597
0.00218514,1.88806
0.00218658,1.89014
0.00218496,1.89229
0.00218647,1.89432
0.00218496,1.89641
0.00218662,1.89836
0.00218824,1.90034
0.00218721,1.90221
0.00218898,1.90412
0.00219393,1.9059
0.00219327,1.90759
0.0021953,1.90938
0.00219453,1.91112
0.00219644,1.91296
0.00219841,1.91478
0.00220037,1.91659
0.00220249,1.91834
0.00220161,1.92013
0.00220358,1.92195
0.00220557,1.92376
0.00220721,1.92573
0.00220593,1.92771
0.00220744,1.92974
0.0022062,1.93171
0.00220771,1.93374
0.00220929,1.93574
0.00221112,1.93763
0.00221302,1.93947
0.00221488,1.94134
0.0022137,1.94327
0.00221567,1.94508
0.00221793,1.94676
0.00222027,1.94841
0.00222255,1.95008
0.00222206,1.95169
0.0022245,1.95328
0.00222668,1.955
0.00222879,1.95675
0.0022281,1.95846
0.00223026,1.96018
0.00223221,1.962
0.00223408,1.96387
0.00223291,1.9658
0.00223441,1.96783
0.00223608,1.96979
0.0022375,1.97187
0.00223895,1.97393
0.00224047,1.97596
0.00224213,1.97793
0.00224098,1.97985
0.00224284,1.98171
0.00224474,1.98357
0.00224669,1.98539
0.00224896,1.98707
0.00224802,1.98888
0.00225309,1.9906
0.00225544,1.99223
0.00225482,1.99391
0.00225705,1.9956
0.00225895,1.99746
0.00226094,1.99926
0.00226278,2.00114
0.00226475,2.00296
0.00226359,2.00488
0.0022653,2.00682
0.0022671,2.00871
0.00226864,2.01073
0.00226739,2.01269
0.00226882,2.01477
0.00227047,2.01674
0.00227201,2.01875
0.00227365,2.02074
0.0022752,2.02275
0.00227692,2.02469
0.00227875,2.02656
0.00227756,2.02851
0.00227923,2.03046
0.00228388,2.03238
0.00228286,2.03425
0.00228492,2.03602
0.002287,2.03778
0.002289,2.03958
0.00229116,2.0413
0.00229313,2.04312
0.00229508,2.04495
0.00229682,2.04687
0.00229566,2.0488
0.00229726,2.05079
0.00229603,2.05276
0.00230035,2.05482
0.00229878,2.05694
0.00230013,2.05906
0.00230132,2.06124
0.00230261,2.06338
0.00230386,2.06553
0.00230528,2.0676
0.00230679,2.06965
0.00230839,2.07163
0.00230987,2.07368
0.00231156,2.07563
0.00231328,2.07757
0.00231512,2.07945
0.00231688,2.08137
0.00231868,2.08326
0.00232348,2.08511
0.00232536,2.08697
0.00232726,2.08882
0.00232877,2.09085
0.00233035,2.09285
0.0023288,2.09497
0.00233309,2.09706
0.00233426,2.09926
0.00233247,2.10147
0.0023364,2.10373
0.00233736,2.10603
0.00233844,2.10828
0.00233949,2.11052
0.00234078,2.11265
0.00234186,2.1149
0.00234314,2.11703
0.00234459,2.11909
0.00234603,2.12117
0.0023477,2.12312
0.00234939,2.12508
0.00235099,2.12707
0.00235232,2.12918
0.00235371,2.13127
0.00235512,2.13336
0.00235656,2.13544
0.00235789,2.13754
0.00235915,2.13969
0.00236039,2.14187
0.00236142,2.14411
0.00236233,2.14643
0.0023633,2.14872
0.00236449,2.15092
0.00236574,2.15307
0.00236702,2.15522
0.00236829,2.15736
0.00236669,2.15949
0.00236788,2.16168
0.00236913,2.16383
0.00237042,2.16598
0.00237177,2.16809
0.00237332,2.1701
0.00237481,2.17214
0.00237621,2.17422
0.00237758,2.17632
0.00237914,2.17834
0.00238358,2.18035
0.002385,2.18244
0.00238371,2.18443
0.00238815,2.18644
0.0023898,2.18841
0.00238838,2.19047
0.00239273,2.19253
0.00239409,2.19464
0.00239541,2.19676
0.00239675,2.19888
0.00239795,2.20104
0.00239926,2.20318
0.00240061,2.20529
0.00240192,2.20742
0.00240034,2.20954
0.0024043,2.21177
0.00240558,2.21394
0.00240678,2.2161
0.00240817,2.21819
0.00240958,2.22029
0.00241113,2.2223
0.0024129,2.22421
0.00241427,2.22631
0.00241586,2.2283
0.00241727,2.23039
0.00241905,2.2323
0.00242065,2.23429
0.00242223,2.23628
0.00242662,2.23833
0.00242786,2.2405
0.00242916,2.24263
0.00242986,2.24504
0.00243085,2.24733
0.00243167,2.24968
0.00243273,2.25194
0.00243372,2.25421
0.00243469,2.2565
0.00243578,2.25875
0.00243679,2.261
0.00243796,2.2632
0.00243892,2.2655
0.00244024,2.26763
0.00244147,2.26979
0.0024429,2.27187
0.00244725,2.27393
0.00244584,2.27597
0.00245016,2.27805
0.00245152,2.28015
0.00245278,2.2823
0.002454,2.28447
0.00245533,2.28659
0.00245658,2.28874
0.00245502,2.29086
0.00245917,2.29302
0.00246015,2.29531
0.00246102,2.29764
0.00246183,2.3
0.00246274,2.30232
0.00246655,2.30464
0.0024647,2.3069
0.00246581,2.30913
0.00246992,2.3113
0.00246817,2.31351
0.00247207,2.31577
0.00247332,2.31793
0.00247455,2.3201
0.00247599,2.32218
0.00247741,2.32425
0.00247883,2.32633
0.00248015,2.32845
0.00248136,2.33063
0.00248273,2.33272
0.0024841,2.33483
0.00248552,2.3369
0.00248677,2.33905
0.00248822,2.34111
0.00248953,2.34325
0.00248785,2.34542
0.00248913,2.34757
0.00249325,2.34973
0.0024916,2.3519
0.00249553,2.35414
0.00249676,2.35633
0.00249801,2.35848
0.00249922,2.36066
0.00250036,2.36287
0.00250141,2.36511
0.00250254,2.36733
0.00250351,2.36962
0.00250465,2.37183
0.00250579,2.37404
0.00250996,2.37619
0.00251125,2.37833
0.00251531,2.38053
0.00251663,2.38265
0.00251764,2.38492
0.00251883,2.3871
0.00252005,2.38928
0.00252139,2.39139
0.00252265,2.39356
0.00252391,2.39569
0.00252507,2.39791
0.00252611,2.40016
0.00252721,2.40238
0.00252802,2.40474
0.00252916,2.40695
0.00253021,2.40921
0.00253132,2.41144
0.00253257,2.41359
0.00253375,2.41579
0.00253494,2.41797
0.00253899,2.42017
0.00254023,2.42233
0.00254144,2.42452
0.00254293,2.42656
0.00254418,2.42871
0.00254838,2.43083
0.00254973,2.43295
0.00255085,2.43518
0.00255199,2.43738
0.00255295,2.43968
0.00255399,2.44194
0.00255776,2.44428
0.00255873,2.44657
0.00255963,2.44888
0.00256042,2.45127
0.0025613,2.4536
0.00256197,2.45603
0.00256279,2.45839
0.00256368,2.46071
0.00256472,2.46297
0.00256578,2.46523
0.00256687,2.46745
0.00257071,2.46974
0.00256902,2.47194
0.00257328,2.47403
0.00257443,2.47624
0.00257581,2.47833
0.00257717,2.48044
0.0025785,2.48256
0.00257978,2.48471
0.00258092,2.48693
0.00258217,2.48908
0.00258332,2.49127
0.0025844,2.49352
0.00258818,2.49585
0.00258935,2.49805
0.00259032,2.50034
0.00259118,2.50267
0.00259202,2.50502
0.00259288,2.50737
0.00259378,2.50969
0.00259755,2.51203
0.00259857,2.5143
0.00259957,2.51657
0.00260085,2.51871
0.00260208,2.52088
0.00260325,2.52307
0.0026045,2.52524
0.0026057,2.52742
0.00260677,2.52965
0.00260783,2.53191
0.00261176,2.53417
0.00261299,2.53633
0.00261407,2.53858
0.00261503,2.54086
0.00261582,2.54325
0.00261948,2.54564
0.00261729,2.54805
0.00262094,2.55043
0.00262187,2.55275
0.00262281,2.55506
0.00262388,2.5573
0.00262482,2.5596
0.00262553,2.56201
0.0026291,2.56444
0.00262988,2.56682
0.00263094,2.56908
0.00263199,2.57132
0.00263313,2.57353
0.00263429,2.57573
0.00263837,2.57791
0.00263647,2.5802
0.00264022,2.58254
0.00264121,2.58483
0.00264227,2.58707
0.00264627,2.58931
0.00264734,2.59154
0.00264841,2.59378
0.00264931,2.59612
0.00265013,2.59847
0.00265077,2.60092
0.00265439,2.60332
0.00265511,2.60573
0.00265602,2.60805
0.00265677,2.61045
0.00265743,2.61289
0.00265797,2.61537
0.00266149,2.61783
0.00266203,2.62033
0.00266254,2.62284
0.00266617,2.62523
0.00266691,2.62764
0.00266788,2.62993
0.00266879,2.63225
0.00266976,2.63454
0.00267357,2.63684
0.00267453,2.63915
0.0026755,2.64144
0.00267652,2.64371
0.00267783,2.64583
0.00267874,2.64815
0.00267965,2.65047
0.00268337,2.65283
0.00268416,2.6552
0.00268496,2.65758
0.00268586,2.6599
0.0026866,2.66229
0.00268736,2.66469
0.00268825,2.66701
0.00268894,2.66944
0.00269268,2.67179
0.00269353,2.67414
0.00269434,2.6765
0.00269528,2.6788
0.00269612,2.68115
0.00269702,2.68347
0.00270099,2.68572
0.00270196,2.68802
0.00270291,2.69031
0.00270374,2.69267
0.00270758,2.69498
0.00270848,2.6973
0.0027095,2.69957
0.00271039,2.70189
0.0027113,2.70421
0.00271207,2.70659
0.00271263,2.70908
0.00271623,2.71149
0.00271675,2.71401
0.00271732,2.71648
0.00272087,2.71892
0.00272153,2.72136
0.00272202,2.72388
0.00272258,2.72635
0.0027261,2.72881
0.00272677,2.73125
0.00272756,2.73363
0.00273118,2.73602
0.00273216,2.73831
0.0027332,2.74057
0.00273418,2.74286
0.00273505,2.7452
0.00273594,2.74753
0.00273671,2.74991
0.00274039,2.75229
0.0027413,2.75461
0.00274204,2.75701
0.00274265,2.75946
0.00274322,2.76193
0.0027467,2.76442
0.00274727,2.76691
0.00275056,2.76946
0.00275104,2.77199
0.00275153,2.77451
0.002755,2.77698
0.00275542,2.77953
0.00275593,2.78205
0.00275937,2.78453
0.00275986,2.78705
0.00276025,2.78961
0.00276061,2.79219
0.00276405,2.79469
0.0027676,2.79714
0.0027682,2.79961
0.00276882,2.80205
0.00276945,2.80451
0.00277002,2.80698
0.00277336,2.80953
0.00277388,2.81203
0.00277743,2.81447
0.00277805,2.81693
0.00277878,2.81934
0.00278217,2.82186
0.00278265,2.82437
0.0027859,2.82695
0.00278624,2.82955
0.00278652,2.83216
0.00278695,2.8347
0.00279025,2.83727
0.00279346,2.83988
0.00279384,2.84244
0.00279402,2.84511
0.00279418,2.84778
0.00279722,2.85045
0.0027975,2.85308
0.00279781,2.85568
0.0027983,2.85819
0.00280166,2.86072
0.00280205,2.8633
0.00280519,2.86592
0.00280828,2.86859
0.00280861,2.87119
0.00280903,2.87374
0.00280956,2.87624
0.00281284,2.8788
0.00281308,2.88144
0.0028133,2.88408
0.00281356,2.88671
0.00281664,2.88938
0.00281692,2.89198
0.0028202,2.89456
0.00282056,2.89714
0.00282095,2.89971
0.00282422,2.90228
0.00282466,2.90482
0.00282807,2.90732
0.00282852,2.90987
0.00282898,2.9124
0.00283238,2.9149
0.00283293,2.91739
0.00283343,2.91991
0.0028367,2.92247
0.00283986,2.92511
0.00284012,2.92774
0.00284317,2.93041
0.00284333,2.93309
0.00284655,2.93569
0.00284677,2.93833
0.00284703,2.94095
0.00285015,2.94361
0.00285028,2.94629
0.00285052,2.94893
0.00285356,2.9516
0.0028539,2.9542
0.00285709,2.9568
0.00286032,2.9594
0.00286058,2.96204
0.00286099,2.96459
0.00286139,2.96715
0.00286455,2.96977
0.00286495,2.97234
0.0028654,2.97487
0.00286597,2.97734
0.0028694,2.97985
0.00286991,2.98236
0.00287322,2.98491
0.00287372,2.98743
0.00287697,2.99001
0.00287736,2.99257
0.0028807,2.99512
0.00288112,2.99767
0.00288148,3.00025
0.00288454,3.00292
0.00288466,3.00562
0.00288475,3.00832
0.00288779,3.011
0.00289071,3.01373
0.00289078,3.01645
0.00289091,3.01915
0.00289386,3.02187
0.00289683,3.0246
0.00289676,3.02738
0.00289986,3.03003
0.00290009,3.03267
0.00290329,3.03526
0.00290654,3.03786
0.00290673,3.04053
0.00290682,3.04323
0.00290667,3.04605
0.00290971,3.04872
0.00291272,3.05142
0.00291576,3.05411
0.0029187,3.05684
0.00291855,3.05966
0.00292116,3.06255
0.00292087,3.06545
0.00292361,3.06827
0.00292352,3.07106
0.00292654,3.07375
0.00292646,3.07654
0.00292928,3.07933
0.00292916,3.08212
0.00293181,3.08499
0.00293169,3.0878
0.0029346,3.09055
0.00293479,3.09322
0.00293791,3.09586
0.00293796,3.09857
0.00293801,3.10131
0.00294086,3.10408
0.00294086,3.10683
0.00294369,3.10962
0.00294676,3.11229
0.00294692,3.11496
0.00294706,3.11763
0.00294994,3.12039
0.00294991,3.12316
0.00295289,3.12587
0.00295277,3.12868
0.00295283,3.1314
0.00295303,3.13405
0.00295628,3.13664
0.00295652,3.13927
0.00295955,3.14195
0.0029597,3.14464
0.00296257,3.1474
0.00296266,3.15012
0.00296567,3.1528
0.00296889,3.15541
0.00296919,3.15802
0.00296953,3.1606
0.00296976,3.16324
0.00297274,3.16596
0.00297292,3.16863
0.00297593,3.17131
0.00297628,3.17391
0.00297657,3.17652
0.00297985,3.17908
0.00297997,3.18178
0.00298023,3.1844
0.00298313,3.18715
0.00298327,3.18984
0.00298624,3.19255
0.00298932,3.19521
0.00298669,3.19785
0.00298995,3.20041
0.00299302,3.20308
0.00299612,3.20574
0.00299626,3.20842
0.00299625,3.21118
0.0029994,3.21381
0.00299963,3.21645
0.00300294,3.21901
0.00300332,3.22157
0.00300356,3.22421
0.0030066,3.22688
0.00300687,3.22951
0.00300983,3.23224
0.00301023,3.23479
0.00301344,3.2374
0.00301358,3.24008
0.00301663,3.24275
0.00301681,3.24542
0.00301976,3.24816
0.00301994,3.25083
0.0030228,3.25359
0.00302277,3.25635
0.00302582,3.25902
0.00302596,3.26171
0.003029,3.26439
0.00302919,3.26706
0.00302922,3.26979
0.00302936,3.27248
0.00303233,3.27519
0.0030354,3.27786
0.00303575,3.28044
0.00303611,3.28302
0.00303926,3.28565
0.00303944,3.28832
0.00304256,3.29097
0.00304264,3.29367
0.0030458,3.2963
0.00304882,3.299
0.00304898,3.30167
0.00304904,3.30438
0.00305187,3.30718
0.00305482,3.30989
0.00305492,3.31259
0.0030579,3.31531
0.00305805,3.318
0.00306117,3.32063
0.00306128,3.32334
0.00306429,3.32604
0.00306449,3.32869
0.0030647,3.33133
0.00306785,3.33397
0.00306806,3.33661
0.00306826,3.33928
0.0030713,3.34195
0.00307138,3.34467
0.00307146,3.34738
0.00307456,3.35004
0.00307471,3.35272
0.00307788,3.35533
0.00308095,3.358
0.0030811,3.36069
0.00308111,3.36343
0.00308108,3.36619
0.00308425,3.3688
0.00308733,3.37147
0.00308762,3.37408
0.00308785,3.37674
0.00309091,3.37939
0.00309375,3.38219
0.00309363,3.38499
0.00309374,3.38768
0.00309676,3.39038
0.0030971,3.39297
0.00310005,3.39569
0.00310303,3.39841
0.00310308,3.40114
0.00310594,3.4039
0.00310596,3.40665
0.00310885,3.40939
0.00311186,3.41209
0.00311479,3.41482
0.00311482,3.41757
0.00311752,3.42041
0.00311736,3.42323
0.00312008,3.42607
0.00312282,3.42889
0.00312271,3.4317
0.0031256,3.43445
0.00312572,3.43715
0.00312862,3.43989
0.00312856,3.44267
0.00313126,3.44551
0.00313409,3.4483
0.00313395,3.45112
0.00313383,3.45392
0.00313681,3.45663
0.00313968,3.45939
0.00313961,3.46219
0.00314228,3.46504
0.00314206,3.46789
0.0031447,3.47076
0.00314457,3.47357
0.00314742,3.47635
0.00314748,3.47906
0.00315036,3.48183
0.00315319,3.48462
0.00315595,3.48743
0.00315587,3.49022
0.00315577,3.49303
0.00316155,3.49577
0.00316163,3.49849
0.00316174,3.50119
0.00316462,3.50394
0.00316742,3.50674
0.00316721,3.5096
0.00316692,3.51248
0.00316964,3.51532
0.0031725,3.51808
0.00317545,3.52081
0.00317541,3.52357
0.00317837,3.5263
0.00317822,3.52911
0.00318096,3.53193
0.0031809,3.53473
0.0031837,3.53752
0.00318367,3.54028
0.00318647,3.54309
0.00318918,3.54593
0.00318897,3.54877
0.00319159,3.55165
0.00319408,3.55459
0.00319385,3.55745
0.00319655,3.5603
0.00319908,3.56322
0.00319892,3.56605
0.00320138,3.569
0.00320109,3.5719
0.00320362,3.57481
0.00320626,3.5777
0.00320596,3.58058
0.00320851,3.58349
0.00320819,3.58639
0.00321365,3.58931
0.00321356,3.5921
0.00321334,3.59495
0.00321312,3.59781
0.00321879,3.60063
0.0032185,3.60351
0.00322113,3.60638
0.00322383,3.60924
0.0032265,3.61209
0.00322622,3.61497
0.00322884,3.61786
0.00322835,3.62085
0.00323073,3.62384
0.0032304,3.62674
0.0032328,3.62973
0.00323523,3.6327
0.00323773,3.63563
0.00323754,3.63849
0.00324018,3.64134
0.00324277,3.64424
0.00324239,3.64718
0.00324485,3.65013
0.00324742,3.65304
0.00324715,3.65593
0.00324979,3.6588
0.00324942,3.66173
0.00325475,3.66469
0.00325414,3.66774
0.00325654,3.67071
0.00325613,3.67366
0.00325864,3.67659
0.00326121,3.6795
0.00326088,3.6824
0.00326346,3.6853
0.00326593,3.68826
0.00326563,3.69116
0.00326818,3.69407
0.0032708,3.69696
0.00327034,3.69992
0.00327282,3.70286
0.00327521,3.70587
0.00327474,3.70883
0.00327724,3.71178
0.00327948,3.71484
0.00328192,3.7178
0.00328435,3.72078
0.00328389,3.72374
0.00328615,3.72679
0.00328861,3.72975
0.00328823,3.73268
0.0032907,3.73562
0.00329031,3.73857
0.0032928,3.74151
0.00329241,3.74444
0.00329495,3.74737
0.00329753,3.75027
0.0032972,3.75317
0.00329967,3.75612
0.00330228,3.75902
0.00330187,3.76196
0.00330445,3.76486
0.00330704,3.76776
0.00330955,3.7707
0.00330911,3.77365
0.00331157,3.77661
0.00331125,3.77951
0.00331382,3.78241
0.00331358,3.78528
0.00331604,3.78824
0.00331857,3.79115
0.00332116,3.79405
0.003321,3.79689
0.00332091,3.79968
0.0033238,3.80243
0.00332379,3.80519
0.00332653,3.80801
0.0033292,3.81087
0.00332909,3.81367
0.003332,3.81642
0.00333477,3.81923
0.00333461,3.82205
0.00333441,3.8249
0.00333706,3.82777
0.00333677,3.83066
0.00333925,3.8336
0.00334187,3.83649
0.00334181,3.83926
0.00334182,3.84201
0.00334457,3.84482
0.0033475,3.84756
0.00334743,3.85034
0.00335032,3.8531
0.00335325,3.85583
0.00335336,3.85853
0.00335349,3.86122
0.0033564,3.86397
0.00335921,3.86676
0.00335898,3.86963
0.00336155,3.87253
0.00336141,3.87533
0.00336413,3.87817
0.00336384,3.88106
0.00336932,3.88396
0.00336891,3.8869
0.00337131,3.88989
0.00337394,3.89277
0.00337653,3.89567
0.00337637,3.8985
0.00337925,3.90126
0.00338173,3.9042
0.00338422,3.90715
0.00338683,3.91003
0.00338646,3.91296
0.00338916,3.9158
0.00338899,3.91864
0.00339157,3.92154
0.00339402,3.9245
0.0033936,3.92746
0.00339589,3.93048
0.00339552,3.93341
0.00339809,3.93631
0.00339768,3.93925
0.00340311,3.94218
0.00340269,3.94514
0.00340515,3.94809
0.00340749,3.95111
0.00340713,3.95404
0.00340966,3.95695
0.00341239,3.95978
0.00341215,3.96264
0.00341467,3.96559
0.00341432,3.9685
0.0034167,3.97149
0.0034191,3.97447
0.0034187,3.97742
0.00342118,3.98036
0.00342074,3.98332
0.00342318,3.98628
0.00342558,3.98927
0.0034251,3.99226
0.00342487,3.99512
0.00342748,3.998
0.00343028,4.00079
0.00343012,4.00361
0.00342985,4.0065
0.00343264,4.00929
0.00343538,4.01211
0.00343823,4.01489
0.00343797,4.01777
0.00344079,4.02057
0.00344335,4.02347
0.00344303,4.02638
0.00344547,4.02934
0.00344791,4.0323
0.00345054,4.03518
0.00345012,4.03813
0.00345266,4.04104
0.00345505,4.04405
0.00345466,4.04698
0.0034571,4.04994
0.00345969,4.05284
0.00345944,4.05571
0.0034592,4.05858
0.00346211,4.06132
0.00346473,4.06419
0.00346444,4.06709
0.00346711,4.06994
0.00346974,4.07283
0.00346952,4.07568
0.0034693,4.07854
0.003472,4.08137
0.00347465,4.08424
0.00347434,4.08714
0.00347675,4.09012
0.00347917,4.09309
0.00347898,4.09595
0.00347874,4.0988
0.00348142,4.10165
0.00348412,4.10451
0.00348389,4.10736
0.0034865,4.11024
0.00348632,4.11308
0.00348612,4.11592
0.00348896,4.1187
0.00348905,4.12141
0.00349197,4.12414
0.00349468,4.127
0.00349445,4.12985
0.00349707,4.13272
0.00349969,4.1356
0.0034995,4.13846
0.00349935,4.14128
0.0035021,4.14409
0.00350465,4.14702
0.00350415,4.14999
0.00350651,4.153
0.0035091,4.1559
0.00350889,4.15875
0.00351172,4.16153
0.0035144,4.16438
0.00351406,4.1673
0.00351657,4.17023
0.00351917,4.17312
0.00351904,4.17593
0.00351903,4.17868
0.00351873,4.18158
0.00352434,4.18442
0.00352402,4.18731
0.00352651,4.19026
0.00352912,4.19314
0.00352884,4.19603
0.00352864,4.19888
0.00353126,4.20175
0.00353095,4.20465
0.00353334,4.20764
0.00353599,4.21051
0.00353855,4.21342
0.00353819,4.21635
0.00354083,4.21921
0.00354351,4.22207
0.00354316,4.22499
0.00354544,4.22803
0.00354789,4.231
0.00354742,4.23396
0.00354998,4.23688
0.00355254,4.23979
0.00355506,4.24272
0.00355468,4.24565
0.00355681,4.24876
0.00355608,4.25186
0.00355839,4.25488
0.0035611,4.25773
0.00356374,4.2606
0.0035662,4.26356
0.00356571,4.26654
0.003568,4.26958
0.00357027,4.27263
0.00357259,4.27565
0.00357513,4.27858
0.00357482,4.28148
0.00357434,4.28445
0.00357633,4.28763
0.00357815,4.29089
0.0035801,4.29408
0.0035822,4.29721
0.00358151,4.30029
0.00358354,4.30345
0.0035857,4.30655
0.00358487,4.30969
0.00358677,4.31291
0.00358889,4.31604
0.00359121,4.31906
0.00359081,4.322
0.00359317,4.32501
0.00359541,4.32808
0.00359765,4.33113
0.00359715,4.33412
0.00359956,4.3371
0.00360187,4.34013
0.00360409,4.3432
0.00360624,4.34631
0.00360547,4.34942
0.00360462,4.35258
0.00360676,4.35568
0.00360912,4.35869
0.00361137,4.36174
0.00361353,4.36485
0.00361251,4.36809
0.00361457,4.37123
0.00361679,4.3743
0.0036162,4.37733
0.00361847,4.38038
0.00362075,4.38342
0.00362303,4.38647
0.00362507,4.38963
0.00362427,4.39274
0.00362655,4.3958
0.0036291,4.39871
0.00362873,4.40164
0.00363121,4.40457
0.00363357,4.40759
0.00363295,4.41063
0.00363527,4.41365
0.00363463,4.4167
0.00363708,4.41968
0.00363942,4.42268
0.00364153,4.42581
0.00364087,4.42888
0.00364288,4.43204
0.00364504,4.43515
0.00364724,4.43823
0.00364958,4.44124
0.00364883,4.44435
0.00365091,4.44749
0.00365283,4.4507
0.00365206,4.45381
0.00365446,4.4568
0.00365662,4.4599
0.00365881,4.46298
0.00365806,4.46609
0.00366003,4.46928
0.00366203,4.47246
0.00366416,4.47557
0.00366353,4.47862
0.00366886,4.4816
0.00366824,4.48463
0.00366726,4.48785
0.00366918,4.49106
0.00367118,4.49423
0.00367328,4.49736
0.00367546,4.50046
0.00367456,4.50363
0.0036765,4.50683
0.00367848,4.51002
0.00368036,4.51326
0.00368231,4.51645
0.00368444,4.51958
0.00368654,4.5227
0.0036857,4.52585
0.00368735,4.52919
0.00368916,4.53245
0.00369108,4.53567
0.00369309,4.53885
0.00369213,4.54205
0.00369401,4.54527
0.00369587,4.54852
0.00369764,4.5518
0.00369954,4.55504
0.00369872,4.55816
0.00370087,4.56126
0.00370304,4.56436
0.00370503,4.56755
0.00370705,4.57071
0.00370608,4.57393
0.00370816,4.57705
0.00371035,4.58014
0.00371237,4.58331
0.00371438,4.58648
0.00371322,4.58978
0.00371523,4.59295
0.00371703,4.59622
0.00371913,4.59935
0.00372113,4.60254
0.00372323,4.60567
0.00372512,4.60888
0.00372398,4.61218
0.00372595,4.61537
0.00372788,4.61857
0.00373009,4.62166
0.00373206,4.62485
0.00373122,4.62799
0.00373021,4.63122
0.00373495,4.63446
0.00373404,4.63765
0.00373603,4.64082
0.00373791,4.64406
0.00373697,4.64726
0.00373865,4.65059
0.00374056,4.65381
0.0037425,4.65701
0.00374457,4.66015
0.00374658,4.66333
0.00374859,4.66649
0.00374764,4.66969
0.00374959,4.6729
0.00374888,4.67598
0.00375101,4.67909
0.00375342,4.68207
0.00375569,4.68512
0.00375494,4.68823
0.00375703,4.69136
0.00375911,4.6945
0.00376129,4.69758
0.00376342,4.7007
0.00376281,4.70375
0.003765,4.70682
0.00376713,4.70994
0.00376639,4.71304
0.0037684,4.71622
0.00377059,4.7193
0.0037699,4.72238
0.00377215,4.72543
0.00377435,4.72851
0.00377364,4.7316
0.0037758,4.73469
0.0037781,4.73773
0.00377757,4.74074
0.00378278,4.74376
0.00378211,4.74684
0.00378427,4.74992
0.00378655,4.75297
0.00378602,4.75598
0.00378845,4.75896
0.00379085,4.76193
0.00379316,4.76497
0.00379542,4.76802
0.003795,4.77096
0.00380027,4.77397
0.00379989,4.7769
0.00380244,4.77981
0.00380493,4.78276
0.00380437,4.78578
0.00380666,4.78882
0.00380897,4.79184
0.00381125,4.79489
0.00381076,4.79786
0.00381307,4.8009
0.00381233,4.804
0.00381158,4.8071
0.00381646,4.81029
0.00381855,4.81341
0.00381773,4.81656
0.0038198,4.8197
0.00382481,4.82283
0.00382415,4.8259
0.00382622,4.82904
0.00382811,4.83227
0.00383015,4.83541
0.00383224,4.83856
0.00383432,4.84168
0.00383328,4.84493
0.00383515,4.84817
0.00383703,4.8514
0.00383891,4.85464
0.00384074,4.85789
0.00384239,4.86123
0.00384404,4.86457
0.00384569,4.86791
0.00384725,4.8713
0.00384894,4.87463
0.00385091,4.87782
0.00385267,4.8811
0.00385453,4.88435
0.00385639,4.8876
0.00385804,4.89092
0.00385972,4.89427
0.00385857,4.89756
0.00386322,4.90084
0.00386219,4.90409
0.00386389,4.9074
0.00386534,4.91084
0.00386401,4.91423
0.00386839,4.91764
0.00386973,4.92114
0.00387133,4.92449
0.0038728,4.92793
0.0038742,4.93139
0.00387546,4.93492
0.00387684,4.93838
0.00387826,4.94183
0.00387952,4.94537
0.00388091,4.94883
0.00388217,4.95236
0.00388364,4.95577
0.00388506,4.95922
0.0038865,4.96267
0.00388791,4.96612
0.00388935,4.96957
0.00389063,4.97308
0.00389197,4.97657
0.00389353,4.97996
0.00389516,4.98332
0.00389668,4.98672
0.00389809,4.99017
0.00389946,4.99365
0.00389803,4.99707
0.00389953,5.00048
0.00390122,5.00381
0.00390268,5.00723
0.00390422,5.01063
0.00390582,5.014
0.00390732,5.01741
0.00390897,5.02075
0.00391047,5.02416
0.00391199,5.02757
0.00391346,5.031
0.003915,5.03439
0.00391653,5.03779
0.00391839,5.04103
0.00392006,5.04437
0.00391877,5.04772
0.00392035,5.0511
0.00392198,5.05445
0.00392371,5.05775
0.00392561,5.06097
0.00392742,5.06425
0.00392927,5.06748
0.00393088,5.07084
0.00393251,5.0742
0.00393135,5.07749
0.003936,5.08079
0.00393759,5.08416
0.00393909,5.08758
0.00393772,5.09098
0.00393899,5.09449
0.00394046,5.09793
0.00394191,5.10136
0.00394335,5.10481
0.00394471,5.10829
0.00394595,5.11181
0.00394728,5.11531
0.00394881,5.11871
0.00395028,5.12214
0.00394901,5.12548
0.00395333,5.12893
0.00395473,5.1324
0.0039561,5.13587
0.0039576,5.13929
0.00395916,5.14268
0.00396066,5.14608
0.00396205,5.14955
0.00396334,5.15307
0.00396469,5.15655
0.00396579,5.16015
0.00396987,5.16371
0.00397111,5.16725
0.00397218,5.17086
0.00397332,5.17445
0.00397435,5.17808
0.00397544,5.1817
0.00397661,5.18527
0.00398051,5.18891
0.00398155,5.19255
0.00398268,5.19613
0.00398397,5.19964
0.00398512,5.20323
0.00398648,5.20671
0.00398764,5.21028
0.00398885,5.21383
0.00398998,5.21742
0.00399107,5.22102
0.00399232,5.22456
0.00399363,5.22805
0.00399489,5.23158
0.00399623,5.23507
0.00399768,5.2385
0.00399914,5.24194
0.00400046,5.24543
0.00400192,5.24887
0.00400326,5.25236
0.00400459,5.25585
0.00400592,5.25935
0.00400729,5.26281
0.00400862,5.26631
0.00400978,5.26989
0.00401076,5.27354
0.00401185,5.27716
0.00401302,5.28073
0.0040141,5.28434
0.00401549,5.28781
0.00401966,5.29132
0.00402101,5.29481
0.00402223,5.29835
0.00402347,5.30189
0.00402471,5.30541
0.00402886,5.30895
0.00402997,5.31256
0.00403108,5.31616
0.00403234,5.31968
0.00403342,5.32328
0.0040345,5.3269
0.00403545,5.33058
0.00403638,5.33425
0.00403731,5.33795
0.00403835,5.34156
0.00403951,5.34515
0.00404333,5.34884
0.00404164,5.35238
0.00404274,5.35598
0.00404396,5.35954
0.00404523,5.36305
0.00404661,5.36653
0.00404807,5.36996
0.00404958,5.37336
0.00404824,5.37675
0.00405271,5.38012
0.00405157,5.38342
0.00405587,5.38687
0.00405711,5.39041
0.0040585,5.39387
0.00405991,5.39733
0.00406136,5.40077
0.00406268,5.40426
0.00406396,5.40779
0.00406492,5.41145
0.00406596,5.41508
0.00406699,5.41871
0.00406826,5.42224
0.0040724,5.42578
0.00407352,5.42938
0.00407449,5.43304
0.0040755,5.43667
0.00407653,5.44032
0.00408044,5.44396
0.00408428,5.44764
0.00408505,5.4514
0.00408604,5.45506
0.00408704,5.4587
0.00408795,5.4624
0.00408887,5.46609
0.00408966,5.46983
0.00409332,5.4736
0.0040941,5.47735
0.00409484,5.48112
0.00409586,5.48477
0.00409967,5.48844
0.00410049,5.4922
0.00410115,5.496
0.004102,5.49972
0.00410274,5.50349
0.00410357,5.50723
0.00410725,5.51098
0.00410802,5.51473
0.00410894,5.51843
0.00411274,5.52214
0.00411081,5.52578
0.00411448,5.52955
0.00411532,5.53327
0.00411617,5.537
0.00411991,5.54072
0.00412086,5.5444
0.00412185,5.54804
0.00412284,5.55171
0.00412375,5.5554
0.00412757,5.55908
0.00412839,5.56282
0.00412928,5.56652
0.00412999,5.57031
0.00413071,5.57409
0.00413442,5.57783
0.00413518,5.5816
0.00413597,5.58534
0.00413673,5.58911
0.00413742,5.59291
0.00413816,5.59667
0.00413907,5.60037
0.00414284,5.60407
0.00414401,5.60765
0.004145,5.61131
0.00414608,5.61492
0.0041471,5.61856
0.00414819,5.62217
0.00414928,5.62577
0.0041533,5.62936
0.00415137,5.63304
0.00415533,5.63664
0.00415661,5.64016
0.00415777,5.64373
0.00415902,5.64727
0.0041601,5.65089
0.00416403,5.65451
0.00416509,5.65814
0.00416612,5.66178
0.00416725,5.66537
0.00416824,5.66902
0.00417206,5.67271
0.00417286,5.67645
0.00417359,5.68023
0.00417711,5.68406
0.00417792,5.6878
0.00417875,5.69152
0.00417953,5.69528
0.00418327,5.699
0.00418416,5.70271
0.00418792,5.70643
0.00418886,5.71011
0.00418973,5.71383
0.00419069,5.71749
0.00419181,5.72108
0.00419561,5.72477
0.00419658,5.72845
0.00419724,5.73225
0.00419796,5.73603
0.00420146,5.73988
0.00420212,5.74369
0.00420266,5.74755
0.00420325,5.7514
0.00420672,5.75526
0.00420726,5.75912
0.004208,5.76289
0.00420856,5.76675
0.00420931,5.77052
0.00421299,5.77427
0.00421375,5.77804
0.00421482,5.78166
0.00421591,5.78526
0.00421701,5.78886
0.00422091,5.79251
0.00422176,5.79623
0.00422262,5.79995
0.00422644,5.80363
0.00422729,5.80737
0.00422807,5.81112
0.00423178,5.81486
0.00423242,5.81867
0.00423308,5.82249
0.00423654,5.82635
0.00423703,5.83024
0.00423773,5.83402
0.00423836,5.83785
0.00424209,5.84158
0.00424306,5.84526
0.00424396,5.84895
0.00424482,5.85267
0.0042485,5.85642
0.00424637,5.86018
0.00425011,5.8639
0.00425103,5.86759
0.00425484,5.87127
0.00425579,5.87496
0.00425667,5.87866
0.00425757,5.88236
0.00425843,5.88607
0.00426199,5.88989
0.00426263,5.8937
0.00426625,5.8975
0.0042671,5.90121
0.00426792,5.90495
0.00426861,5.90875
0.00427208,5.91261
0.00427257,5.91648
0.00427593,5.92039
0.00427928,5.9243
0.00427977,5.9282
0.00428319,5.93208
0.00428363,5.93598
0.00428687,5.93995
0.00429012,5.94392
0.00429334,5.94789
0.00429349,5.95194
0.00429362,5.956
0.00429672,5.96003
0.00429701,5.96403
0.00430026,5.96797
0.00430054,5.97196
0.00430352,5.97605
0.00430368,5.98008
0.00430372,5.9842
0.00430679,5.98823
0.00430999,5.99223
0.00431306,5.99626
0.00431324,6.00032
0.00431622,6.0044
0.00431616,6.00855
0.00431908,6.01267
0.00431909,6.01679
0.00432196,6.02091
0.00432196,6.02503
0.00432211,6.02909
0.00432502,6.03321
0.00432517,6.03727
0.00432806,6.04139
0.00433101,6.04548
0.00433141,6.04942
0.00433457,6.05342
0.00433781,6.05738
0.00433826,6.06132
0.00434153,6.06526
0.00434166,6.06932
0.00434194,6.07331
0.00434501,6.07734
0.00434804,6.0814
0.00435112,6.08546
0.00435106,6.08961
0.00435118,6.09367
0.00435424,6.09773
0.00435702,6.10191
0.00435696,6.10606
0.00435698,6.11018
0.00435989,6.1143
0.004363,6.1183
0.00436331,6.12229
0.00436624,6.12638
0.0043664,6.13044
0.00436647,6.13453
0.00436954,6.13859
0.00436957,6.14268
0.00437255,6.14677
0.00437561,6.15083
0.00437592,6.1548
0.00437607,6.15885
0.0043792,6.16285
0.00437956,6.16682
0.00437969,6.17088
0.00438295,6.17481
0.00438616,6.17881
0.00438935,6.18281
0.00438967,6.18678
0.00439271,6.19084
0.00439296,6.19483
0.0043959,6.19895
0.00439607,6.20298
0.00439906,6.20707
0.00439914,6.21116
0.00440193,6.21531
0.00440193,6.21946
0.004405,6.22349
0.00440501,6.22761
0.00440809,6.23164
0.00441106,6.23573
0.00441132,6.23976
0.00441145,6.24381
0.00441446,6.24787
0.00441488,6.25181
0.00441808,6.25578
0.00441843,6.25975
0.00441876,6.26371
0.0044221,6.26762
0.00442237,6.27162
0.00442545,6.27564
0.00442584,6.27961
0.00442909,6.28355
0.00442957,6.28746
0.00443291,6.29136
0.00443326,6.29533
0.00443348,6.29936
0.0044367,6.30332
0.00443992,6.30729
0.0044402,6.31129
0.00444068,6.31518
0.00444392,6.31915
0.00444721,6.32308
0.00444761,6.32702
0.00444786,6.33102
0.0044512,6.33493
0.00445166,6.33883
0.00445216,6.34274
0.00445565,6.34658
0.00445639,6.35035
0.00445982,6.35423
0.00446041,6.35807
0.00446369,6.36201
0.00446422,6.36589
0.00446757,6.36979
0.0044679,6.37376
0.0044712,6.3777
0.00447141,6.38172
0.00447164,6.38572
0.00447477,6.38975
0.00447491,6.39381
0.00447795,6.39787
0.00447824,6.40183
0.00448151,6.4058
0.00448197,6.40971
0.00448247,6.4136
0.0044857,6.41757
0.00448634,6.42138
0.00448689,6.42524
0.00449034,6.42912
0.00449377,6.43298
0.00449432,6.43684
0.00449492,6.44068
0.00449823,6.44459
0.00450164,6.4485
0.00450208,6.4524
0.00450248,6.45634
0.00450555,6.4604
0.00450865,6.46443
0.00450879,6.46849
0.00450896,6.47251
0.00451196,6.4766
0.00451495,6.48066
0.00451494,6.48481
0.00451789,6.4889
0.00451795,6.49299
0.00452106,6.49702
0.00452422,6.50102
0.00452444,6.50505
0.00452461,6.50907
0.00452772,6.5131
0.004528,6.5171
0.00453119,6.5211
0.00453152,6.52506
0.00453457,6.52909
0.00453489,6.53309
0.00453795,6.53712
0.00453806,6.54121
0.00454125,6.54518
0.0045415,6.5492
0.00454183,6.55317
0.00454498,6.55717
0.00454799,6.56123
0.00454808,6.56532
0.00454831,6.56932
0.00455132,6.5734
0.00455448,6.5774
0.00455476,6.5814
0.00455784,6.58543
0.00455806,6.58946
0.00455831,6.59345
0.00456153,6.59742
0.00456486,6.60136
0.00456529,6.60527
0.00456867,6.60917
0.00456919,6.61306
0.00456966,6.61695
0.00457292,6.62089
0.00457334,6.62483
0.00457679,6.6287
0.00457723,6.63261
0.00457761,6.63655
0.00458098,6.64045
0.00458141,6.64436
0.00458178,6.64833
0.00458206,6.65229
0.00458522,6.65629
0.00458869,6.66017
0.00458925,6.66403
0.00459274,6.66787
0.00459319,6.67178
0.00459378,6.67562
0.00459726,6.67948
0.00459776,6.68337
0.00460118,6.68724
0.00460159,6.69117
0.00460488,6.69511
0.00460531,6.69902
0.00460857,6.703
0.00460863,6.70709
0.00460883,6.71112
0.00461178,6.71521
0.00461184,6.71929
0.00461503,6.72329
0.00461513,6.72735
0.00461829,6.73135
0.00462145,6.73535
0.00462156,6.73944
0.0046246,6.74349
0.00462465,6.74758
0.00462773,6.75164
0.00463076,6.7557
0.00463088,6.75976
0.00463096,6.76385
0.00463385,6.76797
0.00463662,6.77215
0.00463666,6.77627
0.0046396,6.78036
0.00463955,6.78451
0.00464267,6.78854
0.00464266,6.79266
0.00464264,6.79681
0.00464561,6.8009
0.00464563,6.80499
0.00464875,6.80902
0.00464894,6.81304
0.00465201,6.8171
0.0046522,6.82113
0.00465519,6.82522
0.00465823,6.82928
0.00465851,6.83328
0.00466158,6.83731
0.0046617,6.84136
0.00466456,6.84552
0.00466449,6.84967
0.00466734,6.85382
0.00466733,6.85794
0.0046701,6.86215
0.00467293,6.8663
0.00467295,6.87042
0.00467576,6.87457
0.00467877,6.87866
0.00467871,6.88281
0.00468172,6.88687
0.00468184,6.89093
0.00468492,6.89498
0.00468792,6.89904
0.00468803,6.90313
0.00468815,6.90719
0.00469109,6.91131
0.00469401,6.9154
0.004694,6.91955
0.00469698,6.92361
0.00469694,6.92776
0.00469694,6.93188
0.00469702,6.93597
0.00469999,6.94006
0.00470304,6.94412
0.00470322,6.94815
0.00470353,6.95214
0.00470669,6.95614
0.00470714,6.96005
0.00470762,6.96395
0.00471105,6.96781
0.00471151,6.97172
0.00471202,6.97561
0.00471554,6.97944
0.00471895,6.98332
0.00471956,6.98716
0.00471993,6.9911
0.00472329,6.99501
0.00472653,6.99897
0.00472683,7.00294
0.00472977,7.00706
0.00473004,7.01106
0.00473296,7.01518
0.00473307,7.01924
0.00473619,7.02326
0.00473923,7.02732
0.00473929,7.03141
0.00474227,7.0355
0.0047423,7.03959
0.0047453,7.04368
0.00474572,7.04762
0.00474885,7.05162
0.00474916,7.05561
0.00475219,7.05967
0.00475229,7.06373
0.00475527,7.06782
0.00475544,7.07188
0.00475854,7.07591
0.00475881,7.07991
0.00476196,7.0839
0.00476501,7.08796
0.00476514,7.09202
0.00476809,7.09611
0.00476823,7.10017
0.00476827,7.10429
0.00477138,7.10829
0.00477447,7.11235
0.00477458,7.1164
0.00477771,7.12043
0.00477774,7.12452
0.00478081,7.12858
0.00478094,7.13264
0.00478403,7.13667
0.00478413,7.14076
0.00478448,7.14469
0.00478752,7.14875
0.00479058,7.15281
0.00479369,7.15684
0.00479373,7.16093
0.00479395,7.16496
0.00479687,7.16908
0.00479709,7.17311
0.00480022,7.1771
0.0048004,7.18116
0.00480338,7.18522
0.00480637,7.18931
0.00480643,7.1934
0.00480649,7.19749
0.00480947,7.20158
0.00481226,7.20576
0.00481244,7.20982
0.00481249,7.21391
0.00481541,7.21803
0.00481555,7.22209
0.00481847,7.22618
0.00481851,7.2303
0.0048217,7.23429
0.00482485,7.23829
0.00482517,7.24226
0.00482558,7.2462
0.00482873,7.25019
0.00483206,7.2541
0.00483234,7.2581
0.00483259,7.26213
0.00483569,7.26615
0.00483891,7.27012
0.00483917,7.27412
0.00483935,7.27815
0.00484232,7.28224
0.00484516,7.28639
0.00484512,7.29054
0.00484507,7.29469
0.00484815,7.29872
0.00485134,7.30271
0.00485153,7.30674
0.00485171,7.31077
0.0048548,7.31483
0.00485788,7.31886
0.00486108,7.32283
0.00485833,7.32688
0.0048615,7.33088
0.00486496,7.33476
0.00486584,7.33847
0.00486649,7.34228
0.00487003,7.3461
0.00487062,7.34994
0.00487394,7.35385
0.00487455,7.35771
0.00487789,7.36161
0.00487873,7.36534
0.00488239,7.36911
0.00488284,7.37301
0.00488585,7.37707
0.00488887,7.38116
0.00488918,7.38513
0.00488941,7.38916
0.00489248,7.39318
0.00489566,7.39718
0.00489595,7.40118
0.00489622,7.40515
0.00489927,7.40921
0.00489944,7.41326
0.0049022,7.41745
0.00490227,7.42153
0.00490523,7.42562
0.00490824,7.42971
0.00491147,7.43368
0.0049116,7.43774
0.00491465,7.4418
0.00491462,7.44592
0.00491754,7.45004
0.00491746,7.45419
0.00492059,7.45822
0.00492359,7.46231
0.00492366,7.4664
0.00492665,7.47045
0.00492673,7.47454
0.00492953,7.47872
0.00492945,7.48287
0.00493251,7.48693
0.00493537,7.49108
0.00493826,7.4952
0.00493829,7.49932
0.00494107,7.5035
0.004941,7.50766
0.00494372,7.51187
0.0049463,7.51614
0.00494603,7.52038
0.00494883,7.52456
0.00494856,7.5288
0.00495142,7.53295
0.00495426,7.5371
0.00495417,7.54129
0.00495718,7.54534
0.00495719,7.54946
0.00496001,7.55361
0.0049601,7.5577
0.00496323,7.56173
0.00496624,7.56579
0.00496636,7.56988
0.00496923,7.574
0.00496918,7.57815
0.00497197,7.58233
0.00497464,7.58654
0.00497451,7.59075
0.00497736,7.59487
0.00498027,7.59902
0.00498314,7.60314
0.00498308,7.6073
0.00498303,7.61145
0.0049859,7.6156
0.00498897,7.61962
0.00498924,7.62362
0.00498941,7.62768
0.00499257,7.63168
0.00499582,7.63565
0.00499595,7.6397
0.00499883,7.64382
0.00499898,7.64788
0.00500188,7.652
0.00500482,7.65612
0.00500765,7.66027
0.00500756,7.66442
0.00500765,7.66851
0.0050104,7.67269
0.00501298,7.67697
0.00501283,7.68118
0.00501563,7.68536
0.00501825,7.6896
0.00501828,7.69372
0.0050212,7.69784
0.00502117,7.70196
0.00502403,7.70611
0.00502674,7.71032
0.00502658,7.71453
0.0050294,7.71868
0.00503242,7.72274
0.00503539,7.72683
0.00503548,7.73092
0.0050383,7.73507
0.00503809,7.73931
0.00504091,7.74346
0.0050409,7.74761
0.00504384,7.7517
0.00504671,7.75585
0.00504683,7.75991
0.00504676,7.76406
0.00504973,7.76815
0.00505278,7.77221
0.00505572,7.7763
0.00505588,7.78036
0.00505595,7.78445
0.00505903,7.78851
0.00506212,7.79254
0.00506249,7.79647
0.0050655,7.80053
0.00506569,7.80459
0.00506583,7.80865
0.00506875,7.81277
0.00507188,7.81677
0.00507209,7.8208
0.00507531,7.82476
0.00507556,7.82876
0.00507577,7.83279
0.00507609,7.83676
0.00507923,7.84079
0.00508245,7.84475
0.00508288,7.84866
0.00508628,7.85256
0.00508665,7.8565
0.005087,7.86047
0.00509325,7.86438
0.00509347,7.8684
0.0050938,7.87237
0.00509693,7.87637
0.00509734,7.88031
0.0051005,7.8843
0.00510076,7.8883
0.00510405,7.89224
0.00510443,7.8962
0.00510785,7.90008
0.00510808,7.90408
0.00510848,7.90802
0.00511183,7.91192
0.00511233,7.91583
0.00511582,7.91967
0.00511633,7.92355
0.00511689,7.92741
0.00511723,7.93138
0.00511772,7.93527
0.00512103,7.93917
0.00512157,7.94306
0.00512224,7.94686
0.00512563,7.95076
0.00512914,7.9546
0.00512959,7.95851
0.00513009,7.9624
0.00513335,7.96633
0.00513401,7.97016
0.00513745,7.97402
0.00513788,7.97793
0.00514129,7.98182
0.00514163,7.98579
0.00514491,7.98973
0.0051452,7.99372
0.00514846,7.99766
0.00515172,8.00163
0.00515512,8.00552
0.00515524,8.00958
0.00515543,8.01361
0.00515857,8.0176
0.0051617,8.02163
0.00516475,8.02569
0.00516496,8.02972
0.00516519,8.03372
0.00516824,8.03778
0.00516848,8.0418
0.00517135,8.04592
0.00517175,8.04986
0.00517494,8.05386
0.00517524,8.05783
0.00517845,8.06179
0.00517882,8.06576
0.00518217,8.06967
0.00518242,8.07366
0.0051829,8.07757
0.0051862,8.08151
0.0051897,8.08535
0.00519006,8.08929
0.00519331,8.09326
0.00519378,8.09716
0.00519691,8.10116
0.00519745,8.10505
0.00520063,8.10902
0.00520103,8.11296
0.00520146,8.11689
0.00520467,8.12086
0.005205,8.12483
0.00520825,8.12879
0.00520855,8.13276
0.00521167,8.13679
0.00521216,8.1407
0.00521527,8.14469
0.00521576,8.1486
0.00521914,8.15251
0.00521941,8.1565
0.00521991,8.16038
0.00522329,8.16429
0.00522673,8.16815
0.00522736,8.17198
0.00523091,8.17579
0.00523156,8.17961
0.00523221,8.18342
0.00523289,8.18722
0.00523355,8.19104
0.00523722,8.1948
0.00523491,8.19865
0.00523844,8.20246
0.005242,8.20628
0.00524577,8.20999
0.00524651,8.21376
0.0052472,8.21757
0.00525071,8.2214
0.00524851,8.22518
0.00525217,8.22895
0.00525576,8.23274
0.00525661,8.23648
0.00525727,8.24028
0.00526086,8.24407
0.00526145,8.24792
0.00526223,8.25167
0.00526308,8.2554
0.00526679,8.25914
0.00526747,8.26293
0.0052682,8.26672
0.00527205,8.27038
0.00527297,8.27409
0.00527391,8.27775
0.00527779,8.28141
0.00527878,8.28508
0.00527968,8.28877
0.00528345,8.29248
0.0052845,8.29611
0.00528831,8.2998
0.00528905,8.30358
0.00528972,8.30738
0.00529044,8.31117
0.00529115,8.31495
0.00529488,8.31868
0.00529553,8.32249
0.00529914,8.32629
0.0052999,8.33006
0.00530353,8.33383
0.00530431,8.33758
0.00530524,8.34127
0.00530892,8.34503
0.00530981,8.34872
0.00531074,8.35241
0.00531448,8.35614
0.00531543,8.35981
0.00531626,8.36354
0.00532004,8.36724
0.00532084,8.371
0.00532175,8.37467
0.00532549,8.3784
0.00532627,8.38217
0.00532696,8.38595
0.00533051,8.38978
0.00533128,8.39353
0.00533203,8.3973
0.00533575,8.40104
0.00533641,8.40486
0.00533714,8.40863
0.00534076,8.41241
0.00534164,8.41612
0.00534263,8.41978
0.00534656,8.42341
0.00534471,8.42704
0.00534855,8.43072
0.00534956,8.43435
0.00535344,8.43801
0.00535451,8.44165
0.00535564,8.44523
0.00535684,8.44877
0.00535779,8.45245
0.00536173,8.4561
0.00536249,8.45985
0.00536328,8.4636
0.00536698,8.46734
0.00536781,8.47108
0.00537157,8.4748
0.00537253,8.47847
0.00537338,8.48219
0.00537698,8.48597
0.00537781,8.48971
0.00537868,8.49342
0.00537978,8.49702
0.0053838,8.50061
0.00538474,8.5043
0.00538587,8.50788
0.0053898,8.51152
0.00539076,8.51519
0.00539467,8.51882
0.00539567,8.52249
0.00539662,8.52616
0.0053976,8.52981
0.00540147,8.53347
0.00540243,8.53715
0.0054034,8.54081
0.00540424,8.54454
0.00540798,8.54826
0.00541188,8.55191
0.0054128,8.55561
0.00541378,8.55926
0.0054149,8.56286
0.00541585,8.56654
0.00541976,8.57017
0.00542065,8.57388
0.00542174,8.57749
0.00542272,8.58114
0.00542378,8.58477
0.00542759,8.58847
0.00542866,8.59208
0.00542987,8.59564
0.00543371,8.5993
0.00543473,8.60295
0.00543569,8.60662
0.00543687,8.61018
0.00543793,8.61381
0.0054421,8.61732
0.00544336,8.62086
0.00544471,8.62434
0.00544897,8.62782
0.00544711,8.63145
0.00545125,8.63499
0.00545259,8.63847
0.00545394,8.64196
0.0054551,8.64553
0.00545629,8.64909
0.00546049,8.6526
0.00546162,8.6562
0.00546265,8.65983
0.00546362,8.66349
0.00546477,8.66706
0.00546876,8.67066
0.00546991,8.67425
0.00547096,8.67789
0.00547498,8.68148
0.00547622,8.68502
0.00547716,8.6887
0.00548119,8.69228
0.00548233,8.69587
0.00548344,8.69947
0.00548451,8.70308
0.00548564,8.70667
0.00548966,8.71026
0.00548787,8.71386
0.00549186,8.71747
0.00549272,8.72118
0.00549371,8.72483
0.00549756,8.72851
0.0054987,8.73211
0.00549979,8.73571
0.00550384,8.73928
0.00550484,8.74294
0.00550588,8.74657
0.00550704,8.75014
0.00550824,8.7537
0.00551247,8.75718
0.00551086,8.7607
0.005515,8.76424
0.00551899,8.76784
0.00551738,8.77137
0.00552143,8.77492
0.00552271,8.77845
0.00552386,8.78203
0.0055249,8.78567
0.00552875,8.78933
0.0055297,8.79302
0.00553055,8.79674
0.00553445,8.80037
0.00553533,8.8041
0.0055361,8.80785
0.00553704,8.81153
0.00554091,8.81519
0.00554475,8.81887
0.00554573,8.82253
0.00554676,8.82618
0.00554769,8.82985
0.00555168,8.83346
0.0055526,8.83715
0.00555378,8.84072
0.0055578,8.84431
0.00555881,8.84795
0.0055597,8.85166
0.00556366,8.85528
0.00556456,8.85897
0.00556549,8.86266
0.00556642,8.86634
0.00557015,8.87008
0.00557392,8.87379
0.0055748,8.87749
0.0055756,8.88125
0.00557626,8.88505
0.00558,8.88877
0.00558081,8.89252
0.00558465,8.8962
0.00558569,8.89983
0.00558663,8.90351
0.00559048,8.90719
0.00559148,8.91083
0.00559234,8.91454
0.0055933,8.91822
0.00559727,8.92183
0.00559826,8.92548
0.00560197,8.92922
0.00560301,8.93287
0.00560394,8.93654
0.00560784,8.94019
0.00560883,8.94385
0.00560971,8.94756
0.00561353,8.95124
0.00561441,8.95495
0.00561544,8.95859
0.00561931,8.96226
0.0056175,8.96586
0.00562135,8.96953
0.00562519,8.97321
0.00562626,8.97683
0.00562714,8.98054
0.00562816,8.98418
0.00562914,8.98783
0.0056302,8.99146
0.00563407,8.99512
0.00563498,8.99882
0.00563591,9.00249
0.00563971,9.0062
0.00564061,9.00989
0.00564439,9.0136
0.00564547,9.01722
0.00564653,9.02083
0.00565031,9.02454
0.00565118,9.02825
0.00565495,9.03197
0.00565586,9.03567
0.00565948,9.03945
0.00566016,9.04325
0.00566082,9.04706
0.00566444,9.05085
0.00566495,9.05472
0.00566548,9.0586
0.00566873,9.06254
0.00567226,9.06638
0.00567274,9.07027
0.00567332,9.07413
0.00567687,9.07795
0.00567752,9.08176
0.0056782,9.08556
0.00568168,9.08941
0.00568241,9.09319
0.00568303,9.09702
0.00568673,9.10076
0.00569017,9.10464
0.00569067,9.10853
0.00569113,9.11242
0.00569474,9.1162
0.00569544,9.12
0.00569591,9.12391
0.00569637,9.12781
0.00569685,9.1317
0.00570034,9.13555
0.00570402,9.1393
0.00570474,9.14309
0.0057055,9.14686
0.00570918,9.15061
0.00570972,9.15447
0.00571038,9.15829
0.005714,9.16207
0.00571483,9.16579
0.00571857,9.16952
0.00571943,9.17324
0.00572022,9.17699
0.00572103,9.18073
0.00572185,9.18447
0.00572253,9.18827
0.00572637,9.19193
0.00573001,9.19571
0.00573093,9.19941
0.00573174,9.20315
0.00573546,9.20688
0.00573622,9.21065
0.00573706,9.21438
0.00573791,9.2181
0.00573889,9.22175
0.00573994,9.22538
0.00574363,9.22913
0.00574468,9.23276
0.00574861,9.23638
0.00574961,9.24004
0.00575052,9.24373
0.00575155,9.24737
0.00575539,9.25104
0.00575646,9.25467
0.00575742,9.25834
0.00575828,9.26204
0.00576222,9.26569
0.00576305,9.26941
0.00576392,9.27312
0.00576475,9.27686
0.00576851,9.28057
0.00576918,9.28438
0.00577285,9.28814
0.00577378,9.29181
0.00577466,9.29552
0.00577562,9.2992
0.00577929,9.30295
0.00578017,9.30666
0.00578385,9.31042
0.00578507,9.31397
0.00578611,9.3176
0.00578717,9.32122
0.00578837,9.32477
0.00579206,9.32853
0.00579294,9.33224
0.005794,9.33585
0.00579806,9.33944
0.0057991,9.34305
0.00580011,9.3467
0.00580109,9.35036
0.00580217,9.35398
0.00580348,9.35747
0.00580454,9.3611
0.00580566,9.36469
0.00580978,9.36823
0.00581099,9.37179
0.0058123,9.3753
0.00581366,9.37877
0.00581792,9.38225
0.00581889,9.38592
0.00582006,9.38949
0.00582127,9.39303
0.00582247,9.3966
0.00582374,9.40011
0.00582497,9.40365
0.005829,9.40725
0.00583012,9.41083
0.0058342,9.4144
0.00583547,9.41793
0.00583684,9.42141
0.00583791,9.42501
0.00583894,9.42866
0.00584011,9.43221
0.00584438,9.43569
0.00584269,9.43925
0.0058468,9.4428
0.00584793,9.44639
0.00584899,9.45
0.00585015,9.45357
0.00585435,9.4571
0.00585563,9.46061
0.0058569,9.46413
0.00585803,9.46772
0.005862,9.47133
0.00586317,9.47491
0.00586445,9.47843
0.00586563,9.48199
0.00586685,9.48553
0.00586802,9.48911
0.00586907,9.49273
0.00587057,9.49615
0.00587191,9.49962
0.00587335,9.50307
0.0058746,9.5066
0.00587868,9.51017
0.00587719,9.51363
0.00588148,9.5171
0.00588304,9.52047
0.00588455,9.52389
0.00588318,9.52729
0.00588732,9.53081
0.00588889,9.5342
0.0058904,9.5376
0.00588918,9.54093
0.00589374,9.54427
0.00589517,9.54772
0.00589675,9.55109
0.00589532,9.55451
0.00589976,9.5579
0.00590133,9.5613
0.00590285,9.5647
0.00590428,9.56815
0.00590567,9.57162
0.00590727,9.57497
0.00590882,9.57836
0.00591041,9.58173
0.00591195,9.58513
0.0059163,9.58855
0.00591472,9.59206
0.00591908,9.5955
0.00592066,9.59887
0.00592211,9.6023
0.00592074,9.6057
0.00592492,9.60923
0.00592626,9.61271
0.0059277,9.61616
0.00592913,9.6196
0.00593059,9.62304
0.00593491,9.62649
0.00593644,9.62989
0.00593782,9.63335
0.00593923,9.63682
0.00594084,9.64017
0.00594519,9.64361
0.00594371,9.64705
0.00594789,9.65058
0.00594928,9.65404
0.00595071,9.65749
0.00595231,9.66085
0.00595362,9.66436
0.00595499,9.66784
0.00595626,9.67136
0.00595739,9.67495
0.00595882,9.6784
0.00596019,9.68186
0.00596163,9.68531
0.00596304,9.68876
0.00596452,9.69219
0.00596589,9.69565
0.0059674,9.69907
0.00596887,9.70249
0.00597034,9.70592
0.00597481,9.7093
0.00597337,9.71273
0.00597504,9.71607
0.00597948,9.71946
0.00598089,9.72292
0.00598221,9.72642
0.00598355,9.72991
0.00598787,9.73336
0.00598635,9.73684
0.00599091,9.74016
0.00598938,9.74364
0.00599349,9.74718
0.00599175,9.75077
0.00599601,9.75423
0.00599742,9.7577
0.00599891,9.76111
0.00600029,9.76459
0.00600446,9.7681
0.00600304,9.77154
0.0060042,9.77511
0.00600837,9.77863
0.00600979,9.78208
0.00601103,9.78562
0.0060121,9.78924
0.00601324,9.79282
0.00601451,9.79633
0.00601874,9.79983
0.00602013,9.80329
0.00602138,9.80683
0.00602274,9.81031
0.00602115,9.81382
0.00602544,9.81727
0.00602713,9.82059
0.00602879,9.82393
0.0060274,9.82734
0.00603157,9.83086
0.00603302,9.83431
0.0060344,9.83777
0.00603583,9.84122
0.00603721,9.84469
0.00604162,9.84809
0.00604024,9.85151
0.00604172,9.85493
0.00604319,9.85834
0.00604758,9.86176
0.00604901,9.86522
0.00605033,9.86872
0.00605173,9.87218
0.0060532,9.8756
0.00605474,9.879
0.0060561,9.88248
0.00606027,9.88599
0.00605858,9.88955
0.00606272,9.89307
0.00606418,9.89652
0.00606573,9.89991
0.00606733,9.90328
0.00606903,9.90659
0.00607365,9.9099
0.00607249,9.9132
0.00607414,9.91654
0.00607587,9.91985
0.00608048,9.92316
0.00608209,9.92652
0.00608381,9.92983
0.00608547,9.93317
0.00608721,9.93647
0.00608864,9.93992
0.00608996,9.94341
0.00609115,9.94697
0.00609264,9.95038
0.00609702,9.9538
0.0060956,9.95724
0.00610001,9.96064
0.00610142,9.9641
0.00610273,9.96761
0.00610398,9.97114
0.00610522,9.97468
0.00610659,9.97814
0.00610807,9.98157
0.00611221,9.98511
0.00611353,9.98861
0.00611473,9.99216
0.00611603,9.99567
0.00611736,9.99917
0.00612171,10.0026
0.00612011,10.0061
0.00612441,10.0096
0.00612283,10.0131
0.0061271,10.0165
0.00612856,10.02
0.00612994,10.0234
0.00613417,10.0269
0.00613547,10.0304
0.00613662,10.034
0.00613785,10.0376
0.00613922,10.0411
0.00614069,10.0445
0.00614192,10.048
0.00614313,10.0516
0.00614446,10.0551
0.00614578,10.0586
0.00614727,10.062
0.0061515,10.0655
0.00615291,10.0689
0.00615138,10.0724
0.00615279,10.0758
0.00615422,10.0793
0.00615568,10.0827
0.00615715,10.0862
0.00615853,10.0896
0.00615999,10.0931
0.00616148,10.0965
0.00616333,10.0997
0.00616519,10.103
0.0061668,10.1063
0.00616838,10.1097
0.00617002,10.113
0.00617178,10.1163
0.00617356,10.1196
0.00617534,10.1229
0.00617706,10.1262
0.00617867,10.1296
0.00618025,10.1329
0.00618172,10.1364
0.0061835,10.1397
0.00618528,10.1429
0.00618677,10.1464
0.0061885,10.1496
0.00619019,10.153
0.00619178,10.1563
0.00619349,10.1597
0.00619522,10.163
0.00619687,10.1663
0.0061986,10.1696
0.00620313,10.173
0.00620478,10.1763
0.00620675,10.1795
0.00620853,10.1828
0.00621014,10.1861
0.00621186,10.1894
0.00621351,10.1928
0.0062152,10.1961
0.00621693,10.1994
0.00621863,10.2027
0.00622044,10.206
0.00621931,10.2093
0.00622086,10.2127
0.00622253,10.216
0.00622439,10.2193
0.00622631,10.2225
0.00622818,10.2257
0.00623001,10.229
0.00623173,10.2323
0.00623361,10.2355
0.00623526,10.2388
0.00623695,10.2422
0.00623866,10.2455
0.00624027,10.2488
0.00624191,10.2522
0.00624368,10.2555
0.00624526,10.2589
0.00624685,10.2622
0.00625138,10.2656
0.00625292,10.269
0.00625449,10.2724
0.00625601,10.2757
0.00625768,10.2791
0.00625934,10.2824
0.00626109,10.2857
0.00626545,10.2891
0.00626692,10.2926
0.00626848,10.296
0.00626997,10.2994
0.00627156,10.3028
0.006276,10.3061
0.00627474,10.3095
0.00627617,10.3129
0.00627781,10.3163
0.00628213,10.3197
0.0062807,10.3232
0.0062824,10.3265
0.00628388,10.3299
0.00628539,10.3333
0.00628696,10.3367
0.00628877,10.34
0.00629037,10.3433
0.00629198,10.3467
0.00629323,10.3502
0.00629764,10.3536
0.00629639,10.357
0.00630077,10.3604
0.00630262,10.3636
0.00630432,10.367
0.00630593,10.3703
0.00630741,10.3737
0.00630898,10.3771
0.00631067,10.3804
0.00631241,10.3837
0.00631405,10.3871
0.00631551,10.3905
0.00631706,10.3939
0.00631855,10.3973
0.00631992,10.4008
0.00632135,10.4043
0.00632273,10.4077
0.00632708,10.4112
0.0063256,10.4146
0.00633004,10.418
0.00633188,10.4213
0.00633455,10.4241
0.00633751,10.4268
0.00634052,10.4295
0.0063437,10.4322
0.0063471,10.4347
0.00635051,10.4372
0.0063571,10.4396
0.00636083,10.4419
0.00636445,10.4443
0.00636791,10.4468
0.00637348,10.4497
0.00637315,10.4526
0.00637828,10.4557
0.00638082,10.4586
0.0063831,10.4616
0.00638538,10.4647
0.00638741,10.4678
0.0063893,10.4711
0.00639128,10.4742
0.00639311,10.4775
0.0063949,10.4808
0.00639952,10.4841
0.0064015,10.4873
0.00640324,10.4906
0.00640482,10.494
0.00640938,10.4973
0.00641111,10.5006
0.00641283,10.5039
0.00641161,10.5072
0.00641332,10.5105
0.006418,10.5138
0.00641991,10.517
0.00642174,10.5203
0.00642359,10.5236
0.00642571,10.5267
0.00642782,10.5298
0.00643007,10.5329
0.00643252,10.5358
0.00643518,10.5387
0.00643503,10.5415
0.00643793,10.5442
0.00644072,10.5471
0.00644347,10.5499
0.00644625,10.5527
0.00644616,10.5555
0.00644627,10.5582
0.00644928,10.5609
0.00645225,10.5636
0.00645248,10.5662
0.00645546,10.5689
0.00645838,10.5717
0.00646133,10.5744
0.00646153,10.5771
0.00646488,10.5796
0.0064684,10.5821
0.00647193,10.5845
0.00647272,10.5869
0.00647357,10.5892
0.00647726,10.5916
0.00648117,10.5939
0.00648531,10.596
0.00648657,10.5982
0.00649098,10.6002
0.00649254,10.6023
0.00649701,10.6043
0.00650154,10.6062
0.00650322,10.6082
0.00651103,10.61
0.00651343,10.6116
0.00651909,10.6131
0.00652481,10.6145
0.00652776,10.6158
0.00653354,10.6172
0.00653936,10.6186
0.00654225,10.62
0.00654803,10.6214
0.00655387,10.6227
0.00655649,10.6242
0.0065618,10.6258
0.00656399,10.6276
0.00656902,10.6293
0.00657121,10.631
0.00657317,10.6328
0.00657796,10.6347
0.00657983,10.6366
0.00658472,10.6384
0.00658642,10.6403
0.00659122,10.6422
0.00659581,10.6441
0.00659779,10.6459
0.00660247,10.6478
0.00660425,10.6497
0.00660914,10.6516
0.00661118,10.6533
0.00661335,10.6551
0.00661872,10.6566
0.00662159,10.658
0.0066277,10.6593
0.0066313,10.6603
0.00664298,10.6575
0.00666467,10.6514
0.00776331,10.1358
