"Maximum force",4.74718,"N"
"Gage length ",0.444249,"mm"
"Strain energy",0.016399,"mJ"
"Deformation at maximum force",0.00706955,"mm"
"Standard travel","Standard force"
"mm","N"
0,0.261435
9.49949e-007,0.262362
2.16439e-006,0.263159
3.60981e-006,0.26385
5.17443e-006,0.264483
6.76885e-006,0.265101
8.30367e-006,0.265753
7.06688e-006,0.266341
8.52719e-006,0.267023
1.01738e-005,0.267619
8.96677e-006,0.268191
1.074e-005,0.268721
9.90182e-006,0.269123
1.18688e-005,0.269562
1.10343e-005,0.269963
1.27926e-005,0.270501
1.16751e-005,0.271035
1.04755e-005,0.271599
1.23307e-005,0.272091
1.14925e-005,0.272494
1.37128e-005,0.272814
1.32211e-005,0.27305
1.24089e-005,0.273433
1.14478e-005,0.273887
1.06022e-005,0.274288
9.69321e-006,0.274719
1.19731e-005,0.275009
1.15708e-005,0.275205
1.12876e-005,0.275338
1.1106e-005,0.275424
1.05919e-005,0.275667
9.8953e-006,0.275995
1.19368e-005,0.276403
1.13929e-005,0.276662
1.06813e-005,0.276998
1.03666e-005,0.277148
9.91765e-006,0.277359
1.23316e-005,0.277586
1.17803e-005,0.277853
1.10017e-005,0.278222
1.04727e-005,0.278471
9.85805e-006,0.278761
9.59355e-006,0.278887
9.42685e-006,0.278966
9.34349e-006,0.279005
9.27737e-006,0.279037
9.01287e-006,0.279162
8.61427e-006,0.279349
1.11177e-005,0.279538
1.07097e-005,0.279734
1.03111e-005,0.279922
1.03105e-005,0.279922
1.02774e-005,0.279938
9.97941e-006,0.280078
9.76428e-006,0.280181
9.35077e-006,0.280376
8.95216e-006,0.280564
8.58708e-006,0.280737
8.19034e-006,0.280925
8.12282e-006,0.280956
8.12262e-006,0.280957
7.97361e-006,0.281027
7.792e-006,0.281113
7.54427e-006,0.281231
7.17919e-006,0.281403
6.74706e-006,0.281607
6.69723e-006,0.28163
6.73029e-006,0.281615
7.01155e-006,0.281482
7.04508e-006,0.281466
6.9459e-006,0.281513
6.74752e-006,0.281607
6.28373e-006,0.281826
6.00247e-006,0.281959
5.7864e-006,0.282061
5.86836e-006,0.282023
5.86845e-006,0.282022
5.7525e-006,0.282077
5.53736e-006,0.282179
5.20581e-006,0.282335
4.8426e-006,0.282508
4.60883e-006,0.282617
4.74108e-006,0.282555
4.97298e-006,0.282446
5.20488e-006,0.282336
5.18893e-006,0.282344
5.10604e-006,0.282383
5.02316e-006,0.282422
4.72513e-006,0.282563
4.54259e-006,0.282649
4.54246e-006,0.282649
4.47634e-006,0.28268
4.5257e-006,0.282657
4.27797e-006,0.282774
4.14479e-006,0.282837
3.97901e-006,0.282916
3.69775e-006,0.283048
3.51521e-006,0.283135
3.48169e-006,0.283151
3.59764e-006,0.283096
3.69682e-006,0.283049
3.74665e-006,0.283025
3.63116e-006,0.28308
3.72988e-006,0.283033
3.53151e-006,0.283127
3.49845e-006,0.283143
3.54781e-006,0.283119
3.647e-006,0.283072
3.77924e-006,0.28301
3.78002e-006,0.28301
3.66407e-006,0.283065
3.61448e-006,0.283088
3.38258e-006,0.283198
3.18421e-006,0.283292
3.01843e-006,0.28337
3.01758e-006,0.28337
3.06718e-006,0.283347
3.08382e-006,0.283339
3.03423e-006,0.283362
2.98464e-006,0.283386
2.88499e-006,0.283433
2.66985e-006,0.283534
2.71921e-006,0.283511
2.85146e-006,0.283449
3.04983e-006,0.283355
3.18301e-006,0.283292
3.05076e-006,0.283354
2.96787e-006,0.283393
2.63818e-006,0.28355
2.5539e-006,0.283589
2.40489e-006,0.28366
2.56973e-006,0.283582
2.63632e-006,0.283551
2.38859e-006,0.283668
2.23865e-006,0.283738
1.95739e-006,0.283871
1.80838e-006,0.283942
1.56064e-006,0.284059
1.59208e-006,0.284044
1.67496e-006,0.284005
1.9227e-006,0.283888
1.94016e-006,0.28388
1.87403e-006,0.283911
1.90686e-006,0.283895
1.75878e-006,0.283965
1.54272e-006,0.284067
1.62514e-006,0.284029
1.75739e-006,0.283966
1.9064e-006,0.283895
1.84121e-006,0.283926
1.65867e-006,0.284012
1.47613e-006,0.284099
1.29452e-006,0.284185
1.04679e-006,0.284302
3.90781e-006,0.284318
4.10059e-006,0.284232
4.16672e-006,0.284201
4.26637e-006,0.284154
4.29966e-006,0.284138
4.11806e-006,0.284224
4.06777e-006,0.284248
6.83938e-006,0.28431
6.92413e-006,0.284271
7.04008e-006,0.284217
7.05684e-006,0.284209
6.95766e-006,0.284256
9.62497e-006,0.284365
9.33439e-006,0.284505
8.93579e-006,0.284694
8.53904e-006,0.284882
1.12809e-005,0.284953
1.12786e-005,0.284961
1.12952e-005,0.284953
1.11792e-005,0.285008
1.38912e-005,0.285094
1.36398e-005,0.285219
1.63667e-005,0.285298
1.62629e-005,0.285353
1.62462e-005,0.28536
1.93754e-005,0.285251
1.93352e-005,0.285274
2.22111e-005,0.285282
2.19447e-005,0.285415
2.45375e-005,0.285556
2.42861e-005,0.285682
2.6864e-005,0.28583
2.96058e-005,0.285909
2.94028e-005,0.286011
2.9155e-005,0.286128
3.18223e-005,0.286238
3.43555e-005,0.28641
3.38601e-005,0.286653
3.64678e-005,0.286786
3.63486e-005,0.286849
3.92245e-005,0.286857
3.94033e-005,0.286779
4.23239e-005,0.286771
4.236e-005,0.286755
4.51316e-005,0.286818
4.47535e-005,0.286998
4.45058e-005,0.287115
4.72029e-005,0.287209
4.98255e-005,0.287343
4.9737e-005,0.28739
5.23149e-005,0.287539
5.21464e-005,0.287625
5.16509e-005,0.287859
5.40947e-005,0.288071
5.66428e-005,0.288244
5.63019e-005,0.288408
5.61529e-005,0.288479
5.90586e-005,0.288479
5.91415e-005,0.28844
5.90423e-005,0.288487
6.18587e-005,0.288526
6.43322e-005,0.288729
6.41758e-005,0.288808
6.39607e-005,0.28891
6.6777e-005,0.288949
6.69157e-005,0.288887
6.96427e-005,0.288965
7.231e-005,0.289082
7.17698e-005,0.28934
7.40199e-005,0.289647
7.35654e-005,0.289866
7.30364e-005,0.290116
7.56888e-005,0.290234
7.55593e-005,0.290297
7.848e-005,0.290289
7.83328e-005,0.290359
8.09554e-005,0.290493
8.06425e-005,0.290642
8.31757e-005,0.290814
8.31674e-005,0.290822
8.59837e-005,0.290861
8.62724e-005,0.290729
8.90887e-005,0.290767
8.88643e-005,0.290877
9.12783e-005,0.291104
9.05779e-005,0.29144
9.29919e-005,0.291667
9.26231e-005,0.291848
9.25393e-005,0.291888
9.54003e-005,0.291903
9.53626e-005,0.291927
9.81938e-005,0.291958
9.7838e-005,0.29213
0.000100416,0.29228
0.000100164,0.292404
0.00010307,0.292405
0.000103285,0.292303
0.000103419,0.29224
0.000106399,0.292201
0.000108947,0.292373
0.000108554,0.292561
0.000107857,0.292889
0.00011051,0.293008
0.000110184,0.293165
0.000112762,0.293313
0.000115578,0.293361
0.000115183,0.293549
0.000117746,0.293705
0.00012013,0.293955
0.000122559,0.294183
0.000122146,0.294379
0.000124962,0.294419
0.00012477,0.294513
0.000127646,0.294521
0.000130552,0.294521
0.000133174,0.294661
0.000135693,0.294841
0.000137987,0.295131
0.000137481,0.295374
0.000139999,0.295554
0.000142532,0.295727
0.000142216,0.295883
0.000144928,0.29597
0.000147416,0.296166
0.000146887,0.296423
0.000149063,0.296761
0.000151685,0.296902
0.000151421,0.297028
0.000154192,0.297091
0.00015426,0.29706
0.000157106,0.297083
0.000159848,0.297161
0.00015933,0.297411
0.0001617,0.297663
0.000164173,0.297866
0.000163997,0.297953
0.000166575,0.298101
0.000169183,0.298243
0.000168948,0.29836
0.000171392,0.298572
0.000173657,0.298877
0.000172823,0.299275
0.000175192,0.299527
0.000174817,0.299707
0.00017744,0.299841
0.000180256,0.29988
0.000182804,0.300052
0.000182641,0.300131
0.000185055,0.300358
0.000187334,0.300656
0.000186928,0.300851
0.000189596,0.300962
0.000192457,0.300985
0.000195213,0.301055
0.000194953,0.30118
0.000197307,0.30144
0.000196733,0.301712
0.000198924,0.30205
0.000201263,0.302317
0.00020399,0.302403
0.000203728,0.302528
0.000206454,0.302607
0.000209003,0.30278
0.000208611,0.302967
0.0002111,0.303163
0.00021064,0.303382
0.000213352,0.303469
0.0002159,0.303641
0.000218701,0.303688
0.000218398,0.303837
0.000221035,0.303962
0.000223509,0.304166
0.000222771,0.304519
0.000224947,0.304855
0.000227301,0.305122
0.00022973,0.30535
0.000229101,0.305647
0.000231664,0.305804
0.000231278,0.305992
0.000233632,0.306251
0.000235882,0.306556
0.000238073,0.306901
0.000237529,0.307159
0.000240017,0.307355
0.000239673,0.30752
0.000242251,0.307669
0.000244829,0.307825
0.000244311,0.308075
0.000246397,0.308461
0.000248558,0.308812
0.000247816,0.309164
0.000250007,0.309502
0.0002526,0.309652
0.000254909,0.309932
0.00025425,0.310247
0.00025644,0.310583
0.000255613,0.310975
0.0002577,0.311359
0.000259845,0.311719
0.000259339,0.311963
0.000261842,0.312151
0.00026436,0.312332
0.000263761,0.312622
0.00026607,0.312894
0.000265359,0.313239
0.000267445,0.313623
0.000266737,0.31396
0.000268942,0.31429
0.000271386,0.31451
0.000273756,0.31476
0.000273122,0.315065
0.000275402,0.315355
0.000277369,0.315803
0.000279396,0.316217
0.000278543,0.316625
0.000280808,0.316923
0.00028037,0.317134
0.000282709,0.317401
0.000285064,0.317659
0.000284345,0.318004
0.000286535,0.318342
0.000288361,0.318849
0.000287619,0.319204
0.000289869,0.319509
0.000289333,0.319766
0.000291762,0.319987
0.000293863,0.32037
0.000296083,0.320692
0.00029504,0.321192
0.000297022,0.321623
0.000299093,0.322016
0.000298644,0.322235
0.000301073,0.322455
0.000303487,0.32269
0.000305931,0.32291
0.000305175,0.32327
0.000307291,0.323638
0.000309362,0.324037
0.000311567,0.324367
0.000310979,0.324649
0.000313229,0.324954
0.000315538,0.325237
0.000317729,0.325574
0.000316768,0.326036
0.000318586,0.326543
0.000320366,0.327077
0.000322423,0.327478
0.000324509,0.327869
0.00032385,0.328184
0.000325951,0.328559
0.000328067,0.328935
0.000330048,0.329366
0.000331874,0.329881
0.000333841,0.330322
0.000332909,0.330768
0.00033513,0.33109
0.000337365,0.331403
0.000339645,0.331701
0.000341716,0.332101
0.000340628,0.332616
0.000342416,0.333143
0.000343996,0.333768
0.000345978,0.334209
0.000345084,0.334632
0.000347289,0.33496
0.000349241,0.335407
0.000351126,0.335893
0.000352907,0.336423
0.000354635,0.33698
0.000353585,0.337484
0.000355537,0.33793
0.000357832,0.33822
0.000360067,0.338535
0.000362153,0.338926
0.000361248,0.339357
0.000363304,0.339757
0.000365211,0.340227
0.000367119,0.340698
0.000366288,0.341096
0.000368419,0.341457
0.000370505,0.341848
0.000372591,0.342233
0.000374543,0.342687
0.000376436,0.343166
0.000375333,0.343688
0.000377039,0.344253
0.000378961,0.344716
0.000380958,0.345148
0.000380239,0.345493
0.000382266,0.345909
0.000384322,0.346307
0.000386259,0.346761
0.000385082,0.347326
0.00038687,0.347848
0.000388666,0.348375
0.000390707,0.348783
0.000389772,0.349229
0.000391613,0.349729
0.000396232,0.350286
0.000395099,0.350835
0.000396739,0.35143
0.000398102,0.352159
0.000399711,0.352769
0.000401425,0.353334
0.000403206,0.353868
0.000405039,0.354379
0.000406752,0.35494
0.000405664,0.355459
0.000407199,0.3561
0.000411699,0.356721
0.00041047,0.357309
0.000412437,0.357747
0.000414449,0.358171
0.000416416,0.358617
0.000418368,0.359064
0.000419969,0.359682
0.000421586,0.360292
0.000423248,0.360879
0.000424976,0.361436
0.000426884,0.361909
0.000428769,0.362394
0.00043081,0.362802
0.00043271,0.363281
0.000434573,0.363773
0.000436271,0.364345
0.00043803,0.364887
0.000437091,0.365333
0.0004418,0.36584
0.000440999,0.366233
0.000442809,0.366752
0.000447399,0.36732
0.000448889,0.367996
0.000447324,0.36874
0.000451735,0.369392
0.000450155,0.370151
0.000451906,0.370693
0.000456377,0.371318
0.000455192,0.37189
0.000456548,0.372619
0.000457897,0.373355
0.000459312,0.374061
0.000460691,0.374782
0.000462427,0.375339
0.000464088,0.375926
0.000466025,0.376382
0.000467642,0.376993
0.000469259,0.377603
0.000470659,0.378316
0.000472187,0.378965
0.000473766,0.379594
0.000475495,0.380151
0.000477328,0.380659
0.000479176,0.381162
0.000480867,0.381734
0.00048258,0.382295
0.00048416,0.382924
0.000485762,0.383542
0.000487453,0.384115
0.00048904,0.38474
0.000490836,0.385267
0.000492579,0.385816
0.000494241,0.386403
0.000495708,0.387086
0.00050006,0.387765
0.000498495,0.388517
0.000502697,0.389272
0.00050409,0.389993
0.000505469,0.390714
0.000504284,0.391275
0.000508754,0.391904
0.000507361,0.392568
0.000508851,0.393236
0.000510185,0.393979
0.000511504,0.394731
0.000512934,0.395429
0.000514543,0.396039
0.00051616,0.396654
0.000517851,0.397226
0.00051654,0.397851
0.000520832,0.398565
0.000519364,0.399263
0.00052066,0.400022
0.000522255,0.40064
0.000523998,0.401189
0.000525816,0.401708
0.000524892,0.402147
0.000526613,0.4027
0.000528379,0.403242
0.000529825,0.403932
0.000531471,0.404527
0.000533133,0.405115
0.000535018,0.405601
0.000536999,0.406032
0.000538758,0.406581
0.000540337,0.407207
0.000538721,0.407974
0.000543102,0.408649
0.000541544,0.409385
0.000543125,0.410014
0.000544816,0.410583
0.000546433,0.411197
0.000548161,0.411754
0.000549577,0.412456
0.000551022,0.413146
0.000552557,0.413798
0.000554137,0.414424
0.000555798,0.415011
0.000557527,0.415568
0.000556424,0.416095
0.000558063,0.41669
0.000562593,0.417285
0.000561163,0.417975
0.000562638,0.418647
0.000564389,0.419196
0.000565983,0.419814
0.000567697,0.420379
0.000569358,0.420966
0.000568226,0.421508
0.000572815,0.42208
0.000571631,0.422645
0.000573307,0.423225
0.00057508,0.423755
0.000577107,0.424172
0.000578955,0.424672
0.000580951,0.425105
0.000580094,0.425513
0.000581987,0.42599
0.000583864,0.426477
0.000585459,0.427095
0.000586956,0.427762
0.000588655,0.428334
0.00059022,0.428968
0.000591702,0.429643
0.000590317,0.430299
0.000591837,0.430951
0.000593006,0.431771
0.000594273,0.43255
0.000595368,0.433404
0.000593982,0.43406
0.000595711,0.434617
0.000600181,0.435243
0.000598989,0.435815
0.000600598,0.436425
0.00060226,0.437017
0.000603758,0.43768
0.000605374,0.438291
0.000607237,0.438787
0.000609129,0.439265
0.000611081,0.439712
0.000612855,0.44025
0.000614598,0.440799
0.00061623,0.441402
0.000617809,0.442031
0.000619344,0.442679
0.000620939,0.443297
0.000619888,0.443801
0.000624656,0.44428
0.000626623,0.444734
0.000628374,0.445283
0.00062707,0.445901
0.000628777,0.446466
0.000630356,0.447091
0.000632181,0.447602
0.000634104,0.448064
0.00063616,0.448472
0.000638187,0.448888
0.000639602,0.44959
0.000638149,0.45028
0.000639409,0.451058
0.000641085,0.451638
0.000642582,0.452302
0.000644296,0.452867
0.000645943,0.453462
0.000647478,0.454114
0.00064902,0.454755
0.000647343,0.455556
0.000651754,0.456212
0.000653386,0.456815
0.000655211,0.457326
0.000654243,0.457789
0.00065618,0.458243
0.000658057,0.45873
0.000662557,0.45934
0.000661395,0.459905
0.000662818,0.460603
0.000664577,0.461141
0.000666372,0.461667
0.000667952,0.462293
0.000669755,0.462819
0.0006712,0.46351
0.000672579,0.464231
0.000673994,0.464933
0.000675507,0.465592
0.000677004,0.46626
0.000678703,0.466832
0.000680431,0.467385
0.000682197,0.467927
0.000684119,0.468391
0.000685706,0.469016
0.000690177,0.469642
0.000691786,0.470264
0.000690289,0.470977
0.00069189,0.471587
0.000693559,0.472175
0.000695236,0.472755
0.000696651,0.47346
0.000700675,0.474299
0.000698879,0.475162
0.000702873,0.476005
0.000704154,0.476783
0.000705473,0.477534
0.000704072,0.478202
0.000708513,0.478835
0.000709928,0.479549
0.000711426,0.480216
0.000712827,0.480926
0.000714488,0.481517
0.000716157,0.482104
0.000717863,0.482665
0.000719562,0.483237
0.00072129,0.483794
0.000723004,0.484359
0.00072442,0.485065
0.000725835,0.48577
0.000727035,0.486575
0.000731237,0.48733
0.000732638,0.488051
0.000733971,0.488795
0.000732489,0.489501
0.00073675,0.49023
0.000737965,0.491027
0.000739261,0.491786
0.000740528,0.492564
0.000741861,0.493308
0.000746123,0.494029
0.000747814,0.494617
0.00074929,0.495292
0.000750854,0.495925
0.000752285,0.496623
0.000753507,0.49742
0.000754833,0.498168
0.000755854,0.499061
0.00075715,0.49982
0.000758514,0.500548
0.000760078,0.501182
0.000761464,0.501903
0.000762798,0.50265
0.000764027,0.50344
0.00076808,0.504272
0.000769496,0.504977
0.000770941,0.505664
0.000772722,0.506198
0.000774435,0.506763
0.00077302,0.507438
0.000777282,0.508159
0.000778414,0.509002
0.000779569,0.509833
0.000780813,0.510619
0.000782132,0.511371
0.000783346,0.512168
0.000784576,0.512961
0.000785775,0.513766
0.000786781,0.51467
0.000787914,0.515506
0.000788942,0.516391
0.00079026,0.517146
0.000791706,0.517833
0.000793174,0.518516
0.000794783,0.519126
0.000796281,0.519794
0.000797778,0.520461
0.000798963,0.521274
0.000800408,0.521964
0.000801891,0.522639
0.000803441,0.52328
0.000804983,0.523925
0.000806421,0.524619
0.000807881,0.525302
0.000809014,0.526141
0.00081031,0.5269
0.000811547,0.527694
0.000812895,0.52843
0.000814341,0.529117
0.000815808,0.5298
0.000817336,0.530452
0.000818766,0.531146
0.000820085,0.531901
0.000821382,0.532661
0.000822745,0.533389
0.000824198,0.53408
0.000825524,0.534823
0.000827126,0.535441
0.00082846,0.536185
0.000829674,0.536986
0.000831,0.53773
0.000834964,0.538608
0.000833377,0.539359
0.000834666,0.540118
0.000839017,0.540801
0.000837683,0.541446
0.00083936,0.542026
0.000840909,0.542666
0.00084237,0.543349
0.000843972,0.543967
0.00084538,0.544673
0.000846944,0.545306
0.000848509,0.545943
0.000852979,0.546577
0.000854492,0.547237
0.000853061,0.547916
0.000857323,0.548644
0.000858456,0.549483
0.000859625,0.550307
0.000860825,0.551112
0.000861972,0.551944
0.000863455,0.552619
0.000864736,0.553386
0.000866018,0.554153
0.00086718,0.554977
0.000868216,0.555862
0.000869401,0.556678
0.000870652,0.55746
0.00087218,0.558112
0.000873625,0.558799
0.000875257,0.559405
0.000876605,0.560142
0.000878021,0.560847
0.000879369,0.561584
0.00088083,0.562263
0.000882484,0.562862
0.000884078,0.563479
0.000885859,0.56401
0.000887371,0.56467
0.000888899,0.565322
0.000890381,0.565993
0.000891782,0.566707
0.000893078,0.567466
0.000894375,0.568229
0.000895872,0.568893
0.000897288,0.569598
0.000898771,0.570273
0.000900119,0.57101
0.000901349,0.571799
0.000902533,0.572616
0.000903651,0.573463
0.000904999,0.574199
0.000906616,0.574809
0.000908173,0.575442
0.000909693,0.576102
0.000911057,0.576831
0.00091239,0.577575
0.000913657,0.578353
0.000915251,0.578971
0.000916831,0.579597
0.000918507,0.580176
0.000920191,0.580756
0.000921771,0.581382
0.000923484,0.581946
0.0009249,0.582652
0.000926412,0.583312
0.000927962,0.583953
0.000929527,0.58459
0.000928104,0.585261
0.000929616,0.585921
0.000931114,0.586585
0.000932589,0.58726
0.000933908,0.588012
0.000935137,0.588805
0.000936441,0.589564
0.000937722,0.590331
0.000938989,0.591109
0.000940568,0.591735
0.000941999,0.592433
0.000943362,0.593162
0.000944577,0.593959
0.000945612,0.594848
0.000946879,0.595622
0.000948205,0.596366
0.00094974,0.597018
0.000951349,0.597629
0.000952914,0.598262
0.00095433,0.598968
0.000955663,0.599711
0.000957064,0.600425
0.000958562,0.601092
0.000960238,0.601672
0.000961855,0.602283
0.000960581,0.602885
0.000962138,0.603519
0.000963591,0.604209
0.000964984,0.604922
0.000966139,0.605754
0.000970311,0.606528
0.000971675,0.607257
0.000970356,0.607886
0.000974737,0.60855
0.000976234,0.609225
0.000974662,0.609969
0.000978775,0.610759
0.000979945,0.61159
0.000981241,0.61235
0.000982694,0.61304
0.00098437,0.61362
0.000985883,0.61428
0.000987351,0.614959
0.000988751,0.615672
0.000992864,0.616466
0.000994123,0.617255
0.000995382,0.618033
0.00099685,0.618712
0.000998363,0.619372
0.000999912,0.620013
0.00100119,0.620784
0.00100248,0.621551
0.00100356,0.622413
0.00100466,0.623267
0.00100602,0.623996
0.00101019,0.624763
0.00101177,0.6254
0.00101311,0.626144
0.00101444,0.626887
0.00101574,0.627647
0.00101997,0.628383
0.00101839,0.629142
0.00101958,0.629951
0.0010211,0.630611
0.00102524,0.631393
0.00102667,0.632098
0.00102776,0.63296
0.00102893,0.633773
0.00102992,0.634685
0.00103075,0.635661
0.00103167,0.636603
0.00103544,0.637569
0.00103645,0.638469
0.00103744,0.639369
0.00103841,0.640285
0.00103953,0.641131
0.00104358,0.641963
0.00104473,0.642795
0.00104595,0.643592
0.00104733,0.644313
0.00104886,0.644965
0.00105324,0.645637
0.00105492,0.646224
0.00105623,0.646979
0.00105763,0.647693
0.00105866,0.648578
0.00106243,0.649539
0.0010634,0.650458
0.00106434,0.651389
0.00106546,0.652236
0.00106632,0.653201
0.00106724,0.65414
0.00106791,0.655192
0.00106858,0.656253
0.00106943,0.657229
0.00107039,0.658145
0.00107164,0.658927
0.00107578,0.65972
0.00107423,0.660457
0.00107823,0.661304
0.00107926,0.662196
0.00108043,0.66302
0.00108165,0.663817
0.00108298,0.664561
0.00108715,0.665328
0.00108846,0.666091
0.00108971,0.666873
0.00109085,0.667712
0.00109168,0.668689
0.0010924,0.669726
0.00109621,0.670657
0.00109711,0.671622
0.00109816,0.6725
0.00109921,0.673377
0.00110299,0.674335
0.00110402,0.675227
0.00110473,0.676257
0.00110861,0.677177
0.00110969,0.678039
0.00111074,0.678916
0.00111201,0.679694
0.0011131,0.680549
0.00111704,0.681426
0.001118,0.682357
0.00111903,0.683242
0.00111985,0.684226
0.00112372,0.685145
0.00112462,0.686095
0.00112567,0.686973
0.00112982,0.687755
0.00113066,0.688731
0.00113155,0.689693
0.00113237,0.690677
0.00113614,0.691642
0.00113703,0.692599
0.00113789,0.693564
0.00114198,0.694369
0.00114298,0.695277
0.00114383,0.69625
0.00114465,0.697234
0.0011456,0.698161
0.00114942,0.699096
0.00115024,0.700088
0.00115123,0.700999
0.00115214,0.701938
0.00115326,0.702785
0.00115694,0.703784
0.00115782,0.704753
0.00115869,0.705718
0.0011595,0.706702
0.00116046,0.707629
0.00116411,0.708644
0.00116508,0.709563
0.00116602,0.710498
0.00116695,0.711429
0.00116775,0.712421
0.00117151,0.713397
0.00117236,0.714366
0.00117305,0.715419
0.00117393,0.716373
0.00117759,0.71738
0.00117869,0.718246
0.00117973,0.719123
0.00118056,0.720107
0.00118422,0.721122
0.00118501,0.722121
0.00118592,0.723071
0.00118678,0.724036
0.00119072,0.724914
0.00119174,0.725814
0.00119264,0.726764
0.00119353,0.727721
0.00119426,0.728744
0.00119521,0.729671
0.00119911,0.730571
0.00120022,0.731425
0.0012014,0.732242
0.00120256,0.733062
0.00120363,0.733932
0.00120465,0.734828
0.00120563,0.735736
0.00120945,0.736667
0.00121047,0.737571
0.00121141,0.738502
0.00121231,0.739451
0.00121326,0.740375
0.00121701,0.741347
0.0012178,0.742347
0.00121867,0.743312
0.00121949,0.744296
0.0012205,0.745193
0.00122438,0.746112
0.00122558,0.746917
0.00122671,0.747756
0.0012307,0.748611
0.00123175,0.749496
0.00123262,0.750461
0.0012337,0.751323
0.00123465,0.752246
0.00123579,0.753085
0.00123667,0.754039
0.00124047,0.754989
0.0012413,0.755973
0.0012419,0.757064
0.0012427,0.758056
0.00124337,0.759116
0.00124712,0.760089
0.00124801,0.761046
0.00124612,0.761939
0.00125009,0.762809
0.00125116,0.763679
0.00125238,0.764476
0.00125351,0.765315
0.00125489,0.766036
0.00125894,0.76686
0.00126021,0.767642
0.00126155,0.768378
0.00126267,0.769225
0.00126383,0.770057
0.00126763,0.771007
0.00126868,0.771884
0.00126938,0.772922
0.0012702,0.773913
0.00127101,0.774905
0.00127488,0.775825
0.00127592,0.776702
0.00127676,0.777679
0.00127783,0.778552
0.00127865,0.779536
0.00128255,0.78044
0.00128357,0.781333
0.00128482,0.782115
0.00128613,0.78287
0.00129025,0.78366
0.00129152,0.784442
0.0012925,0.785354
0.00129355,0.786231
0.00129446,0.78718
0.00129538,0.788119
0.00129937,0.788973
0.00130035,0.789889
0.00130133,0.7908
0.00130215,0.791785
0.00130304,0.792742
0.00130388,0.793715
0.00130757,0.794714
0.00130858,0.795618
0.00130974,0.796439
0.00131102,0.797209
0.00131221,0.798022
0.00131341,0.79883
0.00131457,0.799654
0.00131844,0.800562
0.00131951,0.80144
0.00132058,0.802309
0.00132189,0.803061
0.00132294,0.803938
0.00132688,0.804823
0.00132785,0.805743
0.00132857,0.806773
0.00132936,0.80778
0.00133031,0.808703
0.00133421,0.809595
0.00133526,0.810484
0.00133621,0.811407
0.00133729,0.81227
0.00133837,0.813139
0.00133932,0.814062
0.0013431,0.81502
0.00134432,0.815817
0.00134539,0.816687
0.00134947,0.817496
0.00135066,0.81832
0.00135181,0.819147
0.00135281,0.820052
0.00135361,0.821043
0.00135734,0.822028
0.00135825,0.822974
0.00135912,0.823935
0.00136005,0.82487
0.00136111,0.825747
0.0013649,0.826697
0.0013659,0.827605
0.00136665,0.828619
0.00136771,0.829493
0.00137148,0.830458
0.0013728,0.83121
0.00137388,0.832072
0.00137535,0.832751
0.00137922,0.83367
0.00138013,0.834616
0.00138091,0.835616
0.00138161,0.836661
0.00138258,0.83758
0.00138333,0.838595
0.00138438,0.839476
0.00138512,0.840498
0.00138883,0.84149
0.00138954,0.842528
0.00139049,0.843455
0.00139166,0.844279
0.00139276,0.845133
0.00139397,0.84593
0.00139508,0.846785
0.00139636,0.847556
0.00139774,0.848276
0.00139903,0.849036
0.00140028,0.849818
0.00140422,0.850703
0.00140519,0.851622
0.00140608,0.852576
0.00140706,0.853487
0.0014081,0.854372
0.00140915,0.85525
0.00141011,0.856165
0.0014108,0.857211
0.00141443,0.85824
0.00141532,0.859198
0.00141642,0.860052
0.00141767,0.860834
0.0014188,0.861674
0.00142017,0.862402
0.00142425,0.863211
0.00142534,0.864081
0.00142644,0.864935
0.00142768,0.865725
0.00142891,0.866518
0.00143016,0.8673
0.00143121,0.868178
0.00143514,0.869063
0.00143621,0.869933
0.00143705,0.870909
0.00143783,0.871916
0.00143888,0.872794
0.00144267,0.873751
0.00144374,0.874621
0.00144475,0.875513
0.00144574,0.876421
0.00144695,0.877222
0.00144792,0.878138
0.00144889,0.879053
0.00145288,0.879908
0.00145418,0.880675
0.00145543,0.881461
0.00145689,0.882143
0.00145821,0.882895
0.00145942,0.883692
0.00146059,0.884516
0.00146154,0.885439
0.00146262,0.886301
0.00146392,0.887064
0.00146506,0.8879
0.00146626,0.888708
0.00147005,0.889658
0.00147099,0.890589
0.00147183,0.891566
0.00147284,0.892462
0.00147389,0.89334
0.00147809,0.894091
0.00147956,0.894781
0.00148063,0.895651
0.00148186,0.896441
0.0014829,0.89733
0.00148408,0.898142
0.0014851,0.899035
0.00148616,0.899905
0.00149025,0.900713
0.00149145,0.90153
0.00149249,0.902415
0.00149342,0.903345
0.00149723,0.90428
0.00149806,0.905272
0.001499,0.906206
0.00150014,0.907038
0.00150133,0.907851
0.00150246,0.90869
0.00150648,0.909529
0.00150754,0.910414
0.00150871,0.91123
0.00151256,0.912154
0.00151381,0.912943
0.001515,0.913752
0.00151627,0.914526
0.00152035,0.915335
0.00152145,0.916205
0.00152262,0.917021
0.00152642,0.917967
0.0015275,0.918837
0.00152843,0.919772
0.0015324,0.920634
0.00153334,0.921572
0.00153435,0.922465
0.00153823,0.923373
0.00153905,0.924364
0.00154298,0.925253
0.00154363,0.926329
0.00154443,0.927321
0.00154521,0.928328
0.00154888,0.929335
0.00154974,0.930308
0.00155057,0.931284
0.00155439,0.93223
0.00155513,0.933253
0.00155579,0.934321
0.00155933,0.935381
0.00156023,0.936343
0.00156121,0.93725
0.00156216,0.938177
0.00156613,0.93904
0.00156702,0.940001
0.00156788,0.940966
0.00156864,0.941981
0.00156949,0.942957
0.00157345,0.943819
0.00157433,0.944788
0.00157525,0.945731
0.00157897,0.946715
0.00157971,0.947745
0.00158023,0.948874
0.00158076,0.949988
0.00158145,0.951041
0.00158495,0.952132
0.00158581,0.953104
0.00158646,0.954165
0.00158738,0.955111
0.00158834,0.956026
0.00159204,0.957026
0.00159297,0.95796
0.00159389,0.958903
0.00159512,0.959692
0.00159627,0.960524
0.0015975,0.961317
0.0015984,0.962263
0.00160231,0.963156
0.00160321,0.964114
0.00160391,0.965151
0.00160471,0.966151
0.00160553,0.967135
0.00160929,0.968111
0.00161013,0.969088
0.00161358,0.970202
0.00161425,0.971255
0.00161484,0.972353
0.00161546,0.973437
0.00161623,0.974444
0.00162001,0.975405
0.00162097,0.976328
0.00162474,0.977293
0.00162576,0.978186
0.00162666,0.979136
0.00162764,0.980044
0.00163146,0.980975
0.0016325,0.981871
0.00163354,0.982756
0.0016344,0.983717
0.00163533,0.984652
0.00163906,0.985636
0.00163996,0.986586
0.00164058,0.987669
0.00164112,0.988783
0.0016448,0.98979
0.00164556,0.990805
0.00164646,0.991759
0.00165018,0.992743
0.0016511,0.993685
0.001652,0.994635
0.00165559,0.99568
0.00165631,0.996718
0.00166004,0.997702
0.00166091,0.998671
0.00166182,0.999609
0.00166269,1.00057
0.00166643,1.00155
0.00166725,1.00254
0.00166802,1.00355
0.00167152,1.00464
0.00167256,1.00553
0.00167338,1.00651
0.00167446,1.00738
0.00167551,1.00825
0.00167932,1.00919
0.00168022,1.01015
0.00168104,1.01113
0.00168161,1.01224
0.00168518,1.0133
0.00168607,1.01425
0.00168682,1.01527
0.0016905,1.01628
0.00169128,1.01728
0.00169479,1.01837
0.00169544,1.01944
0.00169896,1.02053
0.00169973,1.02153
0.00170083,1.02239
0.00170479,1.02326
0.00170585,1.02414
0.00170663,1.02514
0.00170754,1.02609
0.00171116,1.02712
0.00171199,1.02811
0.00171285,1.02907
0.00171369,1.03005
0.0017145,1.03103
0.00171817,1.03205
0.00171895,1.03306
0.00171949,1.03418
0.00172022,1.03521
0.00172097,1.03622
0.00172452,1.03729
0.00172548,1.03822
0.00172637,1.03918
0.00172746,1.04003
0.00173105,1.04108
0.00173184,1.04208
0.00173254,1.04312
0.00173612,1.04418
0.00173699,1.04515
0.00174071,1.04613
0.00174161,1.04708
0.00174245,1.04806
0.00174604,1.04911
0.00174674,1.05015
0.00174748,1.05118
0.00175113,1.0522
0.001752,1.05316
0.00175307,1.05403
0.00175685,1.05499
0.00175786,1.05589
0.00175889,1.05677
0.0017596,1.05781
0.0017605,1.05876
0.00176416,1.05977
0.0017652,1.06066
0.0017661,1.06161
0.00176686,1.06262
0.00176771,1.0636
0.00177143,1.06458
0.00177215,1.06562
0.00177269,1.06674
0.00177616,1.06785
0.00177685,1.06889
0.0017775,1.06996
0.00177832,1.07094
0.00178198,1.07196
0.00178283,1.07294
0.00178359,1.07395
0.00178713,1.07502
0.00178774,1.07611
0.00178841,1.07717
0.0017924,1.07802
0.0017934,1.07893
0.00179736,1.0798
0.00179822,1.08077
0.00179904,1.08176
0.00180266,1.0828
0.00180305,1.08399
0.0018038,1.085
0.00180452,1.08604
0.00180526,1.08706
0.00180873,1.08817
0.00180931,1.08927
0.00180978,1.09043
0.00181316,1.09157
0.00181385,1.09262
0.00181452,1.09368
0.00181562,1.09453
0.00181942,1.09548
0.00182329,1.0964
0.00182433,1.09728
0.00182509,1.0983
0.00182871,1.09934
0.00182931,1.10043
0.00183311,1.10137
0.00183386,1.1024
0.00183464,1.1034
0.00183531,1.10446
0.00183595,1.10553
0.00183946,1.10662
0.00183996,1.10776
0.00184349,1.10884
0.00184124,1.1099
0.00184783,1.1109
0.00184846,1.11199
0.00184908,1.11306
0.00184968,1.11415
0.00185316,1.11526
0.00185375,1.11636
0.00185725,1.11744
0.00185791,1.11851
0.00186162,1.11949
0.00186245,1.12049
0.00186317,1.12152
0.00186678,1.12256
0.00186731,1.12368
0.00187083,1.12477
0.00187147,1.12583
0.00187216,1.12689
0.00187566,1.12798
0.00187634,1.12903
0.00187694,1.13012
0.00188032,1.13127
0.00188098,1.13233
0.00188136,1.13353
0.0018848,1.13465
0.00188833,1.13573
0.00188891,1.13683
0.0018895,1.13793
0.00189301,1.13901
0.00189361,1.14011
0.00189406,1.14127
0.00189759,1.14234
0.00189803,1.14351
0.00189873,1.14456
0.00189949,1.14557
0.0019031,1.14661
0.00190397,1.14757
0.0019046,1.14865
0.00190524,1.14972
0.00190874,1.15081
0.00190944,1.15186
0.00191011,1.15291
0.00191379,1.15392
0.00191451,1.15495
0.00191517,1.15602
0.00191862,1.15713
0.00191901,1.15832
0.00191962,1.15941
0.00192297,1.16057
0.00192354,1.16168
0.0019242,1.16274
0.00192776,1.16381
0.00192846,1.16485
0.00192911,1.16591
0.00192966,1.16703
0.00193022,1.16814
0.00193379,1.1692
0.00193453,1.17023
0.0019383,1.17119
0.00193926,1.17211
0.00194302,1.17308
0.00194389,1.17404
0.00194753,1.17507
0.00194807,1.17619
0.0019518,1.17718
0.00195266,1.17814
0.0019536,1.17908
0.00195737,1.18004
0.00195816,1.18104
0.00195879,1.18212
0.00195936,1.18322
0.00196282,1.18433
0.00196334,1.18546
0.00196412,1.18646
0.00196779,1.18747
0.00196858,1.18848
0.00196925,1.18953
0.00196984,1.19063
0.00197331,1.19174
0.00197388,1.19284
0.00197454,1.19391
0.00197826,1.1949
0.00198208,1.19583
0.00198313,1.19671
0.0019839,1.19772
0.00198462,1.19876
0.00198534,1.19979
0.00198893,1.20084
0.0019898,1.20181
0.0019935,1.2028
0.00199426,1.20382
0.00199787,1.20486
0.00199847,1.20595
0.00199902,1.20706
0.00199941,1.20825
0.00200285,1.20938
0.00200336,1.21051
0.00200418,1.2115
0.00200778,1.21254
0.00200864,1.21351
0.00201242,1.21447
0.00201316,1.21549
0.00201398,1.21649
0.00201461,1.21755
0.00201843,1.21849
0.00201938,1.21942
0.00202047,1.22029
0.00202411,1.22131
0.00202488,1.22232
0.00202835,1.22343
0.00202884,1.22457
0.00202944,1.22566
0.00203265,1.22689
0.00203339,1.22792
0.00203414,1.22894
0.00203773,1.22998
0.00203827,1.2311
0.00203887,1.2322
0.00204224,1.23335
0.00204282,1.23445
0.00204359,1.23546
0.00204422,1.23654
0.00204819,1.2374
0.00204897,1.23841
0.0020496,1.23949
0.002053,1.24063
0.00205356,1.24174
0.00205417,1.24283
0.00205771,1.24389
0.00205836,1.24497
0.00205919,1.24594
0.00205996,1.24696
0.00206071,1.24797
0.00206414,1.2491
0.00206466,1.25023
0.00206531,1.2513
0.00206884,1.25238
0.00206976,1.25332
0.00207356,1.25427
0.00207466,1.25513
0.00207535,1.25617
0.00207889,1.25724
0.00207953,1.25832
0.00208015,1.2594
0.00208396,1.26034
0.00208474,1.26135
0.0020857,1.26227
0.00208647,1.26328
0.0020902,1.26427
0.00209068,1.26541
0.00209417,1.2665
0.00209483,1.26757
0.00209551,1.26863
0.00209655,1.26951
0.00210035,1.27046
0.00210129,1.27139
0.00210211,1.27238
0.00210579,1.27338
0.00210638,1.27447
0.00210719,1.27548
0.00211088,1.27647
0.00211181,1.27741
0.00211273,1.27835
0.00211363,1.2793
0.00211714,1.28037
0.00211779,1.28145
0.00211828,1.28259
0.00212179,1.28368
0.00212254,1.2847
0.00212334,1.2857
0.00212426,1.28664
0.00212807,1.28757
0.00212905,1.28849
0.00213262,1.28956
0.00213356,1.29049
0.00213734,1.29144
0.00213822,1.2924
0.00214206,1.29333
0.00214309,1.29422
0.00214392,1.2952
0.00214459,1.29626
0.00214798,1.29741
0.00214827,1.29864
0.00215163,1.2998
0.00215205,1.30098
0.00215251,1.30214
0.0021561,1.30319
0.00215945,1.30435
0.00216004,1.30545
0.0021606,1.30655
0.00216412,1.30764
0.00216488,1.30866
0.00216851,1.30968
0.00216953,1.31058
0.00217045,1.31152
0.00217422,1.31248
0.00217499,1.31349
0.00217554,1.3146
0.002179,1.31572
0.00217934,1.31693
0.00217986,1.31806
0.00218318,1.31923
0.00218379,1.32032
0.00218699,1.32155
0.00218729,1.32279
0.00218774,1.32395
0.00219078,1.32526
0.0021914,1.32634
0.00219193,1.32747
0.00219286,1.3284
0.00219668,1.32934
0.00219755,1.33031
0.00220134,1.33127
0.00220209,1.33228
0.00220285,1.3333
0.00220635,1.33439
0.00220727,1.33533
0.00220811,1.33631
0.00220879,1.33736
0.0022124,1.3384
0.00221286,1.33956
0.00221326,1.34074
0.00221365,1.34194
0.0022171,1.34304
0.00221781,1.34409
0.00221872,1.34503
0.00221969,1.34595
0.00222343,1.34692
0.00222432,1.34789
0.00222512,1.34888
0.0022259,1.34988
0.0022297,1.35083
0.00223053,1.35181
0.00223151,1.35273
0.00223532,1.35366
0.00223605,1.3547
0.00223666,1.35579
0.00224007,1.35692
0.00224062,1.35804
0.00224117,1.35915
0.00224196,1.36015
0.00224568,1.36114
0.00224663,1.36207
0.00224743,1.36306
0.0022481,1.36412
0.00225189,1.36508
0.00225266,1.36609
0.00225366,1.36699
0.00225759,1.36787
0.00225873,1.36871
0.00225991,1.36953
0.00226379,1.37045
0.00226459,1.37144
0.00226523,1.37251
0.00226897,1.37349
0.00226964,1.37455
0.00227049,1.37552
0.00227415,1.37653
0.00227498,1.37752
0.00227577,1.37852
0.00227635,1.37962
0.00227715,1.38061
0.00228067,1.3817
0.0022816,1.38264
0.00228535,1.38361
0.00228632,1.38453
0.00229025,1.3854
0.00229124,1.38632
0.0022921,1.38729
0.00229276,1.38834
0.00229639,1.38938
0.00229709,1.39043
0.00230088,1.39138
0.00230168,1.39237
0.00230237,1.39343
0.00230593,1.39449
0.00230637,1.39566
0.00230692,1.39678
0.00230754,1.39785
0.0023109,1.399
0.00231147,1.40012
0.00231506,1.40117
0.00231579,1.40219
0.00231663,1.40318
0.00232032,1.40417
0.00231818,1.4052
0.00232187,1.40619
0.00232262,1.40721
0.00232339,1.40822
0.00232431,1.40916
0.00232821,1.41005
0.00232902,1.41105
0.00232987,1.41203
0.00233027,1.41321
0.00233382,1.41428
0.00233448,1.41534
0.00233816,1.41635
0.00233903,1.41732
0.00233988,1.41829
0.0023407,1.41927
0.00234423,1.42035
0.00234494,1.4214
0.00234554,1.42248
0.00234934,1.42343
0.00235027,1.42437
0.00235105,1.42537
0.00235192,1.42634
0.00235547,1.4274
0.0023563,1.42839
0.0023598,1.42948
0.00236054,1.4305
0.00236127,1.43153
0.00236507,1.43248
0.00236597,1.43344
0.00236682,1.43441
0.00236777,1.43533
0.00237137,1.43637
0.00237218,1.43737
0.00237286,1.43842
0.0023738,1.43935
0.00237463,1.44033
0.0023784,1.4413
0.00237929,1.44225
0.00238004,1.44327
0.00238065,1.44436
0.00238422,1.44542
0.00238489,1.44647
0.00238574,1.44745
0.00238942,1.44845
0.00239028,1.44942
0.00239128,1.45033
0.00239519,1.45122
0.00239609,1.45217
0.00239976,1.45318
0.00240057,1.45418
0.0024013,1.4552
0.00240206,1.45622
0.00240566,1.45727
0.00240641,1.45828
0.00240725,1.45926
0.0024106,1.46042
0.00241103,1.46159
0.00241441,1.46274
0.00241499,1.46385
0.00241857,1.46491
0.00241925,1.46596
0.00242305,1.4669
0.00242371,1.46796
0.00242443,1.469
0.00242487,1.47017
0.00242841,1.47124
0.00242918,1.47225
0.00243271,1.47333
0.00243364,1.47427
0.00243447,1.47525
0.00243812,1.47627
0.00243871,1.47736
0.00244216,1.47848
0.00244274,1.47958
0.00244611,1.48073
0.00244672,1.48182
0.00244721,1.48297
0.00245089,1.48397
0.00245142,1.4851
0.00245181,1.48629
0.00245236,1.4874
0.00245571,1.48856
0.00245641,1.48961
0.00245706,1.49067
0.00246087,1.49162
0.00246177,1.49257
0.00246265,1.49353
0.00246329,1.4946
0.00246674,1.49571
0.00246738,1.49679
0.00246785,1.49794
0.00247159,1.49892
0.00247221,1.5
0.00247588,1.50102
0.00247652,1.50208
0.00247694,1.50326
0.00248028,1.50443
0.00248062,1.50565
0.00248132,1.50668
0.00248505,1.50768
0.00248595,1.50862
0.00248667,1.50965
0.00248737,1.5107
0.00249086,1.5118
0.00249153,1.51286
0.00249518,1.51387
0.00249586,1.51493
0.00249674,1.51589
0.00249759,1.51686
0.0024984,1.51785
0.00250209,1.51885
0.00250259,1.51999
0.00250603,1.52112
0.0025067,1.52217
0.00250719,1.52331
0.00250806,1.52428
0.00251175,1.52527
0.0025125,1.5263
0.00251615,1.52731
0.00251666,1.52845
0.00251723,1.52956
0.00251796,1.53059
0.00252173,1.53155
0.00252247,1.53257
0.00252626,1.53353
0.00252695,1.53458
0.00252777,1.53557
0.00253136,1.53662
0.00253188,1.53775
0.00253268,1.53874
0.0025333,1.53983
0.00253698,1.54083
0.00253769,1.54187
0.0025384,1.54291
0.00253908,1.54396
0.00254258,1.54505
0.00254314,1.54617
0.00254664,1.54725
0.00254737,1.54829
0.00255098,1.54933
0.00255191,1.55026
0.0025557,1.55122
0.00255647,1.55223
0.00255726,1.55323
0.00256085,1.55428
0.00256145,1.55537
0.00256204,1.55647
0.00256554,1.55755
0.00256611,1.55866
0.00256667,1.55977
0.00257002,1.56093
0.00257037,1.56215
0.00257369,1.56332
0.00257391,1.56459
0.00257427,1.5658
0.00257489,1.56688
0.00257848,1.56793
0.0025793,1.56892
0.00258283,1.56999
0.0025863,1.5711
0.00258688,1.5722
0.00258752,1.57328
0.00259102,1.57437
0.00259184,1.57535
0.00259284,1.57626
0.00259657,1.57724
0.00259727,1.57829
0.00259781,1.5794
0.00259831,1.58054
0.00260178,1.58164
0.00260231,1.58277
0.00260306,1.58379
0.00260669,1.58482
0.00260732,1.5859
0.00260786,1.58702
0.00260826,1.5882
0.00261173,1.58931
0.00261216,1.59049
0.00261294,1.59148
0.00261662,1.59249
0.00261753,1.59344
0.00262121,1.59444
0.00262186,1.59551
0.00262256,1.59656
0.00262587,1.59774
0.00262949,1.59877
0.00262714,1.59989
0.00263076,1.60092
0.00263142,1.60198
0.00263224,1.60297
0.00263284,1.60407
0.00263622,1.60521
0.00263694,1.60625
0.00264048,1.60732
0.0026413,1.60831
0.00264211,1.6093
0.00264303,1.61024
0.00264682,1.6112
0.00264744,1.61227
0.00264804,1.61336
0.00265153,1.61446
0.00265215,1.61554
0.00265558,1.61667
0.00265619,1.61776
0.00265687,1.61881
0.0026604,1.61989
0.00266105,1.62095
0.0026616,1.62207
0.00266503,1.6232
0.00266561,1.62429
0.00266914,1.62537
0.00266994,1.62637
0.00267368,1.62735
0.00267733,1.62837
0.00268071,1.62952
0.00268407,1.63068
0.00268443,1.63189
0.00268762,1.63313
0.00268812,1.63426
0.00269134,1.63549
0.00269156,1.63676
0.00269472,1.63801
0.00269765,1.63937
0.00269774,1.64071
0.00270093,1.64195
0.00270391,1.64329
0.00270712,1.64451
0.00270742,1.64575
0.00271085,1.64688
0.00271109,1.64814
0.00271446,1.64929
0.0027175,1.6506
0.0027178,1.65184
0.00272088,1.65313
0.00272096,1.65446
0.00272429,1.65564
0.00272733,1.65695
0.00273059,1.65815
0.00273049,1.65958
0.00273357,1.66086
0.00273352,1.66227
0.00273349,1.66366
0.00273655,1.66495
0.00273954,1.66629
0.00273987,1.66751
0.0027428,1.66887
0.00274295,1.67017
0.00274569,1.67163
0.00274559,1.67305
0.00274824,1.67454
0.00274811,1.67598
0.00275121,1.67726
0.00275129,1.6786
0.00275441,1.67987
0.00275739,1.68121
0.00275737,1.68259
0.00276031,1.68395
0.00276062,1.68518
0.00276391,1.68637
0.00276724,1.68755
0.00277068,1.68866
0.00277082,1.68998
0.00277091,1.6913
0.00277379,1.69269
0.00277365,1.69413
0.00277676,1.69541
0.00277973,1.69675
0.00277974,1.69812
0.00277972,1.69951
0.00278283,1.70078
0.00278592,1.70208
0.00278606,1.70338
0.00278923,1.70463
0.00278961,1.70583
0.00279303,1.70696
0.00279329,1.70821
0.00279645,1.70946
0.0027968,1.71067
0.00279992,1.71194
0.00279989,1.71334
0.00280257,1.71481
0.00280549,1.71618
0.00280837,1.71756
0.00280832,1.71897
0.00280834,1.72033
0.00281123,1.72171
0.00281428,1.72301
0.00281427,1.7244
0.0028172,1.72575
0.00282032,1.72703
0.00282055,1.7283
0.00282363,1.72959
0.00282398,1.7308
0.00282719,1.73202
0.00283025,1.73333
0.00283039,1.73464
0.00283329,1.73601
0.0028362,1.73739
0.00283625,1.73874
0.00283922,1.74008
0.00283952,1.74131
0.00284266,1.74258
0.00284567,1.7439
0.00284571,1.74526
0.00284859,1.74665
0.00285145,1.74804
0.00285153,1.74938
0.00285186,1.75059
0.00285502,1.75185
0.00285521,1.75313
0.00285827,1.75444
0.00285826,1.75581
0.00286114,1.7572
0.00286113,1.75858
0.00286419,1.75988
0.00286742,1.76111
0.00286777,1.76231
0.00287092,1.76357
0.00287107,1.76487
0.00287416,1.76616
0.00287696,1.76758
0.00287996,1.76892
0.00287744,1.77012
0.0028806,1.77136
0.00288105,1.77252
0.00288408,1.77384
0.00288437,1.77507
0.00288722,1.77648
0.00288737,1.77778
0.00289038,1.7791
0.00289363,1.78031
0.00289426,1.78139
0.00289733,1.78268
0.00289784,1.78382
0.00290085,1.78515
0.00290109,1.7864
0.00290412,1.78772
0.00290433,1.789
0.00290747,1.79026
0.00290781,1.79148
0.00291113,1.79265
0.00291124,1.79397
0.00291433,1.79526
0.00291429,1.79665
0.0029145,1.79793
0.00291482,1.79915
0.00291798,1.8004
0.00291858,1.8015
0.00292202,1.80262
0.00292252,1.80375
0.00292585,1.80493
0.00292632,1.80608
0.00292964,1.80726
0.00292999,1.80847
0.00293326,1.80967
0.00293365,1.81086
0.00293982,1.81206
0.00293997,1.81337
0.00294011,1.81468
0.00294312,1.816
0.00294592,1.81742
0.00294896,1.81874
0.00294905,1.82007
0.00295221,1.82132
0.00295248,1.82257
0.0029557,1.82379
0.00295603,1.82501
0.00295924,1.82625
0.00295961,1.82744
0.00296273,1.82871
0.00296319,1.82987
0.00296635,1.83112
0.00296956,1.83236
0.00297285,1.83355
0.00297306,1.83482
0.00297596,1.83621
0.0029759,1.8376
0.00297885,1.83895
0.00297897,1.84028
0.00298204,1.84157
0.00298526,1.8428
0.00298561,1.844
0.00298872,1.84528
0.00299166,1.84664
0.00299442,1.84808
0.00299455,1.8494
0.00299764,1.85069
0.00300081,1.85193
0.00300108,1.85318
0.00300407,1.85452
0.00300396,1.85594
0.00300657,1.85745
0.0030065,1.85886
0.0030093,1.86028
0.00300955,1.86154
0.00301272,1.86279
0.00301298,1.86405
0.00301605,1.86533
0.00301899,1.8667
0.00302206,1.86799
0.00302212,1.86934
0.00302233,1.87061
0.0030254,1.87191
0.00302854,1.87317
0.00302872,1.87447
0.00303151,1.87589
0.00303139,1.87733
0.0030311,1.87884
0.00303104,1.88024
0.00303402,1.88157
0.00303712,1.88286
0.00303743,1.88409
0.00303759,1.88538
0.00304085,1.88659
0.0030409,1.88794
0.00304402,1.88921
0.00304415,1.89053
0.00304745,1.89172
0.00304765,1.893
0.00305079,1.89426
0.00305389,1.89553
0.00305401,1.89686
0.0030571,1.89814
0.00305706,1.89954
0.00306021,1.9008
0.00306049,1.90204
0.0030609,1.90322
0.00306416,1.90442
0.00306753,1.90558
0.00306789,1.90679
0.00306814,1.90804
0.00307121,1.90933
0.00307436,1.91059
0.00307744,1.91189
0.00307783,1.91308
0.00307798,1.91438
0.00308108,1.91566
0.00308124,1.91697
0.00308417,1.91832
0.00308709,1.91969
0.0030872,1.92101
0.00309037,1.92227
0.00309367,1.92346
0.00309429,1.92454
0.00309469,1.92572
0.00309824,1.92678
0.0030989,1.92785
0.00310225,1.92901
0.00310265,1.9302
0.0031031,1.93136
0.00310643,1.93253
0.0031068,1.93373
0.00310991,1.93501
0.00311016,1.93626
0.00311034,1.93756
0.00311344,1.93884
0.00311341,1.94023
0.00311643,1.94154
0.00311675,1.94277
0.00312008,1.94395
0.0031206,1.94508
0.00312401,1.94621
0.00312451,1.94734
0.00312778,1.94855
0.00312818,1.94974
0.00312856,1.95093
0.00313196,1.95207
0.00313251,1.95319
0.0031358,1.95438
0.00313607,1.95562
0.00313899,1.95699
0.00313901,1.95835
0.00314202,1.95968
0.00314216,1.96099
0.00314241,1.96224
0.00314554,1.96351
0.00314598,1.96468
0.00314633,1.96588
0.00314965,1.96706
0.00315011,1.96822
0.00315349,1.96937
0.00315409,1.97046
0.00315756,1.97157
0.00315807,1.9727
0.00316145,1.97385
0.0031619,1.97501
0.00316507,1.97626
0.00316528,1.97754
0.0031655,1.97881
0.00316851,1.98013
0.0031688,1.98137
0.00317208,1.98257
0.00317246,1.98376
0.00317585,1.9849
0.00317621,1.98611
0.00317943,1.98734
0.00318256,1.9886
0.00318291,1.98982
0.00318623,1.99099
0.00318961,1.99214
0.00319011,1.99328
0.00319316,1.99458
0.00319341,1.99584
0.00319333,1.99725
0.00319628,1.9986
0.00319927,1.99994
0.00319938,2.00127
0.00320263,2.00247
0.00320286,2.00374
0.00320595,2.00503
0.00320888,2.00639
0.00320911,2.00766
0.00320929,2.00894
0.00321248,2.01019
0.00321576,2.01138
0.00321614,2.01258
0.00321938,2.01379
0.00321952,2.01511
0.00322253,2.01643
0.00322257,2.01779
0.00322561,2.01909
0.00322567,2.02044
0.00322577,2.02177
0.0032291,2.02294
0.00322934,2.0242
0.00323236,2.02551
0.00323254,2.02681
0.00323556,2.02813
0.00323571,2.02944
0.00323581,2.03076
0.00324186,2.03202
0.00324216,2.03325
0.00324531,2.03452
0.00324537,2.03586
0.0032454,2.03722
0.0032485,2.03849
0.00324851,2.03987
0.00325153,2.04119
0.00325466,2.04246
0.00325502,2.04366
0.00325535,2.04488
0.00325854,2.04612
0.00325857,2.04748
0.00325861,2.04884
0.00326141,2.05026
0.00326445,2.05157
0.00326462,2.05287
0.00326778,2.05412
0.00327079,2.05544
0.00327091,2.05676
0.00327109,2.05805
0.0032741,2.05937
0.00327732,2.0606
0.00327763,2.06183
0.00328113,2.06292
0.00328151,2.06412
0.00328488,2.06527
0.00328522,2.06648
0.00328841,2.06772
0.00328864,2.06899
0.00328866,2.07035
0.00329185,2.0716
0.00329206,2.07287
0.00329525,2.07411
0.00329529,2.07546
0.0032953,2.07684
0.00329813,2.07824
0.00330096,2.07964
0.00330118,2.08093
0.00330414,2.08227
0.00330453,2.08347
0.00330761,2.08475
0.00330791,2.08598
0.00331092,2.08731
0.00331111,2.08859
0.00331427,2.08985
0.00331728,2.09117
0.00331744,2.09248
0.00332045,2.0938
0.00332064,2.09509
0.0033236,2.09642
0.00332651,2.0978
0.00332642,2.09922
0.00332931,2.1006
0.00332937,2.10195
0.00333242,2.10325
0.0033327,2.10449
0.00333604,2.10566
0.00333632,2.10691
0.00333952,2.10814
0.00333973,2.10941
0.00334289,2.11067
0.00334311,2.11194
0.00334614,2.11326
0.00334628,2.11456
0.00334925,2.11591
0.00334946,2.11718
0.00335225,2.11861
0.00335222,2.12
0.00335216,2.12141
0.00335514,2.12274
0.00335534,2.12402
0.0033585,2.12528
0.00336175,2.12648
0.0033621,2.12769
0.00336528,2.12894
0.00336553,2.1302
0.00336876,2.13141
0.00336903,2.13267
0.0033722,2.13391
0.00337248,2.13516
0.00337555,2.13645
0.00337571,2.13775
0.00337598,2.139
0.00337897,2.14033
0.00337915,2.14163
0.0033822,2.14292
0.0033824,2.14421
0.00338563,2.14542
0.00338604,2.14661
0.00338934,2.1478
0.00338969,2.149
0.00339003,2.15022
0.00339307,2.15153
0.00339334,2.15277
0.00339653,2.15401
0.00339686,2.15524
0.00340014,2.15643
0.00340333,2.15767
0.00340363,2.1589
0.00340386,2.16017
0.00340693,2.16146
0.00340714,2.16274
0.00341036,2.16396
0.00341079,2.16514
0.00341409,2.16632
0.00341456,2.16747
0.00341477,2.16875
0.00341781,2.17006
0.00341817,2.17127
0.0034212,2.17259
0.0034215,2.17381
0.00342176,2.17507
0.00342505,2.17626
0.00342813,2.17754
0.00342841,2.17879
0.0034315,2.18007
0.0034318,2.18131
0.00343516,2.18247
0.0034354,2.18373
0.00343875,2.18489
0.00343923,2.18604
0.00344256,2.18721
0.00344277,2.18849
0.00344592,2.18975
0.00344609,2.19104
0.00344923,2.19231
0.0034496,2.19351
0.00345281,2.19473
0.00345609,2.19593
0.00345638,2.19717
0.00345937,2.1985
0.0034627,2.19968
0.00346312,2.20085
0.00346638,2.20205
0.00346679,2.20324
0.00347002,2.20446
0.00347037,2.20567
0.00347056,2.20696
0.00347376,2.20819
0.00347392,2.20949
0.003477,2.21077
0.00347704,2.21214
0.00347993,2.21352
0.0034801,2.21481
0.00348021,2.21613
0.00348322,2.21746
0.00348336,2.21877
0.00348644,2.22006
0.00348937,2.22142
0.00348954,2.22272
0.00349265,2.22398
0.00349287,2.22527
0.00349624,2.22641
0.00349947,2.22764
0.00349966,2.22892
0.00350284,2.23016
0.00350291,2.23151
0.00350603,2.23277
0.00350618,2.23409
0.00350632,2.2354
0.00350943,2.23666
0.00350958,2.23797
0.00350962,2.23933
0.00351248,2.24072
0.00351257,2.24206
0.00351549,2.24342
0.00351856,2.24472
0.00351887,2.24595
0.00352212,2.24716
0.00352255,2.24833
0.0035256,2.24963
0.00352588,2.25088
0.00352898,2.25215
0.0035293,2.25339
0.00352955,2.25464
0.00353268,2.25591
0.00353293,2.25716
0.00353588,2.25851
0.00353888,2.25984
0.00353876,2.26128
0.00354179,2.26259
0.00354183,2.26395
0.00354487,2.26526
0.00354518,2.26649
0.00354837,2.26772
0.00354881,2.26889
0.00355197,2.27015
0.00355507,2.27142
0.00355519,2.27275
0.00355826,2.27404
0.00355864,2.27524
0.00355892,2.27647
0.00356225,2.27765
0.00356234,2.27899
0.00356249,2.28029
0.00356536,2.28168
0.0035654,2.28304
0.00356562,2.2843
0.00356876,2.28557
0.00357201,2.28677
0.00357219,2.28806
0.00357535,2.28932
0.00357544,2.29065
0.00357851,2.29195
0.00357869,2.29324
0.00358176,2.29453
0.00358216,2.29572
0.00358521,2.29702
0.00358554,2.29825
0.00358873,2.29949
0.00359175,2.3008
0.00359179,2.30216
0.00359474,2.30351
0.00359772,2.30485
0.00359788,2.30615
0.00359822,2.30737
0.00360124,2.30869
0.00360436,2.30996
0.00360431,2.31136
0.00360709,2.31279
0.00360996,2.31418
0.00361018,2.31545
0.0036102,2.31682
0.00361337,2.31806
0.00361358,2.31934
0.00361649,2.32071
0.00361657,2.32205
0.00361937,2.32347
0.00362248,2.32475
0.00362273,2.32601
0.00362604,2.3272
0.00362614,2.32852
0.00362939,2.32972
0.00362948,2.33106
0.00363255,2.33235
0.00363274,2.33364
0.00363556,2.33505
0.00363584,2.3363
0.00363878,2.33766
0.00363898,2.33894
0.00364178,2.34036
0.00364203,2.34161
0.00364505,2.34293
0.00364519,2.34425
0.0036482,2.34557
0.00364839,2.34686
0.00365173,2.34802
0.00365194,2.3493
0.00365525,2.35048
0.00365544,2.35177
0.00365861,2.35301
0.00365872,2.35433
0.00366151,2.35576
0.00366159,2.3571
0.00366165,2.35845
0.00366445,2.35986
0.00366443,2.36125
0.00366731,2.36264
0.00366723,2.36405
0.00367016,2.36542
0.0036702,2.36677
0.00367315,2.36812
0.00367636,2.36936
0.00367656,2.37064
0.00367962,2.37193
0.00367999,2.37313
0.00368302,2.37445
0.00368319,2.37574
0.00368637,2.37699
0.00368635,2.37837
0.00368949,2.37964
0.00368961,2.38095
0.00369276,2.38222
0.00369289,2.38352
0.0036931,2.3848
0.00369617,2.38609
0.00369643,2.38735
0.00369953,2.38863
0.00369976,2.38989
0.00370017,2.39108
0.0037034,2.3923
0.00370368,2.39354
0.00370399,2.39477
0.00370701,2.39609
0.00371004,2.3974
0.00371018,2.39871
0.00371037,2.39999
0.00371636,2.40128
0.00371651,2.40259
0.00371961,2.40386
0.00371966,2.40522
0.00372277,2.4065
0.00372566,2.40788
0.00372599,2.4091
0.00372906,2.41039
0.0037291,2.41175
0.00373217,2.41304
0.00373526,2.41434
0.00373528,2.4157
0.00373816,2.41708
0.00373818,2.41845
0.00374109,2.41982
0.00374413,2.42113
0.00374431,2.42243
0.00374737,2.42372
0.00375057,2.42495
0.00375061,2.42632
0.00375335,2.42777
0.00375341,2.42912
0.00375642,2.43044
0.00375935,2.43179
0.00375936,2.43318
0.00376229,2.43453
0.00376508,2.43596
0.00376492,2.43741
0.00376759,2.43889
0.00376746,2.44033
0.00376756,2.44166
0.00377035,2.44309
0.00377043,2.44443
0.00377331,2.44581
0.00377632,2.44714
0.00377924,2.4485
0.00377917,2.44991
0.00378212,2.45126
0.00378208,2.45266
0.00378501,2.45402
0.00378486,2.45547
0.00378774,2.45686
0.00378765,2.45827
0.00379036,2.45973
0.00379301,2.46123
0.00379595,2.46259
0.00379927,2.46376
0.0037997,2.46494
0.00380027,2.46604
0.0038038,2.46712
0.00380448,2.46818
0.00380805,2.46923
0.00381165,2.47028
0.00381226,2.47137
0.00381586,2.47241
0.00381623,2.47361
0.00381643,2.47489
0.00381943,2.47622
0.00382256,2.4775
0.00382256,2.47886
0.0038226,2.48022
0.00382542,2.48163
0.00382534,2.48305
0.00382838,2.48436
0.00382842,2.48571
0.00382864,2.48698
0.00383171,2.48828
0.00383189,2.48957
0.00383471,2.49098
0.00383772,2.49231
0.003838,2.49355
0.00384119,2.49479
0.00384153,2.496
0.00384189,2.49721
0.00384514,2.49842
0.00384537,2.49968
0.00384843,2.50099
0.00384874,2.50222
0.00384897,2.50347
0.00385219,2.5047
0.00385231,2.50602
0.00385557,2.50722
0.00385579,2.5085
0.00385884,2.5098
0.00385904,2.51109
0.00386203,2.51242
0.00386234,2.51364
0.00386539,2.51495
0.00386567,2.51619
0.00386895,2.51739
0.00386923,2.51863
0.00387233,2.51991
0.00387245,2.52124
0.0038754,2.52258
0.00387547,2.52393
0.00387855,2.52521
0.00387872,2.52652
0.00388183,2.52778
0.00388205,2.52906
0.00388496,2.53043
0.00388515,2.53172
0.0038881,2.53306
0.00388825,2.53437
0.00389146,2.5356
0.00389458,2.53688
0.00389498,2.53807
0.00389805,2.53936
0.00389826,2.54064
0.00390137,2.5419
0.00390161,2.54317
0.00390472,2.54444
0.00390496,2.54571
0.00390825,2.5469
0.00390854,2.54815
0.00390884,2.54937
0.00391187,2.55069
0.00391201,2.552
0.003915,2.55333
0.00391503,2.55469
0.00391819,2.55595
0.00392129,2.55722
0.0039216,2.55845
0.00392182,2.55973
0.00392473,2.56109
0.00392778,2.5624
0.0039278,2.56377
0.00393101,2.565
0.00393133,2.56622
0.00393473,2.56736
0.00393792,2.5686
0.00393809,2.5699
0.00393825,2.57119
0.00394117,2.57256
0.00394135,2.57385
0.00394436,2.57518
0.0039445,2.57648
0.00394755,2.57779
0.00394765,2.57912
0.00394771,2.58046
0.0039506,2.58184
0.00395061,2.58322
0.00395356,2.58456
0.00395374,2.58586
0.00395697,2.58707
0.00396018,2.58831
0.0039606,2.58948
0.0039637,2.59076
0.00396388,2.59205
0.00396692,2.59336
0.0039671,2.59465
0.00397042,2.59583
0.00397061,2.59712
0.00397385,2.59833
0.00397692,2.59963
0.00397706,2.60094
0.00398001,2.60229
0.00398003,2.60366
0.00398018,2.60496
0.00398315,2.6063
0.00398336,2.60758
0.00398633,2.60892
0.00398665,2.61015
0.00398954,2.61153
0.00399252,2.61287
0.00399264,2.61419
0.00399567,2.6155
0.00399586,2.61679
0.00399902,2.61804
0.00399942,2.61922
0.00400263,2.62045
0.00400285,2.62172
0.00400591,2.62302
0.00400607,2.62432
0.00400923,2.62558
0.0040094,2.62687
0.00401252,2.62814
0.00401289,2.62934
0.00401594,2.63065
0.00401604,2.63198
0.00401908,2.63329
0.00401927,2.63457
0.00401932,2.63592
0.00402253,2.63715
0.00402282,2.63839
0.00402306,2.63965
0.00402629,2.64087
0.00402641,2.64218
0.00402963,2.64341
0.00402974,2.64473
0.00403278,2.64605
0.00403307,2.64728
0.00403625,2.64852
0.00403671,2.64968
0.00403694,2.65095
0.00404019,2.65216
0.00404046,2.65341
0.00404353,2.6547
0.00404384,2.65593
0.00404703,2.65717
0.00404747,2.65834
0.00404783,2.65954
0.00405118,2.6607
0.00405437,2.66195
0.00405741,2.66326
0.00405766,2.66452
0.00405775,2.66584
0.00406095,2.66707
0.00406118,2.66835
0.00406443,2.66955
0.00406758,2.67081
0.00406771,2.67213
0.00407064,2.67349
0.00407343,2.67492
0.00407364,2.6762
0.00407665,2.67752
0.00407987,2.67875
0.00408013,2.68
0.00408314,2.68132
0.00408328,2.68263
0.00408611,2.68403
0.00408617,2.68539
0.00408622,2.68673
0.00408928,2.68804
0.00408947,2.68932
0.00409254,2.69062
0.00409274,2.6919
0.00409564,2.69327
0.00409854,2.69465
0.00409845,2.69607
0.0041014,2.69741
0.00410446,2.69873
0.00410471,2.69998
0.00410778,2.70127
0.00410786,2.70261
0.00411086,2.70394
0.0041108,2.70535
0.00411382,2.70666
0.00411412,2.7079
0.00411733,2.70913
0.00412052,2.71036
0.00412067,2.71167
0.00412376,2.71296
0.00412397,2.71423
0.0041241,2.71555
0.00412703,2.71691
0.00413,2.71825
0.00413013,2.71957
0.00413308,2.72091
0.00413313,2.72227
0.00413326,2.72358
0.00413611,2.72498
0.0041392,2.72627
0.00414218,2.72761
0.00414526,2.7289
0.0041455,2.73016
0.00414577,2.73141
0.00414885,2.73269
0.00414907,2.73397
0.00414927,2.73525
0.00415221,2.73661
0.00415238,2.7379
0.00415525,2.73929
0.00415817,2.74066
0.00415832,2.74196
0.0041612,2.74335
0.00416141,2.74462
0.0041643,2.74601
0.00416731,2.74733
0.00416737,2.74868
0.0041703,2.75003
0.00417057,2.75129
0.00417356,2.75262
0.0041738,2.75388
0.0041768,2.75521
0.00417703,2.75647
0.00418003,2.75781
0.0041802,2.7591
0.00418306,2.76049
0.00418307,2.76187
0.00418604,2.7632
0.00418607,2.76457
0.00418917,2.76585
0.00418924,2.76719
0.00419234,2.76847
0.00419236,2.76984
0.00419508,2.7713
0.00419509,2.77267
0.00419823,2.77394
0.00420153,2.77513
0.00420183,2.77636
0.00420502,2.77759
0.0042052,2.77889
0.00420815,2.78023
0.00420817,2.7816
0.00421133,2.78286
0.00421178,2.78402
0.00421515,2.78517
0.00421541,2.78643
0.00421565,2.78769
0.00421849,2.78909
0.0042214,2.79046
0.00422135,2.79186
0.00422458,2.79308
0.00422479,2.79435
0.00422508,2.79559
0.00422823,2.79686
0.00422817,2.79826
0.00423112,2.7996
0.00423113,2.80098
0.00423438,2.80218
0.00423481,2.80336
0.00423815,2.80452
0.00424139,2.80574
0.00424169,2.80698
0.00424191,2.80825
0.0042448,2.80963
0.00424798,2.81087
0.00424817,2.81216
0.00424836,2.81344
0.00425153,2.81469
0.00425453,2.81602
0.00425484,2.81725
0.00425499,2.81855
0.00425802,2.81987
0.00425827,2.82112
0.00426149,2.82235
0.00426196,2.82351
0.00426525,2.8247
0.00426567,2.82587
0.00426881,2.82713
0.00426925,2.8283
0.00427229,2.82961
0.00427258,2.83084
0.00427582,2.83206
0.00427598,2.83336
0.00427923,2.83457
0.00427945,2.83584
0.00428253,2.83713
0.00428261,2.83847
0.00428556,2.83982
0.00428547,2.84124
0.00428843,2.84259
0.0042884,2.84398
0.00429147,2.84527
0.00429458,2.84655
0.00429483,2.84781
0.00429498,2.84911
0.0042981,2.85038
0.00429836,2.85163
0.00430155,2.85287
0.00430189,2.85408
0.0043051,2.85532
0.00430847,2.85648
0.00430874,2.85772
0.00430896,2.85899
0.00431183,2.86038
0.0043147,2.86177
0.00431479,2.86311
0.00431784,2.86441
0.00431814,2.86564
0.00432131,2.86689
0.00432465,2.86806
0.00432495,2.8693
0.00432803,2.87058
0.00432821,2.87188
0.00433145,2.87309
0.00433199,2.87421
0.00433241,2.87539
0.00433568,2.87658
0.00433596,2.87783
0.00433613,2.87912
0.00433908,2.88047
0.00433902,2.88188
0.00434213,2.88315
0.00434238,2.88441
0.00434554,2.88567
0.00434577,2.88694
0.00434888,2.8882
0.00434921,2.88943
0.00435237,2.89068
0.00435275,2.89188
0.00435877,2.89315
0.0043593,2.89428
0.00435967,2.89547
0.00436299,2.89665
0.00436338,2.89785
0.00436347,2.89917
0.00436651,2.90049
0.00436657,2.90183
0.0043696,2.90315
0.00436979,2.90443
0.00437304,2.90564
0.0043734,2.90685
0.0043765,2.90812
0.00437688,2.90932
0.00438009,2.91055
0.0043806,2.91169
0.0043838,2.91292
0.0043842,2.91411
0.00438771,2.9152
0.00438808,2.9164
0.00439131,2.91761
0.00439144,2.91893
0.00439454,2.92021
0.00439471,2.9215
0.00439785,2.92277
0.00439811,2.92402
0.00439849,2.92521
0.00439896,2.92636
0.00440226,2.92755
0.00440277,2.92868
0.0044061,2.92986
0.00440637,2.9311
0.00440976,2.93225
0.00441012,2.93346
0.00441057,2.93462
0.00441397,2.93576
0.00441439,2.93694
0.00441764,2.93814
0.00441779,2.93945
0.00442084,2.94075
0.00442112,2.942
0.0044245,2.94314
0.00442788,2.94429
0.00442834,2.94545
0.00443169,2.94661
0.00443199,2.94785
0.00443247,2.94899
0.00443575,2.95019
0.00443612,2.9514
0.00443961,2.95249
0.0044401,2.95363
0.00444338,2.95483
0.00444368,2.95607
0.00444677,2.95735
0.00444687,2.95868
0.00444994,2.95997
0.00444993,2.96135
0.004453,2.96264
0.00445327,2.9639
0.00445641,2.96516
0.00445676,2.96637
0.00446009,2.96754
0.00446036,2.96879
0.00446361,2.97
0.00446408,2.97116
0.00446461,2.97228
0.00446817,2.97333
0.00446872,2.97445
0.00447213,2.97559
0.00447247,2.9768
0.00447561,2.97807
0.00447585,2.97933
0.00447621,2.98053
0.00447658,2.98173
0.00447981,2.98295
0.00448312,2.98413
0.00448339,2.98539
0.00448371,2.98661
0.00448672,2.98793
0.00448702,2.98916
0.00449031,2.99035
0.00449077,2.99151
0.00449414,2.99266
0.00449465,2.9938
0.00449502,2.995
0.00449804,2.99632
0.00449838,2.99753
0.00450147,2.99881
0.0045019,2.99999
0.00450209,3.00128
0.00450523,3.00254
0.00450552,3.00378
0.00450571,3.00506
0.00450885,3.00632
0.00450906,3.0076
0.00451238,3.00878
0.00451554,3.01003
0.00451605,3.01117
0.0045194,3.01233
0.00451986,3.01348
0.00452309,3.0147
0.00452331,3.01598
0.00452641,3.01725
0.00452649,3.0186
0.00452973,3.01981
0.00452997,3.02107
0.00453023,3.02233
0.00453346,3.02354
0.00453379,3.02476
0.00453415,3.02597
0.00453744,3.02716
0.00454076,3.02833
0.0045413,3.02945
0.00454483,3.03053
0.00454545,3.03162
0.00454602,3.03273
0.00454946,3.03384
0.00454976,3.03508
0.00455291,3.03633
0.00455313,3.0376
0.00455616,3.03892
0.00455648,3.04014
0.00455962,3.04141
0.00455989,3.04265
0.00456012,3.04392
0.00456323,3.04519
0.00456353,3.04643
0.00456387,3.04764
0.00456722,3.0488
0.00456783,3.04989
0.00457155,3.05088
0.00457217,3.05196
0.00457557,3.0531
0.00457604,3.05426
0.00457631,3.0555
0.00457975,3.05662
0.00458019,3.05779
0.0045835,3.05897
0.0045841,3.06006
0.00458747,3.06121
0.00458771,3.06247
0.00458789,3.06377
0.00459106,3.06501
0.00459432,3.06622
0.00459478,3.06738
0.00459828,3.06847
0.00459588,3.06961
0.00459934,3.07072
0.00460257,3.07194
0.00460291,3.07315
0.00460339,3.0743
0.00460688,3.0754
0.00461044,3.07647
0.00461096,3.07759
0.00461168,3.07862
0.00461496,3.07982
0.00461538,3.081
0.00461861,3.08221
0.00461898,3.08342
0.00462223,3.08463
0.00462261,3.08583
0.00462304,3.08699
0.00462644,3.08813
0.00462697,3.08926
0.00463019,3.09048
0.00463044,3.09174
0.00463364,3.09298
0.00463394,3.09421
0.00463719,3.09542
0.00464045,3.09662
0.00464093,3.09777
0.00464138,3.09893
0.00464448,3.10022
0.00464754,3.10152
0.00464768,3.10283
0.00464795,3.10408
0.00465112,3.10532
0.00465444,3.10649
0.00465499,3.10762
0.0046584,3.10874
0.00465893,3.10987
0.00466217,3.11109
0.00466273,3.1122
0.0046632,3.11335
0.00466633,3.11463
0.00466689,3.11573
0.00467031,3.11686
0.00467079,3.11801
0.00467105,3.11926
0.00467415,3.12054
0.00467418,3.1219
0.00467728,3.12318
0.00467751,3.12445
0.00467792,3.12563
0.00468158,3.12664
0.00468211,3.12777
0.00468257,3.12893
0.00468592,3.13009
0.0046892,3.13129
0.00468967,3.13244
0.00469017,3.13358
0.00469356,3.13472
0.00469704,3.13583
0.00469755,3.13696
0.0046979,3.13817
0.00470098,3.13945
0.00470138,3.14065
0.00470167,3.14189
0.00470517,3.14298
0.00470571,3.1441
0.00470633,3.14517
0.00470988,3.14624
0.00471041,3.14737
0.00471387,3.14848
0.00471434,3.14964
0.00471789,3.1507
0.00471845,3.15181
0.00472201,3.15288
0.00472266,3.15395
0.00472315,3.15508
0.00472655,3.15622
0.00472675,3.15751
0.00472699,3.15877
0.00473019,3.16
0.00473058,3.1612
0.00473397,3.16234
0.00473438,3.16352
0.0047349,3.16465
0.00473809,3.16589
0.00473858,3.16703
0.00473903,3.16819
0.00474264,3.16923
0.00474339,3.17025
0.00474691,3.17133
0.00474775,3.17231
0.00475109,3.17348
0.00475167,3.17459
0.00475202,3.17579
0.00475531,3.17698
0.00475582,3.17812
0.00475917,3.17928
0.00475968,3.18041
0.00476007,3.1816
0.00476351,3.18273
0.00476376,3.18398
0.00476718,3.18511
0.00476769,3.18624
0.00476821,3.18737
0.00477188,3.18839
0.00477264,3.1894
0.00477344,3.19039
0.00477712,3.1914
0.00477788,3.19241
0.00477845,3.19352
0.00478191,3.19464
0.00478243,3.19576
0.00478583,3.1969
0.00478643,3.198
0.00478981,3.19914
0.00479022,3.20033
0.00479355,3.2015
0.00479379,3.20276
0.00479414,3.20397
0.00479744,3.20516
0.00479809,3.20622
0.00479884,3.20725
0.00480251,3.20825
0.00480338,3.20922
0.00480415,3.21023
0.00480778,3.21126
0.00480829,3.21239
0.00481184,3.21346
0.00481265,3.21445
0.00481641,3.21543
0.00481721,3.21642
0.00481795,3.21745
0.00481848,3.21857
0.00482185,3.21972
0.00482511,3.22093
0.00482561,3.22207
0.00482618,3.22318
0.00482698,3.22417
0.00483045,3.22527
0.00483114,3.22633
0.00483161,3.22748
0.0048349,3.22867
0.00483559,3.22972
0.00483614,3.23083
0.00483699,3.2318
0.00484063,3.23283
0.00484157,3.23376
0.00484221,3.23483
0.00484562,3.23596
0.00484609,3.23712
0.00484942,3.23829
0.00484996,3.23941
0.00485339,3.24054
0.00485402,3.24161
0.00485468,3.24268
0.00485809,3.24381
0.00486149,3.24495
0.00486197,3.2461
0.0048625,3.24722
0.00486602,3.2483
0.00486961,3.24936
0.00486752,3.25035
0.0048711,3.2514
0.00487468,3.25245
0.00487518,3.25359
0.00487571,3.25472
0.00487891,3.25595
0.00488222,3.25714
0.00488278,3.25825
0.00488341,3.25932
0.00488699,3.26038
0.00488743,3.26155
0.00489082,3.26269
0.00489114,3.26391
0.00489436,3.26513
0.0048949,3.26626
0.0048986,3.26725
0.00489944,3.26823
0.00490302,3.26928
0.00490357,3.2704
0.00490411,3.27152
0.00490758,3.27263
0.00491101,3.27376
0.00491156,3.27487
0.00491207,3.27601
0.0049154,3.27717
0.00491591,3.27831
0.00491622,3.27954
0.00491941,3.28077
0.0049226,3.28201
0.00492291,3.28325
0.00492331,3.28443
0.00492661,3.28562
0.00492716,3.28673
0.00492788,3.28776
0.00493145,3.28882
0.00493202,3.28993
0.00493547,3.29105
0.00493605,3.29214
0.00493946,3.29328
0.00493997,3.29442
0.0049435,3.29549
0.00494409,3.29659
0.00494763,3.29767
0.00494794,3.29889
0.00495128,3.30006
0.00495144,3.30136
0.00495467,3.30257
0.00495527,3.30367
0.00495868,3.3048
0.00495931,3.30588
0.00496264,3.30706
0.00496318,3.30818
0.00496643,3.30939
0.00496686,3.31056
0.00497018,3.31173
0.00497072,3.31286
0.00497422,3.31395
0.00497475,3.31508
0.0049781,3.31624
0.0049784,3.31747
0.00498144,3.31878
0.00498163,3.32007
0.00498467,3.32137
0.0049849,3.32264
0.00498828,3.32379
0.00498873,3.32496
0.00498908,3.32616
0.00499209,3.32749
0.00499529,3.32872
0.00499561,3.32995
0.004999,3.33108
0.00499942,3.33227
0.00499994,3.33339
0.00500339,3.33451
0.00500657,3.33575
0.0050068,3.33702
0.00500988,3.33831
0.00501015,3.33956
0.00501329,3.34083
0.00501361,3.34205
0.00501408,3.3432
0.00501737,3.34439
0.00502081,3.34551
0.00502106,3.34677
0.00502136,3.348
0.00502461,3.34921
0.00502511,3.35035
0.00502859,3.35145
0.0050292,3.35254
0.00503272,3.35362
0.00503589,3.35486
0.00503619,3.3561
0.00503626,3.35744
0.00503948,3.35866
0.00503989,3.35985
0.0050402,3.36108
0.00504342,3.3623
0.00504659,3.36355
0.00504978,3.36479
0.00504985,3.36613
0.00505021,3.36734
0.00505076,3.36845
0.00505426,3.36954
0.00505492,3.3706
0.00505839,3.37171
0.00505911,3.37275
0.00505972,3.37384
0.00506604,3.37497
0.00506635,3.3762
0.00506673,3.37739
0.00507003,3.37858
0.00507045,3.37975
0.00507076,3.38098
0.00507393,3.38223
0.00507702,3.38351
0.0050773,3.38476
0.00508031,3.38608
0.00508055,3.38734
0.00508104,3.38849
0.00508454,3.38958
0.00508805,3.39067
0.00508854,3.39181
0.00508977,3.3926
0.00509383,3.39343
0.00509508,3.39422
0.00509907,3.39507
0.00510037,3.39584
0.00510172,3.39658
0.00510589,3.39734
0.00511009,3.39811
0.00511126,3.39894
0.00511224,3.39984
0.00511268,3.40101
0.00511599,3.40219
0.00511646,3.40334
0.0051199,3.40447
0.00512064,3.4055
0.00512409,3.4066
0.0051247,3.40769
0.00512522,3.40882
0.00512862,3.40996
0.00512933,3.411
0.00513285,3.41208
0.00513376,3.41303
0.00513741,3.41405
0.0051381,3.4151
0.0051386,3.41624
0.00513906,3.4174
0.0051425,3.41851
0.0051429,3.4197
0.00514356,3.42076
0.00514704,3.42186
0.00514777,3.4229
0.00515115,3.42404
0.0051545,3.42521
0.00515512,3.42629
0.00515563,3.42742
0.00515938,3.4284
0.00516022,3.42938
0.00516112,3.43033
0.00516489,3.43129
0.00516571,3.43228
0.00516659,3.43323
0.00517032,3.43422
0.00517125,3.43515
0.0051721,3.43612
0.00517598,3.43703
0.00517686,3.438
0.0051805,3.43902
0.00518132,3.44001
0.00518497,3.44103
0.00518571,3.44206
0.0051863,3.44316
0.00518991,3.44419
0.00519071,3.44519
0.00519156,3.44616
0.00519521,3.44718
0.00519594,3.44821
0.00519676,3.4492
0.00520041,3.45022
0.00520118,3.45123
0.0052021,3.45217
0.00520295,3.45315
0.00520683,3.45405
0.00520769,3.45503
0.00520846,3.45603
0.0052122,3.45701
0.00521289,3.45806
0.00521661,3.45905
0.00521731,3.46009
0.00521796,3.46116
0.00522159,3.46219
0.00522234,3.46321
0.00522301,3.46427
0.00522656,3.46533
0.00522727,3.46638
0.00523075,3.46749
0.0052315,3.4685
0.00523222,3.46954
0.00523609,3.47045
0.00523703,3.47139
0.00524069,3.47239
0.00524155,3.47337
0.0052423,3.47438
0.00524592,3.47542
0.00524953,3.47646
0.00525048,3.47739
0.00524846,3.47835
0.00525217,3.47934
0.00525306,3.48029
0.00525669,3.48132
0.00525733,3.48239
0.00525796,3.48348
0.00526155,3.48453
0.00525949,3.48551
0.00526323,3.48648
0.00526398,3.48749
0.0052676,3.48853
0.00526843,3.48952
0.00526903,3.49061
0.00526958,3.49172
0.0052734,3.49265
0.00527437,3.49358
0.0052754,3.49446
0.00527922,3.4954
0.00528015,3.49634
0.00528396,3.49729
0.00528469,3.49832
0.00528533,3.49939
0.00528594,3.50047
0.00528693,3.50138
0.00529061,3.50238
0.0052913,3.50343
0.00529187,3.50454
0.00529535,3.50564
0.00529594,3.50674
0.00529649,3.50785
0.00530026,3.50882
0.00530102,3.50983
0.00530197,3.51076
0.00530577,3.51171
0.00530669,3.51265
0.00531056,3.51357
0.00530848,3.51455
0.00531232,3.51548
0.0053132,3.51644
0.00531708,3.51735
0.00531786,3.51836
0.00531876,3.51931
0.0053225,3.52029
0.00532312,3.52137
0.00532648,3.52253
0.00532405,3.52368
0.00532774,3.52468
0.0053285,3.5257
0.00532934,3.52667
0.00533309,3.52765
0.00533383,3.52868
0.00533468,3.52965
0.0053383,3.53068
0.00533911,3.53168
0.00534004,3.53261
0.00534378,3.53359
0.00534467,3.53454
0.00534547,3.53554
0.005349,3.53661
0.0053495,3.53776
0.00535017,3.53882
0.00535069,3.53994
0.00535417,3.54104
0.00535493,3.54206
0.00535568,3.54307
0.00535941,3.54407
0.00536013,3.5451
0.00536367,3.54616
0.00536447,3.54716
0.00536529,3.54815
0.00536619,3.5491
0.00536996,3.55007
0.00537101,3.55094
0.00537209,3.55181
0.00537291,3.55279
0.00537665,3.55377
0.00537731,3.55483
0.00537788,3.55594
0.00537868,3.55694
0.0053823,3.55797
0.0053833,3.55887
0.00538702,3.55986
0.0053877,3.56092
0.00538821,3.56205
0.00538885,3.56312
0.00539244,3.56417
0.00539328,3.56515
0.00539718,3.56605
0.00539792,3.56708
0.00539881,3.56803
0.00540231,3.56912
0.00540301,3.57016
0.0054037,3.57121
0.00540439,3.57227
0.00540796,3.57332
0.0054087,3.57435
0.00540948,3.57535
0.00541307,3.5764
0.00541387,3.57739
0.00541741,3.57847
0.00541802,3.57956
0.00541872,3.5806
0.00542219,3.5817
0.00542302,3.5827
0.00542387,3.58367
0.00542473,3.58463
0.00542832,3.58568
0.00542914,3.58667
0.00543281,3.58767
0.00543358,3.58869
0.00543452,3.58962
0.00543553,3.59052
0.00543667,3.59136
0.00544045,3.59231
0.0054413,3.59329
0.00544196,3.59435
0.00544261,3.59541
0.00544348,3.59638
0.00544413,3.59744
0.00544787,3.59842
0.00544865,3.59943
0.00544936,3.60047
0.00545007,3.60151
0.00545077,3.60255
0.00545152,3.60357
0.00545531,3.60453
0.00545634,3.60541
0.00545724,3.60636
0.00545823,3.60727
0.00545926,3.60816
0.00546008,3.60914
0.00546382,3.61012
0.00546477,3.61105
0.00546569,3.61199
0.0054667,3.61288
0.00546757,3.61384
0.00547145,3.61475
0.00547228,3.61574
0.00547607,3.6167
0.00547692,3.61767
0.00547795,3.61855
0.00547892,3.61947
0.00547984,3.62041
0.00548386,3.62126
0.00548486,3.62216
0.00548586,3.62306
0.0054868,3.62399
0.00549059,3.62495
0.00549152,3.62588
0.00549243,3.62683
0.00549618,3.6278
0.00549712,3.62873
0.00549807,3.62966
0.00549892,3.63063
0.00550279,3.63154
0.00550378,3.63246
0.00550461,3.63343
0.00550559,3.63434
0.0055095,3.63524
0.00551045,3.63617
0.00551155,3.63702
0.00551237,3.63801
0.00551613,3.63898
0.0055168,3.64004
0.00551758,3.64104
0.0055211,3.64212
0.00552184,3.64315
0.00552276,3.64409
0.00552354,3.64509
0.00552441,3.64606
0.00552505,3.64713
0.005526,3.64806
0.00552975,3.64903
0.00553071,3.64995
0.00553169,3.65086
0.0055329,3.65166
0.00553699,3.65247
0.0055379,3.65342
0.0055389,3.65432
0.00553976,3.65529
0.00554353,3.65625
0.00554447,3.65718
0.00554527,3.65818
0.00554631,3.65906
0.00554999,3.66006
0.00555085,3.66104
0.00555449,3.66206
0.00555247,3.66302
0.00555624,3.66399
0.00555718,3.66492
0.00555836,3.66573
0.00556213,3.6667
0.00556323,3.66755
0.00556415,3.66849
0.00556497,3.66948
0.00556857,3.67052
0.0055693,3.67155
0.00557011,3.67254
0.00557385,3.67352
0.00557479,3.67445
0.00557853,3.67543
0.00557933,3.67643
0.00557997,3.6775
0.00558356,3.67855
0.00558438,3.67953
0.00558523,3.68051
0.00558904,3.68145
0.00558992,3.68241
0.00559064,3.68344
0.00559423,3.6845
0.00559469,3.68566
0.00559539,3.6867
0.00559896,3.68776
0.00559965,3.68881
0.00560023,3.68991
0.00560388,3.69092
0.00560468,3.69193
0.00560541,3.69295
0.00560918,3.69392
0.00560984,3.69498
0.00561064,3.69598
0.00561432,3.69698
0.00561511,3.69799
0.00561598,3.69895
0.00561688,3.6999
0.00562052,3.70092
0.00562116,3.702
0.0056246,3.70312
0.00562519,3.70422
0.00562875,3.70528
0.0056294,3.70634
0.00563005,3.70741
0.00563074,3.70846
0.00563421,3.70956
0.00563477,3.71068
0.00563535,3.71178
0.0056387,3.71294
0.00563921,3.71407
0.00563982,3.71516
0.00564341,3.71621
0.00564709,3.71722
0.00564775,3.71828
0.00564832,3.71938
0.00565172,3.72052
0.00564937,3.72164
0.0056529,3.72272
0.00565659,3.72372
0.00565738,3.72472
0.00565807,3.72577
0.00566154,3.72687
0.00566186,3.7281
0.00566222,3.7293
0.00566264,3.73048
0.00566611,3.73158
0.00566685,3.73261
0.00566733,3.73376
0.00567087,3.73482
0.00567126,3.73602
0.00567465,3.73717
0.00567508,3.73834
0.00567573,3.7394
0.00567919,3.74052
0.00567997,3.74152
0.00568361,3.74255
0.0056842,3.74364
0.00568485,3.74471
0.00568534,3.74586
0.00568893,3.7469
0.00568947,3.74802
0.00569015,3.74908
0.00569388,3.75006
0.00569465,3.75108
0.00569526,3.75215
0.00569869,3.75328
0.00569923,3.7544
0.00570264,3.75553
0.00570324,3.75663
0.00570384,3.75772
0.00570746,3.75875
0.0057083,3.75973
0.0057089,3.76082
0.00571249,3.76187
0.00571318,3.76292
0.00571373,3.76403
0.00571437,3.76511
0.00571803,3.76612
0.00571888,3.7671
0.00572265,3.76806
0.00572332,3.76911
0.00572392,3.77021
0.00572735,3.77134
0.005728,3.7724
0.00572855,3.77352
0.00572941,3.77449
0.00573315,3.77546
0.00573378,3.77654
0.0057344,3.77762
0.00573792,3.77871
0.00573861,3.77975
0.00573926,3.78082
0.00574288,3.78185
0.00574366,3.78286
0.00574731,3.78388
0.00574802,3.78492
0.0057487,3.78598
0.00574956,3.78694
0.00575324,3.78794
0.00575388,3.78902
0.00575465,3.79003
0.00575826,3.79107
0.00575911,3.79205
0.00575981,3.79309
0.00576354,3.79408
0.00576432,3.79508
0.00576496,3.79615
0.0057685,3.79721
0.0057691,3.79831
0.00576997,3.79928
0.00577356,3.80033
0.00577719,3.80136
0.00577779,3.80246
0.00577841,3.80353
0.00577899,3.80463
0.0057823,3.80581
0.00578272,3.80699
0.00578321,3.80813
0.0057838,3.80923
0.00578718,3.81037
0.00578774,3.81149
0.00578823,3.81263
0.00579154,3.81382
0.00579208,3.81494
0.0057955,3.81607
0.0057961,3.81715
0.00579971,3.81819
0.00580032,3.81929
0.00580395,3.82031
0.00580448,3.82144
0.00580495,3.82259
0.00580837,3.82372
0.00580916,3.82472
0.00580968,3.82585
0.00581318,3.82694
0.00581385,3.828
0.00581449,3.82907
0.0058181,3.83011
0.00581857,3.83126
0.00581914,3.83237
0.00582275,3.83342
0.00582327,3.83454
0.00582384,3.83564
0.00582449,3.83671
0.00582811,3.83774
0.00582867,3.83886
0.0058291,3.84002
0.00583246,3.84118
0.00583585,3.84233
0.00583637,3.84346
0.00583688,3.84459
0.0058405,3.84563
0.00584394,3.84675
0.00584437,3.84793
0.00584474,3.84912
0.00584519,3.85028
0.00584874,3.85134
0.00584922,3.8525
0.00585269,3.8536
0.0058532,3.85474
0.00585362,3.85591
0.00585693,3.8571
0.00585731,3.85829
0.00586068,3.85944
0.00586111,3.86061
0.00586445,3.86179
0.00586489,3.86296
0.00586824,3.86412
0.00586856,3.86534
0.00586898,3.86652
0.00587231,3.86769
0.00587267,3.86889
0.00587308,3.87007
0.0058764,3.87125
0.00587677,3.87245
0.00587729,3.87358
0.00588057,3.87477
0.00588115,3.87587
0.00588448,3.87705
0.00588484,3.87825
0.00588526,3.87943
0.00588855,3.88063
0.00588896,3.88181
0.00588946,3.88295
0.00589277,3.88413
0.00589314,3.88533
0.00589348,3.88654
0.00589668,3.88777
0.00589717,3.88891
0.00589771,3.89003
0.00590094,3.89125
0.00590146,3.89238
0.00590469,3.8936
0.00590497,3.89485
0.00590828,3.89603
0.00590857,3.89727
0.00590911,3.89839
0.00591241,3.89957
0.00591269,3.90081
0.00591296,3.90206
0.00591631,3.90322
0.00591672,3.90441
0.00592009,3.90556
0.00592062,3.90669
0.00592397,3.90785
0.00592453,3.90895
0.00592782,3.91015
0.00592819,3.91135
0.00593172,3.91242
0.00593225,3.91355
0.00593279,3.91467
0.00593604,3.91587
0.00593655,3.91701
0.00593701,3.91817
0.00594048,3.91928
0.00594097,3.92042
0.00594142,3.92158
0.00594191,3.92273
0.00594523,3.9239
0.00594554,3.92513
0.00594599,3.92629
0.00594947,3.92739
0.00595001,3.92852
0.00595046,3.92968
0.00595384,3.93082
0.00595419,3.93203
0.00595747,3.93323
0.0059579,3.9344
0.00596108,3.93565
0.00596154,3.93681
0.00596474,3.93804
0.005965,3.93929
0.0059681,3.94057
0.00596845,3.94178
0.00597161,3.94303
0.00597203,3.94421
0.00597525,3.94543
0.00597556,3.94667
0.005979,3.94779
0.00597952,3.94892
0.00598284,3.95009
0.00598319,3.9513
0.00598348,3.95254
0.00598674,3.95374
0.00598715,3.95492
0.00598767,3.95605
0.00599086,3.95729
0.00599114,3.95854
0.0059943,3.95979
0.00599454,3.96105
0.00599479,3.96231
0.00599803,3.96352
0.00599836,3.96474
0.00600152,3.966
0.00600171,3.96728
0.00600183,3.9686
0.00600217,3.96981
0.00600547,3.971
0.0060057,3.97226
0.0060089,3.97349
0.00600926,3.9747
0.00601251,3.97591
0.00601296,3.97708
0.00601326,3.97831
0.00601642,3.97956
0.0060168,3.98076
0.00602009,3.98195
0.00602051,3.98313
0.00602086,3.98433
0.00602421,3.98549
0.00602468,3.98665
0.00602513,3.98781
0.00602565,3.98894
0.00602904,3.99008
0.00602962,3.99118
0.00603296,3.99235
0.00603347,3.99348
0.0060368,3.99466
0.0060375,3.9957
0.00603787,3.9969
0.00603836,3.99804
0.00604175,3.99918
0.00604209,4.0004
0.00604248,4.00159
0.00604579,4.00278
0.00604631,4.0039
0.00604674,4.00508
0.00604718,4.00624
0.00605034,4.0075
0.00605362,4.00869
0.00605402,4.00988
0.00605451,4.01102
0.00605508,4.01213
0.00605847,4.01326
0.00605912,4.01434
0.00606249,4.01548
0.00606298,4.01663
0.00606347,4.01777
0.00606691,4.01889
0.00606738,4.02005
0.00606785,4.0212
0.00606831,4.02236
0.00607172,4.02349
0.00607217,4.02465
0.00607272,4.02577
0.00607606,4.02694
0.00607655,4.02808
0.00607705,4.02922
0.00608054,4.03031
0.00608132,4.03132
0.00608197,4.03239
0.00608548,4.03347
0.00608603,4.03459
0.00608962,4.03564
0.00609013,4.03678
0.00609074,4.03786
0.00609135,4.03895
0.00609486,4.04003
0.00609539,4.04116
0.0060958,4.04234
0.00609895,4.0436
0.00609925,4.04483
0.00610254,4.04602
0.00610293,4.04721
0.0061033,4.04841
0.00610665,4.04957
0.00610696,4.0508
0.00610743,4.05195
0.0061109,4.05306
0.00611137,4.05421
0.00611205,4.05527
0.00611544,4.05641
0.00611599,4.05753
0.00611943,4.05865
0.0061199,4.0598
0.00612337,4.0609
0.00612403,4.06197
0.00612734,4.06315
0.00612764,4.06438
0.00612811,4.06553
0.00612857,4.06669
0.006129,4.06786
0.00613234,4.06903
0.0061327,4.07024
0.00613608,4.07138
0.00613647,4.07258
0.00613677,4.07381
0.00613706,4.07505
0.00614036,4.07623
0.0061408,4.0774
0.00614414,4.07856
0.00614468,4.07968
0.00614512,4.08085
0.00614843,4.08203
0.00614882,4.08323
0.00615213,4.08441
0.00615261,4.08556
0.00615316,4.08667
0.00615365,4.08781
0.00615699,4.08898
0.0061573,4.09021
0.00616051,4.09144
0.00616083,4.09266
0.00616119,4.09387
0.00616436,4.09512
0.00616477,4.0963
0.00616811,4.09747
0.00616858,4.09862
0.00617186,4.09982
0.00617216,4.10105
0.00617543,4.10224
0.00617588,4.10341
0.00617621,4.10463
0.00617952,4.10582
0.00617993,4.107
0.00618325,4.10817
0.00618352,4.10942
0.0061837,4.11071
0.00618677,4.112
0.00618705,4.11325
0.00619016,4.11452
0.00619354,4.11567
0.00619111,4.11682
0.00619442,4.11801
0.00619469,4.11925
0.00619778,4.12053
0.00620086,4.12183
0.0062012,4.12304
0.00620139,4.12432
0.00620446,4.12562
0.00620753,4.12692
0.00620747,4.12832
0.00620754,4.12966
0.00621051,4.13101
0.00621083,4.13224
0.0062139,4.13353
0.00621426,4.13473
0.0062174,4.136
0.00621771,4.13723
0.00622088,4.13847
0.00622125,4.13967
0.00622143,4.14096
0.00622457,4.14222
0.00622474,4.14352
0.00622768,4.14487
0.00622781,4.14619
0.00623085,4.1475
0.0062339,4.1488
0.00623417,4.15005
0.00623737,4.15129
0.00623767,4.15252
0.00624089,4.15374
0.0062411,4.15503
0.00624131,4.1563
0.00624437,4.15759
0.00624444,4.15894
0.00624441,4.16033
0.00624733,4.16169
0.00625012,4.16312
0.00625292,4.16454
0.00625282,4.16597
0.00625565,4.16737
0.00625574,4.16871
0.00625871,4.17005
0.00625896,4.17131
0.00626216,4.17254
0.00626232,4.17385
0.00626532,4.17517
0.00626552,4.17646
0.00626853,4.17778
0.00626844,4.17919
0.00627142,4.18053
0.00627407,4.18203
0.00627391,4.18348
0.00627654,4.18498
0.00627631,4.18647
0.00627905,4.18792
0.00628191,4.18931
0.00628184,4.19072
0.00628478,4.19208
0.00628767,4.19345
0.00628767,4.19484
0.00629064,4.19618
0.00629366,4.1975
0.00629649,4.1989
0.00629648,4.20029
0.00629644,4.20169
0.00629912,4.20316
0.00629894,4.20462
0.00630151,4.20616
0.00630125,4.20765
0.00630393,4.20913
0.00630672,4.21056
0.0063065,4.21204
0.00630939,4.21342
0.00631231,4.21479
0.00631215,4.21624
0.00631495,4.21766
0.0063148,4.21911
0.00631472,4.22052
0.0063175,4.22196
0.0063203,4.22337
0.00632014,4.22483
0.00632295,4.22624
0.00632277,4.2277
0.00632541,4.22921
0.00632548,4.23055
0.00632822,4.232
0.00633108,4.2334
0.00633398,4.23477
0.00633395,4.23617
0.00633683,4.23755
0.00633959,4.23899
0.00633929,4.24051
0.00634188,4.24203
0.00634158,4.24355
0.00634423,4.24504
0.00634408,4.24649
0.00634687,4.24791
0.00634968,4.24933
0.00634969,4.25071
0.00635253,4.25211
0.00635542,4.25349
0.00635549,4.25483
0.00635543,4.25624
0.00635832,4.25762
0.00636123,4.25899
0.00636118,4.26039
0.00636407,4.26177
0.00636385,4.26325
0.00636379,4.26465
0.00636631,4.2662
0.00636634,4.26757
0.00636922,4.26896
0.00636941,4.27024
0.00636969,4.27148
0.00637272,4.27279
0.00637303,4.27402
0.0063761,4.27532
0.00637638,4.27656
0.0063794,4.27788
0.00637968,4.27913
0.00638001,4.28034
0.00638305,4.28165
0.00638022,4.28299
0.00638298,4.28443
0.00638281,4.28589
0.00638267,4.28733
0.0063856,4.28869
0.00638585,4.28995
0.00638606,4.29123
0.00638929,4.29244
0.00639237,4.29373
0.00639276,4.29493
0.0063932,4.29609
0.00639655,4.29725
0.006397,4.29842
0.00640035,4.29958
0.00640076,4.30076
0.006401,4.30202
0.0064042,4.30325
0.00640438,4.30455
0.00640744,4.30584
0.00640765,4.30713
0.00641081,4.30838
0.00641115,4.30959
0.00641451,4.31074
0.00641496,4.31191
0.00641821,4.31312
0.00641842,4.3144
0.00642172,4.31559
0.00642215,4.31675
0.0064256,4.31788
0.00642582,4.31914
0.00642892,4.32042
0.00642913,4.3217
0.00642926,4.32302
0.00643243,4.32426
0.00643256,4.32557
0.00643586,4.32676
0.00643605,4.32805
0.00643926,4.32927
0.00643952,4.33053
0.00643997,4.33169
0.00644335,4.33284
0.00644674,4.33399
0.00644719,4.33515
0.00644732,4.33646
0.00645057,4.33767
0.00645095,4.33886
0.00645132,4.34007
0.00645466,4.34124
0.00645487,4.34251
0.00645795,4.34379
0.006458,4.34515
0.00646103,4.34647
0.00646127,4.34773
0.00646453,4.34893
0.00646496,4.3501
0.00646815,4.35134
0.00646853,4.35254
0.00647158,4.35384
0.00647178,4.35513
0.00647485,4.35642
0.00647513,4.35766
0.00647833,4.3589
0.00647854,4.36017
0.00648157,4.36149
0.00648159,4.36285
0.00648441,4.36426
0.00648446,4.36562
0.00648726,4.36704
0.00648731,4.36839
0.0064904,4.36968
0.00649058,4.37097
0.0064936,4.37229
0.00649378,4.37358
0.00649683,4.37488
0.00649714,4.37611
0.0065003,4.37736
0.00650041,4.37869
0.00650357,4.37994
0.00650389,4.38116
0.00650696,4.38246
0.00650709,4.38378
0.00650716,4.38511
0.00651013,4.38646
0.0065132,4.38775
0.00651331,4.38908
0.00651351,4.39036
0.00651675,4.39157
0.00651719,4.39274
0.00652025,4.39404
0.00652053,4.39528
0.00652373,4.39652
0.00652402,4.39776
0.00652448,4.39892
0.00652765,4.40016
0.00652796,4.40139
0.00653108,4.40266
0.00653109,4.40403
0.0065311,4.4054
0.00653413,4.40672
0.00653425,4.40803
0.00653728,4.40935
0.00653757,4.41059
0.00654067,4.41187
0.00654116,4.41301
0.00654431,4.41427
0.00654463,4.41549
0.00654795,4.41667
0.00654824,4.41791
0.00655163,4.41905
0.00655475,4.42032
0.00655503,4.42157
0.00655514,4.42289
0.00655805,4.42426
0.00656089,4.42566
0.00656077,4.4271
0.00656365,4.42849
0.00656367,4.42985
0.00656668,4.43117
0.00656674,4.43252
0.0065698,4.43382
0.00656992,4.43514
0.00657296,4.43644
0.00657311,4.43776
0.00657316,4.43911
0.00657635,4.44034
0.00657947,4.44162
0.00657941,4.44302
0.00658224,4.44443
0.006585,4.44587
0.00658492,4.44729
0.00658774,4.4487
0.00659056,4.45012
0.00659046,4.45154
0.00659338,4.4529
0.00659339,4.45427
0.00659601,4.45578
0.00659596,4.45718
0.0065987,4.45863
0.00659851,4.4601
0.00660145,4.46145
0.00660137,4.46287
0.00660423,4.46427
0.00660712,4.46564
0.00660695,4.4671
0.00660968,4.46856
0.00660963,4.46995
0.0066127,4.47125
0.0066128,4.47258
0.00661586,4.47388
0.00661869,4.47529
0.00661875,4.47664
0.00662159,4.47804
0.00662142,4.4795
0.00662117,4.48099
0.00662393,4.48243
0.00662399,4.48378
0.00662661,4.48528
0.00662936,4.48673
0.00662916,4.4882
0.00663189,4.48966
0.00663186,4.49105
0.006632,4.49236
0.00663516,4.49361
0.00663558,4.49479
0.00663605,4.49594
0.00663921,4.49719
0.00663952,4.49843
0.00664281,4.49962
0.00664326,4.50078
0.00664363,4.50197
0.00664685,4.50319
0.00664707,4.50447
0.00664737,4.5057
0.00664757,4.50698
0.00665072,4.50824
0.00665102,4.50947
0.00665426,4.51069
0.00665457,4.51191
0.00665789,4.51309
0.00665835,4.51425
0.00665872,4.51545
0.00666225,4.51652
0.00666552,4.51773
0.00666606,4.51885
0.00666944,4.51999
0.00666979,4.52121
0.00667034,4.52232
0.00667386,4.5234
0.00667442,4.52452
0.00667786,4.52564
0.00667833,4.52679
0.00668158,4.528
0.00668205,4.52916
0.00668545,4.53029
0.00668583,4.53149
0.0066866,4.5325
0.00669005,4.53361
0.00669352,4.53472
0.00669413,4.53581
0.00669766,4.53688
0.00669823,4.53799
0.00670161,4.53914
0.00670219,4.54024
0.00670271,4.54137
0.00670312,4.54255
0.00670642,4.54374
0.00670952,4.54502
0.00670981,4.54626
0.00671283,4.54757
0.00671594,4.54886
0.00671628,4.55007
0.0067195,4.55129
0.00671995,4.55246
0.00672028,4.55367
0.00672374,4.55478
0.00672705,4.55597
0.00672759,4.55709
0.00673081,4.55831
0.00673127,4.55947
0.00673458,4.56066
0.00673772,4.56192
0.0067381,4.56312
0.00673823,4.56443
0.00674124,4.56575
0.00674415,4.56712
0.00674412,4.56852
0.00674708,4.56985
0.00674718,4.57119
0.00675027,4.57247
0.00675038,4.5738
0.00675357,4.57503
0.00675357,4.57641
0.00675653,4.57776
0.00675673,4.57904
0.00675988,4.5803
0.00676025,4.5815
0.00676354,4.58269
0.00676388,4.58391
0.00676698,4.58518
0.00676716,4.58648
0.0067703,4.58774
0.00677053,4.589
0.00677383,4.59019
0.00677411,4.59144
0.00677443,4.59266
0.00677765,4.59388
0.00677776,4.5952
0.00678087,4.59647
0.00678096,4.59781
0.00678412,4.59907
0.00678421,4.6004
0.00678735,4.60166
0.00678754,4.60295
0.00679057,4.60426
0.00679068,4.60559
0.00679352,4.60699
0.00679661,4.60827
0.00679674,4.60959
0.00679694,4.61087
0.00680009,4.61213
0.00680042,4.61335
0.00680367,4.61455
0.00680379,4.61587
0.00680403,4.61714
0.00680705,4.61845
0.00681017,4.61973
0.00681021,4.62108
0.00681316,4.62243
0.00681612,4.62378
0.00681609,4.62517
0.00681604,4.62657
0.00681893,4.62795
0.00681901,4.62929
0.00682198,4.63063
0.00682216,4.63193
0.00682525,4.63321
0.00682849,4.63442
0.00682889,4.63561
0.00682921,4.63684
0.0068325,4.63803
0.00683566,4.63928
0.00683585,4.64057
0.00683619,4.64178
0.00683927,4.64306
0.00684236,4.64436
0.00684258,4.64563
0.00684555,4.64697
0.0068457,4.64827
0.00684874,4.64959
0.00684893,4.65087
0.00685218,4.65207
0.00685264,4.65323
0.00685604,4.65437
0.00685962,4.65543
0.00686023,4.65652
0.00686355,4.6577
0.00686423,4.65875
0.00686765,4.65988
0.00687128,4.66092
0.00687183,4.66203
0.00687232,4.66318
0.00687576,4.6643
0.00687892,4.66555
0.00687928,4.66675
0.00688233,4.66806
0.00688262,4.66929
0.00688571,4.67058
0.00688891,4.67182
0.00688928,4.67302
0.00689252,4.67423
0.00689313,4.67532
0.00689632,4.67656
0.00689689,4.67766
0.00689741,4.67879
0.00689816,4.67981
0.00690204,4.68073
0.00690291,4.68169
0.00690366,4.68271
0.00690719,4.68378
0.00690775,4.6849
0.00690817,4.68607
0.00691166,4.68717
0.00691225,4.68826
0.00691574,4.68936
0.00691643,4.69041
0.00691688,4.69157
0.00691745,4.69268
0.00692124,4.69363
0.00692204,4.69462
0.00692601,4.69549
0.00692718,4.69632
0.00692826,4.69718
0.00693226,4.69805
0.00693026,4.69899
0.00693416,4.69988
0.00693798,4.70083
0.00693893,4.70176
0.00693958,4.70283
0.00694337,4.70378
0.00694413,4.70479
0.0069476,4.7059
0.00694833,4.70693
0.00694894,4.70802
0.0069526,4.70903
0.00695333,4.71007
0.00695417,4.71104
0.00695508,4.71198
0.00695902,4.71287
0.00696005,4.71375
0.00696393,4.71467
0.00696508,4.7155
0.00696922,4.71629
0.00697053,4.71705
0.00697177,4.71784
0.00697591,4.71862
0.00697712,4.71943
0.00697819,4.7203
0.00698221,4.72114
0.00698323,4.72204
0.00698429,4.72291
0.00698814,4.72384
0.00698894,4.72483
0.00699262,4.72584
0.00699353,4.72679
0.00699731,4.72774
0.00699828,4.72866
0.00699935,4.72953
0.00700322,4.73044
0.00700423,4.73135
0.00700828,4.73218
0.00700956,4.73295
0.00701386,4.73366
0.00701827,4.73432
0.00701982,4.73497
0.00702142,4.73559
0.00702592,4.7362
0.00702462,4.73683
0.00702909,4.73745
0.00703371,4.73801
0.00703541,4.73859
0.00703709,4.73917
0.00703882,4.73972
0.00704032,4.74039
0.00704482,4.741
0.00704627,4.7417
0.00704787,4.74232
0.0070524,4.74291
0.00705419,4.74345
0.00705869,4.74407
0.0070603,4.74468
0.00706178,4.74536
0.0070633,4.74602
0.00706783,4.74662
0.00706955,4.74718
0.00707277,4.74704
0.00707682,4.74649
0.00708469,4.74553
